450.000,91.000,31.000,37.000
439.370,98.725,35.301,33.123
433.722,103.168,37.398,31.005
427.085,107.587,38.703,29.503
420.257,113.221,38.738,29.494
415.975,114.272,38.207,29.393
411.478,115.174,37.820,29.409
406.078,116.524,38.430,28.375
404.778,117.488,39.694,26.906
405.236,121.004,40.821,25.784
406.011,121.019,42.105,24.896
398.882,121.820,42.667,24.390
389.687,124.795,42.305,24.059
390.302,124.468,39.898,26.021
391.577,127.253,37.581,27.759
391.662,129.993,35.870,28.795
392.313,128.134,34.171,29.959
392.132,130.905,32.818,30.883
391.265,134.735,31.788,31.325
391.860,139.778,31.777,30.979
392.074,144.874,31.901,30.588
375.199,158.423,32.424,30.161
376.193,158.687,32.321,30.076
381.914,151.460,32.632,29.271
383.149,151.671,33.000,28.628
382.861,151.315,33.081,28.354
378.979,148.068,34.555,26.487
388.986,152.333,34.152,26.740
378.742,144.880,34.919,26.037
378.685,144.700,34.027,26.470
379.114,143.782,33.089,27.159
374.869,142.760,32.622,27.512
374.918,141.616,31.779,28.167
374.858,140.813,30.484,29.364
375.335,139.857,29.467,30.257
376.059,143.207,28.678,30.644
376.900,147.790,28.930,30.012
377.295,148.602,29.042,29.439
374.500,148.619,29.198,28.779
375.663,148.821,29.148,28.420
374.982,149.745,29.236,28.171
374.846,150.762,29.390,27.610
371.114,152.163,30.942,26.053
370.348,152.171,32.493,24.481
368.779,152.426,33.162,23.808
372.475,153.286,32.433,24.258
372.520,153.244,31.103,25.257
372.923,156.312,29.615,26.413
373.838,156.446,28.370,27.375
375.070,156.422,27.129,28.217
375.543,156.375,26.398,28.545
375.724,156.684,26.099,28.719
376.624,160.730,26.163,28.407
377.383,161.621,26.338,27.861
376.488,162.174,26.548,27.426
376.658,165.325,26.561,26.943
377.184,168.815,26.535,26.795
375.039,169.322,26.423,26.702
377.763,168.572,26.865,26.071
380.666,168.444,27.353,25.470
379.449,169.012,27.764,24.914
379.328,169.191,27.734,24.637
379.775,169.052,27.293,24.894
380.737,168.689,26.516,25.684
382.352,172.141,25.678,26.320
383.567,172.634,24.863,26.913
383.784,172.367,23.720,28.127
384.359,176.155,23.509,28.015
385.422,177.065,23.769,27.385
386.409,180.889,24.155,26.444
383.060,181.541,24.637,25.642
383.975,182.040,24.927,24.995
386.324,182.933,25.004,24.729
385.941,183.624,24.981,24.591
379.332,187.177,26.715,22.841
379.906,184.663,28.661,21.235
384.583,184.985,29.957,20.170
382.528,184.985,30.424,19.724
383.072,184.984,29.239,20.678
381.607,187.935,27.835,21.911
383.175,191.404,26.747,22.707
384.076,189.065,25.710,23.206
384.177,188.987,24.698,23.716
384.325,189.471,24.047,23.948
383.846,190.567,23.849,23.948
383.607,191.493,23.924,23.627
383.585,192.460,24.204,23.210
383.003,193.111,24.387,22.785
381.990,193.538,24.321,22.591
381.797,193.980,24.230,22.344
381.455,194.152,24.089,22.366
379.744,195.097,23.908,22.230
379.644,195.236,23.979,21.987
379.049,195.580,24.072,21.817
378.364,196.285,24.233,21.585
376.169,196.895,24.222,21.420
376.446,197.689,24.219,21.139
376.028,197.573,24.139,21.075
375.097,198.722,24.013,21.067
375.043,199.101,24.024,21.054
374.894,200.041,24.064,21.043
372.453,198.521,23.834,21.446
372.212,199.993,23.544,21.748
369.667,202.576,23.489,21.689
370.288,199.462,23.275,21.719
368.588,200.003,23.068,21.620
368.684,199.394,22.961,21.728
368.242,199.225,23.089,21.699
366.621,199.630,23.180,21.542
366.807,196.911,23.037,21.382
365.012,197.380,23.000,21.192
364.349,197.604,22.824,21.057
364.093,198.456,22.781,20.926
363.126,198.899,22.802,20.772
362.712,197.313,22.533,20.786
362.584,198.277,22.550,20.571
360.524,197.756,22.707,20.166
359.743,197.393,22.864,19.820
356.075,196.847,23.799,18.927
357.021,196.810,23.745,18.851
356.988,196.398,23.644,18.757
356.731,197.048,23.481,18.830
356.485,197.231,23.430,18.861
356.582,196.798,23.516,18.795
356.328,196.030,23.543,18.774
355.967,195.006,23.562,18.760
355.528,193.974,23.570,18.755
355.173,193.385,23.571,18.754
354.763,192.884,23.572,18.753
354.215,192.550,23.572,18.753
353.796,192.266,23.573,18.753
353.529,192.032,23.573,18.753
353.164,191.844,23.573,18.752
352.759,191.590,23.573,18.752
352.346,191.443,23.574,18.752
352.026,191.266,23.574,18.752
351.737,191.077,23.574,18.752
351.653,191.006,23.574,18.752
351.369,190.863,23.574,18.752
351.085,190.753,23.574,18.752
350.778,190.616,23.574,18.752
350.521,190.527,23.575,18.751
350.254,190.436,23.575,18.751
349.965,190.353,23.575,18.751
349.606,190.220,23.575,18.751
349.310,190.125,23.576,18.751
349.105,190.016,23.576,18.751
348.785,189.926,23.576,18.750
348.407,189.846,23.576,18.750
348.089,189.715,23.576,18.750
347.910,190.009,23.576,18.750
347.851,190.185,23.576,18.751
347.820,190.312,23.576,18.751
347.508,190.184,23.576,18.751
347.240,190.039,23.576,18.751
346.946,189.898,23.576,18.750
346.643,189.760,23.576,18.750
346.197,189.623,23.577,18.750
345.858,189.475,23.577,18.750
345.508,189.255,23.577,18.750
345.143,189.017,23.577,18.750
344.741,188.861,23.577,18.749
344.407,188.735,23.578,18.749
344.105,188.549,23.578,18.749
343.722,188.413,23.578,18.749
343.449,188.249,23.578,18.749
343.266,188.069,23.578,18.749
343.021,187.924,23.579,18.749
342.835,187.777,23.579,18.749
342.779,188.050,23.579,18.749
342.727,188.319,23.578,18.749
342.660,188.672,23.578,18.749
342.427,188.540,23.578,18.749
342.172,188.441,23.579,18.749
341.917,188.342,23.579,18.749
341.634,188.218,23.579,18.749
341.333,188.092,23.579,18.748
341.038,187.973,23.579,18.748
340.699,187.848,23.579,18.748
340.415,187.740,23.580,18.748
340.027,187.549,23.580,18.748
339.733,187.356,23.580,18.748
339.323,187.182,23.581,18.747
338.881,186.998,23.581,18.747
337.668,186.842,23.585,18.745
336.317,186.337,23.589,18.741
334.898,185.903,23.599,18.734
333.234,185.480,23.609,18.727
331.111,185.180,23.618,18.719
330.493,184.793,23.636,18.706
329.862,184.365,23.651,18.696
329.655,184.142,23.659,18.690
329.378,183.872,23.669,18.683
329.027,183.679,23.676,18.679
328.928,183.406,23.685,18.672
329.303,181.832,23.684,18.673
329.326,180.427,23.682,18.676
329.193,179.601,23.679,18.681
329.186,179.009,23.674,18.687
329.234,178.351,23.671,18.692
329.196,177.915,23.667,18.698
329.232,177.511,23.664,18.702
329.172,177.139,23.661,18.707
329.208,176.534,23.658,18.713
328.767,175.077,23.643,18.730
328.280,173.360,23.622,18.755
327.780,172.602,23.605,18.775
327.189,172.076,23.566,18.820
326.539,172.068,23.519,18.876
323.306,171.820,23.318,19.120
322.928,171.318,23.264,19.181
322.659,171.320,23.231,19.219
322.410,171.102,23.201,19.252
322.371,170.685,23.169,19.289
322.219,169.729,23.134,19.328
322.257,168.906,23.112,19.353
322.099,168.547,23.081,19.388
321.910,168.123,23.051,19.422
321.840,167.582,23.022,19.456
321.717,166.969,22.987,19.496
321.555,166.303,22.953,19.534
321.423,165.522,22.925,19.568
321.246,164.585,22.895,19.601
321.107,163.674,22.863,19.639
321.019,162.540,22.834,19.672
320.888,161.640,22.804,19.705
320.735,160.593,22.776,19.737
320.741,159.668,22.744,19.772
320.630,158.971,22.709,19.813
320.514,158.156,22.687,19.840
320.361,157.282,22.670,19.859
320.137,156.908,22.653,19.878
319.877,156.143,22.642,19.891
319.553,155.121,22.632,19.903
319.297,154.524,22.622,19.914
319.078,154.077,22.616,19.921
318.796,153.122,22.611,19.927
318.276,152.650,22.617,19.923
317.505,152.232,22.621,19.920
316.626,151.509,22.626,19.916
316.277,151.341,22.622,19.920
315.675,151.560,22.619,19.924
315.089,152.089,22.613,19.931
314.538,152.345,22.605,19.940
313.871,151.714,22.596,19.952
313.238,150.680,22.586,19.964
312.512,149.606,22.574,19.977
311.804,148.736,22.560,19.994
311.107,147.176,22.546,20.010
310.555,145.122,22.530,20.031
310.091,143.858,22.519,20.044
323.653,121.278,22.540,19.940
323.316,120.970,22.518,19.974
323.503,120.504,22.513,19.981
323.182,119.655,22.501,19.994
322.777,118.613,22.492,20.004
322.332,117.634,22.484,20.014
321.885,116.565,22.472,20.027
321.557,115.469,22.462,20.038
321.224,114.553,22.453,20.048
320.952,113.502,22.446,20.055
320.594,112.333,22.441,20.060
320.257,111.792,22.436,20.066
319.858,110.759,22.431,20.071
319.595,109.524,22.427,20.075
319.017,108.908,22.422,20.080
318.516,108.150,22.420,20.083
317.946,107.375,22.416,20.086
317.765,107.267,22.420,20.083
317.226,107.042,22.424,20.080
316.610,106.756,22.430,20.076
316.017,106.290,22.434,20.073
315.614,105.732,22.438,20.070
315.196,105.279,22.435,20.073
314.817,104.545,22.438,20.071
314.281,103.814,22.441,20.068
313.833,103.512,22.439,20.071
313.386,103.046,22.436,20.074
312.917,102.676,22.434,20.076
312.397,102.233,22.432,20.079
311.847,101.836,22.430,20.081
311.325,101.488,22.428,20.083
310.793,101.122,22.426,20.086
310.363,100.929,22.424,20.087
309.826,100.735,22.423,20.089
309.386,100.940,22.420,20.092
308.884,100.938,22.418,20.094
308.384,100.916,22.416,20.097
307.956,100.758,22.415,20.099
307.375,100.812,22.411,20.103
306.895,100.485,22.408,20.107
306.354,100.257,22.405,20.110
305.924,100.047,22.402,20.113
305.519,99.537,22.400,20.116
305.024,99.215,22.398,20.118
304.665,98.443,22.396,20.121
304.279,97.902,22.393,20.124
303.738,97.342,22.392,20.126
303.296,96.978,22.389,20.129
302.791,96.931,22.386,20.132
302.313,96.559,22.383,20.137
301.767,96.052,22.380,20.140
301.315,95.735,22.377,20.144
300.801,94.630,22.374,20.147
300.254,94.359,22.371,20.151
299.869,94.005,22.366,20.156
299.441,93.572,22.362,20.161
299.078,92.920,22.355,20.169
298.802,92.348,22.349,20.177
298.565,91.755,22.345,20.182
298.203,91.460,22.339,20.189
297.874,91.212,22.334,20.195
297.541,91.144,22.331,20.199
297.262,91.116,22.328,20.202
296.908,90.559,22.324,20.207
296.522,90.845,22.318,20.213
296.331,90.794,22.313,20.220
296.065,90.884,22.307,20.227
295.866,90.913,22.302,20.233
295.616,91.125,22.296,20.240
295.351,91.350,22.291,20.246
295.099,91.590,22.286,20.251
294.846,91.646,22.280,20.259
294.620,91.876,22.276,20.263
294.273,92.025,22.273,20.266
293.977,91.825,22.270,20.270
293.667,91.805,22.266,20.275
293.497,91.499,22.261,20.281
293.376,91.431,22.257,20.286
293.248,91.456,22.253,20.290
293.143,91.608,22.250,20.293
292.972,91.759,22.247,20.297
292.813,92.071,22.244,20.300
292.735,92.531,22.242,20.303
292.641,93.074,22.239,20.306
292.412,93.212,22.237,20.309
292.281,93.741,22.235,20.311
292.196,94.453,22.233,20.314
292.108,95.290,22.232,20.315
292.026,96.054,22.230,20.317
292.021,96.689,22.229,20.318
291.984,97.437,22.227,20.320
291.790,98.421,22.226,20.321
291.650,99.174,22.225,20.322
291.481,99.514,22.224,20.323
291.361,99.154,22.225,20.323
291.369,99.563,22.224,20.324
291.297,100.115,22.224,20.324
291.162,100.284,22.223,20.326
290.908,99.972,22.222,20.327
290.343,99.783,22.224,20.325
289.860,99.562,22.226,20.323
289.921,99.265,22.228,20.322
290.462,98.875,22.231,20.319
290.422,98.490,22.240,20.312
289.827,98.302,22.252,20.302
289.051,98.347,22.263,20.292
288.675,98.529,22.280,20.279
288.176,98.677,22.299,20.263
287.522,98.545,22.328,20.242
286.642,98.109,22.345,20.229
285.980,97.506,22.355,20.222
285.287,96.580,22.358,20.220
284.345,95.659,22.360,20.219
283.199,95.039,22.361,20.218
282.861,95.994,22.360,20.219
282.565,96.855,22.359,20.220
282.195,97.969,22.358,20.221
281.887,99.121,22.356,20.223
281.699,100.094,22.355,20.225
281.431,100.770,22.353,20.227
281.109,101.117,22.351,20.229
280.835,101.438,22.349,20.232
280.503,101.731,22.347,20.234
280.199,101.863,22.346,20.236
279.960,102.089,22.343,20.239
279.644,102.150,22.340,20.242
279.410,102.219,22.338,20.246
279.085,102.151,22.334,20.250
278.786,101.959,22.331,20.254
278.533,101.971,22.328,20.257
278.293,102.095,22.325,20.261
278.046,102.228,22.323,20.264
277.777,102.150,22.320,20.267
277.502,102.162,22.317,20.270
277.418,102.307,22.315,20.273
277.227,102.476,22.313,20.275
276.997,102.656,22.312,20.277
276.749,102.693,22.310,20.279
276.613,102.909,22.308,20.281
276.293,102.853,22.306,20.283
276.000,102.709,22.305,20.285
275.691,102.587,22.304,20.286
275.663,102.705,22.303,20.287
275.693,103.119,22.301,20.290
275.417,103.269,22.298,20.294
274.874,103.738,22.297,20.295
274.577,104.036,22.296,20.295
274.517,104.026,22.296,20.295
274.694,104.251,22.296,20.296
296.221,89.747,22.906,19.440
286.535,89.234,23.353,18.890
273.487,88.990,24.255,17.933
261.387,87.296,24.318,17.752
243.986,87.159,24.884,17.048
226.490,84.921,25.545,16.418
206.768,84.818,25.910,16.017
184.175,82.569,26.391,15.660
