82.000,218.000,69.000,73.000
85.331,220.261,67.723,73.219
88.509,223.452,67.564,72.537
91.670,226.179,68.408,70.849
94.798,227.080,69.065,69.295
95.369,235.510,69.594,68.055
103.577,234.941,70.325,67.953
107.377,244.870,70.383,68.911
109.905,247.182,70.961,68.844
108.272,248.036,71.458,68.910
117.405,245.911,70.275,69.108
124.189,243.532,70.062,69.552
131.071,243.790,70.962,68.875
139.710,235.725,70.695,68.766
142.026,234.517,68.177,70.470
147.715,232.323,65.713,71.872
150.973,232.757,65.245,71.545
155.869,235.043,66.585,69.991
162.852,235.101,66.807,69.205
172.407,235.409,64.350,70.029
178.177,236.378,63.094,70.003
183.386,236.014,61.898,70.019
187.235,237.567,60.918,69.580
190.598,239.218,60.116,69.374
194.827,241.138,59.704,68.863
198.590,242.054,59.484,68.336
203.239,243.845,58.843,68.217
207.939,246.041,58.588,67.914
209.576,247.048,59.429,66.799
210.045,248.350,61.202,64.795
211.254,249.720,61.994,63.475
210.646,256.500,62.525,62.029
211.173,256.227,62.431,61.136
218.844,255.658,61.778,60.782
226.840,254.144,61.594,60.419
233.667,251.677,60.762,60.850
233.791,258.655,59.476,61.069
236.154,258.104,58.548,61.155
242.072,256.926,57.632,61.449
243.698,256.911,56.951,61.502
246.619,256.057,56.750,61.146
248.665,256.391,57.587,60.208
250.107,256.135,57.804,59.737
252.555,263.188,56.092,60.445
257.384,262.402,52.086,64.032
257.844,262.149,52.011,63.977
264.775,262.412,52.458,63.747
271.885,261.652,53.707,63.012
297.927,258.675,49.251,67.235
305.174,260.331,46.706,68.650
305.077,260.079,45.075,69.354
294.562,254.934,46.134,67.532
291.111,257.385,47.300,65.672
290.501,259.627,46.008,66.593
283.238,259.047,47.911,65.293
282.246,258.921,48.571,65.158
283.395,260.073,46.407,66.604
285.135,259.574,44.743,67.239
284.958,261.428,46.034,65.201
283.539,256.253,47.277,63.495
274.872,251.146,49.336,60.842
290.472,259.912,47.067,62.573
284.924,258.940,44.814,64.483
284.073,255.089,43.407,65.178
281.376,257.586,45.139,62.359
266.700,266.656,43.690,62.933
230.815,257.753,42.264,64.207
228.555,252.184,43.230,62.413
221.550,247.022,44.281,61.283
211.650,241.685,46.915,58.593
203.487,234.701,48.799,56.301
201.749,237.222,50.271,54.250
194.134,237.321,49.923,53.695
185.755,235.971,49.310,53.372
184.064,236.825,48.431,52.964
181.703,238.470,47.170,52.906
175.134,239.551,46.856,52.355
173.546,240.905,45.937,52.183
167.480,240.868,45.715,51.531
160.751,241.726,45.929,50.672
160.570,242.951,46.343,49.701
158.632,240.982,46.808,48.410
155.580,239.720,47.211,47.262
154.772,242.721,46.648,46.772
152.254,244.855,45.520,46.781
145.859,240.097,45.542,45.562
144.522,242.903,45.371,45.177
144.117,247.043,45.713,44.623
143.962,248.396,45.339,44.870
139.664,247.527,44.305,45.750
138.894,247.835,42.822,46.933
134.991,250.090,39.971,49.284
133.204,250.572,39.333,49.892
125.456,242.441,39.021,49.514
114.458,239.001,40.761,47.738
98.818,235.598,45.928,43.020
93.533,237.353,50.677,38.657
106.848,237.996,49.845,39.060
107.518,237.450,49.840,39.065
