352.000,197.000,56.000,100.000
354.267,195.352,55.043,100.656
356.530,194.106,54.065,101.492
357.834,193.754,53.301,101.918
359.135,193.695,52.775,102.261
358.892,194.736,52.142,102.797
359.196,192.153,51.930,102.681
359.582,193.993,51.742,102.811
359.645,192.055,51.727,102.433
357.475,189.668,51.626,102.471
357.199,189.987,51.132,102.968
358.008,184.738,50.767,103.082
357.267,185.926,50.524,103.393
357.993,182.630,50.479,103.290
359.279,182.530,50.450,103.335
360.135,177.101,50.085,103.733
361.531,175.100,49.964,104.076
364.109,168.306,49.667,104.501
367.175,165.823,49.422,104.628
368.612,169.563,49.956,104.379
371.241,176.782,50.095,104.183
373.539,191.657,49.545,104.780
374.755,216.572,49.284,104.879
374.831,238.415,49.239,104.452
374.282,261.330,49.767,103.178
371.454,265.468,50.887,102.490
370.703,250.729,50.291,103.706
370.021,226.325,49.517,105.027
372.789,207.596,47.777,108.069
371.901,191.540,46.912,109.864
369.888,174.659,46.765,110.878
365.536,156.167,46.958,110.152
360.337,162.164,47.685,109.904
355.705,172.134,49.139,107.805
344.465,190.427,50.428,105.156
328.503,205.920,52.313,102.065
307.683,211.293,52.452,100.673
299.747,211.508,51.791,102.420
306.836,202.227,51.742,101.650
326.560,192.528,52.397,99.985
347.105,169.532,49.614,103.848
350.906,143.014,47.689,107.070
338.994,115.522,48.624,105.731
330.887,109.585,48.235,107.077
334.868,131.427,46.602,109.835
347.493,170.886,45.376,111.334
369.536,241.561,46.555,110.272
381.866,269.291,48.139,107.859
389.703,282.125,49.438,104.288
390.217,271.191,49.243,105.309
383.093,230.008,47.289,108.234
384.852,178.332,45.973,109.664
394.936,153.159,47.737,107.536
395.392,164.504,47.528,107.973
382.695,206.191,47.758,107.448
354.296,242.492,49.054,104.428
338.521,260.670,50.125,102.673
341.900,252.506,50.182,102.841
353.517,221.215,47.789,106.146
362.015,179.120,45.951,108.738
359.998,141.619,46.482,109.085
339.934,137.725,47.695,107.492
328.489,170.310,46.028,110.016
318.072,223.265,44.765,112.064
315.195,253.569,46.242,109.623
317.100,265.215,47.697,106.552
318.107,233.876,45.897,109.604
319.316,229.017,45.860,109.663
319.837,223.647,45.860,109.664
316.647,141.276,44.951,111.215
306.648,164.170,43.659,113.396
299.248,208.357,42.771,115.328
308.351,235.832,45.651,110.194
339.833,238.456,47.168,106.115
355.744,224.331,47.984,106.174
337.342,200.967,48.587,104.912
326.534,209.092,49.065,103.863
294.625,175.083,49.003,103.959
306.631,196.861,46.889,107.593
315.600,232.521,45.582,109.513
322.608,261.876,48.062,104.953
334.387,264.051,48.634,104.576
336.503,223.874,46.834,107.888
325.403,180.257,46.941,107.933
302.209,141.553,48.206,106.487
291.048,153.752,46.678,108.952
281.443,188.172,45.192,111.351
274.193,223.423,44.534,112.135
279.733,243.688,46.697,107.202
291.620,234.067,45.613,108.968
300.004,194.098,44.653,110.750
282.720,123.797,44.316,112.159
274.344,103.697,44.747,111.796
273.383,124.550,43.523,114.332
265.001,166.272,42.739,115.574
268.095,229.151,42.826,116.064
270.699,249.927,45.975,110.204
278.593,247.695,45.651,111.440
277.145,215.122,44.841,113.073
268.178,161.717,44.622,114.174
264.554,143.626,46.209,112.119
250.336,156.806,47.252,110.753
240.114,183.044,45.972,113.030
257.646,225.477,47.923,110.077
264.552,224.971,47.928,110.073
339.617,230.046,50.085,106.349
354.150,211.882,48.617,108.829
350.078,194.323,49.780,107.700
342.913,197.186,51.241,106.642
348.787,201.969,52.582,105.261
361.223,208.433,54.007,103.548
368.964,221.110,53.819,102.962
372.354,230.951,53.549,101.831
368.083,229.018,53.598,102.670
355.331,213.038,53.432,102.788
350.081,213.472,53.503,102.723
349.283,215.573,53.503,102.723
348.445,215.384,53.502,102.724
348.154,215.090,53.502,102.724
347.288,215.098,53.502,102.724
280.050,213.557,54.042,100.912
307.438,215.570,54.299,99.574
328.822,212.843,54.077,99.462
346.195,198.257,53.386,101.244
347.255,187.929,53.109,101.085
333.699,193.490,53.859,100.512
325.681,196.091,53.099,101.030
317.737,196.114,52.690,101.239
321.193,194.485,52.504,101.957
329.006,200.032,53.329,101.585
326.344,202.784,52.897,101.519
304.432,196.579,53.120,100.211
287.074,196.529,52.570,100.980
284.477,191.364,52.010,102.394
294.968,183.702,51.744,102.265
291.389,173.453,52.160,101.666
289.957,167.195,52.222,102.177
296.803,149.695,52.142,103.372
299.984,143.087,51.845,104.398
298.708,143.778,52.308,103.959
304.501,149.796,53.250,102.554
305.248,155.425,53.336,102.233
300.014,157.993,53.401,103.222
309.904,145.235,54.260,101.334
340.843,138.849,54.301,100.847
340.926,141.196,54.686,100.401
338.336,151.798,54.668,99.932
336.572,158.130,54.943,99.105
315.223,159.144,54.845,99.064
310.210,159.215,54.849,99.060
306.549,158.765,54.850,99.059
305.876,161.074,54.849,99.060
304.179,162.734,54.849,99.060
303.439,162.510,54.878,99.034
307.050,161.901,54.881,99.032
307.533,161.896,54.881,99.032
309.313,161.747,54.881,99.033
310.895,161.543,54.881,99.033
311.351,160.460,54.880,99.033
312.831,160.461,54.882,99.031
311.782,164.227,55.053,98.800
277.422,179.938,54.989,98.361
272.945,188.801,54.853,98.042
258.440,194.268,54.248,97.808
258.732,194.651,54.196,97.855
285.548,176.623,54.393,96.063
315.624,169.211,54.466,94.608
352.742,160.401,56.039,92.615
401.317,162.906,55.198,92.044
434.878,169.662,54.758,91.851
449.472,174.556,53.886,92.376
438.442,177.569,53.940,91.984
417.427,175.639,53.210,93.823
420.280,174.643,53.232,94.701
441.617,175.401,53.025,93.936
462.850,176.754,53.231,93.376
484.133,169.528,53.108,92.200
515.477,170.929,52.654,91.794
529.584,173.607,52.354,92.584
527.966,181.504,52.167,93.662
526.682,188.724,52.314,94.092
516.543,191.318,52.606,93.565
488.493,187.191,51.802,93.530
464.653,187.672,51.511,93.835
450.638,190.767,51.463,94.490
453.107,189.968,51.739,94.799
473.745,186.527,51.923,93.924
499.044,186.142,51.514,94.022
488.963,184.935,51.103,93.810
484.842,184.860,51.110,93.805
484.622,186.526,51.109,93.806
484.185,187.876,51.108,93.806
483.931,188.464,51.108,93.807
483.565,186.844,51.108,93.807
483.607,185.499,51.108,93.807
483.409,184.416,51.108,93.807
483.045,185.348,51.107,93.807
406.942,203.415,51.666,93.979
405.975,190.741,51.224,95.156
377.250,175.683,51.235,93.658
354.033,177.426,51.510,92.756
338.008,179.332,51.070,92.805
323.397,182.752,50.919,93.167
311.294,186.788,51.588,93.067
311.272,192.287,51.857,93.090
319.803,195.281,51.571,93.418
331.913,195.083,51.602,94.663
339.709,187.463,50.434,97.390
330.764,181.467,49.967,98.529
316.563,183.352,50.922,97.593
297.866,182.214,50.722,97.661
276.531,180.659,50.510,98.745
262.523,175.352,50.454,99.272
258.961,179.796,51.428,99.292
265.058,183.403,51.971,98.814
280.958,185.694,52.243,97.900
308.434,180.198,52.423,95.943
331.580,179.268,52.824,95.670
339.677,178.957,52.455,97.375
325.502,181.800,53.377,95.644
302.896,184.864,53.469,94.670
285.217,188.082,53.225,94.566
262.774,185.202,52.519,94.846
246.307,183.311,51.792,95.893
243.609,178.304,51.128,98.298
240.857,164.845,51.099,99.377
228.980,148.267,50.248,100.771
236.208,122.361,51.604,98.922
259.371,143.583,50.688,100.844
271.369,183.345,48.556,104.070
289.763,236.216,48.751,103.800
300.052,266.050,49.922,101.394
299.031,271.285,50.817,101.102
299.275,248.371,48.334,104.363
309.572,199.641,46.767,106.300
322.558,173.337,47.407,105.412
335.764,160.494,49.326,104.659
346.561,184.500,47.278,107.816
347.819,235.274,45.363,110.824
350.095,278.422,44.610,112.698
363.721,315.100,47.516,108.294
369.179,323.533,49.576,105.418
366.937,308.192,47.879,108.649
356.814,257.326,46.232,111.475
354.255,211.524,46.693,111.502
329.772,179.753,49.431,108.272
317.110,193.563,49.435,108.897
326.457,228.590,49.419,109.010
345.247,275.717,49.933,108.014
356.400,297.522,50.895,105.477
356.684,309.259,51.895,102.808
346.771,292.731,51.073,104.341
325.617,241.475,50.240,105.726
309.119,206.695,48.305,108.927
308.833,161.039,49.326,107.954
318.185,164.290,49.970,107.536
320.190,206.472,48.604,109.525
321.884,261.001,47.126,111.728
330.309,299.533,48.434,109.811
325.807,316.331,50.347,106.921
314.946,300.907,50.348,107.601
304.514,260.544,48.803,109.660
304.692,198.122,47.405,111.470
325.188,161.752,49.480,108.104
333.986,172.068,47.948,110.071
332.227,222.376,46.527,112.114
323.288,267.518,45.395,113.437
313.162,300.692,47.550,109.213
306.327,303.745,48.920,107.706
306.959,272.265,47.100,109.891
316.294,230.172,45.898,111.340
334.079,193.220,48.445,107.302
345.719,207.581,46.930,109.615
344.933,211.287,46.924,109.624
344.835,211.089,46.923,109.624
339.954,213.231,50.336,106.542
340.516,211.544,50.335,106.543
320.472,261.014,48.368,109.664
309.262,210.219,47.007,111.601
307.456,172.848,48.285,109.336
317.606,183.008,48.390,109.735
326.673,234.663,46.748,112.379
334.342,283.581,46.981,111.983
335.263,315.667,48.690,108.304
331.323,314.422,49.942,107.289
321.987,282.292,48.011,109.833
323.323,277.346,47.967,109.899
323.570,272.953,47.966,109.900
323.773,273.964,47.966,109.900
324.101,269.180,47.966,109.900
323.357,263.599,47.941,109.935
315.641,260.030,47.089,111.967
333.049,288.885,49.290,108.543
336.530,298.700,50.879,105.129
329.178,283.308,50.312,106.647
319.289,250.202,48.535,109.524
302.548,178.840,46.997,112.399
302.770,142.236,47.189,112.564
313.237,137.868,47.801,112.244
311.713,178.197,46.418,114.058
302.643,238.974,45.293,115.610
303.748,276.197,45.011,116.271
313.245,299.315,47.843,110.774
322.863,296.994,47.127,111.987
332.544,264.895,45.793,113.643
333.963,214.186,45.050,114.927
323.712,169.576,45.423,115.129
315.229,149.653,46.008,114.154
314.388,162.886,45.635,114.383
312.869,205.951,44.670,115.996
314.329,243.425,44.113,117.031
321.256,278.425,46.458,112.996
323.448,284.812,47.362,111.654
334.671,254.614,45.995,113.250
344.025,213.703,45.170,114.309
336.232,168.854,46.633,112.824
324.634,150.940,47.174,112.480
324.086,148.032,47.774,112.011
324.547,173.240,46.508,113.734
317.921,215.170,45.413,115.190
324.502,255.135,46.315,113.502
331.198,278.792,48.497,109.418
334.236,286.065,48.235,109.207
336.974,261.852,46.689,111.304
338.765,220.785,45.471,113.343
338.066,178.120,44.773,114.919
327.308,139.189,46.040,113.935
323.446,139.266,47.192,113.085
319.791,152.607,48.068,112.016
321.962,186.043,46.657,114.501
332.297,232.662,45.769,116.013
328.947,265.534,47.578,112.711
316.875,277.836,49.588,108.258
318.212,263.669,47.971,110.428
327.117,222.813,46.509,112.118
328.481,187.749,45.871,113.628
324.983,161.607,47.262,112.139
320.603,153.855,47.040,112.739
315.515,166.505,47.484,112.155
302.577,201.206,47.873,111.190
291.468,228.739,47.924,110.974
284.817,256.325,48.726,109.492
282.565,270.646,49.812,106.616
292.506,271.726,51.226,103.181
322.809,256.453,52.063,100.292
350.807,242.314,53.406,96.980
389.457,239.731,53.329,96.393
415.434,245.188,53.732,94.547
439.226,254.364,53.994,94.090
446.789,260.710,54.045,94.239
434.852,259.930,54.000,94.003
430.458,260.108,54.092,93.920
429.943,261.293,54.091,93.921
430.671,259.853,54.091,93.921
430.615,259.681,54.091,93.921
430.677,259.320,54.091,93.921
430.976,258.900,54.091,93.921
429.570,258.471,54.089,93.923
422.524,256.921,52.558,95.821
426.336,246.989,51.658,97.079
428.366,243.007,50.742,98.222
390.913,206.502,49.932,98.525
376.230,199.568,51.207,96.310
337.826,209.845,51.231,95.429
334.356,209.085,51.265,95.396
267.173,240.039,51.930,94.043
263.440,244.437,51.997,94.184
283.224,242.573,52.041,93.338
287.283,242.385,52.048,93.331
287.589,240.101,52.048,93.332
287.468,239.579,52.047,93.332
287.205,238.511,52.047,93.332
287.059,237.902,52.047,93.332
287.109,236.506,52.047,93.332
287.732,235.669,52.048,93.332
292.195,236.286,52.053,93.327
290.851,233.642,52.049,93.326
286.065,234.428,52.088,93.292
285.453,234.910,52.088,93.292
285.749,234.432,52.087,93.292
285.924,234.167,52.087,93.292
285.672,234.633,52.087,93.292
283.378,233.579,52.214,93.176
283.357,230.570,52.214,93.176
360.481,151.733,51.650,94.552
371.752,147.368,51.937,95.788
388.003,156.708,52.593,95.475
396.058,163.295,52.916,95.554
387.351,159.855,52.924,95.576
384.445,161.022,52.954,95.549
384.247,161.844,52.954,95.549
384.119,160.888,52.954,95.549
384.333,158.951,52.954,95.549
385.996,159.048,52.951,95.552
386.419,157.540,52.940,95.564
388.260,157.595,52.938,95.567
388.474,156.984,52.938,95.567
388.579,156.121,52.938,95.567
388.186,154.160,52.938,95.567
387.671,152.591,52.937,95.568
387.457,151.406,52.937,95.568
387.613,150.763,52.937,95.568
387.929,151.333,52.937,95.568
388.272,151.091,52.937,95.568
388.394,151.200,52.937,95.568
388.101,151.373,52.937,95.568
386.875,153.295,52.936,95.569
329.121,129.765,52.726,95.823
337.236,122.825,51.803,97.253
343.150,123.734,51.523,98.856
337.273,129.120,52.286,98.675
324.296,133.525,52.953,97.062
302.385,135.622,52.940,96.390
269.120,138.833,53.359,95.496
255.901,144.648,53.493,95.537
258.168,142.861,52.530,98.647
267.413,129.376,51.496,100.626
286.964,98.259,51.322,100.077
335.467,79.228,51.471,99.157
365.468,89.062,52.294,98.823
378.362,95.266,53.016,97.808
388.933,115.786,52.116,98.370
381.985,130.178,52.889,96.901
359.841,139.463,53.319,95.386
329.138,147.081,52.989,94.795
312.477,152.994,52.627,95.436
319.227,148.789,52.381,96.254
329.561,133.549,51.203,98.826
333.512,105.637,49.201,102.383
340.784,97.701,49.707,101.753
359.739,111.559,50.926,100.309
382.664,135.697,51.136,100.314
392.108,164.936,51.042,99.959
369.709,178.840,51.196,98.490
362.200,178.826,51.207,98.480
362.157,178.896,51.207,98.480
361.944,177.800,51.207,98.480
361.683,176.022,51.207,98.480
361.544,174.722,51.206,98.480
361.990,174.126,51.206,98.480
361.670,173.196,51.206,98.480
361.952,172.429,51.206,98.480
360.963,172.450,51.205,98.481
331.145,187.863,51.034,97.515
345.240,210.884,50.500,98.363
341.025,225.214,51.547,96.480
317.674,223.687,51.497,96.113
298.198,207.318,49.830,98.639
298.924,166.239,49.119,99.304
327.139,125.920,49.089,98.640
355.537,93.967,49.536,97.303
384.621,82.137,50.256,97.572
397.603,94.311,49.643,99.624
406.889,127.727,48.757,101.707
410.250,160.615,46.883,104.374
406.976,189.527,48.453,101.710
378.106,200.417,48.903,100.341
375.543,200.983,48.916,100.329
300.728,181.833,49.679,100.746
298.540,165.084,47.513,104.121
298.702,131.789,45.905,106.662
308.179,98.516,47.154,105.302
333.664,86.669,48.751,103.218
355.528,101.180,50.027,101.970
378.410,133.088,50.309,102.106
398.831,167.154,50.198,102.455
395.123,201.839,51.786,100.135
363.659,210.959,51.752,99.344
324.132,194.161,51.812,98.679
287.176,161.160,51.254,99.192
249.613,118.177,50.642,100.281
241.110,82.848,48.562,103.391
257.584,63.083,53.042,97.947
296.023,66.665,52.817,98.250
313.504,91.245,51.684,99.824
334.353,133.623,51.961,99.385
356.026,159.577,50.904,100.782
343.154,181.266,52.170,98.779
319.019,182.738,52.171,98.413
310.995,173.977,50.803,100.659
311.091,147.607,48.774,103.985
317.213,132.956,48.936,103.695
325.783,117.111,49.988,101.817
340.811,120.640,51.266,100.910
345.205,138.751,51.021,101.216
333.895,163.872,52.471,99.122
318.564,180.848,53.346,98.522
315.063,187.182,53.241,99.709
320.998,181.552,52.467,102.547
329.242,167.096,51.338,104.118
339.089,138.975,50.595,105.714
318.881,106.923,51.702,104.062
284.946,111.602,52.250,102.606
284.376,144.425,49.638,106.834
298.213,178.510,50.762,105.778
310.180,196.997,52.001,104.103
313.652,190.521,51.243,106.167
333.043,159.586,51.473,105.531
351.520,133.920,49.688,108.725
348.518,113.038,50.759,107.267
331.793,115.479,52.349,105.130
320.605,143.003,51.338,106.891
328.535,179.070,51.072,107.362
316.435,202.396,52.596,104.103
283.421,203.977,53.077,103.864
282.486,190.896,50.687,106.950
300.320,149.040,50.941,106.665
310.658,127.203,50.892,107.091
302.813,127.780,51.119,107.996
304.707,152.363,50.676,108.826
332.988,198.324,52.031,106.963
332.440,214.089,53.175,104.687
324.863,211.068,52.390,105.823
324.772,182.984,51.528,107.310
329.896,171.326,51.885,107.202
322.346,192.282,49.782,109.430
300.227,236.584,50.558,107.669
288.499,260.471,51.543,105.398
296.905,249.505,49.486,108.479
298.650,205.937,47.785,111.147
305.882,162.033,48.838,109.165
328.955,156.020,50.270,108.015
331.955,186.532,48.217,111.241
324.234,247.753,46.565,114.012
313.627,288.767,48.585,109.853
302.427,291.571,50.143,108.526
301.359,268.785,48.379,111.306
301.894,189.642,47.099,113.363
316.494,164.043,50.247,109.563
330.234,185.051,48.416,112.462
330.597,228.565,46.823,115.121
315.624,270.172,48.499,111.652
300.996,277.456,50.658,108.727
291.882,252.914,48.737,112.024
293.924,191.458,49.077,110.958
325.159,170.631,52.041,107.609
337.941,192.497,49.711,110.902
338.175,237.825,47.806,113.832
328.470,276.991,49.990,109.751
305.559,281.504,51.897,106.533
285.628,256.425,49.866,109.705
283.030,193.633,49.622,109.724
307.285,171.123,51.763,107.823
316.331,202.908,50.259,110.137
306.164,282.577,48.117,112.994
306.059,313.612,49.726,109.841
314.999,324.050,50.688,107.923
326.420,298.949,48.701,111.087
333.975,257.002,47.204,113.416
330.884,228.127,47.457,113.349
319.764,239.421,46.466,114.683
311.745,274.135,45.158,116.974
318.205,307.523,48.045,111.828
325.054,308.665,47.098,113.472
325.004,274.813,46.075,115.447
315.363,218.109,46.058,116.409
304.225,196.241,46.506,116.044
296.765,209.036,45.300,118.012
285.274,248.858,46.711,115.780
271.802,268.198,49.727,110.907
269.494,254.695,48.232,113.166
278.234,203.580,47.106,114.439
299.335,166.938,50.370,109.808
318.913,188.067,48.819,111.895
310.630,228.859,47.433,113.639
286.814,277.010,49.651,109.081
279.403,282.370,50.130,108.044
288.908,251.585,48.669,109.967
290.975,170.509,47.051,112.252
293.263,132.744,46.894,112.935
283.563,127.283,47.465,112.441
276.347,160.454,46.566,114.063
278.247,223.266,45.821,115.035
272.058,244.640,48.287,110.650
264.327,239.954,48.427,110.767
272.070,191.772,48.604,110.049
294.357,154.516,49.611,108.396
304.059,149.278,49.714,109.227
292.855,174.144,50.069,108.533
277.810,207.640,50.990,107.112
262.376,225.558,52.346,104.177
244.285,236.696,52.874,102.959
229.087,231.437,53.114,103.575
231.790,227.301,53.803,102.402
255.161,220.214,54.301,100.575
269.514,227.203,54.355,99.786
273.781,229.970,54.123,99.908
287.868,223.705,53.746,101.041
297.057,215.961,52.350,103.069
301.474,196.868,51.533,104.160
307.929,189.918,51.491,105.020
303.052,196.447,52.438,103.872
294.911,201.791,52.478,103.286
286.858,199.831,52.790,103.182
270.673,200.030,52.924,102.944
264.995,202.015,53.267,102.864
279.462,192.826,53.836,101.414
303.556,175.736,52.845,102.968
316.613,158.532,52.528,104.410
334.018,147.112,53.089,103.396
352.298,151.647,53.888,102.046
347.754,156.302,54.339,100.842
324.495,156.460,54.218,100.394
299.774,160.220,53.838,100.753
296.482,163.890,53.954,101.216
292.763,160.141,53.670,101.926
280.167,153.345,53.791,102.714
277.253,146.881,53.413,103.776
287.548,132.991,53.767,103.593
299.200,123.938,52.811,105.111
305.467,125.027,53.201,105.399
307.700,133.740,53.725,105.372
308.975,138.115,54.034,105.349
316.497,142.430,54.663,104.660
326.485,149.996,55.419,104.336
320.974,154.528,55.822,103.597
308.088,159.297,56.196,102.598
300.010,165.837,55.902,102.637
300.101,170.115,55.751,103.199
310.148,174.995,56.277,102.848
321.087,183.231,56.338,102.331
323.542,195.186,55.379,102.779
321.923,203.493,55.800,102.178
316.714,214.099,55.522,102.712
318.123,219.610,55.428,103.718
320.792,223.077,55.495,103.914
320.326,221.864,54.747,105.099
312.127,225.830,54.589,104.665
306.757,232.384,54.898,105.003
310.251,231.712,54.427,106.210
309.169,235.683,54.665,106.083
