227.000,207.000,122.000,99.000
243.995,206.680,122.784,98.221
256.947,212.953,122.548,99.271
262.137,223.897,124.095,98.534
260.564,233.446,125.117,97.604
255.701,241.062,126.964,96.808
242.974,247.103,129.047,96.191
239.437,251.204,129.866,96.259
249.832,250.989,129.502,97.438
260.924,259.408,129.404,98.259
256.035,268.859,131.535,97.445
242.203,264.143,133.393,97.565
249.234,267.575,133.728,98.155
256.876,274.027,135.338,98.213
260.058,287.401,135.587,99.054
266.418,298.645,135.009,99.779
275.331,308.056,135.756,100.275
252.181,309.599,141.779,95.289
230.077,302.719,145.822,91.336
230.770,290.417,148.847,89.988
238.270,278.217,151.051,89.439
254.914,261.981,152.597,88.088
266.196,263.922,151.741,89.311
248.825,285.550,152.289,88.886
219.086,306.062,153.613,88.251
199.116,305.201,154.508,87.593
227.718,284.583,155.469,86.317
249.751,262.301,157.525,85.674
266.792,260.055,156.743,85.717
276.878,265.175,155.994,87.964
265.935,269.627,156.865,88.137
237.003,270.019,159.493,87.648
201.030,266.683,160.463,86.509
186.917,258.583,160.464,86.882
198.054,256.627,159.569,87.811
202.141,257.120,158.327,89.269
207.432,253.858,157.563,90.186
206.627,258.707,156.921,91.506
196.304,263.236,157.310,91.762
193.857,258.278,156.515,91.816
194.753,245.309,157.975,91.302
195.031,231.784,161.063,90.256
209.773,213.739,162.880,88.938
220.153,213.703,161.984,90.023
207.392,236.584,160.880,90.487
199.920,246.552,160.465,90.519
211.005,266.731,161.679,91.075
222.309,271.720,160.810,92.095
217.100,281.520,161.539,91.660
203.217,289.672,162.008,91.575
206.446,281.033,162.178,92.212
191.114,269.451,163.310,91.699
181.053,238.829,166.053,91.223
194.347,228.067,167.220,90.507
207.889,227.512,166.096,91.576
212.899,228.436,165.522,92.752
228.125,223.113,166.040,93.301
227.797,213.263,165.887,93.886
220.845,212.841,166.318,93.903
202.172,222.857,166.591,94.116
177.066,245.547,166.947,93.872
177.238,249.018,166.187,95.311
193.967,248.935,169.112,93.090
221.709,241.522,170.467,92.787
235.409,228.462,169.992,93.325
230.250,215.408,170.323,93.050
223.174,208.076,168.873,93.852
206.607,212.516,167.337,94.166
179.295,217.679,166.373,95.014
158.772,217.530,163.790,96.630
170.106,206.291,164.748,96.095
166.773,178.521,165.145,95.842
160.626,171.532,166.918,95.240
162.322,181.876,166.661,96.322
197.645,184.898,168.834,96.448
234.408,178.342,169.657,96.210
221.376,200.799,165.953,99.044
211.721,244.700,158.849,107.592
223.018,302.674,155.579,112.093
274.179,329.858,155.154,112.175
299.304,310.433,152.495,114.581
273.644,277.336,153.772,115.658
232.821,241.238,154.604,116.736
194.309,222.930,153.236,117.268
174.702,207.378,154.597,117.604
190.059,226.251,153.660,118.555
195.831,241.145,151.877,118.412
194.328,241.797,151.988,117.824
197.577,221.856,151.362,117.872
204.179,199.894,150.135,118.092
204.193,178.584,150.786,117.642
201.028,192.114,151.339,116.645
197.973,208.649,150.836,116.875
209.485,219.262,151.331,117.402
240.303,211.449,150.818,117.992
255.097,199.836,151.013,117.837
267.471,210.329,151.358,118.088
295.559,221.273,151.678,118.607
332.046,229.274,151.927,117.924
353.929,229.219,152.421,117.400
352.352,214.807,152.844,117.276
329.461,196.337,154.853,117.284
303.978,195.600,155.270,117.450
281.716,202.576,155.989,118.094
287.758,200.030,155.183,117.580
290.699,203.173,155.590,117.410
275.403,215.271,156.033,117.197
272.406,227.040,156.128,116.995
259.284,235.875,158.166,116.617
271.391,232.878,156.618,117.332
276.416,236.930,155.579,117.785
253.370,251.356,156.485,117.146
216.849,259.972,161.589,112.249
200.825,244.605,160.143,114.206
226.362,225.645,156.639,115.544
254.698,208.772,153.519,116.673
264.361,193.184,153.509,116.406
256.138,210.055,152.716,116.732
238.482,229.807,152.958,117.482
235.948,239.372,155.101,116.022
242.374,240.984,154.040,116.272
262.451,237.625,152.149,116.550
281.196,232.689,151.255,116.560
260.581,225.531,151.697,116.876
257.537,221.546,151.557,115.976
265.171,228.454,151.158,117.036
288.012,226.849,150.010,117.200
284.628,211.862,150.374,117.647
265.463,198.343,151.296,117.763
246.620,189.234,150.914,119.056
256.138,185.726,151.386,118.495
264.657,185.696,150.886,118.507
245.480,187.453,153.400,117.962
208.333,184.396,152.747,118.541
194.726,176.594,153.667,119.026
213.126,174.397,153.738,119.136
222.549,172.036,153.818,119.211
202.594,178.130,161.205,114.223
148.554,182.018,161.972,115.206
132.516,188.731,159.215,117.814
183.653,194.379,166.948,113.553
247.012,197.112,172.058,109.905
280.578,197.011,173.935,108.976
276.924,198.573,174.083,108.576
270.784,199.531,173.932,108.363
249.021,198.362,174.620,105.757
212.105,198.524,179.457,102.183
179.250,194.222,178.849,101.457
187.347,188.515,176.477,102.545
203.124,188.097,175.520,103.960
200.829,187.711,173.512,104.564
181.857,183.130,173.007,103.584
194.825,180.085,172.649,103.694
195.347,178.331,172.263,104.228
215.742,177.895,172.889,103.952
249.273,173.748,174.843,102.464
260.922,159.826,174.499,102.202
239.170,157.730,175.907,100.106
226.193,159.711,175.147,100.887
253.759,158.796,174.944,101.206
278.951,155.641,176.449,100.335
292.432,152.335,174.106,102.116
275.785,175.544,167.143,110.844
262.404,218.630,166.968,110.561
248.845,231.389,170.543,108.159
259.159,229.213,170.691,108.077
241.290,218.366,170.271,106.499
239.697,193.350,165.116,109.761
225.400,195.597,167.165,106.778
211.819,199.115,169.257,105.180
206.972,199.737,168.921,104.149
216.432,196.132,169.797,102.823
233.678,194.481,171.751,101.603
256.493,186.800,173.688,100.132
262.852,179.455,172.685,100.523
256.759,180.453,172.083,101.110
261.941,189.819,171.072,102.358
263.417,197.293,170.380,102.963
257.322,223.011,170.570,103.401
249.056,230.198,170.949,103.264
254.214,232.237,170.580,103.802
259.526,224.079,171.040,102.003
269.383,211.762,171.067,101.301
256.594,199.366,169.940,100.136
243.164,191.388,168.933,98.758
231.955,187.916,170.385,96.813
226.164,192.965,170.425,97.701
213.231,201.271,169.362,98.672
210.606,225.812,168.407,100.379
243.116,240.302,169.592,98.871
280.446,235.985,171.499,97.207
306.108,222.984,171.785,96.297
292.038,197.995,171.538,95.085
299.558,193.091,170.506,95.246
313.650,192.823,169.812,94.765
331.892,188.223,168.420,94.962
345.115,180.641,167.607,95.233
336.188,175.547,166.802,94.942
315.388,181.280,167.593,95.519
301.391,186.647,165.662,96.706
322.342,202.429,166.704,95.095
368.040,201.631,168.590,93.404
398.238,182.242,161.642,100.144
409.637,186.652,161.863,100.347
409.129,195.362,161.778,100.741
424.680,201.153,163.016,100.136
445.236,190.054,156.699,105.249
428.602,176.677,153.452,107.333
406.029,178.145,152.361,108.421
377.356,186.408,156.300,105.565
328.917,202.407,158.458,101.386
312.638,205.536,158.917,99.031
325.389,200.981,159.080,98.246
338.157,197.413,158.889,97.653
350.051,189.935,159.912,95.923
354.433,183.011,159.500,94.741
343.211,186.400,159.123,95.010
334.958,194.077,157.896,96.271
332.480,203.065,151.747,101.691
308.209,204.495,153.175,99.508
262.698,202.618,157.585,94.958
216.653,201.892,160.273,91.857
198.642,199.560,159.700,90.483
201.407,197.016,153.082,96.437
220.698,196.237,153.508,95.421
219.210,191.879,154.022,93.761
204.086,194.742,155.934,93.245
189.384,199.691,154.376,94.706
208.152,220.346,150.399,99.177
247.708,235.099,153.206,96.708
258.735,237.280,152.781,95.989
239.060,233.197,148.633,98.895
209.950,234.777,152.440,95.307
179.548,229.435,154.680,92.094
176.237,225.169,155.399,90.870
207.486,225.951,157.301,89.113
252.704,226.227,157.921,88.211
286.930,218.257,149.621,94.266
278.419,232.667,152.354,91.790
243.446,233.534,154.129,89.705
187.899,235.134,156.324,87.955
139.831,232.478,156.879,86.935
126.325,224.163,156.640,85.489
146.265,216.639,157.524,84.269
173.186,200.997,156.679,84.982
188.146,196.645,154.079,85.753
192.704,194.092,151.610,86.700
205.974,197.775,152.213,87.042
235.742,193.828,145.971,92.427
251.276,200.131,147.937,91.770
255.783,205.805,148.545,91.714
243.366,208.545,150.168,90.283
228.271,220.087,149.330,89.034
224.869,226.882,148.983,89.366
225.647,244.331,148.259,89.667
231.942,246.335,147.732,89.748
240.977,224.333,147.445,89.195
245.280,202.347,147.383,87.985
242.295,203.416,146.669,88.439
236.025,222.317,146.021,89.149
225.471,242.012,145.934,89.021
218.000,245.406,140.881,93.191
202.779,239.463,136.835,98.392
206.550,224.790,133.643,99.607
213.605,208.304,130.455,100.304
217.791,191.576,129.441,100.415
229.894,200.175,129.012,101.363
248.237,209.827,128.428,103.834
257.365,232.628,127.388,104.422
255.078,234.579,127.510,104.675
238.429,223.676,126.384,105.600
247.826,211.601,126.205,104.482
255.938,199.584,126.222,103.783
259.841,201.031,126.100,102.758
265.790,205.451,125.773,102.263
268.101,201.639,124.688,102.149
268.791,196.572,123.477,101.578
277.691,196.335,122.916,101.188
291.708,193.307,122.333,100.700
291.687,184.138,121.244,100.843
290.090,171.667,121.658,100.085
276.545,170.460,121.890,99.477
265.963,181.012,120.943,100.689
278.792,201.128,122.010,101.702
300.267,224.306,123.184,101.041
316.842,213.179,121.068,101.896
297.481,187.588,121.804,101.923
279.038,178.700,123.594,100.036
263.965,187.507,123.291,99.719
266.651,198.239,123.448,99.700
281.608,208.751,123.685,99.148
287.832,214.188,124.384,98.282
279.915,206.590,121.411,98.707
280.242,191.015,120.801,98.429
268.614,164.518,119.410,98.764
277.704,164.889,121.030,97.456
304.249,176.660,121.240,96.856
315.073,188.431,120.526,96.333
288.171,188.698,128.006,89.978
252.907,185.640,132.264,85.920
220.266,182.968,134.037,83.829
226.224,182.801,135.120,82.248
243.442,179.475,137.023,80.481
258.434,173.274,138.642,79.302
262.208,169.043,138.123,79.552
239.885,168.948,139.482,78.140
213.033,172.275,139.702,77.922
197.875,183.082,140.279,77.278
188.985,188.642,138.926,78.669
177.739,202.779,139.888,77.939
151.365,214.372,139.192,77.898
149.406,217.665,137.617,78.653
165.964,218.668,138.287,78.083
186.589,211.055,138.210,77.407
196.253,192.607,135.639,78.297
186.267,195.806,135.843,78.365
169.802,206.955,134.664,78.200
175.562,211.394,134.802,78.958
193.445,210.730,135.087,78.655
203.237,189.832,134.318,78.552
208.112,182.266,134.804,77.217
233.174,167.169,135.445,76.562
247.750,163.190,129.319,81.425
249.334,181.247,129.445,81.975
236.252,197.581,128.649,81.889
239.220,199.062,129.080,81.129
229.558,180.192,128.191,80.351
216.988,161.616,127.822,79.151
203.286,154.419,126.820,77.976
215.347,158.134,123.117,82.797
232.098,179.528,120.779,85.385
244.638,187.671,118.809,86.887
257.809,177.735,116.424,88.080
268.854,163.572,116.068,87.241
282.235,156.989,114.165,88.186
287.319,166.780,113.639,89.688
278.566,184.238,114.011,88.839
253.476,189.517,119.366,84.294
200.871,187.265,124.897,79.125
163.316,182.345,125.865,76.981
150.020,176.099,125.468,75.677
156.279,178.105,125.213,75.879
160.630,183.541,125.647,76.364
174.558,186.499,125.561,76.134
196.747,184.671,128.120,73.966
225.482,179.897,129.033,72.488
242.527,174.741,129.686,71.777
245.472,171.841,128.528,72.082
243.700,169.471,127.802,71.707
230.322,175.484,126.975,72.078
225.341,190.725,126.042,72.305
218.750,198.716,126.658,73.308
194.751,213.973,127.015,72.262
168.789,225.290,127.284,70.621
137.995,223.286,126.812,69.750
114.679,218.243,125.558,68.903
110.712,211.452,125.494,68.313
127.685,210.960,127.072,67.109
154.967,209.331,127.744,66.608
176.649,203.872,127.449,66.473
192.241,198.759,126.497,66.597
210.459,193.391,126.299,66.609
230.227,190.598,126.721,66.724
235.103,183.915,125.586,67.676
224.146,168.228,125.568,66.733
201.042,167.982,126.254,65.774
188.886,171.101,124.648,66.170
205.895,173.234,124.866,65.902
228.614,173.877,123.896,66.377
244.546,171.349,123.153,66.830
255.908,158.267,122.784,67.230
263.008,155.403,121.511,67.731
257.428,156.832,120.805,67.436
245.640,169.120,119.915,67.226
238.083,184.328,119.099,67.891
239.611,198.294,118.779,68.183
240.355,200.029,117.724,68.225
246.098,198.872,117.522,68.052
259.825,196.298,118.024,67.772
263.719,189.728,119.090,66.996
279.595,176.524,120.824,65.850
301.729,178.291,120.816,66.531
325.297,192.828,120.484,68.548
322.890,212.237,120.511,69.456
299.019,237.794,122.469,68.057
267.361,251.081,124.842,66.338
244.303,234.021,122.018,67.048
255.836,215.773,121.519,67.182
248.428,197.567,122.107,66.233
235.301,191.763,121.630,66.385
248.734,205.799,121.769,67.959
269.090,221.217,121.035,69.929
261.979,232.035,121.858,68.919
260.403,216.484,123.016,68.247
265.587,195.678,122.038,68.441
265.151,190.149,122.389,68.317
270.597,204.530,122.402,70.207
274.865,223.097,118.275,74.229
287.630,221.351,118.350,73.114
293.000,201.439,118.878,71.902
293.845,199.336,119.948,70.705
285.428,214.175,119.504,70.798
287.604,217.924,119.834,71.643
286.930,216.569,120.829,70.550
260.326,205.442,123.621,67.795
238.012,193.640,124.841,66.513
238.923,197.238,124.556,68.323
256.981,212.426,124.425,69.897
267.415,226.198,123.543,70.571
276.127,222.170,122.935,70.390
277.220,202.933,122.916,70.275
286.219,196.385,122.689,69.755
305.568,207.760,124.404,69.055
313.478,209.588,123.102,70.279
292.107,210.991,126.891,68.204
252.292,200.110,129.291,66.161
226.898,185.066,130.224,65.114
224.018,185.725,127.324,67.116
213.143,199.894,127.385,66.506
197.020,202.831,126.649,67.359
208.713,206.971,128.468,67.037
239.673,207.303,129.712,66.351
253.732,202.418,128.769,67.687
234.823,210.796,129.858,66.870
207.168,214.491,130.250,67.324
208.325,216.860,130.979,67.792
245.912,214.987,133.101,67.070
274.853,198.982,130.168,68.503
265.549,192.497,130.509,68.480
249.368,191.622,129.906,69.042
234.654,195.717,130.142,68.993
241.132,207.051,133.276,68.154
288.159,207.922,133.267,68.350
334.606,205.223,133.041,68.729
343.271,196.459,132.225,69.544
328.111,188.909,133.197,69.685
298.878,185.880,135.307,68.465
255.584,189.802,137.047,68.506
224.036,201.261,136.211,69.482
247.106,214.552,136.315,70.680
278.676,224.582,136.806,70.584
295.729,219.426,134.623,71.517
279.838,203.040,135.567,71.516
246.228,201.120,136.081,71.283
231.385,204.573,135.204,73.081
234.271,221.278,135.971,74.482
252.661,220.195,135.047,75.329
266.993,202.690,132.921,76.008
254.010,195.636,134.305,74.604
246.078,195.384,135.400,74.704
247.048,211.326,135.222,75.187
260.264,214.777,136.465,75.265
277.445,206.849,136.758,75.062
295.444,189.657,135.638,75.854
310.989,183.398,136.061,75.351
336.074,199.131,135.005,77.281
345.593,218.139,134.912,77.921
345.497,219.430,134.671,77.539
344.561,202.397,133.869,78.109
338.936,182.509,134.080,77.698
337.154,176.838,135.157,76.708
350.414,178.589,134.341,76.782
344.979,181.378,135.726,75.922
332.287,187.220,138.436,75.584
294.484,200.530,139.359,75.021
261.362,202.183,140.399,75.070
243.463,199.259,140.268,74.662
232.531,191.234,141.092,74.363
202.224,174.059,142.159,73.982
171.929,167.271,143.399,72.754
157.171,173.824,142.877,74.395
162.355,191.101,143.577,76.052
203.771,193.325,144.919,75.849
247.830,175.524,143.970,76.490
267.240,153.548,143.088,77.272
261.876,150.427,142.175,77.806
265.331,165.416,141.201,80.099
278.732,183.341,142.178,81.181
295.831,186.224,140.921,81.776
286.908,178.590,142.099,80.806
259.814,179.149,144.276,79.711
217.940,205.709,146.506,78.458
188.336,224.985,146.748,78.762
198.943,229.383,147.066,79.834
220.084,224.617,145.652,81.035
210.349,215.157,146.524,80.143
184.774,210.840,147.185,79.713
186.527,215.725,145.898,82.074
190.279,237.363,141.268,89.810
209.605,259.177,144.167,89.014
219.597,261.555,140.655,92.820
232.872,245.226,137.567,95.909
249.899,217.386,135.688,97.750
264.384,204.152,136.482,98.173
268.399,212.254,135.119,99.446
276.982,229.790,135.802,99.459
311.323,236.757,142.858,95.558
333.237,220.658,142.205,97.317
325.252,187.643,144.296,97.226
283.056,184.702,149.687,92.804
236.435,201.334,153.819,90.134
213.393,224.111,147.751,96.546
224.256,245.689,150.900,94.839
247.395,234.633,152.261,93.056
260.949,208.024,153.174,91.909
255.423,201.200,154.514,91.289
271.436,207.843,156.949,91.276
306.993,210.129,159.510,90.495
347.143,207.270,161.566,89.610
355.667,205.311,161.235,90.113
321.731,213.129,163.123,90.733
257.947,228.090,164.577,89.631
213.541,225.647,166.340,89.152
193.940,218.507,166.264,88.190
186.147,191.854,166.497,88.130
202.801,186.042,167.986,88.541
224.827,184.959,168.448,89.055
242.933,187.348,168.819,90.382
265.091,190.251,170.385,90.976
285.316,189.244,170.560,91.107
292.144,183.412,170.835,92.000
265.802,179.124,171.941,91.746
245.461,176.794,171.931,91.842
232.484,179.226,171.378,92.675
221.331,182.972,170.660,94.026
234.256,183.546,170.595,94.859
240.148,178.723,170.925,95.198
238.968,178.390,171.773,95.977
226.147,183.121,170.399,96.768
249.966,200.970,171.190,96.058
291.971,218.181,174.298,95.269
326.387,216.005,174.251,95.864
307.482,212.376,175.667,94.865
274.705,207.189,177.033,94.090
238.385,205.744,177.610,93.581
204.298,203.165,178.197,93.085
184.009,199.197,177.622,93.614
205.161,202.251,178.154,95.505
218.540,200.553,179.628,96.202
220.521,195.136,181.189,96.661
238.384,188.048,182.969,97.068
236.748,178.327,183.524,98.578
230.259,173.241,183.211,100.290
227.098,174.604,183.249,101.604
227.349,176.741,183.498,102.659
217.717,173.056,184.938,102.860
197.071,172.519,186.862,101.705
170.309,178.953,186.766,103.500
166.748,185.514,186.830,105.171
182.107,189.731,188.134,107.137
183.340,188.427,189.823,107.831
162.787,184.345,193.021,105.872
144.866,189.632,192.185,107.332
132.077,212.571,190.144,108.730
127.146,222.848,191.516,109.102
124.835,229.009,192.957,110.456
115.985,226.987,194.809,110.658
133.891,219.732,199.327,109.194
144.323,211.901,202.373,109.521
157.458,208.081,204.514,110.305
161.260,208.875,204.479,112.613
166.590,210.415,205.766,114.140
174.570,205.902,207.598,114.181
158.002,200.716,209.263,113.970
148.289,201.601,209.374,115.164
136.087,209.287,209.276,117.086
137.606,211.373,209.955,118.413
127.914,205.596,212.376,118.867
115.775,200.268,214.923,118.474
115.821,203.076,215.771,120.458
120.811,212.556,218.071,122.308
122.642,221.537,218.995,124.137
122.597,221.310,220.905,125.776
98.239,219.629,224.090,124.280
103.769,212.715,228.141,124.113
97.363,209.131,229.083,125.332
106.337,215.092,231.463,127.905
98.688,222.504,231.812,131.052
99.093,222.340,233.136,133.315
90.912,218.765,234.923,134.231
105.914,215.046,238.643,134.587
88.391,209.013,241.441,134.474
68.522,206.549,243.987,133.873
43.886,208.673,246.064,135.433
31.592,213.557,248.740,138.494
