246.000,226.000,94.000,114.000
241.056,240.043,94.895,114.601
246.396,232.694,95.254,115.242
242.422,244.828,96.204,115.244
246.341,233.777,96.710,115.701
248.954,245.318,97.943,115.677
247.865,243.257,98.731,115.414
251.209,243.301,99.877,115.381
245.285,245.230,100.393,115.455
250.564,242.486,101.148,115.236
248.000,244.969,100.992,115.693
255.331,241.912,101.474,115.778
254.001,241.865,101.378,115.878
260.362,237.199,102.039,115.922
260.932,238.950,101.976,116.300
265.929,235.451,101.980,116.539
262.086,237.469,101.685,117.267
266.001,225.318,101.812,117.978
277.474,224.981,102.850,118.593
277.965,232.014,102.578,119.138
265.146,223.622,102.626,118.654
265.418,219.593,102.690,118.676
269.096,204.037,102.163,119.256
280.569,203.812,103.616,119.237
289.944,192.423,103.950,119.832
316.820,193.568,106.424,118.561
317.237,204.261,106.368,119.297
308.952,205.008,105.554,120.367
301.858,208.037,105.000,121.333
287.919,214.518,104.789,122.716
267.544,213.846,104.391,124.236
248.325,209.542,104.637,123.793
253.996,204.948,105.256,123.276
274.539,197.050,106.011,122.522
291.670,196.623,107.258,122.124
315.362,193.867,108.994,121.391
332.132,200.245,110.000,121.647
328.715,209.972,108.636,123.362
314.327,220.144,107.729,125.613
289.556,222.744,106.964,127.561
258.942,234.181,106.379,129.242
234.974,218.015,107.986,127.554
227.477,201.109,108.540,126.570
256.120,190.251,110.597,124.959
280.776,193.643,111.309,124.861
298.569,191.863,111.892,124.794
322.406,196.946,113.030,124.459
315.336,206.534,111.710,126.117
293.260,210.578,110.826,127.717
275.395,208.470,110.045,128.819
263.728,202.412,109.627,128.484
268.834,191.399,110.260,128.042
290.808,194.372,111.237,127.626
317.909,192.114,112.695,126.545
321.032,204.367,111.418,128.491
325.269,200.582,110.872,128.118
301.323,201.366,109.644,130.139
265.253,202.839,109.463,131.317
229.126,192.611,110.870,130.490
202.563,183.533,110.748,131.272
210.186,166.902,110.423,131.743
239.201,152.593,112.441,130.476
259.616,151.488,113.448,130.119
272.290,159.952,113.140,131.568
283.867,172.662,113.644,133.467
276.659,192.361,113.548,135.761
263.651,211.409,113.911,137.275
252.609,224.029,113.461,137.937
248.528,207.850,113.987,135.399
249.983,182.676,111.772,135.542
260.296,189.742,112.932,134.550
276.123,193.000,113.297,134.666
268.876,210.884,112.749,137.157
254.701,229.094,113.131,137.339
242.745,246.114,114.110,138.651
232.336,244.844,113.529,137.843
223.314,211.247,114.762,134.768
241.130,173.055,116.252,132.184
253.230,151.425,118.160,128.922
277.022,156.606,118.802,130.535
281.559,175.202,118.646,131.169
272.640,209.768,117.990,130.774
252.021,245.044,118.511,131.650
231.036,256.386,116.963,135.280
210.449,245.465,117.414,134.041
211.905,204.865,117.967,132.084
232.885,181.761,119.325,130.281
254.240,187.844,119.681,131.510
278.709,217.389,119.501,133.664
285.090,251.209,118.077,136.938
268.651,266.627,117.818,138.471
246.149,274.183,117.322,139.049
218.392,255.210,118.772,135.361
223.562,213.572,119.123,134.212
256.143,202.342,120.204,132.812
293.226,209.753,119.565,134.168
318.132,217.044,120.691,134.487
332.867,230.934,119.990,136.605
321.279,247.767,119.032,138.063
286.842,240.580,118.936,136.839
248.491,240.898,118.194,137.854
209.713,232.926,117.865,137.618
166.447,225.045,118.130,137.276
144.763,213.988,117.524,136.952
185.297,197.137,117.975,136.093
226.816,177.851,118.050,135.667
258.409,167.730,118.482,135.353
292.575,152.104,119.968,134.062
289.111,150.400,118.624,133.918
267.595,142.860,117.721,133.834
250.902,145.268,116.693,134.882
233.617,140.562,115.832,135.144
253.536,135.023,116.645,133.931
273.270,142.898,116.493,134.015
305.834,152.633,116.789,134.950
326.728,162.414,118.242,135.607
333.152,181.617,117.851,137.158
309.063,176.044,117.273,137.333
269.931,175.477,117.275,137.688
215.193,170.130,117.427,136.755
171.694,158.404,117.988,135.902
149.608,158.784,116.594,136.611
184.891,162.629,117.134,135.882
229.331,166.371,119.541,134.484
270.067,169.642,121.059,135.166
309.382,176.593,121.713,137.140
338.607,182.672,122.938,137.216
311.654,183.274,121.306,138.965
284.090,176.120,120.720,138.918
244.360,164.688,121.476,137.038
210.220,144.084,121.628,134.962
214.250,118.138,121.941,133.661
246.380,114.524,123.130,133.220
250.702,126.379,122.506,136.765
268.391,152.091,122.659,138.154
275.780,184.441,121.784,141.183
258.453,202.746,122.167,140.819
237.110,213.513,121.088,142.329
219.074,215.990,119.493,142.248
214.608,194.461,120.022,139.202
238.172,168.996,121.240,137.410
268.498,159.888,121.883,136.196
272.262,171.225,120.384,139.276
277.466,187.926,120.047,141.452
273.727,221.826,119.362,142.244
266.826,258.442,119.249,144.197
269.825,270.453,119.641,144.754
270.291,264.249,118.398,143.218
278.480,226.966,119.092,139.777
285.470,173.843,120.128,135.294
280.748,133.029,120.804,131.505
274.766,124.361,119.234,131.324
266.461,140.213,117.781,132.947
268.695,205.588,117.368,133.691
282.385,254.793,117.834,132.015
289.037,286.393,120.295,128.638
303.780,293.119,118.331,132.443
308.370,259.069,117.515,130.662
296.428,208.174,118.045,127.551
287.279,155.334,117.852,125.882
289.218,148.897,116.174,126.995
280.967,164.387,115.361,128.116
282.059,224.577,115.447,128.765
296.059,255.339,117.146,126.034
299.762,270.437,118.382,124.132
298.552,280.874,115.232,127.891
297.312,247.850,115.758,124.906
297.070,198.273,116.343,121.694
290.298,174.334,116.834,120.456
285.091,185.305,114.075,124.717
280.880,197.660,113.725,125.648
277.228,242.084,114.312,125.015
271.950,266.609,116.966,123.241
266.624,278.733,116.259,125.272
279.169,282.276,115.352,127.737
266.653,260.857,115.664,126.288
258.793,247.621,115.120,125.196
270.898,250.544,115.134,126.757
242.274,262.353,114.004,129.662
221.646,271.076,112.573,132.386
201.150,280.825,111.625,133.861
182.336,293.493,111.027,134.977
187.356,303.288,112.111,134.352
215.753,287.866,115.254,131.682
248.190,283.276,118.212,130.148
277.644,281.572,119.025,130.013
310.066,272.800,120.100,129.087
318.301,280.590,118.698,130.792
301.634,270.475,118.098,129.561
280.464,258.584,117.673,129.635
245.218,249.018,117.279,129.758
207.956,237.111,116.668,130.110
181.871,234.035,114.962,132.058
167.551,229.433,114.390,131.445
195.790,221.849,116.987,129.723
228.029,213.382,119.061,128.891
259.453,206.081,119.429,128.820
308.704,198.726,119.933,129.096
343.027,196.095,121.286,128.767
340.846,200.157,119.351,130.165
327.956,189.814,118.806,130.266
301.153,186.160,117.624,131.814
260.654,183.763,117.089,132.652
220.193,173.378,117.093,132.574
206.368,155.079,116.975,131.155
234.099,137.313,119.598,129.018
273.948,144.568,120.078,129.752
303.322,150.130,121.295,129.524
331.238,156.390,122.115,129.886
318.333,156.895,120.392,131.407
291.053,148.645,119.219,132.265
253.031,147.860,118.236,133.474
226.452,138.394,118.181,133.357
208.712,136.784,117.017,133.575
239.469,138.084,120.857,131.998
276.706,147.086,122.156,133.505
300.585,156.221,125.082,133.839
319.048,167.011,126.371,134.672
324.329,184.525,125.879,137.332
304.591,195.354,124.003,139.640
274.762,212.636,123.028,142.998
249.026,220.334,121.637,144.326
229.871,219.690,120.269,143.666
233.107,196.162,121.077,141.587
265.387,179.403,122.950,139.143
310.446,182.252,123.187,138.948
337.487,189.378,123.427,140.283
364.617,195.524,124.126,140.111
343.578,196.501,123.568,140.142
302.355,187.027,123.976,139.353
259.843,176.180,124.113,138.768
227.022,155.231,123.971,137.518
226.576,143.554,122.447,137.499
260.166,135.454,123.901,136.072
291.922,138.902,124.643,137.286
309.500,150.979,125.202,139.271
332.457,161.750,126.506,140.428
321.680,178.867,126.259,143.048
294.081,183.419,125.003,144.551
250.378,178.351,124.777,144.188
205.488,158.614,124.900,143.747
160.608,146.561,125.734,142.765
134.776,135.890,124.994,142.740
152.323,125.671,125.146,142.309
183.448,116.183,127.282,140.808
217.270,118.316,128.917,141.042
242.840,125.904,130.823,141.414
274.980,158.193,130.356,143.225
295.483,186.958,130.126,144.711
301.757,211.130,129.605,145.508
276.205,232.968,129.427,147.029
235.328,239.537,128.565,148.174
196.821,249.262,127.436,150.102
164.576,227.253,128.245,146.490
181.851,202.522,128.907,145.032
217.737,172.994,129.915,143.060
256.170,161.680,130.371,142.632
269.499,177.732,129.368,145.202
287.421,197.027,129.708,146.437
286.225,220.591,128.830,148.173
264.373,228.356,127.336,149.372
233.302,230.733,125.957,149.514
198.597,205.232,126.349,147.227
196.071,165.025,127.157,143.700
227.000,123.135,128.882,141.669
262.202,119.931,130.596,142.350
289.131,154.054,129.565,144.422
314.298,181.229,130.665,144.662
318.214,207.305,130.700,145.069
289.386,225.013,129.777,148.364
246.532,226.063,130.428,148.189
189.346,215.277,132.153,145.737
157.172,190.820,132.079,143.477
177.595,149.169,131.016,143.471
222.240,130.124,130.523,143.287
258.157,127.959,132.025,143.037
284.457,134.176,132.693,144.101
302.168,151.354,131.957,146.000
295.519,171.771,130.110,149.853
280.177,184.309,128.031,151.939
259.397,182.962,127.014,150.749
216.262,163.993,127.368,149.532
193.812,145.613,128.015,147.474
226.341,133.865,129.916,145.466
278.432,129.979,132.154,144.403
321.050,137.354,132.485,145.880
346.746,149.181,134.773,145.396
347.063,162.467,132.165,148.132
319.907,157.281,131.157,148.268
282.288,155.065,129.942,147.990
238.512,144.432,130.616,146.411
190.817,135.438,129.842,147.369
178.280,137.393,127.383,147.259
210.991,132.859,129.507,145.926
242.810,133.945,130.292,145.432
284.930,140.819,129.774,146.869
328.404,149.114,129.640,148.436
375.823,155.396,130.133,148.918
384.915,165.802,128.877,149.670
366.425,165.034,127.158,148.980
338.514,155.243,127.984,147.756
282.266,144.493,128.626,146.321
222.679,134.525,129.506,144.701
159.366,125.763,129.927,144.534
113.672,124.166,128.431,146.256
90.217,125.528,125.986,148.262
115.828,130.320,127.082,147.177
154.412,135.774,126.718,147.011
203.379,136.270,127.584,145.905
253.820,137.768,128.251,145.914
315.236,146.077,128.727,146.784
357.469,155.686,129.233,147.396
374.232,167.311,128.496,148.608
356.676,167.235,127.098,148.266
329.400,160.390,127.503,147.156
289.524,151.633,127.498,146.294
249.635,141.596,127.006,146.133
228.384,132.511,126.287,144.879
255.179,136.241,126.374,144.436
281.753,141.777,126.766,144.968
312.483,143.499,129.083,144.297
341.891,161.563,129.812,145.976
370.035,167.942,130.724,145.992
366.671,182.268,129.267,148.145
353.052,197.334,126.614,151.426
341.336,215.615,125.639,154.174
332.685,238.470,125.488,156.522
324.999,244.509,124.005,156.260
320.649,220.644,121.054,156.388
304.590,187.479,124.311,151.448
282.582,131.486,125.862,146.315
287.211,87.510,126.757,143.596
276.399,77.223,125.752,143.283
272.413,91.498,124.573,146.887
267.232,128.253,124.104,148.282
265.342,181.521,123.684,149.261
272.154,220.327,124.841,148.470
274.040,242.064,127.132,147.067
275.511,249.345,124.196,148.748
274.374,227.357,125.202,143.811
280.267,171.485,125.501,140.590
289.846,129.652,126.277,137.135
276.685,102.202,126.262,135.423
272.721,115.863,123.453,140.066
261.484,147.056,121.887,142.966
256.612,198.634,121.218,144.984
254.176,236.941,121.095,146.943
253.939,251.236,120.225,149.052
273.122,214.352,120.720,148.340
285.071,172.080,122.335,144.249
275.254,144.984,123.423,140.754
309.534,134.251,124.645,138.691
296.757,148.611,123.400,141.293
275.762,158.880,121.710,144.454
258.438,168.641,120.236,146.124
255.231,145.971,120.528,144.345
266.233,118.532,120.446,144.485
284.778,130.442,120.103,145.165
291.346,143.962,121.412,146.340
318.740,177.403,122.789,147.410
323.972,201.885,123.633,148.513
305.556,217.394,123.212,150.183
284.182,211.064,123.635,148.688
263.610,171.210,125.021,144.814
248.526,129.153,126.630,140.977
269.334,116.238,126.382,140.743
292.063,142.021,127.222,142.124
317.574,179.138,126.930,143.348
324.602,203.350,127.292,145.129
302.536,211.032,125.438,147.150
269.283,185.389,125.562,145.514
250.810,144.343,126.914,141.098
260.775,100.015,127.998,138.787
283.427,109.236,128.565,140.429
308.306,144.779,128.280,141.594
326.927,176.160,127.685,143.973
314.221,195.741,127.233,147.030
286.526,196.394,127.405,146.767
243.208,182.842,128.699,144.864
218.447,163.651,129.713,143.330
208.203,143.659,128.606,142.860
241.103,144.658,128.931,142.955
261.030,155.579,128.648,144.546
281.354,172.084,130.439,144.311
300.648,189.537,131.555,144.627
297.831,208.339,129.462,148.240
277.993,209.609,127.422,148.756
252.041,201.115,127.176,148.528
238.041,182.407,126.659,146.812
269.763,178.006,127.973,145.255
301.675,177.871,129.740,145.038
321.064,193.797,129.819,146.988
332.430,207.990,128.121,148.985
318.275,199.946,127.330,147.419
292.480,192.402,127.180,147.391
265.653,180.523,128.108,146.711
243.767,161.959,127.523,145.425
272.184,150.345,127.566,144.917
305.030,150.955,128.203,143.702
300.477,162.778,126.280,145.815
320.591,169.775,125.195,145.792
308.927,178.191,123.643,146.946
269.561,172.419,123.771,146.175
239.892,166.867,124.181,146.000
203.668,148.880,125.457,143.742
193.356,140.914,124.297,142.545
233.084,147.942,124.270,142.643
262.871,151.244,126.015,143.172
272.674,169.022,126.184,145.806
299.460,177.436,127.033,146.456
291.618,192.014,125.744,148.804
271.067,191.012,124.561,148.669
252.245,177.042,124.965,147.271
233.905,167.136,124.480,145.033
276.738,171.311,124.681,144.303
307.921,174.859,126.354,144.553
316.051,192.093,125.999,146.855
328.755,206.199,124.664,147.752
304.673,192.360,125.670,145.580
284.386,182.086,125.463,144.901
256.903,168.967,126.609,144.124
231.488,160.501,125.125,144.346
265.363,159.762,127.280,142.736
287.203,166.463,126.236,144.932
297.310,181.480,124.808,146.543
319.297,181.564,124.522,145.827
314.278,181.562,122.825,143.616
292.897,165.298,122.609,141.819
270.458,146.537,122.602,139.520
253.856,126.013,123.113,137.153
254.827,134.851,120.644,137.243
258.802,149.224,119.403,138.320
258.861,163.766,120.471,139.296
262.823,175.857,122.213,139.383
249.623,184.241,121.626,140.146
231.650,186.964,121.515,139.054
216.409,180.247,122.038,137.188
205.607,176.591,121.875,135.421
236.274,190.676,124.354,134.671
273.640,206.154,128.075,133.695
300.569,216.474,131.679,133.157
322.759,231.183,133.253,134.015
322.000,240.689,130.632,135.926
307.762,232.713,129.603,135.595
293.407,223.589,128.867,135.351
283.474,215.290,127.995,134.001
275.385,219.444,126.880,133.835
273.893,227.348,125.994,134.000
280.117,236.226,126.314,133.777
270.407,235.517,125.265,132.759
262.517,228.059,124.590,131.694
248.911,216.044,123.333,131.197
240.034,205.565,121.861,130.518
255.518,210.882,122.997,131.187
279.340,221.288,125.291,131.381
296.405,227.365,125.120,132.861
305.769,224.251,125.054,132.037
295.655,215.262,123.010,132.064
292.582,198.579,122.909,130.566
284.709,177.405,122.035,128.811
294.145,166.357,122.877,127.979
307.419,177.483,123.570,130.288
317.799,187.868,124.131,132.794
325.220,200.370,124.499,135.001
316.418,214.362,123.302,136.903
294.657,207.459,122.933,136.942
280.764,190.911,123.929,135.079
265.815,161.609,123.547,133.912
245.216,131.308,122.571,133.586
262.326,138.940,123.064,135.565
260.120,153.133,122.674,137.744
260.316,169.359,124.266,137.970
246.921,183.448,125.527,138.380
256.019,189.377,125.385,140.464
284.565,188.563,127.582,139.669
304.972,191.864,127.436,141.192
322.013,197.252,128.077,142.655
325.886,207.059,127.144,143.904
300.907,198.369,127.164,142.429
270.371,184.484,126.987,141.195
247.510,170.879,126.439,139.416
239.407,165.544,125.066,138.560
272.378,167.714,129.071,136.834
289.457,175.540,128.547,140.003
301.537,182.838,128.572,142.578
316.111,189.401,128.256,144.796
319.851,201.319,127.276,146.335
309.898,203.997,126.051,144.741
294.633,199.316,125.850,142.146
286.478,205.086,125.127,140.792
293.336,208.228,125.704,139.088
292.688,213.525,125.096,138.461
290.485,220.877,124.286,137.974
