57.000,156.000,198.000,173.000
62.759,148.700,195.641,175.258
66.850,146.591,193.724,177.374
71.241,145.498,191.914,179.170
71.687,145.452,191.026,179.888
75.807,146.122,190.091,181.018
78.278,145.882,189.519,181.305
81.384,148.687,189.263,181.444
82.124,150.322,188.791,181.738
82.925,152.071,187.990,182.197
87.016,152.190,187.764,181.994
90.548,155.262,187.809,181.746
98.309,157.670,188.159,181.099
104.423,160.222,185.968,181.747
105.244,161.496,184.325,182.070
84.477,182.842,183.827,180.269
109.829,175.630,182.486,179.988
115.527,176.362,182.382,179.993
120.521,178.337,182.124,179.766
127.572,176.094,181.575,179.530
133.306,178.127,180.713,179.542
106.695,198.573,181.476,178.061
108.202,202.758,182.731,177.328
109.411,206.353,184.215,176.933
112.801,213.077,185.554,176.506
119.377,217.136,185.596,175.815
126.875,219.333,185.366,175.311
133.937,221.796,185.584,174.262
141.418,219.127,184.881,173.560
149.031,217.076,184.121,173.616
174.755,213.153,183.292,172.612
177.837,212.627,182.285,171.879
182.166,211.063,181.738,170.580
184.181,208.707,181.379,168.874
187.301,207.313,180.960,166.953
191.007,189.951,179.708,167.856
192.770,191.337,179.238,167.023
194.873,191.209,179.394,164.777
198.295,173.513,178.289,165.147
201.521,174.011,177.981,163.896
201.953,155.463,176.982,164.199
203.394,157.069,175.792,163.446
204.163,158.079,174.999,162.460
203.230,138.735,174.300,162.370
204.210,139.616,172.943,162.965
246.750,135.388,173.331,160.712
244.208,133.484,173.358,158.874
243.583,135.591,172.417,157.340
242.788,135.448,172.084,155.685
262.246,132.474,170.955,154.915
263.029,131.582,169.473,154.064
264.460,128.969,167.981,152.872
284.033,126.606,165.596,152.794
284.946,125.842,163.606,152.465
287.463,127.305,162.269,152.284
289.956,128.420,160.591,152.244
290.652,130.519,159.524,152.101
289.971,148.107,158.048,152.980
286.974,146.339,156.906,153.192
286.105,146.980,156.324,152.486
286.104,150.032,155.783,152.147
283.988,152.779,155.810,151.420
285.191,152.832,155.743,151.230
367.617,172.361,154.030,152.467
372.310,174.668,153.350,152.775
377.589,178.884,152.161,153.834
380.725,184.492,151.857,154.066
381.048,190.957,152.603,153.426
354.232,141.949,153.016,151.738
354.373,136.299,153.454,149.037
356.609,149.487,152.161,147.792
361.730,143.816,150.946,146.957
383.277,159.436,150.990,145.774
382.189,179.284,151.559,145.369
381.841,180.276,152.714,144.666
382.725,184.350,153.249,144.015
382.549,189.157,153.541,143.232
382.115,193.170,154.841,141.805
381.418,197.041,155.823,140.537
381.767,201.258,156.715,139.219
385.745,205.413,157.334,137.886
386.031,209.896,157.602,136.471
382.973,211.482,157.422,135.301
382.714,213.736,157.009,133.909
382.006,217.469,156.705,132.481
381.602,221.057,156.393,130.984
381.558,223.984,156.231,129.205
383.429,226.468,155.603,127.363
382.077,227.776,155.097,125.892
383.212,213.446,154.687,126.643
382.752,217.036,154.304,126.654
379.523,219.684,153.987,126.163
377.733,224.382,153.931,124.852
377.594,229.148,153.650,123.276
378.641,215.011,152.009,124.855
380.296,220.805,151.421,124.601
376.745,225.660,151.677,123.359
378.937,211.952,151.024,124.019
381.030,216.963,150.198,124.652
381.419,222.776,150.448,123.295
378.923,227.508,150.601,121.967
380.821,213.634,149.353,122.969
381.994,219.024,149.174,123.144
382.865,226.071,149.764,121.803
384.535,232.945,149.944,120.211
382.973,238.233,155.424,113.736
381.459,239.674,153.516,113.733
380.520,243.406,157.843,108.267
379.990,246.272,160.595,104.121
379.135,248.610,162.828,100.662
378.348,250.055,164.786,97.831
378.012,251.988,166.089,95.547
375.325,253.179,166.350,93.966
374.424,254.419,166.224,92.561
373.882,255.165,166.300,90.910
374.530,255.932,165.714,89.789
374.800,257.203,164.778,88.897
376.717,258.307,164.113,87.994
374.742,258.626,163.399,87.185
374.237,259.237,162.220,86.649
376.071,259.637,161.676,85.836
377.621,260.190,160.821,85.293
377.617,259.995,160.236,84.806
378.634,260.164,159.818,84.229
378.850,260.306,159.325,83.821
378.610,260.330,158.979,83.398
377.956,259.978,158.485,83.071
378.554,259.854,157.852,82.803
379.260,259.294,157.145,82.512
380.503,259.403,156.536,82.228
377.657,259.624,156.346,81.704
379.768,259.807,155.937,81.495
377.596,259.263,155.507,81.235
377.648,258.566,154.081,81.697
378.093,257.166,153.116,82.008
380.837,255.864,152.364,82.275
379.345,254.869,151.367,82.534
380.562,255.229,150.106,82.866
381.465,255.901,149.441,83.018
381.921,256.394,149.267,82.729
380.436,257.339,149.248,82.226
381.395,259.888,149.306,81.551
379.757,261.397,149.237,81.191
379.847,262.766,149.400,81.025
379.871,263.027,149.091,80.764
378.662,262.915,148.291,80.632
377.331,263.156,147.736,80.364
377.870,264.052,147.687,80.011
373.659,265.367,147.103,80.341
373.460,265.950,146.381,80.104
372.892,266.696,145.854,79.124
373.839,266.366,145.113,78.457
377.650,267.066,144.094,77.475
373.798,268.981,142.947,77.349
370.355,269.481,142.651,76.452
367.268,270.653,142.477,75.614
356.086,257.794,140.987,75.320
348.549,257.383,139.319,74.890
338.257,240.841,132.010,80.308
337.900,224.251,125.115,85.444
338.009,222.640,120.104,88.933
337.875,220.482,116.454,91.160
324.673,209.395,114.367,93.112
323.004,208.865,112.242,94.602
321.622,207.987,110.560,95.659
319.825,207.431,109.169,96.348
316.844,207.957,108.595,96.787
314.484,210.178,108.598,96.339
311.252,210.940,108.942,95.696
307.876,212.911,109.388,94.908
305.641,213.295,109.340,94.384
303.652,212.738,109.163,94.137
301.310,212.814,109.228,93.658
299.426,212.980,109.018,93.500
298.016,213.124,109.013,92.927
296.481,213.631,109.520,91.905
294.317,203.493,109.546,92.189
285.271,192.826,107.118,93.759
286.726,193.565,106.172,93.741
286.970,194.712,105.998,93.196
286.999,194.801,106.009,92.381
286.083,185.757,105.357,92.637
284.679,187.379,105.679,91.921
282.376,187.816,106.047,91.001
279.465,187.344,106.428,90.229
270.611,187.970,105.073,90.757
272.371,187.611,104.203,91.021
273.508,188.500,103.974,90.942
272.709,189.174,104.018,90.709
271.791,190.665,103.801,90.660
271.146,190.796,103.350,90.781
271.056,191.113,102.859,91.170
270.920,191.728,102.275,91.612
270.277,191.846,101.512,92.315
269.096,192.538,101.498,92.731
268.437,193.315,101.225,93.153
268.606,193.400,100.453,94.388
269.907,194.061,99.714,95.584
270.537,194.454,99.215,96.671
271.842,195.204,98.898,97.546
272.234,196.628,99.236,97.853
272.552,198.520,99.559,97.981
273.075,199.835,100.360,97.780
272.258,201.721,101.384,97.414
271.917,202.545,102.248,97.012
271.351,202.998,102.854,96.788
270.535,203.138,103.215,96.575
269.182,203.113,103.602,96.332
268.748,203.582,103.630,96.237
268.315,203.869,103.373,96.459
269.285,203.186,103.316,96.517
269.480,202.874,103.445,96.529
269.623,202.717,103.463,96.838
270.174,202.283,103.498,96.873
271.314,201.832,103.856,96.369
271.697,201.588,104.311,95.964
272.112,201.127,105.023,95.270
273.331,202.025,105.457,94.498
276.181,202.414,105.844,93.739
277.633,202.726,106.608,92.765
277.575,202.267,107.102,91.613
277.860,201.087,107.403,90.463
277.283,189.577,106.994,89.871
277.013,189.526,106.452,89.295
277.041,190.184,105.974,88.687
276.600,190.165,105.727,87.914
276.082,188.922,105.478,87.088
275.746,186.709,104.811,86.766
276.829,185.479,104.543,86.184
277.886,183.081,104.508,85.464
278.848,180.635,104.821,84.434
287.234,168.587,106.299,84.006
287.861,157.183,106.563,84.740
287.564,156.986,107.229,84.819
293.732,161.795,112.754,80.141
289.245,163.316,117.103,76.382
285.796,163.780,120.401,73.459
283.409,163.587,122.131,71.815
281.390,151.672,122.968,70.728
278.011,151.822,123.450,69.827
275.453,150.674,123.149,69.167
267.856,123.144,116.333,75.535
269.849,120.057,111.990,79.679
262.439,106.691,108.048,83.988
265.414,105.824,106.841,85.613
256.204,105.133,105.672,86.804
258.326,103.223,104.843,87.674
271.361,89.010,103.219,89.692
272.450,77.561,101.822,91.512
270.745,75.493,100.716,92.467
268.092,73.475,99.870,93.041
268.313,70.002,98.814,93.760
266.645,66.846,98.717,93.601
263.887,64.899,99.393,93.214
262.179,64.661,99.529,93.402
260.297,64.205,99.490,93.623
258.720,65.035,99.769,93.694
258.072,65.381,99.659,93.778
256.618,66.883,99.532,94.289
255.929,67.490,99.898,94.241
257.306,69.085,100.083,94.064
256.545,70.525,100.452,93.872
255.355,72.175,100.828,93.853
254.049,80.605,99.806,94.351
255.327,78.886,99.330,94.715
258.855,79.141,99.367,94.578
258.990,80.145,99.551,94.479
259.865,80.969,99.542,94.461
260.086,81.242,99.857,94.592
260.871,81.919,99.720,94.932
263.161,82.372,99.517,95.244
263.413,82.713,98.939,95.686
264.524,83.066,98.373,95.992
264.622,82.038,97.976,96.032
265.032,81.124,97.644,96.119
264.822,79.275,97.223,96.454
263.922,78.732,97.131,96.401
262.460,78.818,96.856,96.278
261.770,78.303,96.836,96.296
262.205,78.311,96.697,96.287
262.729,77.532,96.812,96.078
263.608,77.482,96.749,96.107
265.263,76.584,96.783,95.914
266.802,75.686,96.798,95.728
267.911,75.169,97.105,95.563
268.274,74.891,97.263,95.497
268.620,74.664,97.455,95.656
269.383,74.690,97.741,95.883
271.262,75.197,97.836,96.441
270.505,74.546,98.084,96.792
270.118,74.872,98.088,97.451
258.565,85.189,99.052,96.692
247.435,85.506,100.153,95.647
250.999,85.267,100.108,95.576
252.877,96.793,100.763,94.566
255.559,95.578,100.969,93.944
258.050,96.380,100.688,93.833
259.559,97.604,100.682,94.097
259.335,108.920,101.482,93.807
260.924,108.174,101.753,93.946
262.484,107.514,101.894,94.272
262.342,108.100,101.994,94.633
262.998,108.677,101.870,95.111
263.859,120.803,102.477,94.972
264.124,121.145,102.763,95.300
265.493,120.821,102.837,95.793
266.733,122.605,103.157,95.996
268.067,136.416,104.427,95.304
270.129,139.556,105.765,94.589
272.000,141.879,106.407,94.875
272.336,144.160,107.002,95.501
261.910,158.573,107.872,95.143
262.616,160.467,109.091,94.781
264.244,164.203,109.739,94.614
266.013,168.637,110.573,95.029
266.168,172.510,111.180,95.311
266.674,175.448,111.170,95.975
265.832,175.543,111.107,96.482
264.375,174.845,111.016,97.626
263.682,175.983,110.958,98.731
264.186,176.063,110.633,100.175
262.499,190.825,111.114,100.910
260.594,193.209,110.472,102.717
258.366,196.172,110.484,103.887
256.552,197.909,110.222,105.051
255.307,212.975,111.827,104.310
255.322,228.694,114.469,102.796
246.136,229.360,114.961,102.951
246.792,244.484,117.432,101.509
245.513,263.784,124.689,95.042
241.520,278.701,130.643,89.246
234.526,280.819,135.081,85.486
227.966,283.522,138.443,83.132
217.725,286.921,140.953,81.521
214.553,299.831,143.991,79.324
209.126,301.265,145.896,78.249
200.018,301.590,146.550,78.048
201.304,301.929,146.968,78.094
197.765,302.839,147.447,78.029
195.516,303.711,147.986,77.904
195.864,303.602,148.062,77.903
196.440,303.678,148.214,78.018
198.448,303.058,148.109,78.225
201.004,302.323,148.534,78.047
204.735,301.843,148.973,77.949
209.734,301.078,149.528,77.586
213.383,299.229,150.402,76.887
225.837,296.996,151.832,76.158
230.824,293.503,152.276,75.892
248.657,290.539,153.149,75.294
251.821,273.579,152.287,75.805
255.692,255.087,144.818,82.315
268.303,252.655,141.872,85.106
279.538,262.482,142.627,84.332
307.678,261.695,143.249,83.270
337.712,260.742,143.942,81.209
343.880,255.659,138.474,84.675
352.812,251.012,133.139,87.867
357.571,234.918,128.588,90.358
362.572,234.930,125.420,91.922
376.404,240.606,124.308,92.644
377.935,244.936,123.581,93.024
383.300,248.788,123.669,93.145
384.512,250.458,123.899,93.347
386.460,250.471,123.642,93.701
385.886,251.062,123.538,94.211
385.474,253.026,123.790,94.332
385.937,255.031,123.683,94.324
387.741,259.210,129.594,89.268
384.684,262.656,133.634,85.549
384.035,264.728,136.165,83.282
383.299,266.943,138.387,81.338
382.285,268.078,140.032,79.736
381.714,268.885,141.439,78.572
381.018,268.819,142.470,77.527
382.021,269.543,143.410,76.623
382.725,269.281,143.345,76.168
384.540,269.682,143.328,75.596
388.798,269.854,142.986,75.264
393.572,266.802,136.305,80.152
399.251,264.779,130.400,84.103
402.917,263.046,125.652,87.430
404.224,262.733,122.417,89.353
406.676,262.752,119.581,90.593
406.537,259.535,116.676,91.767
407.951,259.771,114.515,92.377
407.391,261.377,113.730,92.230
408.786,262.453,113.107,91.933
409.346,263.463,112.388,91.461
408.597,262.246,111.916,91.109
406.265,263.659,112.193,90.775
396.100,264.186,112.620,90.118
397.394,264.334,112.606,89.973
387.920,267.257,118.894,84.999
388.048,269.597,123.548,81.299
387.282,271.285,126.953,78.759
382.421,272.169,128.978,76.997
384.605,273.053,131.232,75.271
380.232,273.813,132.580,74.307
383.579,274.456,133.677,73.504
380.465,274.652,134.412,73.086
382.264,274.924,135.218,72.727
385.008,274.931,135.733,72.458
379.946,274.823,135.923,72.351
381.923,274.906,136.324,72.377
379.829,275.233,136.368,72.470
381.642,274.841,136.595,72.449
379.447,275.260,136.762,72.445
381.109,274.955,137.118,72.368
382.593,274.934,137.573,72.308
377.133,274.620,136.969,72.611
381.315,274.558,137.163,72.426
379.758,274.800,137.462,72.467
381.401,274.874,137.759,72.444
381.561,274.468,137.985,72.461
378.830,275.125,137.917,72.551
381.332,274.839,138.070,72.635
381.753,274.658,138.389,72.595
377.628,274.603,137.803,73.062
381.671,274.381,137.849,72.856
377.135,274.327,137.507,73.170
381.401,273.997,137.754,72.912
382.838,274.369,137.698,72.910
376.497,273.781,137.086,73.102
379.417,273.524,137.057,72.945
381.587,274.025,137.145,72.833
382.578,274.201,137.626,72.565
376.379,274.007,137.191,72.773
378.980,274.005,137.312,72.690
381.637,274.316,137.901,72.442
381.589,274.743,137.965,72.398
378.934,274.793,137.943,72.638
380.597,274.966,138.178,72.832
381.296,274.621,138.463,72.836
381.685,274.582,138.425,73.032
377.635,274.678,138.088,73.371
381.970,274.412,138.300,73.008
375.755,274.186,137.977,73.126
378.093,273.676,138.095,73.058
379.756,273.826,138.513,72.957
382.383,273.291,138.292,73.081
386.102,273.248,137.805,73.178
386.606,272.958,137.181,73.344
385.435,272.839,136.984,73.387
384.179,273.829,136.655,73.603
386.332,274.425,136.767,73.487
392.916,269.159,131.007,77.871
398.014,266.381,126.461,81.367
399.072,266.306,123.432,83.942
390.841,264.216,121.273,85.677
392.477,266.064,125.073,82.784
388.587,267.004,127.699,80.845
387.280,267.869,130.061,79.279
385.226,268.405,131.927,77.985
384.789,269.963,133.524,77.108
383.286,270.018,134.804,76.197
383.159,270.782,136.082,75.532
383.829,271.026,137.241,74.796
383.656,271.870,137.971,74.129
384.475,272.490,138.471,73.702
384.554,272.936,138.923,73.020
384.936,273.487,139.066,72.606
386.868,274.865,138.967,72.029
388.984,274.763,138.505,71.575
382.417,274.951,138.721,71.139
377.567,274.780,138.348,71.143
383.835,275.870,138.194,70.679
377.442,275.468,137.091,70.770
379.710,275.325,136.492,70.505
370.927,274.352,135.509,70.394
372.987,269.420,128.889,75.189
363.049,253.409,123.432,78.966
363.910,251.558,119.116,81.404
364.342,249.092,115.739,82.932
364.895,247.663,113.508,83.613
362.937,245.045,110.859,84.797
360.936,244.743,108.471,85.850
359.767,243.140,105.996,87.043
345.307,229.580,103.807,87.855
343.431,228.493,101.521,88.874
328.426,216.407,100.841,88.924
325.355,216.396,99.913,89.080
320.212,209.307,99.426,89.519
319.652,211.107,99.076,89.191
317.270,213.215,98.804,88.771
316.055,205.535,98.597,88.744
313.863,207.177,98.105,88.597
313.702,209.502,97.755,88.280
314.641,211.963,97.189,88.005
324.901,212.143,96.948,87.840
332.036,210.171,96.403,88.381
341.510,210.601,96.601,88.164
348.637,219.981,96.283,88.325
345.432,230.095,94.403,89.168
345.929,230.252,92.547,90.105
349.936,217.463,87.378,94.983
362.280,215.697,84.076,98.691
376.866,223.295,80.134,102.967
389.988,222.565,76.616,106.790
392.108,220.218,73.760,109.293
394.243,217.626,71.546,111.332
395.270,219.185,70.482,112.481
395.714,221.869,73.345,110.473
396.077,225.316,76.183,108.709
397.879,229.646,79.227,106.505
387.973,233.163,82.850,103.471
388.686,232.828,86.052,100.920
389.416,231.130,88.629,99.076
380.140,231.600,90.204,97.584
381.855,228.906,91.368,96.656
383.708,226.785,92.701,95.894
376.356,225.918,92.723,96.019
379.902,224.444,93.009,96.267
405.757,251.924,94.151,95.925
407.188,252.357,94.868,95.116
408.545,241.759,94.401,95.174
398.970,242.177,94.152,95.264
423.424,270.387,99.605,88.846
422.575,270.839,100.519,86.826
422.983,274.964,104.514,81.930
421.807,278.031,108.005,77.431
421.009,279.874,110.589,73.735
419.705,280.732,112.542,70.856
418.562,282.183,113.635,68.780
418.198,282.604,114.087,67.139
416.515,283.322,114.180,65.873
416.744,284.627,114.217,64.590
416.067,285.319,113.998,63.612
416.113,285.763,113.657,62.849
416.895,286.351,113.464,62.233
416.165,286.723,113.300,61.586
416.988,286.655,112.875,61.129
416.538,286.959,112.519,60.668
416.148,287.362,111.917,60.443
415.639,287.701,111.101,60.237
416.276,287.889,110.407,59.970
416.926,288.021,109.766,59.703
416.774,287.769,109.188,59.436
416.300,288.215,108.494,59.327
416.744,288.119,107.960,59.206
415.844,287.789,107.285,59.082
417.120,288.007,106.876,58.877
417.479,287.809,106.113,58.819
417.722,288.015,105.577,58.753
417.275,288.257,105.117,58.732
416.442,288.694,105.022,58.437
416.355,288.714,105.201,58.099
416.047,288.317,105.140,57.909
416.325,288.250,104.953,57.832
415.554,288.715,105.025,57.634
415.204,288.595,104.531,57.743
413.499,289.271,104.106,57.756
419.655,289.540,104.126,57.583
416.143,289.444,104.284,57.432
415.468,289.750,104.181,57.298
415.034,290.377,104.051,57.104
413.669,290.746,103.737,56.911
412.852,290.760,103.360,56.919
413.027,291.031,102.916,56.862
416.256,288.859,98.650,60.210
414.710,289.517,99.744,59.016
413.889,289.921,100.511,58.106
416.287,288.228,97.426,60.930
415.563,288.464,98.810,59.625
424.839,285.346,96.106,61.941
424.019,284.376,93.811,63.712
419.988,286.686,96.014,61.666
417.860,288.193,97.482,60.198
421.943,289.270,98.714,59.090
417.437,289.529,99.386,58.526
415.309,290.174,100.041,57.838
413.884,290.300,100.601,57.290
416.605,288.226,96.931,60.469
417.858,286.586,94.529,62.616
419.122,284.618,92.488,64.498
420.909,283.797,90.869,65.973
420.517,282.332,89.502,67.140
420.662,281.463,88.642,68.126
420.452,281.232,88.152,68.941
420.470,281.170,87.549,69.628
420.635,280.794,87.232,70.137
421.586,280.307,87.134,70.503
421.798,280.113,87.112,70.664
420.811,280.039,87.369,70.794
421.025,280.164,87.223,71.029
422.266,280.693,87.128,71.110
422.622,281.829,87.189,70.885
422.512,282.823,87.594,70.320
419.162,285.412,90.814,67.364
417.589,285.410,90.123,67.815
416.249,285.400,89.761,68.120
405.307,276.112,90.254,68.850
385.139,268.275,96.073,64.496
375.693,268.808,99.563,61.150
372.598,271.007,101.822,58.776
369.456,272.709,102.939,57.048
358.764,272.106,99.478,59.557
357.743,269.541,96.002,62.026
358.541,259.683,92.679,64.323
360.990,267.252,91.320,65.287
385.817,278.400,94.281,63.036
387.803,277.470,91.752,65.288
378.952,274.576,89.740,66.490
381.684,276.189,93.320,63.635
382.361,278.317,96.832,61.211
384.617,279.817,99.682,59.478
378.107,280.399,100.813,58.518
380.104,281.542,102.368,57.616
384.196,282.500,103.985,57.089
379.303,282.196,104.985,56.506
383.275,282.368,105.667,56.647
385.341,283.229,107.274,56.429
380.873,283.405,107.865,56.322
394.468,282.662,103.395,60.456
408.556,282.319,99.708,63.866
412.133,282.916,97.033,66.458
415.707,282.741,95.220,68.086
419.483,281.498,93.240,69.736
421.797,281.646,92.605,70.046
423.302,280.342,91.895,70.406
425.478,278.706,90.979,70.947
425.549,277.275,90.202,71.428
425.844,276.205,89.788,71.942
425.458,275.639,89.273,72.495
426.012,275.687,89.019,72.889
425.516,275.229,88.682,73.225
425.846,275.734,88.898,73.012
423.215,276.919,89.167,72.706
423.336,278.416,89.289,72.666
421.502,278.876,89.541,72.639
419.783,278.354,89.659,72.518
419.435,278.940,89.442,72.727
418.918,278.877,89.453,72.930
420.107,279.117,89.311,73.100
419.708,279.346,89.454,73.056
419.806,278.989,89.446,73.087
419.971,279.011,89.446,73.083
419.701,279.381,89.693,73.030
419.887,279.601,89.681,72.968
419.723,279.919,89.677,73.062
419.143,279.360,89.513,73.279
419.568,279.293,89.616,73.310
419.639,278.955,89.675,73.238
419.706,279.067,89.618,73.390
419.839,279.399,89.636,73.452
419.456,278.760,89.454,73.552
420.042,278.689,89.268,73.699
420.617,278.801,89.250,73.692
419.661,279.200,89.385,73.620
419.723,278.579,89.330,73.550
420.318,278.511,89.277,73.645
420.450,278.951,89.500,73.519
419.379,279.365,89.504,73.486
418.891,278.831,89.324,73.596
419.785,279.050,89.284,73.658
419.990,278.942,89.251,73.659
420.378,279.073,89.225,73.683
420.242,279.656,89.406,73.478
419.679,279.363,89.236,73.623
419.273,279.249,89.349,73.498
419.597,279.095,89.368,73.475
419.253,278.857,89.349,73.437
419.643,279.029,89.303,73.588
419.880,279.280,89.317,73.693
419.570,278.987,89.154,73.782
420.054,279.171,89.311,73.785
420.035,278.469,89.099,73.855
420.076,278.352,89.216,73.798
420.455,278.253,89.233,73.768
419.276,278.718,89.591,73.529
419.629,278.866,89.647,73.516
419.865,279.260,89.794,73.427
419.700,278.877,89.864,73.443
419.537,278.939,89.760,73.510
419.661,278.970,89.659,73.579
420.034,278.878,89.522,73.547
420.325,278.753,89.517,73.575
419.329,279.163,89.617,73.503
419.399,279.134,89.557,73.546
419.727,278.964,89.579,73.582
419.823,278.840,89.728,73.596
419.731,278.811,89.867,73.468
420.082,278.794,89.885,73.407
419.838,278.973,89.949,73.405
419.583,279.209,90.024,73.332
419.470,278.672,90.223,73.247
418.987,278.849,90.070,73.440
419.186,278.436,90.126,73.423
419.284,278.500,90.105,73.517
419.294,278.452,90.033,73.656
419.712,278.387,89.773,73.822
419.722,278.677,89.581,73.821
419.882,279.038,89.605,73.725
420.274,278.747,89.733,73.672
419.738,278.976,89.746,73.656
419.310,278.509,89.747,73.697
419.416,278.714,89.818,73.794
419.347,277.824,89.509,73.934
