336.000,165.000,26.000,61.000
334.922,166.534,26.701,59.770
334.370,167.362,27.136,59.241
329.524,169.119,27.370,59.096
325.202,170.196,27.521,59.246
336.532,159.162,27.601,59.237
336.940,159.291,27.823,59.137
335.941,152.003,28.093,58.635
329.551,148.806,29.844,56.307
324.599,165.748,29.679,56.604
330.403,174.992,28.421,57.603
330.723,179.917,27.040,58.586
331.180,178.724,25.767,60.411
326.048,176.736,25.045,61.292
325.791,170.924,24.497,62.100
325.676,168.716,24.201,63.297
331.499,152.788,24.033,63.365
326.488,149.080,25.045,62.029
326.352,146.145,27.251,59.483
308.757,140.215,28.817,57.443
302.997,139.643,30.269,55.472
291.667,142.830,30.263,55.425
285.420,137.555,31.978,53.329
280.728,141.500,31.246,53.976
281.802,140.616,30.628,54.573
274.937,129.123,31.500,53.280
264.067,128.383,32.422,51.985
257.959,127.571,33.363,50.725
247.139,121.046,33.818,49.900
241.904,119.916,34.209,49.126
236.592,119.086,34.922,47.935
231.336,118.148,35.214,47.318
221.542,116.723,35.418,46.638
216.514,114.339,35.472,46.277
211.751,112.902,35.614,45.537
205.970,111.332,35.700,45.075
196.017,109.582,35.622,44.777
186.547,103.832,35.871,44.013
182.244,103.034,36.042,43.245
173.212,101.854,36.006,42.640
168.145,100.488,35.924,42.256
159.758,98.392,35.579,42.056
150.800,93.250,35.760,41.197
145.026,92.582,35.524,40.850
136.331,91.341,35.399,40.605
127.497,89.972,35.131,40.381
118.858,88.188,34.962,40.048
113.557,86.960,34.734,39.792
104.871,85.615,34.521,39.610
96.022,83.464,34.336,39.541
87.500,78.639,34.325,38.969
73.190,73.819,34.188,38.597
64.737,72.748,34.163,37.988
61.172,71.997,34.156,37.370
53.293,70.572,33.974,36.845
43.757,68.563,33.519,36.849
34.373,67.010,33.303,36.794
30.082,64.917,32.916,36.882
21.511,63.189,32.726,36.709
7.415,58.106,32.352,36.635
0.697,60.099,30.432,38.723
-1.689,58.268,28.666,40.848
3.888,56.036,28.049,41.528
5.287,51.291,27.856,41.654
1.357,46.801,27.128,42.325
2.297,45.371,26.866,42.580
4.086,44.895,26.466,43.087
0.838,48.022,25.944,43.764
1.045,45.579,25.879,43.842
1.662,43.579,25.844,43.886
3.630,41.664,25.683,44.084
4.814,40.170,24.869,45.021
0.860,38.079,24.601,45.362
1.423,35.552,24.528,45.453
11.368,30.253,23.754,46.450
3.750,24.502,22.927,47.550
4.021,22.275,22.485,48.181
0.062,16.796,22.294,48.466
6.222,16.423,22.146,48.686
6.345,11.107,21.690,49.300
6.828,5.356,21.417,49.645
2.670,3.804,21.339,49.752
-1.274,0.052,21.131,50.030
-0.620,-0.926,21.000,50.190
-0.301,-1.130,20.677,50.529
0.171,-1.734,20.474,50.728
-3.267,-1.013,20.079,51.330
2.213,-0.211,19.974,51.456
3.095,-1.456,19.932,51.459
-0.787,-1.771,19.877,51.503
-0.505,-3.113,19.845,51.525
0.151,-4.045,19.804,51.542
0.463,-4.520,19.778,51.548
0.594,-4.063,19.751,51.552
7.834,-3.918,22.106,48.596
3.608,-2.951,22.163,48.195
-0.677,-0.853,21.933,48.471
-4.429,0.457,21.602,48.942
-3.710,1.328,21.308,49.365
-2.825,0.956,20.981,49.905
-1.889,0.710,20.848,50.102
-1.354,0.322,20.714,50.268
-0.852,-0.586,20.640,50.350
-0.517,-0.393,20.507,50.475
-0.047,-0.254,20.381,50.640
0.166,0.457,20.236,50.849
-3.359,-0.086,19.998,51.267
-2.531,-0.318,19.775,51.610
-1.506,-0.197,19.658,51.772
-0.400,-0.851,19.575,51.889
0.102,-0.938,19.510,51.962
0.535,-1.432,19.427,52.056
0.754,-0.416,19.342,52.160
-2.819,-0.913,19.141,52.532
-1.936,-0.336,19.028,52.700
-0.928,-0.188,18.949,52.821
-0.505,0.107,18.882,52.915
0.039,-0.269,18.820,53.015
0.489,0.069,18.755,53.109
0.872,-0.249,18.694,53.210
1.214,-0.060,18.628,53.311
-2.414,-1.190,18.536,53.485
-1.594,-0.927,18.460,53.611
-0.630,-1.101,18.391,53.713
-0.076,-0.981,18.316,53.826
0.320,-0.785,18.267,53.895
0.729,-0.653,18.204,53.977
1.041,-0.726,18.154,54.067
1.371,-0.808,18.104,54.155
-2.267,-1.431,18.026,54.313
-1.597,-1.315,17.923,54.505
-0.612,-1.478,17.865,54.591
-0.093,-0.920,17.809,54.677
0.432,-1.108,17.754,54.773
0.888,-1.324,17.712,54.840
1.342,-1.541,17.671,54.903
-2.327,-1.611,17.590,55.058
-1.663,-1.466,17.490,55.246
-0.663,-1.856,17.444,55.325
-0.110,-1.529,17.401,55.384
0.447,-1.740,17.349,55.474
0.881,-1.225,17.317,55.528
1.307,-1.307,17.280,55.585
1.676,-1.305,17.247,55.642
-1.921,-1.958,17.178,55.787
-1.186,-1.915,17.095,55.975
-0.220,-1.712,17.060,56.037
0.295,-1.744,17.021,56.106
0.679,-1.724,16.995,56.150
1.065,-1.657,16.969,56.193
1.468,-1.616,16.941,56.234
1.827,-1.437,16.916,56.276
-1.780,-2.003,16.855,56.406
-1.019,-1.846,16.785,56.568
-0.219,-2.152,16.739,56.655
0.686,-1.790,16.713,56.699
1.044,-1.879,16.692,56.730
1.490,-2.471,16.676,56.747
2.044,-2.770,16.667,56.750
2.564,-3.096,16.660,56.756
-1.335,-2.447,16.594,56.887
-0.502,-2.266,16.561,56.954
0.445,-1.944,16.537,56.996
0.814,-2.172,16.522,57.028
1.160,-1.715,16.509,57.051
1.552,-1.908,16.495,57.082
1.949,-2.019,16.481,57.111
2.324,-2.119,16.468,57.141
-1.457,-2.014,16.407,57.283
-0.642,-2.391,16.374,57.357
0.249,-2.072,16.348,57.406
0.823,-2.200,16.327,57.452
1.180,-1.950,16.317,57.486
1.566,-2.080,16.304,57.514
1.947,-2.138,16.293,57.538
2.305,-1.815,16.284,57.566
2.896,-2.104,16.278,57.579
-0.922,-2.384,16.225,57.733
-0.116,-2.483,16.198,57.810
0.825,-2.373,16.181,57.852
1.153,-2.095,16.173,57.879
1.644,-2.120,16.163,57.892
2.182,-1.650,16.157,57.905
2.809,-2.108,16.153,57.922
-0.922,-2.721,16.102,58.048
0.002,-2.863,16.085,58.093
0.973,-2.782,16.069,58.131
1.378,-2.599,16.063,58.151
1.902,-2.444,16.059,58.160
2.420,-2.211,16.055,58.169
2.985,-2.156,16.052,58.183
-0.798,-2.275,16.000,58.342
0.091,-2.340,15.984,58.387
0.715,-2.212,15.973,58.423
1.382,-2.193,15.961,58.481
1.929,-2.018,15.960,58.503
2.259,-2.082,15.955,58.522
2.855,-2.360,15.951,58.540
3.440,-2.329,15.950,58.558
-0.313,-2.616,15.930,58.632
0.495,-2.558,15.917,58.667
1.121,-2.714,15.910,58.709
1.520,-2.625,15.907,58.721
1.992,-2.741,15.907,58.745
2.160,-2.512,15.907,58.752
2.386,-2.445,15.908,58.769
2.885,-2.789,15.910,58.784
-1.024,-3.148,15.865,58.919
-0.381,-2.995,15.848,58.972
0.374,-3.049,15.835,58.995
1.228,-3.117,15.820,59.019
1.540,-2.750,15.821,59.022
2.011,-2.774,15.824,59.026
2.305,-2.930,15.825,59.036
2.630,-3.057,15.827,59.046
-1.378,-2.955,15.793,59.163
-1.058,-5.535,15.779,59.198
-0.579,-4.033,15.773,59.206
0.076,-3.765,15.759,59.251
0.921,-3.402,15.752,59.267
1.269,-3.983,15.757,59.263
1.307,-4.259,15.760,59.257
1.277,-3.548,15.770,59.230
1.409,-2.574,15.792,59.195
1.678,-2.278,15.817,59.170
2.064,-2.045,15.821,59.170
2.455,-2.190,15.824,59.182
2.910,-2.045,15.825,59.189
-0.897,-4.110,15.810,59.253
4.175,-3.700,16.027,58.863
0.479,-3.227,16.023,58.880
1.256,-2.488,16.013,58.897
1.728,-2.741,16.020,58.893
7.498,-3.371,16.474,58.200
2.951,-2.429,16.500,58.163
-1.151,-4.720,16.454,58.247
-0.457,-2.881,16.431,58.268
0.846,-2.259,16.424,58.271
1.297,-3.026,16.465,58.288
1.617,-2.367,16.462,58.281
1.818,-2.487,16.456,58.294
2.013,-2.569,16.451,58.307
2.178,-2.751,16.445,58.319
2.299,-2.226,16.442,58.316
-1.337,-2.827,16.380,58.464
-0.636,-2.334,16.368,58.512
4.491,-1.303,16.466,58.320
0.562,-3.962,16.456,58.305
0.763,-2.665,16.450,58.296
1.146,-2.252,16.442,58.322
1.516,-2.518,16.428,58.354
1.911,-2.499,16.416,58.380
2.313,-2.440,16.404,58.403
2.820,-2.541,16.395,58.424
-1.157,-5.134,16.352,58.494
-0.446,-3.442,16.326,58.528
0.525,-2.871,16.304,58.562
0.919,-2.566,16.296,58.591
1.333,-2.732,16.284,58.622
1.861,-2.315,16.279,58.633
2.063,-3.028,16.275,58.647
2.667,-2.224,16.278,58.653
4.063,-3.218,16.393,58.546
0.441,-3.083,16.380,58.563
1.171,-2.798,16.363,58.588
1.887,-2.341,16.361,58.603
2.289,-2.753,16.369,58.605
-1.581,-3.031,16.336,58.753
-0.808,-3.514,16.315,58.952
-0.491,-3.288,16.322,58.946
-0.112,-4.817,16.323,58.970
0.584,-5.083,16.343,58.921
5.641,-4.910,16.581,58.591
14.673,-3.307,17.210,57.842
13.529,3.002,18.048,56.784
13.408,2.609,18.118,56.702
26.679,7.940,18.403,56.185
16.285,9.717,18.591,55.524
3.169,13.804,18.322,56.092
3.798,12.848,18.300,56.129
4.107,12.416,18.288,56.147
4.367,11.209,18.283,56.154
4.702,10.121,18.279,56.160
4.983,9.436,18.274,56.166
5.290,8.594,18.268,56.176
5.765,8.121,18.263,56.186
1.973,7.857,18.171,56.352
2.665,12.467,18.107,56.464
3.521,13.301,18.097,56.483
9.987,9.296,18.384,56.066
14.028,10.781,18.773,55.600
12.937,11.959,18.980,55.344
11.475,12.914,19.014,55.303
11.201,11.313,19.016,55.299
11.729,8.737,19.015,55.300
12.372,6.803,19.015,55.301
13.040,4.749,19.014,55.301
13.859,2.358,19.014,55.302
14.487,-0.517,19.013,55.303
14.969,-2.128,19.012,55.304
51.453,36.990,20.420,53.163
40.391,43.980,21.457,51.689
28.607,46.452,22.220,50.638
13.831,48.891,22.866,49.651
4.546,51.020,22.955,49.161
4.351,61.437,22.522,49.649
40.920,62.112,22.698,49.684
31.520,62.650,22.580,50.052
16.373,67.735,21.922,50.995
7.250,78.102,21.767,51.328
4.412,78.391,21.179,52.224
0.986,83.030,20.402,53.692
1.199,87.956,20.129,54.108
1.911,87.142,20.107,54.144
2.449,86.072,20.081,54.183
3.075,84.789,20.060,54.216
3.210,83.563,20.056,54.222
3.431,82.019,20.049,54.230
3.594,80.608,20.045,54.235
3.770,79.451,20.041,54.241
44.029,111.187,21.021,52.775
44.926,113.892,21.931,51.410
43.866,116.228,22.587,50.709
42.961,116.564,23.044,50.108
41.602,117.541,23.414,49.744
39.084,112.505,23.617,50.134
37.810,112.149,23.618,50.334
35.748,112.838,23.995,49.938
34.613,113.836,24.299,49.461
32.817,117.233,24.607,48.810
32.123,120.074,24.527,48.484
30.996,122.507,24.642,48.122
31.011,125.739,24.618,47.949
30.964,127.914,24.531,47.822
30.833,130.694,25.109,46.755
31.763,132.914,25.295,45.996
32.522,133.727,25.257,45.779
32.049,134.331,25.330,45.579
31.132,136.162,27.112,43.232
30.183,137.579,28.379,41.524
30.359,139.244,28.976,40.518
30.559,140.853,29.400,39.559
30.534,141.783,29.831,38.742
30.317,142.555,30.114,38.073
30.126,144.823,30.229,37.358
30.911,146.250,30.304,36.471
31.893,147.341,30.168,35.826
32.137,148.246,30.067,35.420
32.424,148.687,29.949,35.191
32.825,148.865,29.939,34.876
