288.000,143.000,35.000,42.000
291.508,143.504,34.431,42.695
292.679,140.476,34.083,43.246
295.531,141.851,33.900,43.538
296.235,139.924,33.701,43.984
297.702,138.513,33.723,44.237
297.577,139.325,33.507,44.629
298.111,139.824,33.382,44.918
299.417,137.992,33.445,44.975
298.235,141.580,33.260,45.177
301.102,140.566,33.217,45.296
300.870,139.872,33.192,45.556
299.848,141.940,33.202,45.712
298.823,140.054,33.227,46.099
296.532,141.224,33.237,46.151
298.254,140.293,33.131,46.215
299.612,140.769,33.289,46.118
297.785,143.378,33.342,46.213
298.219,140.495,33.448,46.301
297.700,143.096,33.362,46.470
297.297,145.511,33.392,46.463
298.026,143.227,33.378,46.642
296.743,145.558,33.402,46.516
296.577,145.299,33.427,46.526
295.252,145.676,33.346,46.520
293.551,146.844,33.284,46.478
293.888,146.594,33.268,46.555
293.589,146.345,33.190,46.727
293.715,147.596,33.137,46.673
292.037,149.930,33.114,46.642
291.885,147.966,32.992,46.936
292.236,150.756,32.903,46.772
292.849,148.088,33.111,46.793
293.125,149.316,32.956,46.499
293.599,147.229,33.003,46.667
293.614,145.712,32.994,46.611
293.749,147.668,32.981,46.392
294.337,145.699,32.990,46.352
295.550,147.263,32.832,46.100
295.137,145.775,32.760,46.271
295.559,145.111,32.747,46.169
295.849,146.319,32.761,46.021
295.465,146.931,32.665,46.106
295.080,145.238,32.670,46.246
296.030,148.049,32.775,45.805
295.592,144.977,32.850,46.171
295.430,145.982,32.916,46.033
293.773,146.636,32.949,45.977
291.738,148.810,33.006,46.043
292.370,147.330,33.030,45.944
291.611,149.753,32.929,46.047
291.920,148.078,32.942,46.371
290.400,149.999,32.944,46.364
291.406,148.431,33.078,46.494
290.902,150.666,32.957,46.502
290.364,152.394,32.995,46.567
291.284,152.290,32.858,46.655
289.618,153.330,32.888,46.672
290.448,153.831,32.886,46.546
291.172,153.706,32.851,46.671
291.489,152.184,32.923,46.827
291.340,153.600,32.897,46.852
290.583,154.649,32.911,46.938
291.694,153.982,32.803,47.026
292.470,151.270,32.921,46.942
293.438,152.975,32.943,46.929
294.237,150.801,32.956,46.865
294.443,153.122,32.953,46.971
295.379,151.571,33.067,46.992
296.628,154.683,33.008,46.994
298.679,153.355,33.124,47.166
299.499,153.552,33.149,47.438
303.498,155.287,32.933,47.409
305.432,156.203,32.784,47.644
309.713,158.377,32.689,47.463
312.446,161.651,32.480,47.282
315.765,166.349,32.289,46.795
316.483,173.124,31.831,46.478
318.143,179.124,31.594,46.045
319.220,185.875,31.245,45.510
320.203,192.272,31.053,45.038
318.682,196.630,31.093,44.873
317.340,200.516,31.119,44.773
315.850,201.285,31.460,44.981
312.552,203.586,31.999,45.031
307.444,202.825,32.674,44.908
302.096,200.806,33.337,45.178
298.427,197.666,33.597,46.036
294.787,192.102,34.078,46.905
290.129,181.979,34.596,47.349
286.872,171.133,34.789,47.784
283.760,159.391,35.109,47.979
283.436,151.350,35.568,47.501
283.240,143.175,35.708,47.218
283.237,134.921,35.730,47.223
284.794,129.946,35.714,47.593
285.828,127.477,35.570,48.192
287.707,129.200,35.238,48.488
289.913,129.129,35.289,48.748
291.871,135.112,35.266,48.693
293.744,141.664,35.169,48.389
295.189,148.698,35.326,47.752
297.587,159.467,35.518,47.123
299.200,171.459,35.932,46.405
300.204,183.919,36.088,45.752
300.904,192.583,36.185,45.413
301.422,199.077,35.604,45.661
298.389,199.073,35.377,45.875
294.884,196.748,35.348,46.447
288.224,191.115,35.289,47.700
279.438,183.399,34.412,49.404
274.753,171.376,35.371,49.560
267.236,164.382,36.059,49.512
257.828,161.080,36.174,49.988
250.861,160.538,37.724,49.694
244.711,159.987,39.139,49.585
240.965,160.906,39.579,49.982
237.170,162.454,39.494,50.808
237.319,165.874,39.147,51.650
237.435,170.080,38.717,52.571
239.826,173.317,38.047,53.613
243.066,174.535,37.565,54.307
247.531,171.691,37.583,54.085
251.686,168.486,38.212,53.303
260.284,159.548,38.287,52.677
271.443,151.120,38.634,51.953
280.778,146.369,39.160,51.719
289.623,142.964,39.307,51.598
296.004,141.247,39.478,51.389
302.179,141.065,39.336,51.784
309.145,143.320,39.354,51.869
315.527,145.552,39.293,52.131
320.164,150.181,39.081,52.522
323.897,157.067,39.276,52.102
325.354,165.948,39.798,51.513
327.097,179.076,39.774,51.405
327.494,186.060,39.611,51.410
327.407,189.378,39.313,51.939
324.308,190.345,39.175,52.154
320.855,188.086,38.983,52.295
316.456,184.009,38.988,52.475
311.674,178.699,38.979,52.925
307.120,172.019,39.250,53.133
302.377,160.168,39.397,53.457
297.485,152.877,39.507,53.483
292.762,146.163,39.458,53.704
287.961,140.256,39.342,53.938
283.136,136.069,39.178,53.799
279.051,137.840,38.915,53.361
277.211,141.480,38.628,52.933
274.524,147.079,38.392,52.520
272.784,153.327,38.187,52.196
272.414,161.043,38.185,51.524
271.463,167.057,37.787,51.120
270.387,168.423,37.328,50.872
267.816,167.659,36.742,50.624
265.996,166.823,36.265,50.273
265.288,165.224,36.144,50.048
263.153,161.321,35.832,49.888
260.373,157.865,35.653,49.649
257.058,154.083,35.664,49.463
256.279,152.595,35.295,49.454
256.980,151.384,34.960,49.399
259.453,152.300,34.874,48.895
262.730,155.483,34.401,48.496
263.382,156.763,34.222,48.080
264.091,163.014,34.196,47.450
265.041,168.917,33.992,47.021
265.963,175.668,33.858,46.552
267.564,182.168,33.650,45.967
267.840,188.165,33.403,45.674
268.965,188.471,32.874,45.813
268.876,184.770,32.567,45.792
267.783,178.908,32.320,45.664
267.930,172.367,32.367,45.322
269.849,166.598,32.556,45.046
272.766,163.534,32.736,45.333
275.118,160.219,32.930,45.607
279.728,159.155,33.106,46.020
285.935,158.693,33.364,45.670
291.871,159.886,33.505,45.282
299.037,163.239,34.170,43.997
306.474,167.718,34.791,43.218
310.765,170.718,34.688,43.667
314.312,173.411,34.628,44.432
315.642,170.388,34.540,45.793
314.979,169.114,34.559,46.745
311.404,168.796,34.793,47.344
306.818,170.048,35.143,47.635
302.357,174.076,35.418,47.429
299.773,179.770,35.612,47.051
297.214,186.074,35.911,46.449
294.916,193.460,36.415,45.815
290.849,200.430,37.204,45.024
284.249,205.458,37.702,44.126
275.754,207.410,38.536,44.104
269.539,203.879,38.437,46.114
266.313,198.453,38.906,47.655
265.299,186.118,38.572,49.342
267.135,178.716,38.349,50.172
270.215,172.547,38.232,50.806
276.580,169.197,38.436,50.488
284.590,167.726,38.856,49.946
292.912,170.308,39.375,49.177
299.815,175.634,40.060,48.232
308.666,182.795,40.256,47.820
312.820,193.453,40.041,48.138
315.548,198.413,39.612,48.860
314.529,201.384,39.207,49.873
310.743,203.557,39.556,50.364
306.097,199.956,39.505,50.836
300.405,197.643,39.661,51.033
291.676,188.772,39.333,51.306
281.159,183.986,39.501,51.603
273.043,179.341,39.360,52.125
266.510,179.860,39.939,51.531
262.155,181.818,39.582,51.579
260.222,185.328,39.147,51.805
260.048,186.580,38.398,52.267
262.576,186.142,37.807,51.771
267.005,186.099,37.341,51.791
270.145,181.243,37.871,51.694
277.182,175.671,38.317,52.005
281.246,174.316,38.408,52.120
283.359,173.713,38.324,51.669
284.772,176.152,38.067,50.907
285.008,177.777,37.655,50.143
285.657,181.369,37.256,49.446
286.603,183.914,36.988,49.218
286.868,183.624,36.695,49.269
284.220,182.189,36.597,49.077
279.532,177.206,36.060,49.096
275.163,171.556,35.220,49.631
270.587,160.821,35.138,49.432
266.012,155.178,35.056,49.147
260.587,150.872,34.915,49.064
256.124,148.416,34.537,48.957
252.566,150.525,34.106,48.268
249.782,152.849,33.871,47.512
246.791,156.005,33.678,46.719
243.551,160.492,33.746,46.259
240.913,165.834,34.226,45.530
239.638,171.854,34.541,44.805
241.102,172.534,34.487,44.448
243.217,172.613,34.559,44.223
245.941,169.318,34.431,44.138
250.747,162.804,34.093,43.870
254.267,157.461,33.417,44.289
259.809,153.982,33.368,43.953
265.297,151.703,33.518,43.287
271.522,150.572,33.764,42.604
277.680,149.254,33.814,42.131
283.169,149.010,33.360,42.171
286.213,148.433,32.960,42.170
287.179,151.434,32.607,42.095
285.359,152.980,32.107,41.747
282.085,153.303,31.420,41.583
276.595,151.755,30.957,41.445
270.375,146.882,30.631,41.734
266.028,142.144,30.632,41.855
260.324,132.783,30.572,42.109
253.723,127.752,30.511,42.250
243.354,125.326,30.638,42.396
231.329,128.145,30.954,41.580
214.786,136.368,31.645,40.537
194.914,147.381,31.413,40.015
182.040,158.335,31.781,39.570
170.786,172.114,31.811,39.297
165.343,187.019,31.669,39.081
165.516,193.567,31.402,38.800
167.581,202.573,31.030,38.911
169.059,206.813,30.462,39.101
170.621,201.850,30.392,39.229
172.687,197.120,30.240,39.740
173.501,191.570,30.280,40.057
177.041,186.562,30.167,40.120
182.746,182.493,30.524,39.698
188.171,178.541,31.093,39.999
193.375,178.238,31.392,40.606
197.891,182.245,31.915,40.394
201.743,187.148,32.577,39.799
203.117,192.997,32.970,39.578
204.109,198.480,33.096,39.561
206.547,203.343,33.205,39.546
211.952,207.977,33.810,38.739
212.983,213.668,33.798,38.627
209.538,218.873,33.772,38.490
204.136,223.056,33.889,38.307
201.417,221.606,33.308,40.045
202.666,216.327,33.056,41.605
204.817,210.385,33.117,42.274
203.336,206.177,33.068,43.074
204.280,205.261,33.217,43.575
206.529,206.309,33.457,43.627
206.629,209.638,33.382,44.056
204.403,213.812,33.456,44.099
204.272,218.808,33.393,44.263
204.513,221.298,33.393,44.477
204.034,219.821,33.282,44.977
202.987,215.677,33.254,45.175
202.061,209.021,33.471,45.113
203.091,202.587,33.622,44.988
203.369,195.853,33.630,45.236
203.595,191.993,33.369,45.704
202.088,190.507,33.241,45.666
199.879,191.361,33.303,45.645
199.634,192.407,33.238,45.511
200.551,194.759,33.220,45.346
199.694,199.853,33.050,45.241
199.622,204.237,33.072,45.106
200.074,207.512,33.097,44.985
199.868,206.258,32.974,45.423
201.540,202.133,32.620,46.167
202.861,197.848,32.443,46.560
202.729,194.326,32.533,46.757
203.581,191.415,32.745,46.720
202.974,194.085,32.736,46.834
201.879,194.190,32.729,46.809
202.155,197.187,32.644,46.495
202.948,201.349,32.600,46.040
203.728,206.232,32.589,45.414
203.529,212.209,32.772,44.493
201.240,218.620,32.951,43.681
199.499,223.552,32.608,43.360
200.224,221.080,32.061,43.722
202.961,216.993,31.905,43.602
202.287,210.228,31.579,43.630
199.971,203.132,31.403,43.491
197.466,196.426,31.232,43.487
194.852,190.798,31.247,43.432
187.615,186.303,30.986,43.376
181.784,185.523,30.786,43.221
181.524,183.985,30.486,43.003
181.518,184.973,30.199,42.674
177.364,189.928,30.557,41.854
172.509,196.857,30.977,41.212
170.711,203.372,30.988,40.712
171.000,209.308,30.765,40.717
170.910,214.029,30.699,40.755
171.857,214.046,30.803,40.888
174.060,211.266,31.026,40.874
175.550,207.882,31.196,41.155
175.884,206.497,31.333,41.532
177.764,205.926,31.469,41.725
182.135,207.271,31.849,41.050
188.555,209.290,32.442,40.003
193.574,214.056,32.332,39.658
198.891,217.763,32.457,38.945
210.459,222.686,32.568,38.501
222.407,227.292,32.751,38.065
231.556,230.340,32.264,38.032
242.574,226.277,32.115,37.900
254.906,218.670,31.253,38.501
261.976,208.517,30.949,39.141
269.045,199.429,30.703,39.671
277.977,194.710,30.776,39.746
286.965,190.453,30.804,39.849
294.490,188.937,31.463,39.249
299.590,189.341,31.567,39.569
297.689,192.978,31.531,39.936
295.549,198.835,31.870,39.836
292.884,206.964,32.122,39.906
287.309,216.511,32.080,39.711
280.989,225.414,32.038,39.522
270.885,229.155,32.388,39.720
256.358,230.470,32.570,39.498
241.454,231.806,32.763,39.194
222.724,233.322,32.989,39.211
209.176,237.376,33.348,38.668
199.081,241.086,33.578,38.750
193.959,243.076,33.297,39.349
188.316,243.657,33.510,39.710
177.840,243.551,33.703,39.523
166.889,241.062,33.848,39.834
159.218,235.049,33.328,40.976
159.162,222.637,31.773,43.466
164.147,209.746,30.566,45.319
172.587,198.947,31.825,44.487
183.204,194.252,33.054,44.092
190.101,195.618,33.996,43.077
199.470,200.261,34.460,42.104
212.348,209.249,34.359,42.068
224.224,219.633,34.169,41.780
236.330,231.099,34.483,40.900
251.021,244.559,34.468,40.307
265.881,251.048,34.382,40.169
277.615,255.227,34.526,39.941
289.613,254.615,34.835,39.684
304.987,250.882,34.655,39.958
320.060,244.041,34.243,40.269
333.622,239.871,33.791,40.844
348.839,236.261,33.743,40.859
360.513,233.331,33.734,40.734
370.997,231.241,33.295,40.866
375.907,231.402,33.133,40.922
374.893,231.355,32.575,41.452
371.472,234.336,32.364,41.432
361.779,235.876,32.790,40.875
347.801,242.266,33.281,40.362
329.304,250.012,33.754,39.857
307.956,255.997,33.558,39.930
289.390,259.148,33.706,40.129
271.423,257.823,33.590,40.362
256.667,252.707,34.075,40.176
240.123,244.435,34.018,40.431
225.221,239.860,34.433,40.214
211.407,235.860,34.507,40.267
201.602,229.001,34.281,40.942
198.432,223.047,33.942,41.530
196.479,217.616,33.576,42.116
198.953,216.363,33.288,42.152
202.243,216.919,33.151,41.822
208.603,217.116,33.116,40.889
214.695,219.717,32.919,40.410
221.465,220.391,32.959,39.623
235.412,218.146,32.382,39.649
249.328,214.495,32.032,39.665
261.021,208.920,32.183,39.252
268.395,204.591,31.891,39.596
276.451,199.461,31.769,40.227
288.148,192.806,32.299,39.864
295.313,191.016,32.427,39.918
300.972,191.610,32.548,40.175
308.132,194.672,32.566,40.289
315.195,199.738,33.044,39.692
321.238,208.678,33.218,39.525
327.791,218.382,33.540,38.894
334.687,227.952,33.668,38.374
340.627,236.757,33.995,37.734
344.786,239.616,33.952,38.015
348.377,238.413,33.807,38.980
353.988,234.115,33.886,39.693
356.161,227.360,33.671,41.298
354.564,221.315,33.352,42.729
352.591,216.100,33.389,44.045
349.952,210.952,33.602,44.805
343.751,208.880,34.008,45.232
336.453,208.934,34.729,45.358
328.087,212.118,35.476,44.860
318.041,217.943,36.310,44.090
305.176,227.865,36.570,44.393
295.544,238.297,36.962,44.371
283.273,243.943,36.766,45.012
269.157,243.630,37.087,45.111
257.893,238.530,37.256,46.093
246.587,232.125,37.743,47.000
235.965,225.554,38.087,48.266
226.325,219.301,38.562,49.452
214.556,213.118,39.402,50.327
205.471,211.599,40.547,50.804
197.182,209.870,41.613,51.589
189.242,208.230,42.631,52.449
184.631,206.071,42.395,53.415
181.193,207.332,42.481,53.791
184.598,201.941,42.775,53.525
188.903,196.597,42.910,53.025
197.004,187.709,42.859,52.817
209.116,177.427,42.354,52.966
223.852,169.809,42.460,52.226
238.509,167.798,42.816,52.016
252.601,169.745,43.282,51.670
265.599,176.357,43.390,51.579
273.573,182.622,43.423,51.441
281.508,187.109,43.150,51.376
287.584,192.772,42.699,51.270
290.639,200.435,42.055,51.515
292.006,203.088,41.240,52.495
290.576,200.222,40.667,53.034
288.306,195.764,40.211,53.856
285.437,187.368,39.842,54.719
283.746,178.100,40.213,54.379
281.874,167.646,41.164,53.565
276.865,163.677,41.610,53.910
270.688,164.454,42.139,54.151
266.474,169.120,42.135,54.314
266.155,171.979,41.831,54.302
266.785,178.568,41.497,53.986
270.721,184.141,41.319,53.208
274.500,191.625,40.927,52.578
277.689,201.663,40.057,52.287
278.506,210.002,39.506,51.875
280.018,212.587,38.715,51.452
281.016,208.896,38.063,51.671
284.302,203.921,37.895,51.574
288.110,191.709,37.685,51.160
291.451,177.908,37.834,50.351
291.979,167.787,37.819,49.762
290.850,158.463,37.775,49.497
289.259,150.590,37.630,49.062
289.309,141.875,37.453,48.700
288.931,134.368,37.112,48.749
283.011,137.344,36.873,48.784
277.832,135.422,36.781,48.570
271.153,137.124,36.606,48.133
265.184,138.793,36.566,48.046
257.995,142.064,36.186,48.872
253.343,146.665,36.261,48.553
249.667,149.890,36.265,48.174
244.779,155.044,36.423,47.714
237.620,161.567,36.182,47.282
230.808,168.088,36.105,46.664
224.284,178.724,35.877,46.392
219.584,187.145,35.956,45.820
217.430,193.871,35.793,45.262
215.028,199.348,35.633,45.019
214.279,200.018,35.470,45.249
216.498,197.578,35.772,45.265
222.026,192.285,36.112,45.514
228.727,179.197,36.967,45.602
237.523,161.875,36.365,46.390
239.562,148.761,35.894,47.071
238.820,139.958,36.046,47.085
237.789,130.918,36.338,47.006
238.503,123.883,36.245,47.122
237.613,122.922,36.066,47.106
238.019,125.293,35.555,47.076
235.043,129.710,35.326,46.557
231.105,137.356,34.988,45.980
230.110,147.872,34.586,45.515
231.297,157.823,34.312,44.994
232.656,168.797,34.154,44.171
234.979,180.061,34.021,43.370
236.877,187.320,33.984,42.547
238.567,192.368,33.436,42.490
236.942,190.938,32.969,42.711
230.410,189.573,32.843,42.771
223.528,183.955,32.263,43.363
220.594,177.009,32.037,43.639
216.633,172.129,32.206,43.725
207.924,170.167,31.942,43.883
201.857,171.600,31.920,43.530
200.652,175.242,31.540,43.247
199.465,176.849,31.603,43.402
198.849,181.496,31.500,43.306
198.001,186.112,31.373,43.649
197.393,190.197,31.222,44.161
198.565,194.085,31.118,44.300
199.562,195.737,30.748,44.216
200.293,191.812,30.561,44.155
201.677,185.116,30.639,43.934
204.939,175.970,31.379,43.452
208.042,171.167,32.278,42.663
211.458,168.134,33.481,41.646
215.433,165.020,33.295,41.429
219.850,165.727,33.015,41.643
224.721,169.700,32.602,41.491
227.954,174.239,32.256,41.574
228.500,180.816,32.100,41.512
230.002,187.039,32.018,41.124
230.856,193.645,32.270,40.488
229.715,202.542,31.849,40.537
226.632,210.083,31.588,40.400
221.449,214.229,31.404,39.832
217.694,213.689,30.843,40.106
216.161,210.330,30.243,41.006
214.289,204.371,29.139,42.492
216.147,192.367,27.891,43.638
216.070,180.656,27.649,44.150
215.240,169.785,29.028,43.288
213.599,159.210,29.441,43.410
208.615,154.398,30.008,43.501
205.163,149.791,30.634,43.835
200.541,148.525,31.362,44.453
200.009,144.946,32.087,45.043
199.142,149.012,32.747,45.123
197.954,153.331,33.461,44.933
197.698,160.090,33.864,44.818
199.450,165.828,34.236,44.684
203.132,173.861,34.032,45.032
208.437,182.363,34.190,45.736
211.016,190.821,34.199,46.496
214.985,195.559,34.372,47.124
215.476,197.478,34.242,47.249
220.634,192.720,34.631,47.492
224.345,181.890,35.374,47.935
230.170,169.281,36.009,47.966
232.551,157.471,37.224,47.867
241.256,145.007,37.612,48.209
250.272,133.397,38.251,48.580
254.157,126.006,39.082,48.720
254.382,119.887,39.351,49.106
260.807,118.109,39.474,49.450
271.578,114.921,39.670,50.339
275.193,111.064,40.012,51.586
273.790,114.704,40.460,52.732
271.493,120.617,41.120,52.457
270.550,127.292,41.741,51.871
267.636,140.022,42.409,51.232
263.604,153.157,43.162,50.424
260.284,166.174,43.675,50.409
258.142,173.226,44.109,50.444
253.647,179.773,44.903,50.416
249.897,179.293,44.937,52.304
252.401,172.595,44.690,54.011
249.713,164.738,44.930,55.576
247.647,156.149,45.005,56.783
249.797,147.503,45.910,56.908
252.812,139.305,46.484,57.542
254.488,131.086,47.284,58.305
258.597,126.833,48.131,59.590
261.834,127.644,48.849,61.057
267.181,131.724,49.006,62.026
