23.000,88.000,66.000,55.000
23.979,88.888,69.540,51.881
22.944,87.832,70.179,51.417
21.625,88.751,72.254,49.616
20.675,89.182,73.664,48.303
20.513,90.150,74.651,47.327
18.840,91.014,75.291,46.804
20.383,91.894,75.648,46.263
19.990,92.211,75.685,45.758
20.982,92.082,75.420,45.383
22.253,92.043,75.200,45.167
21.078,91.716,75.126,44.799
21.075,90.743,74.624,44.721
21.192,90.206,74.436,44.471
22.246,89.855,74.147,44.254
23.345,89.133,73.752,44.184
23.242,88.331,73.585,43.965
25.096,88.016,73.012,43.772
24.429,87.791,72.450,43.514
24.930,87.775,72.106,43.164
25.408,87.624,71.582,42.890
25.768,88.188,70.952,42.855
27.020,88.103,70.510,42.804
28.063,88.054,70.018,42.586
28.933,87.724,69.773,42.365
27.407,87.976,69.490,41.997
30.050,87.902,69.250,41.669
28.640,88.146,69.000,41.331
30.911,87.910,68.642,41.074
31.571,87.055,66.685,42.601
32.422,87.575,66.639,41.903
33.422,87.810,66.567,41.306
34.585,87.866,66.015,40.878
35.207,88.264,65.533,40.478
36.530,88.486,64.884,40.223
36.510,88.337,64.448,40.014
37.047,88.147,63.944,39.832
37.517,87.165,63.673,39.401
38.340,84.935,61.686,40.662
40.438,83.823,60.407,41.356
41.940,82.126,59.450,41.798
42.045,81.615,58.792,42.012
42.808,81.431,58.362,42.083
43.926,81.566,58.219,42.059
43.727,82.327,57.929,42.198
44.392,84.100,57.497,42.275
44.855,85.536,57.203,42.212
44.637,86.444,56.706,42.251
45.628,86.592,56.816,42.100
45.797,86.698,56.757,41.787
44.969,87.031,56.186,41.651
46.382,86.317,55.750,41.582
46.019,86.192,55.132,41.483
47.299,84.952,54.565,41.417
46.739,85.715,54.145,41.237
47.631,86.120,54.071,41.017
47.274,86.178,53.546,40.911
48.575,87.967,53.313,40.521
48.503,88.484,53.077,40.318
48.411,89.352,52.688,40.287
48.334,89.857,52.588,40.038
49.589,90.359,52.509,39.652
49.866,90.225,52.135,39.413
49.876,91.530,53.250,37.964
50.210,91.515,52.726,38.072
50.249,90.962,52.192,38.005
50.132,89.718,51.695,37.922
49.355,90.346,51.259,37.816
50.538,88.925,50.829,37.804
50.930,88.581,50.564,37.836
50.168,89.374,50.348,37.607
51.615,87.743,50.130,37.346
51.975,86.907,49.798,37.388
51.762,87.045,49.512,37.252
52.447,85.699,49.241,37.090
51.433,85.596,48.994,36.842
53.262,88.193,48.435,36.799
54.253,88.429,49.513,35.373
53.128,88.735,50.008,34.444
52.748,88.375,50.321,33.685
53.407,87.273,49.585,34.046
54.629,87.797,49.977,33.278
53.077,86.277,48.732,33.820
54.653,85.981,49.200,32.956
54.935,86.428,49.357,32.517
56.066,86.802,49.353,32.067
55.296,87.670,49.464,31.639
55.842,87.779,49.296,31.433
55.853,87.460,48.173,32.166
56.405,88.008,48.495,31.629
55.759,88.611,48.716,30.984
54.627,86.175,47.653,31.605
56.271,86.249,46.746,32.163
57.152,86.959,47.199,31.371
57.534,87.122,47.446,30.720
57.718,87.617,47.615,30.219
55.955,86.169,46.349,30.846
56.237,86.022,45.753,31.324
56.941,85.393,45.082,31.568
57.074,86.215,45.592,30.627
56.998,87.085,46.203,29.885
56.422,87.717,46.379,29.339
55.958,88.122,46.451,28.906
56.078,88.560,46.506,28.553
55.586,88.112,46.445,28.255
55.847,87.248,46.122,28.059
55.883,86.617,45.852,27.757
57.165,85.263,45.793,27.602
56.064,83.370,45.529,27.363
56.791,82.437,45.753,26.989
56.390,82.137,45.732,26.639
55.117,81.988,45.945,26.206
56.214,81.595,45.723,26.154
55.524,81.748,45.687,25.895
54.426,81.582,45.882,25.575
55.636,84.335,45.679,25.638
54.051,84.119,45.432,25.556
53.965,86.939,45.247,25.437
53.986,87.039,44.968,25.436
54.309,87.719,44.792,25.284
53.409,88.298,44.736,25.223
53.703,89.022,44.528,25.092
52.923,89.011,44.495,24.931
53.612,88.937,44.043,24.939
52.858,88.752,43.780,24.897
53.526,87.860,43.547,24.879
52.674,87.119,43.384,24.770
52.560,86.251,43.052,24.765
52.548,85.537,43.057,24.569
52.520,84.878,42.875,24.410
51.639,84.981,42.995,24.098
50.766,84.923,42.889,24.058
50.872,85.621,42.890,23.955
49.429,85.218,42.904,23.775
49.951,83.098,41.246,25.006
49.624,86.407,41.714,24.581
49.360,85.899,41.951,24.374
49.260,85.336,42.016,24.247
48.936,84.755,41.944,24.021
48.256,87.393,42.099,23.762
47.451,86.327,42.218,23.524
47.941,85.855,42.005,23.548
46.680,86.071,42.260,23.296
45.563,85.512,42.235,23.205
45.864,85.457,41.991,23.187
46.220,85.805,42.097,23.021
45.224,85.690,42.081,22.897
45.645,85.913,42.054,22.762
44.671,86.302,42.109,22.633
45.131,86.352,42.024,22.577
43.348,86.190,41.703,22.616
43.534,86.724,41.532,22.563
42.545,87.056,41.722,22.377
42.387,86.885,41.570,22.272
41.881,86.765,41.468,22.193
41.881,85.829,41.288,22.221
41.855,85.003,41.062,22.187
41.267,83.792,41.054,22.033
41.079,83.737,41.343,21.765
39.676,84.033,41.136,21.725
40.015,83.839,40.938,21.653
38.640,84.182,40.974,21.468
38.169,84.726,40.959,21.381
37.984,84.998,40.910,21.283
36.969,84.155,39.023,22.726
37.149,83.001,37.851,23.618
36.906,82.332,36.504,24.432
37.480,82.378,35.721,24.995
36.963,81.991,35.316,25.357
37.355,81.208,34.889,25.702
37.501,80.584,34.759,25.887
37.402,80.638,34.619,25.936
37.383,80.694,34.398,25.999
36.246,81.340,35.580,24.902
34.823,81.889,36.420,24.097
34.794,82.443,37.045,23.533
34.661,82.086,37.583,23.088
34.660,82.523,38.041,22.724
33.824,83.221,38.385,22.464
33.046,83.463,38.503,22.177
33.286,84.140,38.975,21.794
33.157,84.660,39.136,21.475
29.805,85.224,39.315,21.335
29.204,87.842,39.354,21.169
27.996,87.677,39.226,21.106
29.472,87.567,38.881,21.122
27.186,87.415,38.972,20.996
27.607,87.744,38.794,20.957
25.704,87.833,38.622,20.967
26.965,88.016,38.400,21.014
25.890,88.271,38.211,21.059
25.879,88.347,38.059,21.126
25.403,88.661,37.951,21.148
25.348,88.953,37.748,21.268
24.419,91.848,37.718,21.319
24.567,88.491,37.608,21.329
24.672,91.151,37.622,21.342
23.850,90.808,37.701,21.352
23.135,90.642,37.813,21.380
23.768,90.608,38.087,21.144
22.630,90.000,38.076,20.954
22.959,89.895,37.937,20.844
21.789,90.124,37.994,20.781
21.546,90.017,38.067,20.691
20.871,90.634,38.104,20.616
18.818,91.227,38.684,20.295
17.781,91.035,39.139,20.162
18.830,90.553,39.327,20.108
17.959,90.157,39.369,20.183
16.632,86.589,39.315,20.305
18.581,86.448,39.149,20.371
16.990,86.132,39.166,20.423
16.565,85.266,39.090,20.493
16.046,84.864,38.998,20.555
16.985,84.563,38.813,20.640
17.139,84.328,38.758,20.665
16.506,83.765,38.557,20.833
16.622,86.513,38.586,20.810
15.705,86.338,38.563,20.820
14.953,86.002,38.383,20.835
16.011,86.289,38.224,20.729
14.978,86.149,38.050,20.654
16.951,85.780,37.721,20.615
16.062,85.846,37.576,20.645
17.401,85.683,37.484,20.588
17.445,85.561,37.397,20.607
17.410,85.414,37.039,20.642
17.502,85.118,37.217,20.531
15.418,81.181,36.360,21.261
16.524,81.511,35.705,21.829
17.014,84.184,35.913,21.614
16.150,83.649,35.998,21.328
16.634,83.708,35.878,21.033
16.393,84.022,36.004,20.522
17.354,83.723,34.749,21.322
16.968,87.085,34.962,20.893
16.975,86.814,34.915,20.504
17.630,85.623,33.646,21.253
18.443,85.123,33.130,21.676
18.367,84.688,32.614,21.925
18.774,84.541,32.297,22.074
17.644,84.386,31.754,22.334
18.926,83.760,31.323,22.431
20.440,83.911,32.121,21.605
21.235,84.117,32.500,21.179
19.855,84.479,32.858,20.689
18.447,87.663,33.392,20.147
19.334,88.021,34.105,19.703
18.903,87.879,34.117,19.601
19.247,87.753,34.271,19.512
19.422,87.578,34.393,19.452
18.720,87.054,34.563,19.341
18.287,87.229,34.615,19.304
17.459,87.115,34.645,19.224
17.965,86.813,34.631,19.179
17.921,82.820,34.359,19.416
18.050,84.856,33.801,19.814
18.833,84.330,33.357,20.235
18.801,86.035,33.086,20.399
19.545,85.775,32.306,21.061
19.594,85.823,31.951,21.391
19.189,87.552,31.702,21.545
20.055,86.948,31.103,22.162
20.785,86.282,30.649,22.659
20.433,86.808,30.547,22.893
21.110,85.916,30.412,22.831
21.050,85.588,30.172,22.941
21.147,85.490,29.936,23.007
21.607,85.344,29.655,23.090
21.347,85.063,29.682,22.982
21.251,87.098,29.631,22.801
21.286,86.317,29.597,22.690
21.812,85.880,29.526,22.593
22.331,85.746,29.181,22.560
22.953,84.723,28.849,22.505
23.343,84.227,28.537,22.422
23.385,83.561,28.522,22.343
24.177,83.044,28.423,22.161
24.249,82.353,28.312,22.159
25.001,81.610,28.125,21.966
25.625,81.075,27.985,21.898
24.195,80.768,27.724,21.947
25.083,80.856,27.588,21.905
25.854,81.203,27.633,21.812
24.808,84.668,28.961,20.715
25.093,85.463,29.821,20.013
24.869,85.829,30.333,19.515
24.788,85.000,29.956,19.838
26.173,84.064,29.657,20.182
25.958,84.238,30.203,19.764
25.544,84.341,30.588,19.453
25.912,84.623,30.908,19.169
26.698,84.817,31.292,18.835
27.130,84.752,31.532,18.585
26.521,84.668,31.835,18.385
26.465,87.674,32.108,18.078
26.630,87.458,32.281,17.850
25.221,87.331,32.563,17.581
24.462,87.612,32.917,17.247
25.472,88.309,33.274,17.045
26.383,88.041,33.353,16.986
26.415,87.869,33.348,16.950
26.615,87.684,33.314,16.921
25.939,87.172,33.390,16.865
27.062,86.569,33.202,16.898
27.090,86.091,33.062,17.019
26.542,88.453,32.816,17.053
26.732,88.365,32.463,16.947
24.567,88.455,32.882,16.641
25.029,88.103,33.085,16.457
25.395,87.756,32.981,16.419
25.271,87.641,33.032,16.376
24.941,87.491,32.994,16.360
25.478,86.934,32.936,16.371
25.872,86.770,32.844,16.367
25.147,86.635,32.869,16.337
26.817,86.485,32.692,16.383
25.915,86.520,32.559,16.378
26.660,86.761,32.455,16.385
27.101,86.838,32.300,16.336
27.310,86.886,32.250,16.302
26.478,87.057,32.169,16.285
26.926,87.345,31.990,16.283
26.511,87.137,31.827,16.306
26.889,89.466,31.693,16.247
26.927,89.460,31.652,16.197
27.443,88.863,30.631,17.017
27.699,88.283,30.474,16.930
27.135,90.509,30.489,16.798
28.197,90.153,30.629,16.600
27.723,89.647,30.693,16.527
27.617,89.201,30.694,16.553
27.647,88.793,30.678,16.527
27.647,88.567,30.700,16.487
28.477,88.145,30.687,16.465
28.592,87.964,30.578,16.416
28.354,88.126,30.463,16.405
28.160,88.108,30.275,16.402
29.524,87.803,28.937,17.270
28.545,88.375,29.019,17.051
29.143,88.695,29.059,16.867
30.731,89.041,29.013,16.703
29.759,89.311,29.019,16.528
29.449,91.561,29.105,16.320
28.662,91.416,29.349,15.995
29.075,91.211,29.476,15.840
28.324,90.434,29.452,15.818
28.625,90.111,29.196,15.935
29.213,90.059,29.044,15.862
30.671,90.192,28.739,15.867
30.446,90.714,28.532,15.724
30.776,90.875,28.437,15.643
30.314,91.326,28.511,15.378
30.055,91.115,28.697,15.235
29.334,91.035,28.742,15.105
30.776,91.192,28.696,14.939
31.024,91.546,28.628,14.803
32.794,91.359,28.431,14.790
31.406,91.075,28.522,14.718
31.271,90.897,28.606,14.602
32.575,90.390,28.618,14.573
32.036,89.825,28.625,14.540
32.542,89.061,28.614,14.535
32.238,88.569,28.561,14.535
33.031,88.250,28.520,14.554
33.916,87.331,27.958,15.044
34.549,87.369,27.324,15.581
35.434,89.294,27.307,15.489
35.973,88.567,27.349,15.382
36.913,88.294,27.249,15.299
37.438,88.392,27.147,15.135
37.705,88.575,27.135,14.937
37.797,88.704,27.259,14.761
37.843,88.473,27.323,14.601
38.325,88.421,27.275,14.558
39.511,88.733,27.338,14.479
39.158,89.246,27.336,14.436
40.256,89.050,27.364,14.374
40.604,89.007,27.388,14.312
41.347,88.524,27.338,14.324
42.306,88.368,27.394,14.272
42.163,88.248,27.395,14.246
43.565,88.147,27.452,14.198
43.327,87.992,27.588,14.085
44.639,87.989,27.467,14.072
44.573,87.713,27.449,14.017
45.856,87.453,27.345,13.944
46.214,89.601,27.268,13.940
48.019,89.173,27.269,13.873
48.290,88.700,27.292,13.868
49.089,85.683,27.019,14.059
50.026,85.391,26.890,14.148
51.924,85.003,26.268,14.663
52.804,87.172,26.264,14.581
53.724,87.012,26.222,14.490
55.605,86.782,25.619,14.981
55.760,88.728,25.463,15.119
57.094,90.419,24.978,15.494
58.280,89.756,24.807,15.634
58.845,91.384,24.744,15.678
59.072,90.841,24.617,15.797
60.373,90.594,24.808,15.639
60.996,89.794,24.703,15.738
62.470,88.672,24.221,16.083
63.768,89.028,23.663,16.552
65.571,88.260,23.267,16.936
66.880,88.397,22.987,17.133
67.623,88.781,22.644,17.257
68.643,89.159,22.560,17.314
70.188,89.440,22.359,17.365
71.168,89.805,22.197,17.430
72.280,89.867,22.091,17.274
73.176,89.744,21.873,17.296
74.765,89.682,22.609,16.644
74.980,88.363,22.596,16.649
75.841,87.542,22.415,16.897
77.583,87.183,22.382,16.846
79.075,86.976,22.189,16.965
80.261,86.516,22.189,16.923
81.123,86.246,21.910,16.908
81.209,86.752,22.665,16.087
83.485,86.564,22.577,16.207
84.110,87.959,22.189,16.462
85.056,88.068,22.956,15.751
85.520,88.234,23.567,15.223
86.325,88.392,23.950,14.810
87.275,88.491,23.921,14.628
88.617,88.400,23.194,15.158
89.281,88.081,22.623,15.439
90.458,87.665,22.202,15.646
91.999,87.682,21.922,15.671
92.022,88.218,22.496,15.101
92.405,88.597,22.855,14.646
93.883,88.819,23.182,14.228
93.576,88.784,23.163,14.006
94.117,89.060,23.289,13.751
94.361,89.286,23.521,13.504
95.425,89.292,23.533,13.349
95.758,89.057,23.657,13.269
97.625,88.753,23.556,13.243
97.544,88.659,23.466,13.206
98.425,89.144,23.470,13.131
99.470,89.472,23.522,13.150
99.127,88.860,23.619,13.060
100.779,88.482,23.694,12.970
100.348,88.485,23.707,12.868
100.647,88.393,23.779,12.789
102.086,88.132,23.615,12.894
101.682,87.748,23.639,12.920
103.420,87.300,23.192,13.417
103.611,88.650,22.631,13.909
103.073,88.791,22.796,13.814
103.101,90.596,22.977,13.667
103.347,88.160,23.118,13.613
103.576,88.273,23.225,13.566
103.357,88.449,23.357,13.539
104.493,88.427,23.401,13.480
105.160,88.975,22.781,14.134
105.743,88.470,22.246,14.769
106.107,88.783,21.788,15.255
106.759,88.781,21.495,15.424
106.743,88.784,21.275,15.507
106.962,88.711,20.969,15.569
107.585,88.512,20.742,15.631
107.492,88.487,20.691,15.709
106.313,88.154,21.165,15.321
106.313,88.092,21.285,15.219
106.354,88.420,21.701,14.903
106.170,88.610,21.935,14.697
105.146,88.329,22.167,14.536
106.645,87.754,21.911,14.809
107.056,89.038,21.795,14.958
106.733,88.014,21.742,15.038
106.947,87.614,21.512,15.195
107.124,87.652,21.439,15.317
106.030,87.608,21.523,15.231
105.264,89.778,21.888,14.922
105.329,89.454,22.154,14.690
104.791,88.967,22.534,14.369
105.318,90.301,22.193,14.728
105.637,90.154,22.631,14.314
105.030,90.544,22.887,14.062
104.952,90.392,22.902,13.822
104.969,90.336,23.030,13.541
105.164,89.961,23.093,13.296
105.293,90.387,23.226,13.177
105.747,90.496,23.156,13.053
106.018,90.862,23.139,12.936
105.203,92.587,23.308,12.800
105.051,92.323,23.420,12.671
104.786,92.207,23.408,12.552
104.330,92.169,23.448,12.487
104.894,91.214,22.657,13.033
103.999,91.078,22.749,12.967
104.550,90.385,22.293,13.347
104.022,90.126,22.500,13.172
103.404,89.911,22.628,13.071
103.507,89.779,22.798,12.911
103.563,89.071,22.636,13.076
103.962,88.725,22.190,13.535
102.430,88.555,22.264,13.457
102.969,88.315,22.148,13.562
102.715,90.368,22.190,13.528
101.982,90.023,22.262,13.462
101.485,89.961,22.389,13.322
101.326,89.747,22.545,13.170
101.683,90.024,22.735,12.989
100.397,90.405,22.730,12.920
101.662,90.075,21.925,13.515
101.723,91.318,21.392,13.915
100.991,91.202,21.886,13.507
101.000,91.811,21.941,13.281
101.048,93.621,22.234,13.020
100.463,91.364,22.449,12.865
99.820,91.248,22.682,12.696
99.764,91.049,22.808,12.628
100.244,90.114,22.774,12.665
100.026,90.024,22.858,12.627
100.206,89.613,22.911,12.603
100.368,89.438,22.946,12.572
100.020,87.395,23.040,12.492
100.816,89.177,23.089,12.466
100.875,89.164,23.189,12.370
101.586,88.938,23.090,12.358
101.427,88.681,22.870,12.402
101.992,88.215,22.641,12.474
102.608,87.844,22.480,12.416
102.634,87.491,22.464,12.411
102.907,87.294,22.214,12.500
102.500,87.255,22.137,12.422
104.126,87.715,21.956,12.415
103.756,87.941,22.083,12.186
103.155,87.697,22.138,12.129
104.231,87.545,22.211,12.075
104.515,87.479,22.298,12.012
104.080,87.602,22.321,12.004
105.368,87.351,22.333,11.983
105.486,89.003,22.292,11.966
105.420,88.767,22.339,11.937
105.176,88.718,22.380,11.912
105.073,88.366,22.405,11.896
106.519,88.128,22.461,11.854
107.000,87.187,21.904,12.406
107.752,86.947,21.217,13.292
108.388,87.080,20.661,13.734
108.942,86.497,20.350,13.892
109.999,86.980,20.114,14.098
109.777,87.173,19.883,14.156
109.921,87.367,19.691,14.213
110.359,87.151,19.536,14.209
110.937,87.244,19.534,14.234
111.692,86.834,19.500,14.147
111.515,86.375,19.600,14.088
111.597,87.590,19.471,14.130
111.720,87.317,19.559,14.028
112.103,87.103,19.569,14.037
111.801,87.291,19.546,14.090
112.043,86.675,19.570,13.968
112.332,87.078,20.058,13.511
112.116,87.172,20.390,13.108
111.885,88.849,20.744,12.814
111.553,88.458,21.051,12.553
111.957,88.562,21.157,12.474
111.762,88.255,21.377,12.246
112.099,86.249,21.422,12.226
112.069,86.510,21.360,12.243
111.894,86.581,21.337,12.207
111.401,86.891,21.129,12.274
111.457,86.940,21.117,12.183
111.556,87.015,21.113,12.178
111.378,87.139,21.059,12.144
111.450,88.709,21.056,12.115
111.655,88.278,20.997,12.149
111.297,88.271,21.036,12.089
110.717,88.299,20.959,12.085
110.832,88.080,21.094,11.974
111.023,88.276,21.451,11.757
109.374,88.304,21.830,11.585
110.817,87.986,21.964,11.522
109.576,87.623,21.982,11.500
110.158,87.578,21.987,11.504
110.090,89.564,21.903,11.728
110.032,89.689,21.928,11.816
110.066,89.904,21.992,11.736
109.337,89.899,21.968,11.765
109.383,89.665,22.179,11.640
109.356,89.509,22.235,11.581
109.814,89.455,22.293,11.556
109.485,89.169,22.360,11.526
109.693,88.824,22.475,11.488
109.498,88.663,22.545,11.438
108.705,90.309,22.641,11.399
108.047,90.095,22.813,11.358
107.334,89.670,22.917,11.367
107.452,89.381,23.009,11.343
108.400,89.454,22.798,11.568
108.074,89.572,22.712,11.689
108.169,89.648,22.501,11.886
109.533,89.041,22.375,12.017
108.554,89.289,22.436,11.992
108.346,89.084,22.149,12.142
109.267,89.137,22.056,12.169
108.914,88.938,22.003,12.192
107.815,89.160,22.181,12.062
108.538,89.362,22.388,12.015
108.026,89.230,22.694,11.895
107.950,88.904,22.743,11.856
108.130,88.518,22.782,11.789
108.498,88.236,22.807,11.773
107.797,88.366,22.894,11.707
108.012,88.364,22.923,11.675
107.609,88.454,23.049,11.578
108.279,88.474,23.226,11.466
107.952,88.304,23.266,11.454
108.358,88.442,23.303,11.425
106.542,90.226,23.420,11.369
106.935,89.888,23.422,11.339
107.293,89.527,23.424,11.350
106.863,89.153,23.459,11.346
107.481,89.150,23.493,11.338
106.600,87.080,23.677,11.209
106.231,88.969,23.686,11.223
106.351,88.666,23.689,11.230
105.495,88.609,23.849,11.123
105.227,88.436,23.903,11.088
105.229,88.218,23.912,11.092
104.808,88.293,24.010,11.029
106.169,88.076,24.000,11.042
105.081,87.927,24.091,10.980
105.114,87.828,24.179,10.915
104.503,87.769,24.366,10.783
105.500,87.689,24.519,10.682
105.279,87.677,24.651,10.613
104.853,87.846,24.746,10.559
104.011,87.958,24.811,10.516
104.651,89.875,24.697,10.656
104.785,91.487,24.560,10.844
104.269,90.895,24.543,10.946
103.653,90.704,24.788,10.813
103.649,88.310,24.755,10.855
103.680,87.887,24.729,10.870
103.484,87.899,24.718,10.886
103.380,87.675,24.707,10.903
102.439,87.785,24.871,10.804
104.040,87.859,24.831,10.843
103.534,87.973,24.810,10.856
102.800,87.852,24.871,10.815
102.836,90.002,24.813,10.860
102.402,87.688,25.165,10.652
102.213,89.718,25.036,10.755
102.312,89.105,24.823,10.896
102.780,89.034,24.265,11.290
103.704,89.168,23.887,11.460
103.011,89.076,23.910,11.494
102.984,86.764,23.912,11.506
102.697,84.670,23.991,11.442
102.426,84.792,24.054,11.384
102.738,86.981,24.172,11.285
102.190,86.841,24.177,11.286
103.117,88.650,24.150,11.299
103.418,88.288,24.094,11.341
104.309,90.202,23.852,11.479
104.424,90.006,23.525,11.725
104.185,91.599,23.602,11.769
104.044,91.374,23.327,11.902
104.055,91.076,23.160,12.017
103.944,91.036,22.996,12.087
104.106,90.768,22.935,12.139
104.077,90.605,22.907,12.147
104.611,90.604,22.815,12.027
104.737,90.777,22.911,11.929
105.294,90.689,22.963,11.871
105.974,90.352,23.049,11.817
105.707,88.218,23.070,11.802
105.371,88.148,23.135,11.771
105.679,88.067,23.195,11.753
105.207,88.119,23.294,11.756
106.195,88.262,23.386,11.731
105.902,88.009,23.662,11.665
106.528,85.682,23.670,11.688
107.437,85.621,23.677,11.732
107.049,85.561,23.772,11.774
106.535,85.646,23.843,11.756
107.683,85.510,23.970,11.703
108.388,85.369,24.062,11.713
107.952,85.536,24.102,11.774
108.029,87.473,24.121,11.773
108.490,87.111,24.150,11.771
108.329,86.880,24.358,11.745
109.104,86.896,24.356,11.779
108.449,86.562,24.419,11.865
109.470,86.334,24.343,11.913
109.148,86.347,24.378,11.938
110.941,88.459,24.383,12.023
110.580,88.449,24.408,12.031
110.260,88.414,24.480,12.064
110.654,88.247,24.466,12.105
110.378,88.192,24.467,12.106
110.592,88.014,24.466,12.102
110.778,87.713,24.467,12.101
111.678,87.343,24.446,12.090
111.964,87.496,24.449,12.157
112.127,89.503,24.387,12.273
112.294,89.429,24.401,12.277
112.379,89.298,24.436,12.266
112.807,88.487,24.262,12.436
113.823,88.229,24.268,12.471
113.625,88.233,24.292,12.458
115.308,90.348,24.297,12.459
114.927,87.791,24.324,12.448
114.993,87.652,24.366,12.426
116.731,87.223,24.311,12.507
117.350,86.643,23.908,12.918
117.578,86.587,23.674,13.154
117.989,86.483,23.479,13.340
118.904,88.572,23.576,13.277
119.132,86.242,23.597,13.250
119.588,85.553,23.246,13.544
118.305,83.075,22.983,13.773
119.646,82.621,22.646,14.127
120.257,84.256,22.309,14.399
120.433,83.430,22.109,14.568
120.718,83.286,21.989,14.689
120.973,82.899,21.846,14.852
120.005,82.575,21.583,15.108
121.114,82.131,21.472,15.306
119.808,81.966,21.225,15.574
120.960,81.677,21.186,15.716
121.640,84.257,21.549,15.373
122.395,84.338,21.900,15.066
122.947,84.549,22.188,14.844
122.957,84.478,22.620,14.538
124.360,84.224,22.928,14.352
123.821,86.076,23.164,14.230
123.002,85.661,23.359,14.097
124.599,85.399,23.526,14.012
124.357,85.157,23.661,13.961
124.187,84.803,23.940,13.798
123.939,84.508,24.065,13.717
125.511,86.406,24.168,13.667
125.345,85.997,24.296,13.581
126.575,87.906,24.358,13.563
128.429,87.515,24.414,13.539
128.501,87.449,24.441,13.522
129.146,89.614,24.564,13.506
129.923,89.153,24.632,13.475
131.072,88.683,24.690,13.489
130.781,88.529,24.690,13.480
132.108,88.234,24.701,13.477
132.786,85.585,24.716,13.465
133.804,85.101,24.776,13.439
133.845,84.640,24.860,13.407
135.469,86.553,25.001,13.378
136.778,86.048,25.168,13.396
136.930,85.283,25.225,13.385
138.948,84.666,25.366,13.264
138.766,84.389,25.434,13.228
140.343,84.161,25.473,13.164
140.540,86.364,25.592,13.099
140.062,86.136,25.823,12.925
140.559,85.419,25.861,12.902
142.737,85.049,25.896,12.862
143.698,84.905,25.901,12.858
144.769,84.830,25.906,12.849
146.879,86.849,25.904,12.869
147.670,84.208,25.879,12.876
148.577,83.874,25.882,12.875
149.950,85.838,25.886,12.894
150.297,85.145,25.873,12.977
150.561,85.018,25.905,13.007
152.340,84.715,25.858,13.033
152.516,84.400,25.864,13.052
154.165,86.693,25.892,13.041
155.455,86.780,25.885,13.061
155.514,86.536,25.862,13.081
156.758,86.365,25.957,13.086
158.106,86.467,25.996,13.091
158.288,86.330,26.053,13.181
157.979,88.308,26.076,13.232
160.684,87.046,25.468,13.750
161.497,84.615,24.901,14.307
161.745,83.681,24.527,14.630
162.613,83.179,24.196,14.999
162.903,83.090,24.460,14.812
162.374,82.682,24.709,14.701
163.680,82.941,24.858,14.585
163.607,83.044,25.088,14.397
165.854,82.708,24.602,14.896
164.827,83.000,24.768,14.739
166.111,82.921,24.961,14.605
166.984,83.229,24.114,15.391
169.117,84.584,23.589,15.923
169.393,83.315,23.162,16.364
169.501,83.690,22.971,16.505
169.987,83.779,22.799,16.698
170.031,83.935,22.722,16.821
169.307,84.248,23.367,16.289
169.438,84.583,24.011,15.745
169.924,84.939,24.303,15.435
171.731,84.993,24.503,15.243
172.485,85.351,24.847,14.960
172.262,85.530,25.025,14.720
172.815,86.000,25.103,14.554
172.128,85.911,25.237,14.431
172.057,86.245,25.382,14.291
171.930,86.366,25.637,14.067
173.147,86.795,25.564,14.015
173.461,86.992,25.469,13.990
174.277,87.025,25.354,13.953
174.158,86.907,25.309,13.863
174.564,86.554,25.382,13.701
175.218,86.115,25.225,13.671
175.402,85.612,25.295,13.604
175.528,85.444,25.279,13.531
175.025,85.581,25.064,13.678
174.962,85.847,25.251,13.530
174.816,87.651,25.618,13.304
174.514,87.125,25.893,13.113
176.106,87.150,25.829,13.085
176.178,88.921,25.932,13.025
175.358,88.229,26.027,12.962
176.565,87.979,25.799,13.066
175.884,87.337,25.862,13.123
176.875,87.145,25.922,13.136
176.023,86.928,25.963,13.145
175.934,86.423,26.025,13.110
177.461,86.215,26.061,13.125
177.239,87.871,26.083,13.145
177.732,84.968,25.657,13.465
177.991,86.832,25.703,13.442
177.402,86.683,25.657,13.550
177.062,86.186,25.758,13.449
177.399,86.416,25.794,13.497
177.171,86.316,25.789,13.525
177.774,85.173,25.156,14.133
177.789,86.701,24.833,14.422
177.074,86.508,24.904,14.367
176.137,86.521,25.017,14.273
174.540,86.509,25.175,14.160
174.523,86.291,25.262,14.101
173.755,86.304,25.387,14.010
174.174,86.365,25.495,13.912
174.401,86.187,25.553,13.871
176.378,88.615,25.603,13.821
175.486,88.331,25.674,13.821
175.233,87.712,25.711,13.794
174.214,87.118,25.778,13.753
174.375,84.958,25.817,13.647
173.941,84.620,25.821,13.605
172.998,84.172,25.858,13.575
172.886,85.937,25.931,13.468
172.698,85.228,25.963,13.407
172.693,85.037,25.980,13.360
171.856,87.024,26.018,13.320
171.050,86.406,26.019,13.289
171.231,85.995,26.031,13.278
171.472,85.469,26.034,13.254
171.130,85.306,26.118,13.210
170.719,84.954,26.142,13.189
170.263,84.819,26.195,13.141
169.501,84.799,26.255,13.094
168.507,84.671,26.305,13.068
169.435,84.444,26.370,13.062
169.131,84.527,26.387,13.069
169.057,84.546,26.360,13.103
168.920,84.631,26.081,13.204
168.214,84.446,26.035,13.254
168.056,84.353,26.078,13.273
168.437,84.267,26.203,13.263
168.340,84.237,26.181,13.295
167.471,84.094,26.206,13.288
167.141,85.877,26.313,13.258
168.082,85.379,26.315,13.299
166.705,84.983,26.364,13.284
168.288,87.366,26.413,13.299
167.576,89.074,26.461,13.315
167.810,88.479,26.514,13.311
168.896,88.069,26.600,13.309
169.866,89.904,26.553,13.396
166.893,89.515,26.581,13.423
169.014,88.949,26.640,13.449
167.703,88.905,26.589,13.510
169.126,88.569,26.544,13.610
168.878,85.623,26.487,13.683
170.141,85.212,26.472,13.709
168.973,84.539,26.470,13.809
169.244,83.969,26.360,13.856
169.119,83.634,26.436,13.852
168.840,83.220,26.453,13.879
169.728,82.851,26.512,13.864
168.532,84.931,26.602,13.902
168.302,84.158,26.702,13.945
168.456,84.342,26.843,13.859
167.788,84.169,26.992,13.837
167.710,83.854,27.028,13.855
169.973,84.981,26.677,14.258
169.985,84.526,26.156,14.895
170.124,84.854,26.449,14.836
170.702,86.314,26.138,15.125
170.253,83.972,26.252,15.040
171.178,86.161,26.416,14.962
170.494,85.959,26.534,14.905
171.029,85.361,26.601,14.896
171.052,85.099,26.638,14.860
171.904,84.868,26.669,14.930
171.077,84.081,26.075,15.450
172.110,86.232,26.240,15.359
171.679,85.719,26.375,15.261
172.025,85.614,26.549,15.117
171.427,85.453,26.915,15.027
171.777,84.817,27.033,15.020
171.808,82.085,27.061,15.030
171.912,81.941,27.124,15.051
172.142,81.685,27.170,15.031
172.063,81.001,26.694,15.555
172.338,80.989,26.855,15.524
170.645,80.740,26.874,15.460
172.839,83.116,27.121,15.456
172.043,82.868,27.227,15.381
172.202,85.211,27.338,15.331
172.490,84.628,27.414,15.315
171.485,84.212,27.435,15.366
171.241,83.671,27.442,15.417
171.698,83.418,27.427,15.432
171.271,83.105,27.469,15.475
171.018,82.528,27.457,15.541
171.564,81.860,27.537,15.477
170.783,81.699,27.592,15.535
170.486,81.342,27.694,15.471
170.970,81.386,27.677,15.471
169.909,81.238,27.763,15.439
169.372,80.729,27.959,15.431
169.843,80.519,28.062,15.448
169.633,80.277,28.173,15.432
168.150,79.731,27.559,15.857
168.597,81.931,27.748,15.795
168.419,81.533,27.753,15.812
169.364,81.230,27.933,15.754
167.298,77.643,27.232,16.364
168.899,79.789,27.527,16.252
168.239,79.623,27.651,16.194
167.647,79.006,27.914,16.080
166.997,78.662,28.166,16.015
166.271,78.100,28.301,16.073
166.144,78.061,28.357,16.090
165.194,78.055,28.351,16.172
165.307,76.933,27.961,16.507
165.954,76.490,27.469,17.021
166.043,75.548,26.988,17.408
166.351,74.842,26.777,17.746
166.693,74.646,26.628,17.917
164.987,74.329,26.386,18.219
165.160,73.970,26.191,18.420
164.676,75.555,26.069,18.588
164.557,75.146,25.945,18.745
164.421,75.381,25.823,18.948
162.316,78.068,26.490,18.446
162.557,77.625,27.025,18.048
162.759,76.955,26.885,18.267
163.369,76.206,26.732,18.422
162.913,75.956,26.676,18.621
162.319,75.860,26.442,18.869
161.512,75.680,27.007,18.353
161.626,75.318,26.783,18.574
160.164,75.727,27.189,18.181
159.688,78.435,27.638,17.778
158.978,78.157,27.933,17.536
158.307,77.860,28.237,17.184
157.322,77.782,28.490,17.015
157.779,77.577,28.641,16.872
157.838,77.926,28.814,16.711
156.467,77.386,28.836,16.750
157.203,77.599,29.001,16.629
157.522,77.643,29.094,16.557
157.278,75.152,29.095,16.522
157.609,74.943,29.064,16.663
156.312,74.095,29.285,16.681
156.886,73.458,29.334,16.630
154.990,73.466,29.494,16.507
155.684,73.399,29.708,16.370
154.874,73.622,29.992,16.337
154.039,73.678,30.097,16.281
153.628,74.102,30.266,16.239
152.963,74.445,30.389,16.217
154.880,74.361,30.566,16.224
151.893,74.397,30.671,16.198
151.918,74.000,30.798,16.165
152.364,74.128,30.973,16.057
152.962,74.100,30.938,16.110
153.745,73.789,30.693,16.256
152.600,76.295,30.533,16.404
153.139,75.378,30.378,16.512
153.396,75.265,30.466,16.500
152.924,75.071,30.672,16.430
152.816,74.742,30.799,16.465
152.446,74.813,30.850,16.556
151.870,74.825,30.925,16.637
151.798,74.219,30.789,16.812
151.188,74.741,31.124,16.738
151.686,74.718,31.022,16.773
152.195,76.859,30.965,16.824
152.201,76.563,31.172,16.792
151.709,76.165,31.386,16.834
151.337,75.890,31.405,16.887
150.561,75.830,31.624,16.905
151.276,75.095,31.551,16.996
151.205,74.382,31.810,16.935
150.707,74.262,32.019,16.937
151.506,74.030,31.950,16.995
150.898,73.837,32.044,17.056
151.866,73.272,31.969,17.241
150.834,73.459,31.867,17.390
150.550,73.680,32.055,17.340
151.278,73.755,32.042,17.279
151.482,74.202,32.154,17.310
150.625,74.235,32.519,17.229
150.715,74.020,32.594,17.374
151.721,73.661,32.582,17.454
151.128,73.056,32.366,17.500
150.774,73.304,32.657,17.506
