76.000,79.000,64.000,52.000
74.650,78.569,65.968,51.091
74.312,78.448,66.802,50.762
73.535,78.934,67.499,50.582
72.491,79.753,67.998,50.394
73.202,78.836,68.559,50.483
71.424,78.694,69.017,50.459
72.287,78.137,69.259,50.780
71.211,78.426,69.499,51.050
70.657,76.299,69.629,51.235
72.461,77.550,69.752,51.279
70.786,77.734,69.800,51.399
71.309,75.213,69.841,51.478
71.517,77.257,70.076,51.536
69.886,75.214,70.905,51.398
70.489,76.505,71.152,51.253
69.793,75.132,71.274,51.366
70.922,75.888,71.396,51.457
69.365,75.273,71.625,51.455
71.158,77.242,71.166,51.383
69.792,75.115,71.123,51.487
70.162,75.750,70.840,51.663
71.579,75.320,70.665,51.517
69.993,76.055,70.538,51.577
72.157,75.717,70.644,51.460
70.777,76.119,70.417,51.547
70.869,76.574,70.395,51.486
70.857,77.612,70.226,51.437
70.517,75.840,70.177,51.369
71.180,76.287,70.057,51.320
71.125,76.579,69.912,51.317
71.930,76.483,69.864,51.279
70.819,77.683,69.811,51.223
71.491,78.583,69.899,51.081
71.049,77.886,70.103,51.047
71.702,77.344,70.150,51.062
71.900,78.108,70.076,50.965
70.886,76.948,69.917,51.223
70.972,77.105,69.637,51.186
71.008,76.593,69.554,51.065
71.917,77.294,69.300,50.917
71.530,76.874,69.679,50.821
71.826,75.956,69.726,50.847
72.454,76.399,69.401,50.826
71.921,76.914,69.092,50.918
71.542,75.386,69.369,50.658
72.228,75.386,68.724,50.911
72.186,75.675,68.425,50.885
72.235,75.019,68.510,50.548
72.571,76.129,67.958,50.595
72.712,74.978,68.110,50.434
73.071,75.775,67.732,50.360
71.659,76.343,67.736,50.191
72.744,75.809,68.015,49.909
71.880,76.205,67.679,49.985
72.597,76.835,67.324,50.073
72.520,76.441,67.276,49.841
72.579,76.732,66.742,49.817
72.740,76.808,66.707,49.576
72.353,76.055,67.263,49.276
72.168,76.100,66.905,49.222
73.035,76.066,66.940,49.045
71.681,77.952,69.229,47.016
70.821,79.259,70.523,45.762
72.614,78.906,70.807,45.031
69.861,80.128,71.773,44.072
69.903,81.431,73.245,42.987
67.625,80.653,74.530,42.090
67.019,80.705,74.885,41.496
65.588,80.495,74.821,41.619
66.046,80.694,74.632,41.705
65.651,80.951,74.523,42.100
66.561,80.569,74.765,42.133
65.286,80.534,74.817,42.466
66.355,80.066,74.641,42.649
64.830,79.925,74.837,42.719
64.772,80.065,74.889,42.729
65.108,80.267,74.968,42.616
64.898,78.428,74.972,42.419
66.414,77.941,74.623,42.558
66.486,77.438,74.277,42.668
66.098,78.078,74.035,42.901
64.849,79.031,74.016,42.678
65.166,78.526,74.067,42.683
67.195,76.228,71.469,44.801
65.244,81.489,72.351,44.310
65.560,80.780,72.855,43.903
68.058,77.317,71.021,45.384
67.046,76.370,71.127,45.120
67.583,75.565,69.556,46.490
68.477,75.098,68.263,47.421
69.147,75.753,67.649,47.989
68.966,76.213,66.986,48.273
69.675,74.995,66.643,48.864
70.094,76.509,65.909,49.199
69.456,76.739,65.766,49.254
69.180,75.300,65.849,49.363
70.082,75.842,66.149,49.178
68.604,76.513,66.537,49.072
67.847,75.541,66.715,48.959
68.531,76.394,66.806,48.875
67.769,75.136,67.106,48.806
68.517,74.477,67.242,48.690
68.445,73.922,67.146,48.642
67.667,74.531,66.750,48.767
69.022,74.182,66.940,48.568
67.764,73.154,66.835,48.477
67.199,73.496,66.836,48.225
68.846,74.517,68.677,46.594
64.620,76.028,70.100,45.052
65.004,77.562,71.534,43.606
64.574,77.135,72.011,42.833
65.258,77.947,73.277,41.624
63.467,78.090,73.786,40.889
67.046,79.615,73.910,40.689
64.315,78.368,74.233,40.592
63.594,76.718,73.975,41.068
65.636,76.386,73.755,41.616
65.892,76.834,73.254,41.820
64.764,77.907,73.114,42.104
65.273,77.460,73.548,41.713
63.503,77.983,73.820,41.041
67.351,76.660,73.506,41.177
66.678,77.105,73.152,41.389
66.075,76.829,70.872,43.548
68.732,76.153,71.502,42.908
65.148,75.662,71.465,42.770
68.281,75.717,71.551,42.399
65.486,77.428,71.762,41.679
65.127,77.853,71.257,41.482
66.268,78.065,71.137,41.431
65.605,78.758,70.928,41.527
68.389,77.248,68.925,43.417
68.467,77.051,67.080,45.104
69.109,76.227,65.959,46.266
68.942,78.101,65.485,46.796
69.390,78.689,64.483,48.146
71.344,78.062,63.525,48.785
71.095,78.463,62.787,49.304
69.679,77.753,62.431,49.191
71.101,77.985,62.541,48.716
71.398,77.480,62.650,48.542
71.023,77.300,62.734,48.402
71.790,78.073,62.629,48.277
71.209,79.142,62.644,48.068
71.754,79.929,62.743,47.972
71.087,80.047,62.922,47.883
70.739,79.268,63.191,47.798
71.520,80.250,63.852,47.352
71.503,78.453,64.105,47.238
71.542,78.361,64.127,47.314
72.119,77.316,64.239,47.402
71.919,76.904,64.493,47.325
71.528,75.381,64.623,47.216
71.528,75.104,64.889,47.200
71.919,74.040,64.759,47.467
71.703,74.191,64.702,47.591
72.288,73.265,64.747,47.711
72.225,73.257,64.383,47.946
71.804,72.731,64.321,47.960
72.597,73.049,64.370,48.099
72.767,73.787,64.474,48.085
71.690,72.638,64.370,48.130
72.033,72.581,64.507,48.092
72.549,72.735,64.308,48.149
72.877,71.141,64.479,48.006
72.396,71.523,64.332,48.030
73.472,72.246,64.327,48.000
73.197,71.451,64.303,48.091
72.888,72.436,64.040,48.157
73.579,72.691,64.469,48.072
72.860,73.518,64.467,48.064
73.673,73.517,64.309,48.003
73.531,74.416,64.378,47.982
72.987,72.857,64.560,47.903
72.125,74.036,64.506,47.947
72.290,73.825,64.771,47.876
73.242,72.134,64.859,47.867
72.160,73.388,64.686,48.109
72.940,71.711,64.702,47.961
73.715,71.951,64.318,48.159
71.760,73.046,64.580,48.148
72.542,72.986,64.708,48.021
72.087,73.714,64.551,48.133
72.301,73.936,64.640,48.107
72.037,74.000,64.454,48.154
72.016,75.011,64.728,48.068
72.625,75.732,64.985,47.888
72.240,75.416,64.990,47.970
72.046,76.371,65.007,48.040
71.503,75.206,65.061,48.030
72.103,75.632,65.311,47.792
71.098,75.106,65.589,47.760
72.470,74.192,65.566,47.853
70.369,74.397,65.569,47.945
70.444,74.598,65.808,47.906
71.274,72.871,65.580,47.981
71.577,73.250,65.625,48.287
70.949,73.704,65.649,48.248
71.132,72.158,65.440,48.387
70.514,72.894,65.367,48.557
71.389,72.535,65.872,48.408
69.605,72.199,65.804,48.612
70.637,72.182,65.915,48.474
70.430,72.162,66.068,48.549
70.441,72.251,66.324,48.418
70.733,71.308,66.120,48.687
69.917,70.828,65.994,48.908
69.851,71.808,65.893,48.977
70.129,72.309,66.042,48.955
69.866,72.011,66.096,48.989
69.327,73.546,66.063,49.170
69.934,73.102,66.158,49.231
69.591,74.225,66.208,49.311
69.794,73.582,66.558,49.313
68.508,74.727,66.679,49.369
68.456,73.506,66.719,49.510
69.764,72.463,66.610,49.797
67.626,73.013,66.766,49.835
68.845,73.623,67.064,49.700
68.329,74.428,66.925,49.718
68.037,72.396,66.961,49.734
68.498,73.508,66.803,49.827
67.298,73.283,66.817,49.942
67.718,74.058,66.921,49.997
66.589,74.139,66.886,50.073
67.237,73.810,67.046,49.926
66.232,73.378,67.257,49.952
66.848,72.761,67.742,49.821
67.327,72.317,67.642,49.862
65.867,71.909,68.050,49.703
65.932,70.799,67.821,49.979
66.508,70.943,67.893,50.091
66.159,69.967,67.702,50.423
66.703,69.932,67.546,50.615
64.878,69.561,67.625,50.671
66.273,69.603,67.768,50.706
63.306,69.233,68.107,50.735
65.386,68.941,68.063,50.810
64.501,68.718,67.914,50.949
66.774,68.494,67.364,51.258
64.647,66.852,67.168,51.609
65.553,67.129,67.125,51.688
64.614,67.331,67.169,51.685
64.658,67.280,67.134,51.607
64.792,66.841,67.331,51.506
64.616,66.706,67.575,51.388
62.707,66.009,67.827,51.402
62.995,66.883,67.937,51.311
63.231,65.587,67.676,51.688
62.445,66.335,67.874,51.696
62.987,65.266,67.913,51.826
62.575,65.940,68.194,51.906
62.341,65.147,68.394,52.008
62.552,64.914,68.045,52.399
61.487,63.874,68.306,52.655
61.403,64.097,68.252,52.959
62.168,63.362,67.908,53.565
62.821,63.084,67.818,53.936
61.228,63.387,68.020,53.865
62.091,63.553,68.160,53.724
62.247,63.793,68.297,53.916
61.196,63.194,68.179,54.260
61.168,62.708,67.982,54.510
62.833,63.142,67.862,54.458
62.044,63.127,67.429,54.780
63.062,62.766,67.161,54.981
62.142,67.725,67.545,54.444
62.502,67.623,67.669,54.133
62.569,67.463,67.753,53.902
62.260,67.404,67.790,53.865
62.895,66.373,67.945,53.784
62.589,67.556,68.296,53.518
62.369,67.122,68.294,53.534
63.284,67.503,67.903,53.751
62.922,69.114,68.244,53.507
61.655,72.866,69.120,52.583
63.213,71.598,69.215,52.376
62.306,71.668,68.803,52.466
63.993,71.955,68.706,52.705
63.158,71.115,68.557,52.860
63.495,72.121,68.454,52.921
63.559,71.295,68.627,52.836
64.190,71.824,68.483,52.690
64.501,70.823,68.547,52.453
63.912,71.452,68.121,52.375
65.276,71.087,68.033,52.262
64.195,70.193,68.371,51.787
65.286,68.980,68.014,52.011
66.047,69.217,67.853,52.055
65.640,70.009,67.649,52.087
66.934,69.669,67.528,52.126
66.155,68.964,67.687,51.821
66.958,69.583,67.533,51.756
66.889,68.443,67.784,51.607
67.118,69.051,67.665,51.454
67.210,69.633,67.479,51.372
66.433,69.006,67.247,51.407
68.036,68.107,67.084,51.553
67.169,67.988,66.960,51.631
68.451,67.818,66.828,51.635
67.719,69.090,66.590,51.765
68.933,69.893,66.255,51.743
68.459,70.398,66.323,51.457
68.058,71.723,66.018,51.599
70.635,71.479,65.904,51.440
69.240,70.607,66.218,51.268
71.302,71.192,65.774,51.338
70.147,71.058,65.832,51.070
71.256,70.770,65.548,51.128
70.990,71.107,65.202,51.315
71.250,69.389,65.461,50.963
72.266,69.153,65.108,50.960
71.527,68.417,65.056,51.119
72.161,68.654,64.679,50.973
72.643,68.617,64.438,50.882
72.937,70.017,64.520,50.592
72.802,69.205,64.561,50.425
73.256,71.019,64.663,50.537
74.411,70.611,64.446,50.500
73.880,69.951,64.373,50.310
74.611,70.042,64.045,50.581
74.428,70.164,64.131,50.567
74.899,71.408,63.965,50.688
74.047,70.458,64.229,50.544
75.580,70.649,63.704,50.820
76.500,71.013,63.564,50.922
75.773,71.782,63.719,50.912
75.677,72.468,63.685,50.817
77.943,71.532,63.783,50.697
76.012,75.023,64.470,50.091
76.702,73.327,64.623,49.903
77.669,72.936,64.323,50.045
77.373,72.283,64.377,50.139
77.659,72.142,64.103,50.286
77.068,72.056,64.089,50.215
77.449,71.772,64.093,50.125
78.001,73.013,63.565,50.469
78.478,72.446,63.840,50.037
77.251,72.591,63.779,50.080
76.582,73.480,66.072,47.702
77.461,71.652,65.388,47.938
76.217,70.111,65.065,48.009
79.484,69.559,64.208,48.414
79.038,70.584,65.767,46.693
78.033,71.694,67.206,45.232
78.312,72.085,68.210,44.087
77.182,72.958,69.431,42.926
77.762,70.808,67.732,44.431
77.870,71.070,66.544,45.439
79.531,70.504,65.180,46.426
78.702,76.338,66.775,44.752
77.858,76.908,67.539,43.698
78.295,77.394,68.086,42.717
78.450,76.974,67.984,42.265
78.486,77.184,68.293,41.671
79.005,77.457,68.401,41.278
79.290,75.829,66.265,42.733
78.512,76.782,64.779,43.716
80.690,77.234,63.466,44.755
79.851,77.264,62.405,45.521
80.931,77.949,61.610,45.936
80.507,76.185,61.633,45.949
81.211,75.552,61.071,46.139
79.683,73.867,61.017,46.038
81.930,72.985,60.414,46.239
81.474,72.302,60.175,46.366
81.529,72.365,59.892,46.323
81.544,71.799,59.443,46.435
81.192,72.750,59.188,46.221
82.305,73.087,58.990,46.197
82.076,73.090,58.951,46.131
81.980,72.653,58.895,45.965
81.648,71.581,58.749,45.852
81.743,72.505,58.706,45.465
82.262,71.650,58.504,45.245
82.044,72.214,58.338,45.015
81.969,72.721,58.364,44.740
82.104,78.654,60.866,42.354
81.643,78.785,62.627,40.670
78.756,80.028,63.897,39.368
77.983,79.344,64.690,38.641
77.963,79.074,65.038,38.414
79.341,76.979,63.432,39.994
78.271,77.940,64.110,39.485
79.261,76.800,62.967,40.712
81.137,76.736,61.782,41.796
80.322,76.102,60.948,42.692
79.859,81.513,61.883,41.821
81.265,79.797,60.768,42.665
82.152,78.493,60.318,43.066
82.110,78.407,59.612,43.552
81.758,79.178,60.786,42.317
81.675,79.899,61.623,41.500
81.788,78.290,60.534,42.538
81.059,77.988,61.532,41.632
80.372,78.121,62.300,40.855
81.209,76.402,61.333,41.680
82.244,76.924,60.130,42.692
82.836,77.724,59.055,43.514
83.495,77.773,58.474,43.875
82.566,78.849,57.675,44.380
82.626,78.992,57.671,44.386
84.335,79.952,57.475,44.422
84.030,78.940,57.149,44.616
83.203,79.840,58.930,42.821
83.941,79.967,60.345,41.285
83.208,80.216,61.293,40.026
82.494,80.466,61.897,39.334
83.468,80.968,62.155,38.804
82.098,81.382,62.573,38.181
81.099,81.401,62.964,37.709
82.300,81.351,62.824,37.625
80.489,82.593,63.331,36.991
78.236,83.528,63.625,36.421
75.992,84.496,63.279,36.017
78.202,83.249,63.072,36.159
77.850,83.316,62.719,36.149
77.509,83.398,62.202,36.455
78.833,83.335,61.667,36.994
79.398,81.828,59.816,38.807
80.033,82.849,58.254,40.071
81.852,81.390,57.036,40.955
81.443,80.734,56.621,41.521
81.031,79.868,55.981,42.110
81.558,79.217,55.393,42.434
81.764,79.015,55.345,42.634
82.398,79.437,55.121,42.786
81.680,78.682,55.127,43.067
81.159,79.340,55.073,43.382
81.806,78.673,55.094,43.672
81.852,78.519,55.175,43.542
81.456,77.984,55.340,43.550
81.245,77.590,55.184,43.601
81.524,77.759,55.154,43.523
81.476,77.558,55.028,43.355
81.722,77.717,54.809,43.532
80.969,78.293,54.436,43.701
80.947,78.594,54.117,43.844
81.328,79.548,53.994,43.758
81.747,79.911,54.436,43.353
81.350,79.448,54.983,42.817
82.248,80.199,56.473,41.178
80.477,80.549,57.714,39.965
80.578,80.241,57.466,40.215
80.878,80.873,58.594,39.069
82.086,81.377,59.176,38.418
81.005,81.207,58.199,39.363
81.368,81.232,57.721,39.896
81.749,79.644,57.787,40.224
82.034,80.511,58.912,39.268
83.282,79.723,58.634,39.834
82.973,80.038,59.673,38.970
82.986,79.959,60.440,38.362
82.142,79.522,61.020,38.008
84.245,79.300,61.044,37.979
82.540,79.770,60.808,37.888
86.226,79.311,60.624,38.049
84.897,79.081,60.562,38.039
85.786,79.096,59.676,38.951
86.401,78.530,59.210,39.529
87.488,77.291,58.648,40.142
87.645,77.514,58.284,40.631
88.736,78.096,57.806,41.159
88.411,76.491,57.628,41.508
90.378,76.793,57.484,41.711
90.150,75.790,57.277,41.994
90.751,75.276,57.242,42.030
90.361,76.267,57.372,42.115
91.787,76.534,56.903,42.497
90.820,76.778,56.924,42.577
92.425,77.184,56.864,42.676
91.948,77.662,56.550,42.854
92.349,76.939,57.099,42.341
93.392,77.498,56.771,42.523
92.977,78.295,56.804,42.600
93.555,78.592,56.559,42.635
94.182,78.350,56.501,42.518
94.133,78.402,56.078,42.765
95.464,77.806,56.262,42.680
96.161,78.962,56.083,42.706
95.537,78.511,56.255,42.385
95.739,78.265,56.158,42.186
97.083,79.036,55.870,42.033
96.244,79.469,55.636,42.052
97.310,80.168,55.723,41.840
96.800,81.257,55.683,41.713
97.760,82.188,55.917,41.338
97.126,82.932,56.166,41.118
97.060,81.986,56.251,40.844
97.954,82.311,55.715,40.977
97.501,80.816,54.885,41.304
98.971,81.549,55.068,41.131
99.066,81.331,55.023,40.961
99.247,81.103,55.284,40.835
98.383,80.556,56.126,40.531
99.078,80.655,56.562,40.553
99.869,80.065,56.828,40.572
100.000,79.119,57.157,40.686
101.355,79.966,56.799,40.854
101.424,80.354,56.287,41.240
102.509,80.400,56.819,41.106
102.849,79.923,56.718,41.038
104.261,78.892,56.552,41.181
104.712,78.201,56.943,41.163
106.017,76.783,57.262,41.241
106.486,77.196,57.216,41.499
108.279,76.758,57.295,41.643
109.261,75.520,57.537,41.670
109.401,75.184,57.441,41.964
109.296,74.515,57.293,42.306
111.495,75.478,57.344,42.486
112.446,75.573,57.025,42.813
113.340,76.658,56.907,42.990
114.390,77.160,56.375,43.151
115.169,77.387,55.746,43.387
117.070,77.807,55.349,43.283
117.365,77.664,55.187,43.051
120.087,77.418,55.146,42.861
121.298,76.303,55.012,42.724
121.459,76.471,54.831,42.763
123.431,75.755,54.953,42.702
125.417,75.378,54.903,42.346
125.929,75.745,54.873,42.302
126.455,74.803,55.146,41.934
128.814,75.634,55.319,41.959
129.449,73.468,55.448,41.859
130.620,73.478,55.046,42.175
131.843,73.435,54.829,42.275
133.244,73.264,54.409,42.560
134.633,76.949,54.843,42.181
135.586,75.707,54.867,42.037
137.344,74.820,54.931,41.847
137.813,74.271,54.316,42.077
140.618,74.471,53.810,42.466
141.786,73.800,53.772,42.553
142.337,73.567,53.734,42.465
143.811,74.108,53.643,42.394
145.682,73.329,53.691,42.352
145.560,74.051,53.662,42.280
147.496,75.377,53.316,42.338
148.856,75.379,53.220,42.286
148.966,75.606,53.229,42.012
149.713,74.868,53.506,41.889
151.346,75.494,53.581,41.825
151.632,74.809,53.913,41.626
153.473,74.607,53.713,41.912
154.852,74.412,53.732,42.062
154.254,76.328,53.901,42.009
156.022,76.405,54.100,41.936
157.075,76.358,54.262,42.055
158.053,77.280,54.533,42.012
158.768,77.684,54.906,41.982
160.392,79.381,54.745,42.210
160.581,79.109,54.625,42.321
161.981,82.420,54.958,42.035
163.153,81.278,55.300,41.876
164.153,82.484,56.743,40.393
166.476,81.220,56.280,40.703
166.062,80.073,56.193,40.897
167.311,80.005,56.136,41.177
168.516,80.081,56.174,41.449
168.923,78.814,55.588,41.936
170.442,81.785,55.752,41.541
170.174,79.381,55.759,41.469
170.714,79.182,55.721,41.714
172.173,78.427,55.805,41.920
172.145,84.137,56.896,40.314
172.576,83.634,57.998,39.104
171.754,83.226,58.672,38.194
173.806,82.669,59.008,37.579
173.965,82.565,59.288,36.972
172.486,79.216,58.231,37.985
173.747,77.889,57.313,39.104
175.845,77.449,56.391,40.049
176.021,76.652,55.866,40.861
176.981,75.943,55.434,41.696
178.325,75.412,54.961,42.280
179.854,75.486,54.982,42.492
178.636,75.747,55.144,42.503
180.212,75.457,55.151,42.812
178.957,76.045,55.167,43.024
180.534,76.150,55.270,43.186
180.222,76.543,55.205,43.459
180.634,76.555,55.431,43.696
181.484,76.161,55.668,43.556
181.839,76.341,55.943,43.461
181.664,76.219,56.362,43.434
182.207,76.105,56.581,43.449
183.260,75.764,56.689,43.311
182.881,75.427,56.773,43.503
184.156,74.997,56.662,43.476
184.237,75.863,57.046,43.533
184.511,75.445,56.944,43.622
186.602,74.998,56.767,43.614
186.620,75.565,56.937,43.509
187.192,75.262,56.907,43.470
187.024,75.169,57.381,43.378
186.754,74.570,57.475,43.367
187.189,77.886,57.970,42.935
187.109,78.348,58.075,42.768
187.798,79.014,59.163,41.390
187.356,78.298,58.843,41.749
187.807,77.207,58.872,41.860
187.348,77.664,58.723,42.065
188.432,76.599,58.571,42.094
189.421,77.453,58.522,42.079
190.716,77.155,58.413,42.321
190.619,76.350,58.193,42.588
191.022,77.191,58.310,42.437
191.650,77.431,58.178,42.351
191.210,78.060,58.318,42.329
192.134,77.796,58.459,42.182
192.926,78.963,59.885,40.895
193.063,79.209,60.811,39.830
192.946,76.966,60.440,40.243
193.356,77.500,60.944,39.479
193.424,78.149,61.298,38.849
194.595,79.078,61.815,38.162
193.098,78.352,61.844,37.916
194.790,79.074,61.833,37.448
192.052,79.392,62.198,36.967
194.544,79.507,62.139,36.913
193.447,80.280,61.940,36.783
194.991,79.829,61.649,36.730
193.619,79.937,61.680,36.536
195.847,79.468,61.387,36.692
194.748,79.226,61.821,36.467
194.756,79.283,61.828,36.303
197.292,78.797,61.755,36.291
194.247,78.409,61.630,36.137
194.824,78.287,61.758,36.176
196.304,77.828,61.779,36.065
193.965,77.578,61.818,36.011
193.896,77.197,61.815,36.081
193.695,76.347,61.677,36.249
193.184,76.419,61.644,36.299
191.147,76.030,61.781,36.345
192.904,75.854,61.473,36.533
192.448,75.753,61.574,36.553
191.625,75.933,61.660,36.449
190.787,75.982,61.707,36.591
190.506,75.989,61.791,36.670
191.229,76.286,61.720,36.687
188.422,75.709,61.854,36.603
190.307,74.527,60.518,38.062
188.881,74.609,60.779,37.872
190.578,78.811,60.902,37.798
187.814,77.331,61.543,37.570
188.671,76.323,61.549,37.568
186.870,76.121,62.004,37.209
187.300,75.501,62.051,37.266
187.737,75.865,61.946,37.229
186.913,76.250,61.937,37.194
186.019,76.590,62.309,36.957
186.064,77.021,62.408,36.862
184.887,77.415,62.631,36.532
185.536,78.000,62.052,36.790
185.074,77.607,62.009,36.621
185.307,76.762,61.805,36.537
185.205,77.256,62.058,36.341
184.820,76.868,62.211,36.191
182.994,77.315,62.272,36.265
184.428,78.082,62.540,36.156
183.066,78.154,62.334,36.095
185.243,77.988,62.359,36.109
182.866,77.611,62.395,35.968
183.711,77.630,62.740,35.811
182.307,77.501,63.235,35.546
181.974,77.155,63.315,35.532
180.771,77.230,63.247,35.491
181.296,76.817,63.204,35.491
179.681,78.447,63.437,35.255
181.272,78.472,63.253,35.284
179.367,78.330,63.423,35.061
178.986,78.105,62.943,35.444
179.869,77.904,63.085,35.343
178.709,78.421,63.191,34.975
178.859,78.358,63.014,34.884
179.607,78.086,62.748,34.685
178.432,78.204,62.452,34.640
179.214,77.509,62.216,34.899
178.775,78.205,62.300,34.767
179.617,78.047,62.199,34.719
178.700,77.674,61.984,34.754
178.305,78.269,61.759,34.784
179.847,78.226,61.634,34.813
177.470,78.739,61.788,34.576
178.124,78.349,61.847,34.706
178.853,78.454,61.471,35.037
177.716,78.368,61.749,34.915
177.802,77.380,61.674,35.040
178.976,77.215,61.810,34.983
177.879,77.323,62.268,34.750
178.387,76.920,62.300,34.937
177.937,76.721,62.425,34.979
178.544,76.546,62.517,35.069
178.440,76.296,62.196,35.322
176.912,76.200,62.304,35.264
178.286,76.869,62.641,35.186
177.375,77.159,63.004,35.035
178.662,76.967,62.618,35.507
178.581,77.224,62.794,35.455
178.569,76.139,62.294,35.914
179.218,75.968,62.375,35.865
178.840,75.975,62.571,35.766
180.426,75.454,62.436,35.956
178.136,75.758,62.734,35.694
180.041,76.008,62.697,35.845
179.760,75.877,63.078,35.683
179.517,75.885,63.324,35.727
177.632,75.529,63.537,36.033
179.913,74.801,63.562,36.370
181.470,74.757,63.676,36.391
179.131,73.937,63.951,36.220
180.858,72.910,63.851,36.534
178.973,72.107,64.076,36.623
180.518,71.351,64.096,36.914
180.315,71.209,64.202,36.923
181.101,71.199,63.854,37.269
180.752,71.216,64.077,36.913
181.600,71.510,64.006,37.097
179.899,71.275,64.126,37.121
180.379,71.379,64.466,36.906
181.075,72.628,64.452,36.923
180.585,72.698,64.851,36.567
181.552,73.675,64.684,36.630
180.481,74.078,64.961,36.456
180.258,74.164,65.140,36.249
180.763,74.411,65.249,36.143
181.953,74.466,64.623,36.321
180.803,74.102,63.944,36.517
181.457,74.452,63.788,36.513
181.368,74.684,63.949,36.310
182.587,74.594,63.569,36.467
183.111,74.294,62.983,36.756
182.809,73.901,63.122,36.494
183.269,74.340,62.973,36.436
183.228,74.151,63.080,36.085
184.243,73.931,62.747,36.171
182.726,73.972,62.966,35.847
183.112,74.270,63.063,35.544
182.335,74.060,62.922,35.402
182.956,74.046,62.882,35.477
183.738,73.338,62.902,35.411
184.603,72.299,62.357,35.656
185.095,71.878,62.284,35.588
183.851,71.572,62.471,35.381
185.842,70.258,62.273,35.779
183.356,70.193,62.699,35.246
186.089,69.875,62.158,35.701
185.010,69.085,61.876,35.825
184.730,68.469,61.950,35.725
183.853,68.244,62.227,35.663
184.665,68.253,62.176,35.728
184.361,68.060,62.136,35.868
183.187,68.035,62.676,35.667
183.312,67.593,62.693,35.894
182.083,67.324,62.952,35.915
184.259,66.791,62.720,36.401
183.026,66.575,62.672,36.508
183.354,67.121,63.002,36.321
184.376,67.235,62.701,36.334
183.286,67.674,62.448,36.118
184.536,67.779,61.906,36.353
182.558,68.258,61.929,36.104
184.394,68.573,62.018,36.013
183.251,68.675,62.033,35.890
183.152,69.032,62.050,35.841
184.039,69.489,61.657,35.934
181.889,69.763,61.929,35.727
182.970,70.400,62.186,35.775
181.353,70.423,62.317,35.728
182.386,70.737,62.277,35.781
183.292,71.986,62.415,35.410
181.967,72.435,62.151,35.461
182.436,71.307,61.969,35.777
182.447,70.881,61.958,35.690
181.887,70.349,62.250,35.628
182.081,69.886,62.303,35.798
180.814,69.912,62.462,35.699
180.935,70.173,62.465,35.670
180.898,70.065,63.025,35.416
179.989,69.903,63.271,35.409
181.424,69.498,63.071,35.641
181.273,70.444,62.770,35.697
179.542,70.243,63.353,35.482
182.020,70.053,63.010,35.711
180.367,69.794,63.022,35.668
180.374,68.993,63.027,35.968
181.143,70.178,63.011,35.735
179.028,69.525,63.028,35.865
179.812,70.564,63.295,35.840
178.881,70.293,63.516,35.807
179.281,70.298,63.329,36.047
179.187,70.913,63.640,35.777
179.683,71.920,64.028,35.518
177.541,71.767,64.364,35.367
178.746,72.658,64.257,35.690
179.182,73.449,63.978,35.883
179.030,73.391,64.078,35.930
178.990,73.369,64.224,35.851
178.252,73.298,64.123,35.916
178.748,73.198,63.375,36.286
178.583,73.095,63.104,36.359
179.134,72.818,62.854,36.515
178.402,73.152,62.627,36.588
177.554,73.545,62.647,36.444
178.709,74.192,62.313,36.775
178.963,73.823,62.458,36.722
178.585,74.203,62.357,36.856
178.395,74.448,62.052,36.980
177.835,75.174,61.912,37.121
178.143,75.744,62.540,36.805
179.245,75.845,62.444,36.983
179.743,76.373,62.287,36.911
177.148,76.850,62.603,36.739
177.645,77.836,62.417,36.928
178.698,81.984,62.086,37.147
176.398,80.954,62.152,37.154
176.748,79.496,61.758,37.390
178.411,78.346,61.308,37.748
177.681,77.516,61.721,37.494
178.108,76.147,61.666,37.676
178.275,74.459,61.733,37.819
178.744,74.088,61.966,37.584
178.804,74.195,61.729,37.527
178.649,74.706,61.814,37.553
176.868,75.708,61.939,37.359
178.294,75.956,62.476,37.105
180.312,80.992,62.580,36.974
177.931,79.934,63.052,36.819
179.146,79.318,63.352,36.567
177.550,78.457,63.397,36.465
178.551,77.853,63.786,36.266
178.518,77.317,63.632,36.412
178.962,76.798,63.836,36.185
179.104,76.496,63.838,36.120
179.576,76.515,63.992,36.068
178.426,76.986,63.704,36.032
180.147,77.562,64.018,35.825
179.452,77.341,64.066,35.756
179.162,77.495,63.704,35.787
179.569,77.260,63.540,35.890
179.215,76.766,63.629,36.061
180.839,76.735,63.744,35.924
178.902,76.638,63.969,35.672
180.705,76.702,63.665,35.810
180.193,77.850,63.812,35.572
179.975,78.111,63.522,35.541
179.897,79.167,63.635,35.487
180.427,78.393,63.318,35.832
179.507,77.533,63.450,35.944
180.998,77.539,63.663,35.933
179.494,77.766,63.620,36.105
180.767,77.057,63.352,36.352
181.463,78.156,63.563,36.148
181.902,77.694,63.232,36.375
180.406,77.894,63.385,36.279
182.014,77.954,63.414,36.292
182.710,78.120,63.504,36.259
181.325,78.653,63.182,36.402
182.189,77.765,63.036,36.728
183.378,77.460,62.787,36.746
181.868,77.305,63.118,36.667
182.184,76.609,62.928,36.929
183.669,75.438,62.845,37.001
183.660,75.317,62.955,37.009
183.613,75.707,63.422,36.629
183.880,75.819,63.653,36.597
183.590,75.863,63.948,36.518
184.786,75.420,64.005,36.643
183.179,74.587,64.222,36.680
184.521,74.113,64.402,36.672
184.280,74.670,64.515,36.816
185.601,74.504,64.803,36.789
184.616,74.074,65.310,36.795
185.131,74.837,65.705,36.597
185.865,75.049,65.720,36.834
185.560,75.021,65.680,36.764
185.460,74.715,65.695,36.913
186.603,74.803,65.700,37.060
185.634,74.785,65.555,37.331
186.562,74.416,65.444,37.577
185.563,73.951,65.745,37.631
185.828,74.527,66.269,37.445
186.098,79.016,66.433,37.521
187.302,78.089,66.502,37.544
186.064,77.439,66.915,37.462
185.923,76.938,67.232,37.360
187.556,76.439,67.196,37.305
186.709,76.763,67.347,37.273
187.967,76.380,67.445,37.439
187.073,77.160,67.628,37.411
188.640,76.928,67.808,37.368
188.198,77.375,67.856,37.443
187.023,77.685,68.328,37.409
187.907,78.164,68.774,37.276
188.026,77.891,68.794,37.600
190.690,78.184,68.671,37.838
188.696,77.904,68.828,37.991
190.485,77.921,68.976,38.105
189.470,77.783,69.132,38.102
189.593,78.436,69.449,38.126
190.918,78.179,69.680,38.249
188.885,77.597,70.090,38.374
191.134,77.534,70.219,38.690
192.442,77.398,70.004,39.054
191.343,76.879,70.113,39.365
192.471,77.807,70.482,39.345
191.779,78.064,70.618,39.553
192.217,78.316,70.931,39.573
193.487,78.344,71.312,39.682
