164.000,121.000,27.000,24.000
164.129,121.817,27.242,23.315
165.862,122.567,28.760,21.745
164.856,123.172,29.821,20.579
164.085,123.369,30.620,19.672
164.966,122.840,29.801,20.190
165.889,121.997,29.065,20.773
166.358,122.052,28.554,20.934
166.411,122.587,28.300,21.004
166.780,122.699,28.113,21.037
166.302,122.859,28.082,21.018
166.929,122.983,27.883,21.053
167.959,122.306,27.742,21.077
167.578,124.848,28.804,20.001
168.322,124.000,28.241,20.452
168.795,123.431,27.988,20.721
168.663,122.585,27.636,21.069
168.574,122.870,27.828,20.953
169.183,123.245,27.827,20.970
169.904,122.357,27.531,21.175
170.137,122.394,27.549,21.114
170.580,122.890,27.614,20.951
171.171,123.207,27.511,20.950
171.544,123.982,28.450,19.844
171.537,124.411,29.234,19.018
171.091,124.571,29.838,18.373
170.324,124.810,30.457,17.886
170.914,123.804,29.478,18.679
170.286,123.596,29.824,18.286
169.983,122.876,30.091,18.010
170.834,122.848,30.311,17.884
170.074,123.377,30.826,17.496
169.803,125.424,30.878,17.418
169.512,125.228,30.854,17.374
169.928,125.233,30.573,17.541
168.922,125.381,30.724,17.460
169.267,125.153,29.673,18.378
169.405,125.466,30.110,18.041
167.928,124.962,30.281,17.877
168.303,123.830,29.401,18.606
168.203,123.987,29.930,18.153
168.670,124.171,30.221,17.872
167.713,124.396,30.550,17.520
168.196,125.606,29.670,18.446
168.060,126.381,30.214,17.991
168.440,128.848,30.494,17.735
168.519,128.368,30.781,17.560
168.048,128.165,30.901,17.422
167.645,128.143,30.968,17.316
167.674,127.727,31.142,17.222
167.660,127.718,31.228,17.118
166.747,127.934,31.498,16.954
167.295,127.642,31.504,17.017
166.814,127.251,31.479,17.054
166.430,126.986,31.480,16.993
166.934,126.986,31.682,16.960
166.408,126.755,31.593,17.116
166.080,126.918,31.886,16.944
166.482,128.826,31.873,16.980
166.864,128.294,31.879,17.018
167.025,128.293,31.903,17.026
166.915,127.843,31.852,17.030
166.331,128.058,31.862,17.026
165.806,127.824,31.912,17.038
166.355,127.339,31.816,17.154
166.269,126.990,31.946,17.175
166.950,126.740,31.699,17.229
166.867,126.088,31.802,17.236
166.274,125.796,31.733,17.226
166.372,125.923,32.009,17.026
166.512,125.747,32.134,16.961
166.599,125.961,32.047,16.995
167.174,126.670,32.114,16.964
165.651,128.866,32.350,16.919
165.454,128.486,32.639,16.776
165.877,127.716,32.421,16.988
165.692,127.526,32.454,16.981
165.954,127.302,32.376,17.026
166.821,129.221,32.328,16.937
166.583,127.977,32.288,16.989
166.573,127.265,31.940,17.158
166.628,126.909,31.831,17.225
166.431,126.864,31.837,17.106
167.003,128.812,31.715,17.141
167.802,127.787,31.590,17.091
167.380,126.843,31.483,17.161
167.876,128.878,31.672,17.018
167.291,127.790,31.607,17.085
167.577,127.764,31.735,16.982
168.786,126.170,30.676,18.038
166.164,126.831,31.031,17.602
168.926,128.973,31.214,17.378
168.725,128.221,31.364,17.224
169.974,125.960,30.385,17.987
171.073,124.840,29.448,19.010
171.569,123.983,28.857,19.783
171.681,126.019,28.502,20.214
171.930,125.091,28.397,20.590
171.600,127.930,29.167,19.759
171.654,127.506,29.829,19.182
172.072,126.941,30.290,18.733
171.959,126.238,29.725,19.430
172.086,126.393,30.399,18.884
172.450,126.613,30.834,18.522
171.868,126.873,31.176,18.151
172.514,129.284,31.231,17.935
172.745,128.900,31.509,17.649
172.015,128.395,31.901,17.287
173.150,127.520,31.848,17.383
173.216,127.081,31.733,17.443
173.266,126.650,31.652,17.485
172.957,126.772,31.719,17.349
172.305,126.849,31.484,17.419
173.633,127.051,31.392,17.411
172.823,127.072,31.311,17.416
172.548,129.494,31.400,17.124
173.733,128.720,31.393,16.945
172.819,128.668,31.547,16.823
172.557,128.586,31.388,16.972
172.752,127.673,30.428,18.019
172.976,127.780,30.827,17.733
173.201,127.788,31.179,17.478
173.539,127.231,31.231,17.378
172.353,126.900,31.180,17.316
171.960,126.907,31.535,17.174
172.051,127.143,31.845,16.989
172.448,127.223,32.338,16.757
171.704,127.155,32.613,16.663
172.139,129.382,32.145,16.924
171.126,129.422,32.320,16.880
170.868,128.968,32.426,16.995
170.311,129.137,32.828,16.787
170.050,129.220,32.994,16.736
170.863,129.075,32.954,16.837
171.734,128.623,33.012,16.733
171.397,128.447,32.885,16.755
171.014,127.710,32.829,16.759
171.178,127.203,32.714,16.865
170.964,126.945,32.763,16.913
171.098,126.706,32.516,17.153
171.454,126.509,32.499,17.195
172.183,128.749,32.405,17.175
171.137,127.772,32.414,17.191
171.669,126.494,32.285,17.354
170.973,125.921,32.565,17.276
170.266,125.405,32.466,17.445
170.834,124.853,32.483,17.426
170.113,124.531,32.731,17.373
170.870,124.376,32.405,17.605
171.407,124.112,32.198,17.594
171.590,126.202,32.219,17.645
170.497,125.247,32.371,17.514
171.395,124.917,32.373,17.674
170.720,125.010,32.335,17.703
169.930,126.934,32.443,17.609
171.049,126.425,32.187,17.694
169.771,126.789,32.358,17.562
170.299,127.225,32.236,17.580
169.817,127.271,32.235,17.530
170.135,127.349,32.487,17.304
169.945,127.342,32.598,17.191
169.530,127.237,32.801,16.987
170.189,127.306,32.852,16.975
170.063,127.139,32.840,17.039
169.780,127.017,32.891,17.043
169.341,126.797,32.958,17.046
170.403,126.944,33.070,17.001
169.871,127.055,32.945,17.049
169.580,129.803,32.873,17.159
169.417,129.796,32.639,17.243
169.913,129.456,32.644,17.195
168.979,129.367,32.389,17.219
169.148,128.645,32.356,17.153
169.588,128.233,32.429,17.088
169.515,130.512,32.523,16.906
168.470,129.746,32.730,16.756
168.611,129.028,32.687,16.667
168.409,128.479,32.588,16.713
168.140,127.683,32.676,16.603
167.986,127.134,32.706,16.617
168.462,126.265,32.352,16.862
168.593,126.092,32.251,16.911
168.039,125.828,32.335,16.840
168.438,125.621,32.203,16.981
167.913,125.168,32.352,16.986
168.102,124.915,32.307,17.052
167.874,127.282,32.212,17.075
167.900,126.559,32.233,17.094
167.648,125.860,32.311,17.065
167.030,125.384,32.584,16.885
167.182,124.649,32.523,17.061
166.095,124.411,32.590,16.945
166.586,124.096,32.533,16.985
165.793,123.698,32.726,16.916
165.851,123.016,32.748,16.820
165.603,122.760,32.820,16.859
164.831,122.833,33.015,16.656
164.585,125.099,32.847,16.605
164.594,124.202,32.775,16.683
164.484,123.487,32.565,16.863
163.649,122.736,32.754,16.841
163.369,121.740,32.572,16.909
162.997,121.083,32.638,16.833
162.668,120.700,32.865,16.802
162.423,120.610,32.882,16.795
162.507,120.419,32.828,16.831
162.274,120.439,32.675,16.863
161.495,120.771,32.683,16.823
162.353,123.184,32.454,16.915
160.928,122.493,32.506,16.901
161.103,122.437,32.320,16.988
161.801,122.593,32.300,17.011
162.452,124.885,32.316,16.928
161.833,124.689,32.302,16.977
163.041,126.856,32.088,17.025
162.135,126.437,32.107,17.094
161.923,126.542,32.274,16.975
161.818,128.859,32.344,17.036
161.281,128.455,32.503,17.018
160.239,128.021,32.537,17.031
160.466,128.078,32.589,17.086
159.900,127.692,32.778,17.151
159.667,126.744,32.656,17.263
160.113,125.901,32.758,17.302
159.025,125.748,32.933,17.269
159.566,125.566,32.918,17.290
159.266,123.822,32.032,18.410
159.067,126.167,32.214,18.210
158.801,125.588,32.500,17.934
158.755,125.308,32.819,17.828
159.333,123.550,31.814,18.842
158.328,123.278,32.214,18.489
158.607,123.247,32.770,18.090
159.024,125.293,32.866,17.989
158.619,124.688,33.090,17.787
158.429,124.213,33.226,17.778
159.217,123.200,32.364,18.672
159.138,123.444,32.861,18.277
159.778,122.344,31.989,19.056
159.096,122.012,32.544,18.687
160.055,121.480,33.336,18.204
158.468,123.633,33.467,18.026
158.972,122.934,33.427,17.992
158.682,122.464,33.613,17.806
159.603,122.033,33.872,17.662
159.872,121.784,33.566,17.817
158.826,121.550,33.824,17.675
159.375,123.697,33.577,17.741
159.979,120.053,33.635,17.655
159.772,119.602,33.871,17.558
159.963,119.884,34.146,17.364
160.240,119.486,34.148,17.298
160.578,119.504,34.071,17.307
159.670,121.586,33.883,17.444
160.520,120.943,33.858,17.343
160.767,120.663,34.050,17.150
161.389,120.869,34.008,17.127
160.900,120.950,33.633,17.322
161.463,123.543,33.519,17.331
162.466,122.666,33.424,17.298
162.512,122.067,33.550,17.251
161.827,121.319,33.679,17.138
161.516,121.197,33.668,17.094
161.725,121.025,33.724,17.119
161.883,121.230,33.999,16.993
162.941,120.747,34.250,16.856
162.302,120.273,34.421,16.828
162.551,122.723,34.236,16.898
163.041,122.096,34.167,16.923
163.337,121.435,34.202,16.913
163.472,121.674,34.176,16.924
165.327,121.301,34.142,16.867
163.864,121.324,34.209,16.836
164.695,121.144,34.319,16.815
165.543,121.350,33.985,16.988
165.036,121.377,34.017,16.984
165.118,123.630,33.901,16.995
165.500,122.965,33.899,16.989
166.351,122.514,33.796,17.013
166.348,122.671,33.459,17.163
166.538,122.712,33.484,17.196
167.973,122.015,33.682,17.141
168.394,121.441,33.563,17.374
167.484,121.468,33.866,17.227
167.327,121.695,34.024,17.251
167.452,124.168,33.702,17.343
168.169,124.207,33.443,17.398
169.122,123.844,33.172,17.353
168.887,123.843,33.548,17.214
169.244,123.301,33.372,17.343
169.721,122.767,33.441,17.286
170.131,122.811,33.479,17.301
170.020,122.899,33.527,17.375
170.747,123.028,33.480,17.406
170.778,123.117,33.609,17.378
170.672,123.296,33.617,17.392
171.704,123.559,33.843,17.313
171.889,123.522,33.931,17.274
171.453,123.154,33.874,17.396
171.822,122.638,33.762,17.488
171.919,122.170,33.631,17.474
172.348,122.109,33.708,17.477
171.853,122.054,33.807,17.440
172.264,122.030,33.923,17.343
171.792,124.710,33.732,17.375
171.614,124.223,33.529,17.468
171.512,123.836,33.608,17.596
172.162,124.204,33.593,17.525
172.049,126.461,33.468,17.610
172.580,125.595,33.124,17.716
171.967,124.850,33.126,17.755
172.427,124.570,33.222,17.658
171.532,124.443,33.296,17.568
171.355,124.324,33.363,17.520
172.486,124.222,33.240,17.641
171.893,124.319,33.274,17.504
172.222,124.212,33.275,17.459
172.349,123.769,33.330,17.491
172.062,126.629,33.547,17.339
172.415,126.178,33.465,17.351
171.722,128.506,33.514,17.228
171.451,127.730,33.292,17.203
173.049,126.960,33.388,17.090
171.618,126.318,33.536,17.087
171.185,125.406,33.326,17.266
171.378,127.848,32.995,17.351
171.810,126.787,32.766,17.372
172.549,126.112,32.580,17.409
172.442,125.464,32.699,17.270
172.107,124.666,32.723,17.227
171.558,124.483,32.498,17.410
172.617,123.258,31.420,18.446
171.691,123.383,31.851,18.148
171.513,125.743,32.227,17.806
171.224,125.277,32.299,17.652
170.344,125.117,32.501,17.618
170.584,123.684,31.675,18.591
170.827,123.684,31.700,18.484
170.271,126.209,32.173,18.169
170.544,126.220,32.431,17.965
168.837,126.159,32.627,17.789
168.978,125.987,32.823,17.617
168.440,128.055,32.862,17.666
167.802,127.023,32.920,17.479
168.012,126.260,32.978,17.395
167.120,126.004,33.143,17.297
166.441,125.349,33.191,17.308
166.093,125.240,33.137,17.336
165.248,127.484,33.169,17.163
164.821,127.325,33.292,17.090
164.207,126.978,33.386,17.092
163.916,126.677,33.331,17.083
162.645,126.347,33.249,17.171
163.125,126.082,33.255,17.161
162.094,125.959,33.267,17.174
161.514,125.823,33.336,17.125
161.728,127.849,33.192,17.215
161.817,126.958,32.993,17.227
161.729,126.891,33.068,17.166
162.487,126.727,32.986,17.164
162.230,126.439,32.969,17.118
162.068,126.207,33.198,16.986
161.893,125.919,33.076,17.019
160.928,125.670,33.141,16.982
160.862,127.802,33.133,17.096
160.546,126.785,32.952,17.091
161.207,125.740,32.641,17.245
160.670,125.138,32.704,17.200
161.075,125.015,32.702,17.206
161.832,124.752,32.591,17.270
161.034,124.603,32.595,17.327
161.846,124.451,32.509,17.369
161.446,124.347,32.646,17.310
162.229,124.483,32.590,17.406
162.551,124.481,32.580,17.439
162.441,124.244,32.733,17.387
162.255,126.542,32.774,17.303
162.730,125.861,32.472,17.461
162.666,125.364,32.549,17.439
162.537,124.676,32.763,17.401
162.593,124.307,32.753,17.419
162.392,126.454,32.819,17.406
162.464,125.602,32.859,17.478
161.800,125.715,33.060,17.333
162.831,125.650,32.829,17.462
162.700,125.746,32.946,17.450
163.454,125.751,32.999,17.472
163.317,125.904,33.430,17.334
163.093,125.925,33.550,17.354
163.209,125.931,33.467,17.442
163.697,125.296,33.529,17.503
163.115,124.697,33.664,17.599
163.427,124.675,33.561,17.634
163.180,125.039,33.544,17.602
163.583,124.887,33.551,17.725
163.664,125.020,33.780,17.569
163.506,124.925,33.863,17.630
164.745,124.998,33.734,17.767
163.003,124.674,34.155,17.659
164.260,127.514,34.058,17.809
163.505,126.464,34.034,17.889
163.902,126.066,34.022,17.987
164.186,125.691,34.009,18.087
163.091,125.412,34.115,18.043
163.993,127.724,33.975,18.056
164.046,127.024,34.122,17.952
163.936,126.780,34.202,17.969
164.308,125.880,34.265,18.043
163.268,125.373,34.358,18.040
164.587,124.703,33.275,19.328
163.497,124.507,33.634,19.132
163.631,124.390,33.814,18.982
163.837,124.392,34.267,18.667
163.527,124.639,34.598,18.543
163.565,124.629,34.516,18.765
163.566,124.509,34.526,18.829
163.168,124.443,34.729,18.772
164.049,124.312,34.766,18.654
164.114,124.259,34.935,18.558
163.928,126.821,35.113,18.485
164.247,126.322,34.923,18.557
163.305,126.203,35.036,18.417
164.777,125.746,35.199,18.355
165.210,125.466,34.947,18.486
164.252,125.053,34.938,18.484
164.216,127.710,34.931,18.523
164.617,126.900,34.800,18.567
164.575,126.462,34.775,18.603
164.372,126.079,34.783,18.565
164.613,125.408,34.824,18.615
164.140,124.973,34.789,18.627
164.003,124.780,34.904,18.607
165.581,127.415,34.942,18.608
164.356,126.913,35.171,18.513
164.601,125.457,34.153,19.511
165.625,124.412,33.260,20.445
164.407,124.302,34.004,20.012
163.609,124.117,34.541,19.661
162.987,124.088,35.002,19.413
162.814,123.887,35.350,19.199
164.459,126.803,35.637,19.141
163.078,126.289,35.917,19.127
163.635,125.274,34.846,20.204
163.328,124.862,35.117,19.956
163.757,123.708,34.444,20.865
162.996,126.688,35.047,20.350
161.830,126.100,35.517,19.946
161.969,125.952,35.758,19.763
161.227,128.361,35.888,19.618
161.123,127.758,35.960,19.494
160.351,127.060,36.196,19.433
161.200,125.877,35.086,20.484
159.895,125.638,35.533,20.133
159.720,125.787,36.078,19.821
159.104,128.463,36.335,19.581
158.041,127.416,36.603,19.427
156.922,126.925,36.609,19.511
157.165,126.911,36.773,19.484
156.304,126.954,37.001,19.310
155.117,126.666,37.142,19.200
154.621,126.321,37.316,19.226
154.842,125.911,37.364,19.266
153.948,125.932,37.563,19.271
154.699,125.699,37.901,19.265
153.096,125.697,38.107,19.162
152.736,128.759,37.956,19.277
151.715,128.058,37.921,19.338
151.185,127.864,38.120,19.274
150.801,127.919,38.156,19.213
150.143,127.780,38.074,19.269
149.456,127.480,38.273,19.213
148.534,129.798,38.273,19.299
147.995,128.820,38.344,19.388
148.044,128.271,38.377,19.540
146.940,127.833,38.331,19.567
148.574,126.853,38.370,19.763
146.910,126.695,38.605,19.687
146.349,126.130,38.569,19.848
145.414,126.004,38.693,19.804
144.722,125.640,38.436,20.055
143.309,125.341,38.655,20.068
142.407,128.314,38.765,20.062
142.398,127.019,38.713,20.146
142.256,126.489,38.633,20.203
141.445,126.029,38.676,20.369
142.145,125.697,38.566,20.587
140.872,128.207,38.954,20.461
139.180,123.384,37.461,21.814
139.358,126.635,37.909,21.460
138.601,126.126,37.992,21.410
137.948,125.380,38.089,21.358
137.772,128.470,38.305,21.118
137.052,127.354,38.488,20.943
136.756,127.023,38.680,20.840
136.607,126.689,38.944,20.746
136.030,126.268,38.903,20.749
135.944,125.817,38.934,20.853
135.847,128.178,39.127,20.753
135.021,127.443,39.184,20.773
133.970,126.479,39.313,20.708
131.744,124.888,38.224,21.688
134.322,124.624,38.753,21.441
134.010,124.333,38.940,21.369
133.082,124.331,39.563,21.075
130.971,127.354,39.612,20.944
130.059,126.116,39.734,20.927
130.555,128.463,39.973,20.854
129.776,127.653,40.319,20.689
130.736,127.099,40.368,20.696
130.238,129.746,40.883,20.366
129.444,128.666,41.360,20.238
129.816,127.503,41.543,20.260
128.702,126.657,41.833,20.263
128.343,129.215,42.054,20.238
127.707,128.343,42.163,20.271
126.992,127.288,42.293,20.275
124.538,126.540,42.240,20.355
124.415,125.734,42.372,20.373
124.452,128.349,42.348,20.484
123.810,127.645,42.564,20.524
123.754,126.896,42.620,20.580
122.169,126.720,42.519,20.711
121.569,126.455,42.669,20.713
121.201,126.482,42.571,20.838
121.098,126.468,42.716,20.947
121.098,126.342,42.887,20.927
121.638,126.191,42.924,20.955
120.511,125.666,42.737,21.168
119.782,125.218,42.982,21.119
119.339,127.894,42.891,21.270
118.844,127.171,42.982,21.273
119.529,129.354,42.881,21.299
118.758,128.161,42.647,21.559
117.629,127.340,42.316,21.722
117.163,126.759,42.347,21.666
116.231,126.882,42.071,21.654
115.878,126.197,42.217,21.578
115.565,125.671,42.408,21.500
115.020,125.079,42.449,21.629
113.191,125.109,42.337,21.642
112.933,124.804,42.396,21.529
112.409,124.647,42.640,21.480
112.041,124.668,42.819,21.408
111.713,124.424,42.920,21.374
111.375,124.180,43.131,21.368
109.851,123.835,43.241,21.472
109.137,123.690,43.515,21.385
108.319,127.151,43.627,21.375
107.911,126.683,43.592,21.460
107.128,126.240,43.604,21.574
107.226,126.025,43.685,21.494
106.167,128.862,43.835,21.478
106.116,128.088,43.866,21.523
105.532,127.457,44.108,21.574
104.236,127.623,44.623,21.368
103.889,126.970,44.486,21.549
103.845,126.464,44.485,21.694
103.704,125.916,44.575,21.757
103.532,125.653,44.673,21.793
103.002,128.321,44.701,21.910
102.542,127.241,44.698,22.066
101.697,126.949,44.843,22.027
101.639,125.939,44.752,22.183
103.496,125.791,45.392,21.887
101.170,125.257,45.718,21.866
100.706,128.496,45.963,21.797
99.492,127.998,46.180,21.722
98.745,127.282,46.146,21.735
98.250,127.159,46.537,21.650
97.589,126.901,46.811,21.581
96.593,126.586,47.255,21.573
96.773,126.190,47.375,21.739
95.975,125.829,47.660,21.792
96.812,125.732,47.857,21.774
96.104,125.172,48.063,21.934
95.638,124.346,47.918,22.205
96.042,123.472,47.776,22.567
96.402,123.831,48.020,22.530
95.580,123.948,48.198,22.583
95.141,124.415,48.460,22.560
95.094,124.036,48.213,22.842
95.696,124.136,48.334,22.962
95.061,124.067,48.433,23.067
94.892,124.340,48.532,23.041
94.632,124.015,48.324,23.392
93.962,123.946,48.161,23.533
95.273,123.164,47.844,23.855
95.382,123.584,48.074,23.766
94.894,123.603,48.144,23.886
94.567,123.948,48.457,23.715
95.117,123.842,48.529,23.795
94.683,123.682,48.455,23.891
95.502,123.052,48.350,24.074
95.105,122.933,48.530,24.060
94.364,122.951,48.727,24.085
94.207,122.842,48.433,24.300
95.021,122.261,48.282,24.556
94.034,121.812,48.279,24.682
94.105,122.140,48.058,24.656
94.177,122.410,47.990,24.801
95.259,122.574,48.093,24.639
94.719,122.777,48.329,24.563
94.552,122.927,48.336,24.552
94.131,123.046,48.508,24.595
94.903,122.436,48.282,24.839
93.166,122.721,48.672,24.677
94.648,122.500,48.573,24.850
93.788,122.624,48.874,24.771
94.838,122.722,48.540,24.979
93.958,122.583,48.506,25.089
94.491,122.454,48.308,25.247
93.491,122.535,48.534,25.118
93.448,122.370,48.387,25.177
93.242,122.227,48.294,25.228
94.806,121.446,47.880,25.447
93.746,121.480,48.087,25.315
93.603,121.432,48.135,25.305
93.719,121.552,48.255,25.223
94.326,121.692,48.386,25.173
93.427,121.569,48.555,25.161
92.221,121.649,48.358,25.242
93.791,121.546,48.219,25.254
92.733,121.223,48.030,25.383
92.915,121.193,47.973,25.400
93.447,120.719,47.645,25.576
93.155,120.804,47.895,25.308
92.756,121.047,47.861,25.286
92.899,121.572,48.088,25.025
93.371,121.922,48.320,24.860
91.954,121.799,48.337,24.878
92.798,122.393,48.295,24.686
92.261,122.256,48.466,24.674
91.966,122.010,48.415,24.728
92.008,121.247,47.935,25.067
92.133,121.659,48.121,24.905
91.522,121.620,48.045,24.820
91.959,121.717,47.899,24.765
91.601,121.696,48.029,24.628
92.482,121.279,47.926,24.753
91.801,121.554,47.892,24.772
91.684,121.824,48.090,24.626
90.903,121.808,48.112,24.566
92.027,121.468,47.842,24.790
91.149,121.742,47.762,24.699
91.944,121.695,47.493,24.853
92.146,122.211,47.656,24.669
91.595,121.553,47.505,24.801
90.858,121.852,47.631,24.732
91.114,121.929,47.620,24.808
92.107,121.540,47.158,24.985
91.734,121.318,47.281,24.959
91.699,124.542,47.303,24.819
91.368,123.694,47.506,24.750
90.880,122.897,47.599,24.741
91.223,122.542,47.560,24.694
90.156,122.785,47.752,24.603
90.296,123.430,47.860,24.368
89.214,123.363,48.122,24.251
88.734,122.930,47.990,24.296
90.388,125.979,47.752,24.439
90.023,125.030,47.598,24.525
91.058,124.360,47.313,24.702
89.900,124.280,47.439,24.669
89.357,123.925,46.967,24.955
89.740,124.349,47.097,24.787
89.129,124.188,47.198,24.902
88.961,126.756,47.000,24.984
88.914,125.345,46.599,25.204
89.843,124.651,46.604,25.181
88.605,124.306,46.733,25.205
88.508,124.216,46.910,25.030
87.679,123.800,46.922,25.057
87.854,123.407,47.186,24.924
87.749,126.646,47.166,24.898
87.183,125.589,46.867,25.133
87.235,125.192,47.061,25.035
86.931,124.881,47.088,25.048
86.089,124.632,47.208,25.053
86.724,124.601,47.247,25.083
86.221,124.215,47.488,25.098
85.264,124.054,47.543,25.109
86.006,124.818,47.538,24.917
84.734,125.176,47.812,24.754
85.077,125.307,47.917,24.595
85.619,125.078,47.818,24.567
85.052,124.706,47.918,24.549
85.688,125.230,47.999,24.466
84.873,128.224,47.603,24.649
84.799,127.638,47.608,24.553
85.946,127.037,47.297,24.651
85.003,126.608,47.431,24.665
84.748,126.851,47.547,24.580
84.474,126.607,47.442,24.548
84.978,126.061,47.140,24.647
84.332,125.564,47.253,24.491
84.525,125.349,47.127,24.541
84.013,125.571,47.108,24.448
84.872,125.622,47.174,24.378
84.386,125.760,47.421,24.234
84.260,125.931,47.594,24.086
83.891,125.864,47.419,24.176
83.488,125.894,47.554,24.083
84.619,128.624,47.377,24.110
84.479,127.713,47.096,24.187
83.972,126.687,46.963,24.190
84.950,125.465,47.020,24.033
85.129,125.011,47.203,23.873
84.880,125.103,47.053,23.840
84.800,124.933,46.810,23.978
84.869,124.880,46.889,23.940
84.948,124.821,46.946,23.912
84.930,124.616,46.995,23.824
85.130,124.206,47.141,23.766
85.302,126.661,46.665,23.947
85.450,124.957,46.674,23.964
84.980,124.589,46.978,23.788
85.102,123.981,47.192,23.667
85.310,123.811,47.250,23.609
85.331,124.092,47.598,23.485
84.472,124.106,47.721,23.467
84.149,124.280,47.676,23.564
85.777,124.052,47.485,23.583
84.827,123.838,47.380,23.733
85.091,123.806,47.509,23.580
85.569,123.816,47.783,23.465
85.123,124.416,48.053,23.426
85.844,124.597,47.902,23.550
86.180,124.497,47.955,23.492
86.545,124.111,47.950,23.447
86.772,123.716,47.953,23.364
86.376,124.042,48.177,23.245
86.564,123.937,48.071,23.340
86.737,123.916,48.162,23.310
87.059,123.579,47.976,23.458
87.784,123.681,48.089,23.409
86.796,123.562,48.095,23.441
87.494,123.851,48.302,23.356
87.526,124.235,48.384,23.264
87.901,124.076,48.418,23.423
88.430,123.952,48.479,23.496
89.083,123.239,48.290,23.621
89.282,123.028,48.171,23.831
87.791,123.228,48.274,23.845
88.360,123.050,48.262,23.923
88.782,123.397,48.535,23.866
88.867,122.974,48.666,23.881
89.462,122.802,48.805,23.922
89.015,125.598,48.768,24.085
90.175,124.883,48.747,24.093
90.717,124.297,48.675,24.240
90.177,123.355,48.834,24.395
90.328,122.848,48.520,24.689
90.501,122.517,48.436,24.809
91.193,125.435,48.283,24.864
90.941,124.623,48.549,24.712
91.485,124.190,48.734,24.694
90.858,123.079,48.678,24.735
90.966,122.651,48.770,24.693
90.415,122.852,49.038,24.554
91.479,126.031,48.881,24.662
91.390,125.215,48.913,24.645
92.070,124.214,48.813,24.680
92.308,123.550,48.891,24.645
92.430,122.756,49.027,24.667
91.486,122.919,49.041,24.687
91.595,123.178,49.188,24.549
91.884,123.417,49.255,24.470
92.058,122.781,49.160,24.590
90.765,122.860,49.251,24.495
92.421,123.289,49.027,24.557
91.906,123.227,48.895,24.606
91.075,123.435,49.039,24.526
91.280,123.124,48.798,24.855
91.819,123.299,48.845,24.867
92.825,122.918,48.576,25.156
93.264,123.172,48.656,25.112
94.015,122.606,48.368,25.252
94.234,125.966,48.469,25.060
94.361,124.899,48.418,25.106
94.204,124.760,48.640,24.908
94.188,123.596,48.801,24.928
93.582,122.737,48.827,25.027
93.533,122.472,48.820,25.073
93.676,122.670,48.775,25.002
93.678,122.423,48.701,25.044
94.486,122.688,48.624,25.100
94.318,123.038,48.694,24.985
94.411,123.031,48.736,25.084
93.718,122.886,48.710,25.256
94.293,123.279,48.606,25.290
95.038,123.520,48.201,25.350
95.377,123.692,48.298,25.298
94.629,123.613,48.334,25.268
95.635,122.988,47.961,25.570
95.658,123.551,48.045,25.414
95.661,123.988,48.252,25.320
96.323,123.989,48.160,25.409
97.336,123.110,48.119,25.508
98.067,122.357,48.051,25.523
96.200,122.621,48.022,25.371
97.150,122.615,47.996,25.360
97.084,122.705,47.876,25.419
96.851,123.066,47.717,25.365
96.745,122.900,47.595,25.323
96.471,122.838,47.447,25.414
95.540,122.804,47.727,25.260
96.259,123.063,47.508,25.303
96.247,122.979,47.534,25.334
95.492,123.009,47.538,25.359
95.984,122.885,47.465,25.301
95.920,122.691,47.465,25.274
95.649,122.874,47.443,25.073
95.841,123.228,47.415,24.910
95.950,123.745,47.391,24.667
95.742,123.407,47.193,24.789
95.459,123.496,47.001,24.860
95.578,123.612,46.784,24.799
95.507,123.579,46.863,24.692
95.561,123.503,46.813,24.619
95.477,123.290,46.725,24.655
94.902,123.344,46.517,24.601
95.341,122.993,46.199,24.681
95.227,122.579,46.070,24.761
95.511,122.168,45.709,24.834
95.795,119.949,44.162,26.358
96.231,120.458,44.508,25.794
95.654,120.573,44.794,25.601
96.191,120.720,45.215,25.225
95.120,120.977,45.152,25.201
94.581,120.916,43.589,26.540
95.900,120.230,42.326,27.740
96.461,118.815,41.639,28.488
97.488,117.990,41.346,28.801
97.173,118.329,41.255,29.027
96.651,117.931,41.448,29.074
96.948,117.774,41.218,29.341
97.677,117.088,41.170,29.608
97.700,117.714,41.245,29.790
97.858,118.618,41.389,29.862
98.069,119.646,41.570,30.039
97.480,119.451,41.679,30.180
97.510,119.778,41.842,30.338
96.825,120.147,42.214,30.489
97.014,118.455,42.165,30.798
96.646,117.731,42.301,31.066
97.288,117.918,42.125,31.580
97.508,118.909,42.163,31.952
97.125,117.958,42.446,32.222
96.167,118.081,42.562,32.607
97.149,118.098,42.489,33.162
96.190,118.113,42.590,33.530
96.702,118.159,42.762,33.640
96.083,117.390,43.165,33.757
95.658,117.952,43.407,33.854
96.061,118.161,43.397,34.218
95.354,117.210,43.348,34.552
95.495,117.259,43.479,34.749
94.932,117.059,43.608,34.952
95.273,117.665,43.593,35.081
94.747,117.076,43.611,35.246
94.893,116.374,43.435,35.464
94.326,116.984,43.512,35.369
95.515,117.002,43.443,35.404
94.961,118.210,43.794,35.248
94.390,117.702,43.715,35.358
94.246,117.035,43.363,35.654
94.885,116.177,43.572,35.416
95.182,115.762,43.527,35.377
94.699,116.178,43.752,35.399
94.984,115.768,43.497,35.620
94.880,115.524,43.479,35.626
94.644,115.664,43.589,35.749
94.962,116.068,43.578,35.861
95.232,116.307,43.549,35.948
94.838,115.717,43.654,35.839
94.213,115.933,43.785,35.795
94.827,116.700,43.986,35.634
94.122,117.070,44.113,35.610
94.539,115.851,43.917,35.774
94.358,115.548,43.790,35.844
94.562,116.776,43.908,35.637
94.665,116.592,43.982,35.584
94.894,115.348,43.689,35.647
94.545,114.895,43.702,35.746
94.715,115.287,43.629,35.730
94.412,116.457,43.643,35.568
94.248,116.660,43.611,35.707
94.292,116.748,43.522,35.856
94.864,117.121,43.647,35.890
94.654,117.023,43.896,36.010
94.571,116.955,44.152,35.948
94.564,116.850,44.158,35.955
94.367,117.616,44.263,36.065
93.971,117.812,44.538,35.949
94.231,117.788,44.395,36.060
93.577,117.959,44.554,36.101
93.473,117.762,44.516,36.211
93.286,118.547,44.656,36.222
93.053,118.879,44.648,36.333
93.783,118.664,44.536,36.492
93.401,118.393,44.748,36.325
93.175,117.624,44.690,36.438
93.030,117.548,44.763,36.277
92.704,117.446,44.801,36.353
92.978,117.692,44.796,36.367
92.340,117.924,45.014,36.174
93.346,118.636,44.707,36.240
92.480,118.439,44.914,36.028
92.702,121.329,45.185,35.792
92.997,120.163,45.138,35.594
92.656,119.575,45.126,35.479
93.145,118.792,44.988,35.307
92.700,120.432,45.247,34.790
92.461,119.537,45.410,34.624
92.381,121.445,45.504,34.189
91.846,120.810,45.236,34.252
91.934,120.774,45.302,34.067
91.401,120.595,45.026,34.064
92.456,120.215,44.846,34.027
91.579,121.656,46.033,32.536
92.827,121.581,45.534,32.734
92.522,120.529,45.351,32.768
92.192,121.687,46.453,31.517
91.405,122.299,47.011,30.595
92.502,122.768,47.336,29.959
91.988,123.273,47.794,29.256
91.829,123.156,48.082,28.754
91.856,123.494,48.149,28.410
91.026,123.664,48.188,28.275
91.606,124.144,48.314,27.963
91.011,124.282,48.536,27.735
91.437,124.731,48.522,27.674
92.186,124.642,48.279,27.659
91.362,124.273,48.286,27.511
92.343,123.783,48.210,27.345
92.178,123.743,48.197,27.248
92.071,124.145,48.478,26.966
92.988,123.559,48.333,26.887
92.802,123.461,48.338,26.851
92.039,123.503,48.278,26.892
93.179,123.337,48.073,26.998
92.265,126.169,48.278,26.767
93.981,125.093,47.984,26.779
93.519,124.544,48.211,26.573
94.713,124.286,48.108,26.557
93.452,124.084,48.092,26.630
94.496,123.735,47.961,26.713
95.117,123.396,47.890,26.690
95.017,126.743,48.104,26.489
95.424,126.050,48.217,26.400
95.765,125.455,48.122,26.482
94.993,125.236,47.905,26.484
95.649,124.952,47.747,26.517
96.072,125.159,48.112,26.201
96.046,125.606,48.409,25.986
96.110,125.584,48.307,25.995
96.436,125.458,48.350,26.005
96.819,128.370,48.143,25.968
96.954,127.410,48.028,25.952
96.929,126.961,48.133,25.812
96.346,126.944,48.372,25.670
96.113,126.607,48.149,25.759
97.719,126.440,48.146,25.871
98.165,125.908,47.972,25.943
97.413,125.540,47.615,26.112
97.568,125.370,47.594,26.154
97.503,128.584,47.654,26.106
97.132,127.364,47.930,25.879
97.357,126.221,47.994,25.778
98.706,126.003,47.911,25.760
97.470,125.586,48.013,25.654
98.468,125.332,47.798,25.746
98.715,124.806,47.570,25.912
98.887,124.619,47.667,25.805
97.858,124.262,47.505,25.817
98.165,127.572,47.679,25.686
98.109,126.724,47.540,25.507
99.260,126.320,47.613,25.379
98.920,126.018,47.408,25.462
98.944,125.755,47.500,25.395
98.567,125.480,47.540,25.335
99.212,125.404,47.459,25.269
99.151,125.150,47.328,25.316
98.675,124.956,47.411,25.277
98.535,124.833,47.282,25.328
98.457,124.854,47.205,25.266
99.561,124.816,46.913,25.285
98.984,128.169,47.035,25.173
98.589,127.448,47.091,25.094
97.106,127.347,47.135,25.176
97.671,127.431,47.143,25.045
98.377,126.958,47.032,25.245
97.283,130.248,47.277,25.037
97.850,129.406,47.123,25.025
98.166,132.509,47.357,24.645
98.233,130.919,47.331,24.593
96.892,130.133,47.527,24.478
96.984,129.689,47.492,24.524
96.524,129.642,47.345,24.569
95.091,129.578,47.547,24.449
93.852,129.845,47.808,24.359
94.917,129.567,47.549,24.487
93.937,132.626,47.922,24.113
92.159,131.915,47.986,24.133
91.628,131.167,47.519,24.360
92.128,130.638,47.416,24.544
91.627,130.307,47.212,24.679
90.575,129.937,47.341,24.686
90.773,132.973,47.275,24.607
91.301,132.221,47.387,24.512
90.083,131.040,47.556,24.430
89.370,130.322,47.669,24.385
89.308,129.880,47.769,24.416
88.157,129.393,47.787,24.482
89.177,132.564,47.525,24.471
88.653,131.663,47.569,24.445
88.261,130.981,47.605,24.405
88.494,130.306,47.757,24.473
87.349,133.190,47.807,24.337
87.344,131.573,47.478,24.615
87.056,130.700,47.505,24.531
87.328,129.918,47.664,24.534
86.462,129.475,47.832,24.480
86.893,132.414,47.659,24.493
86.069,131.540,47.853,24.392
85.345,130.600,47.904,24.491
85.563,129.791,47.820,24.667
85.374,129.141,47.889,24.785
84.727,128.898,47.671,24.908
84.864,128.618,47.770,24.987
84.483,128.387,47.656,25.099
84.988,127.991,47.333,25.190
84.441,127.500,47.327,25.199
84.441,130.789,47.663,25.001
84.520,129.339,47.419,25.233
84.387,128.321,47.168,25.568
84.479,127.498,47.195,25.625
84.077,126.990,47.152,25.727
83.503,130.452,47.572,25.524
83.113,129.725,47.589,25.419
83.653,128.836,47.610,25.432
84.084,127.853,47.835,25.388
83.657,127.222,47.775,25.421
83.045,126.789,47.724,25.603
83.452,130.205,47.942,25.530
83.538,129.335,48.138,25.527
82.700,132.087,48.298,25.309
82.658,130.698,48.207,25.425
83.393,129.517,47.846,25.660
83.607,128.215,47.827,25.682
83.825,127.757,48.173,25.567
82.918,130.989,48.338,25.578
83.475,130.168,48.374,25.567
83.747,129.019,48.147,25.739
83.848,128.430,47.929,25.862
82.750,128.289,48.208,25.758
83.218,128.330,48.205,25.712
83.276,131.786,48.198,25.880
83.970,131.330,48.252,25.859
84.090,130.810,48.517,25.749
83.767,130.053,48.745,25.820
83.536,129.760,48.752,25.886
83.550,129.221,48.790,25.973
83.507,129.198,48.713,25.961
84.120,129.124,48.575,25.937
85.121,128.903,48.533,25.890
84.329,132.155,48.843,25.889
84.273,131.312,48.594,26.089
84.203,131.014,48.849,25.934
84.228,130.317,48.946,25.920
84.683,130.293,48.892,26.071
84.964,129.398,48.943,26.154
84.481,129.037,49.050,26.100
85.355,128.050,49.029,26.316
84.454,128.161,49.561,26.039
84.288,127.830,49.599,26.046
84.257,127.324,49.756,26.037
83.365,127.345,49.960,25.913
84.537,130.855,49.788,26.064
84.324,129.664,49.675,26.311
83.884,129.322,49.627,26.361
84.331,128.530,49.512,26.583
82.631,128.558,49.790,26.399
83.727,131.652,49.645,26.606
83.579,130.042,49.660,26.685
83.740,129.070,49.619,26.640
84.066,128.645,49.913,26.648
83.327,127.880,49.981,26.627
83.605,127.132,50.167,26.648
83.158,126.528,50.258,26.799
80.998,126.971,50.442,26.597
81.680,130.083,50.373,26.581
82.131,128.911,50.287,26.648
82.659,128.118,50.002,26.892
82.384,127.299,49.789,27.052
81.656,126.895,49.754,27.017
81.154,130.051,49.827,26.993
81.704,129.332,50.155,26.860
82.428,128.779,50.164,26.980
82.292,128.200,50.214,26.968
81.897,127.446,50.381,26.909
81.509,126.981,50.394,27.010
80.433,126.845,50.558,26.888
80.858,126.567,50.763,26.873
80.598,125.986,50.587,27.121
80.763,125.238,50.718,27.252
79.736,125.291,50.952,27.115
79.145,125.458,51.168,26.999
80.420,129.071,50.856,27.114
80.697,128.059,50.749,27.125
79.924,127.406,50.711,27.161
79.133,126.673,50.541,27.282
80.241,125.592,50.267,27.535
79.387,125.028,50.648,27.466
79.953,124.720,50.735,27.379
80.324,124.519,51.117,27.110
79.781,124.193,51.289,27.081
79.811,124.128,51.581,26.863
78.600,123.912,51.813,26.706
78.409,123.969,51.872,26.704
79.151,123.655,51.734,26.784
78.414,123.501,51.785,26.721
77.371,123.587,52.129,26.477
77.206,123.694,52.034,26.484
78.285,127.630,51.502,26.838
78.095,126.914,51.425,27.076
77.835,124.955,49.535,28.835
77.714,124.799,49.893,28.427
77.638,124.558,50.245,27.945
78.443,124.779,50.441,27.640
78.554,124.704,50.691,27.296
77.651,124.287,50.728,27.215
77.469,124.189,50.820,27.035
77.665,124.288,50.811,26.896
78.089,123.895,50.370,27.084
77.992,123.912,50.196,26.920
77.814,123.804,50.246,26.831
78.929,123.562,50.161,26.713
77.672,123.288,50.034,26.620
77.706,123.266,50.167,26.398
78.238,123.055,49.973,26.338
77.373,123.126,50.191,26.092
78.614,123.185,50.450,25.774
78.038,127.256,50.186,26.095
78.077,127.133,50.290,25.970
78.060,126.979,50.544,25.826
79.434,126.224,50.942,25.716
78.236,125.496,51.003,25.864
78.032,125.063,50.982,25.951
78.471,124.604,50.857,26.038
79.454,124.213,51.139,25.897
77.932,124.215,50.992,25.922
78.606,128.047,50.367,26.272
78.273,127.209,50.376,26.322
78.242,126.297,49.984,26.612
78.616,125.528,50.004,26.567
79.837,125.219,50.766,26.165
79.595,124.595,50.676,26.308
78.885,124.169,50.650,26.312
78.581,123.728,50.579,26.343
78.342,123.733,50.449,26.346
79.396,126.030,48.652,27.989
79.874,129.870,48.861,27.583
80.094,128.501,48.920,27.545
80.111,127.639,49.140,27.273
80.654,126.565,49.199,27.276
79.133,125.782,49.353,27.181
78.902,125.533,49.476,26.999
78.946,125.281,49.376,26.955
79.521,124.999,49.462,26.753
80.904,129.263,50.049,26.392
78.928,124.439,49.943,26.226
79.618,128.924,49.823,26.220
79.413,132.188,49.708,26.223
79.702,130.743,49.711,26.196
80.062,129.210,49.493,26.274
79.942,128.185,49.359,26.352
79.939,131.744,49.451,26.183
79.542,130.557,49.408,26.154
80.433,129.410,49.423,26.177
79.981,128.324,49.439,26.107
79.409,127.955,49.728,25.980
79.071,127.809,49.704,25.844
79.867,131.194,49.717,25.862
79.689,130.043,49.998,25.877
79.674,129.287,49.784,26.036
78.652,124.518,49.831,25.793
78.032,124.950,50.214,25.575
79.903,128.681,49.699,25.923
78.147,128.394,49.744,25.938
78.737,127.951,49.657,25.845
78.700,127.540,50.102,25.617
78.045,127.239,50.041,25.584
78.802,130.625,49.883,25.694
78.861,129.259,49.632,25.933
79.040,128.444,49.597,25.996
79.176,128.225,50.013,25.792
78.659,127.498,50.161,25.818
78.934,130.790,50.177,25.891
79.011,129.822,50.305,25.877
78.387,129.236,50.292,25.977
79.769,128.422,50.211,26.138
77.854,128.229,50.569,25.870
78.172,127.854,50.529,25.945
78.714,131.261,50.600,26.014
79.082,129.764,50.374,26.199
78.628,129.078,50.451,26.214
77.543,128.803,50.562,26.127
78.271,132.483,50.323,26.281
78.767,131.295,50.075,26.496
79.638,130.237,49.989,26.588
78.478,129.477,50.194,26.484
77.302,128.773,50.259,26.569
78.093,132.592,50.111,26.532
79.337,131.642,49.917,26.575
79.264,130.811,50.037,26.510
79.171,130.280,49.912,26.641
79.196,129.337,49.959,26.716
78.771,129.040,50.176,26.628
78.353,128.897,50.586,26.435
80.287,132.573,50.112,26.562
81.409,131.342,49.909,26.714
80.058,130.705,50.152,26.542
80.161,130.067,50.186,26.493
79.269,129.544,50.413,26.394
79.802,129.197,50.672,26.196
80.715,132.775,50.384,26.326
80.942,131.039,50.563,26.381
80.699,129.690,50.397,26.487
81.212,128.803,50.355,26.554
81.526,128.040,50.391,26.524
81.454,131.532,50.451,26.495
81.897,130.884,50.343,26.668
81.690,130.305,50.436,26.621
81.750,129.747,50.243,26.865
82.228,129.162,50.144,26.955
81.169,128.718,50.305,26.873
80.638,128.429,50.477,26.713
81.837,128.144,51.171,26.378
81.775,127.669,51.385,26.311
81.769,127.233,51.093,26.481
82.807,130.516,50.806,26.620
82.922,129.481,50.812,26.731
83.461,129.082,50.621,26.835
81.971,132.381,50.688,26.728
82.383,131.274,50.658,26.735
83.279,130.530,50.677,26.643
83.158,129.945,50.776,26.762
82.835,133.481,50.984,26.699
83.517,132.500,50.872,26.660
83.207,131.761,50.942,26.665
83.810,131.393,50.886,26.625
84.553,130.952,50.679,26.739
84.484,130.606,50.548,26.778
84.931,130.728,50.611,26.791
84.358,130.554,50.749,26.759
84.737,130.432,50.910,26.544
84.783,130.346,50.712,26.629
83.895,130.331,50.790,26.421
83.398,130.372,50.890,26.233
84.762,133.549,50.558,26.489
85.134,132.653,50.609,26.542
85.492,132.066,50.448,26.598
85.358,131.491,50.419,26.580
84.164,131.197,50.712,26.420
84.699,134.178,50.770,26.253
85.240,132.652,50.797,26.242
84.039,131.849,50.637,26.381
84.231,130.911,50.344,26.408
85.768,130.623,49.941,26.498
86.295,129.946,50.062,26.470
86.418,129.652,49.849,26.579
84.889,129.571,50.093,26.458
85.576,132.642,50.072,26.366
85.855,131.622,50.120,26.341
85.728,130.719,50.040,26.387
85.810,129.933,50.010,26.456
86.712,133.106,50.231,26.138
85.840,131.714,50.615,25.921
85.534,130.089,50.501,26.084
85.774,129.618,50.365,26.222
85.462,132.484,50.058,26.294
84.841,131.675,49.861,26.262
85.989,134.385,49.646,26.195
86.200,132.922,49.760,26.133
85.278,131.929,49.804,26.163
84.988,131.160,49.809,26.134
85.602,130.787,49.837,26.087
85.924,130.274,49.934,26.017
85.802,130.178,50.020,25.959
85.948,130.104,49.898,25.891
85.896,133.236,49.956,25.695
85.583,132.269,50.157,25.592
84.858,131.464,50.202,25.526
86.095,131.006,50.010,25.647
85.837,133.994,50.065,25.473
84.616,132.656,50.160,25.536
84.821,131.619,50.017,25.688
85.414,134.535,49.939,25.549
85.190,133.016,49.854,25.606
84.742,131.957,49.728,25.706
84.900,131.013,49.726,25.820
84.240,130.886,49.817,25.620
84.822,134.000,49.673,25.555
84.403,133.020,49.730,25.489
83.541,132.071,49.654,25.663
85.044,135.317,50.031,25.321
83.997,133.871,50.072,25.501
83.802,132.485,49.776,25.596
84.165,131.684,49.533,25.588
83.755,130.716,49.430,25.651
85.240,130.468,49.828,25.385
83.741,133.297,49.645,25.417
83.795,132.101,49.049,25.678
84.726,131.493,49.025,25.741
84.380,130.955,49.285,25.721
84.629,134.062,49.661,25.364
83.815,133.142,49.605,25.571
85.179,132.582,49.583,25.575
83.794,132.214,49.799,25.510
84.043,131.323,49.981,25.652
84.220,134.437,50.065,25.524
83.824,133.512,50.026,25.653
82.762,132.676,49.968,25.839
82.988,131.682,49.882,25.973
83.312,134.591,50.044,25.787
83.337,133.244,49.870,25.939
83.520,132.150,49.679,26.096
83.558,131.479,49.695,26.053
83.510,134.415,49.664,26.068
83.649,133.696,49.606,26.169
83.595,132.836,49.642,26.199
83.912,132.084,49.508,26.258
83.704,131.817,49.679,26.142
83.886,131.136,49.571,26.280
84.446,130.652,49.816,26.345
84.088,130.538,49.805,26.377
84.671,130.473,49.857,26.311
83.439,129.856,49.898,26.442
82.921,129.500,49.939,26.491
82.826,129.056,49.939,26.663
82.839,132.604,49.915,26.572
83.609,131.464,49.429,26.912
83.717,130.774,49.742,26.703
83.881,129.990,49.935,26.635
84.468,129.732,50.078,26.522
83.824,129.735,50.267,26.379
83.114,129.619,50.459,26.396
84.325,129.314,50.306,26.539
83.596,128.866,49.982,26.790
83.773,128.825,49.661,26.970
83.609,132.155,49.631,26.745
83.132,131.469,49.712,26.590
84.002,130.756,49.693,26.652
84.785,129.961,49.593,26.778
84.449,129.652,49.609,26.638
83.702,129.094,50.051,26.516
83.547,132.252,50.104,26.366
83.622,131.118,50.112,26.318
84.134,130.457,50.221,26.376
83.925,129.669,50.234,26.478
83.531,129.289,50.177,26.460
82.843,128.657,50.084,26.568
82.857,127.899,49.973,26.606
83.290,127.365,49.980,26.620
83.547,126.950,49.896,26.633
82.270,126.736,50.323,26.447
81.965,126.398,50.187,26.588
82.053,126.103,50.278,26.546
82.452,126.005,50.034,26.786
81.826,129.892,50.163,26.690
81.941,129.481,50.167,26.600
81.322,129.231,50.299,26.526
81.818,129.157,49.942,26.765
81.864,128.681,50.341,26.669
81.436,128.527,50.511,26.502
82.075,131.513,50.341,26.519
81.258,130.061,50.306,26.578
80.565,129.381,50.183,26.717
80.194,128.823,50.224,26.779
80.142,128.516,50.244,26.832
79.975,131.893,50.197,26.804
79.209,130.690,50.156,26.752
78.981,130.051,49.935,26.730
78.913,129.522,49.946,26.569
79.683,128.941,49.980,26.493
78.174,128.877,50.331,26.313
77.364,128.965,50.628,26.170
77.476,128.737,50.665,26.177
77.312,128.216,50.782,26.111
76.598,128.383,50.866,26.028
75.761,128.078,51.041,26.091
75.024,130.974,50.964,26.172
74.791,129.830,50.932,26.183
73.803,128.809,50.827,26.340
73.995,128.701,51.214,26.192
74.023,128.099,51.054,26.379
73.195,127.421,51.227,26.310
73.736,130.702,51.130,26.269
73.560,130.094,51.329,26.267
72.883,130.181,51.568,26.319
72.468,130.165,51.502,26.362
72.553,129.887,51.552,26.368
73.221,129.473,51.443,26.351
72.947,128.900,51.339,26.485
72.550,128.833,51.399,26.318
71.230,128.272,51.495,26.279
70.642,128.026,51.505,26.377
70.291,127.909,51.391,26.505
70.694,127.958,51.474,26.499
69.572,127.473,51.566,26.447
69.721,131.030,51.755,26.438
69.517,129.813,51.678,26.520
69.595,128.678,51.292,26.939
69.102,127.861,51.023,27.170
69.077,127.968,51.168,26.955
68.241,127.589,51.172,26.968
67.800,127.083,51.096,27.067
68.056,127.080,50.944,27.083
67.890,126.240,50.893,27.298
66.954,125.936,50.720,27.340
67.260,125.711,50.624,27.296
66.446,125.455,50.747,27.197
66.503,125.210,50.860,26.994
64.827,124.667,51.159,26.987
65.531,123.779,51.015,27.172
65.371,123.660,51.112,27.096
63.503,123.436,51.533,26.855
62.948,122.848,51.867,26.786
61.355,122.381,51.679,27.014
62.787,123.621,50.050,28.470
62.576,122.593,49.987,28.491
60.974,122.286,50.243,28.198
61.794,120.228,48.664,29.799
60.933,120.102,49.351,29.137
60.334,120.024,49.791,28.617
61.415,118.053,48.264,29.947
62.085,121.952,48.912,29.305
61.268,120.981,49.350,28.885
60.184,120.750,49.905,28.328
60.371,120.599,50.508,27.857
59.029,120.260,50.655,27.628
58.678,120.388,51.209,27.297
58.990,124.111,51.369,27.173
59.725,122.613,51.173,27.267
58.203,121.586,51.557,27.162
57.165,120.870,51.900,26.924
57.215,124.423,51.898,26.934
57.452,122.717,52.132,26.913
57.266,121.153,52.185,26.971
56.595,120.435,51.897,27.244
56.100,119.864,51.981,27.030
55.378,120.136,52.184,26.828
55.470,119.879,52.400,26.730
55.794,118.768,52.262,27.003
55.271,118.291,51.989,27.161
54.982,122.162,51.803,27.228
54.694,121.281,51.819,27.330
54.708,120.583,51.897,27.213
54.733,119.870,51.954,27.129
53.766,119.291,52.194,26.982
53.735,119.010,52.424,26.730
53.756,118.878,52.705,26.536
52.985,118.520,52.510,26.620
52.584,118.816,52.564,26.624
53.298,118.197,52.236,26.749
52.638,117.793,52.205,26.872
53.820,117.911,52.083,26.955
52.663,118.460,51.965,26.955
52.662,118.273,51.822,26.979
52.545,118.399,52.079,26.865
51.906,118.423,52.030,26.795
51.921,118.156,51.929,26.925
50.839,118.574,51.766,26.894
51.522,118.982,51.761,26.879
52.173,118.951,51.615,26.972
51.262,118.908,51.352,26.974
51.910,118.930,51.132,27.002
51.818,118.845,50.818,27.056
51.623,118.794,50.754,26.988
51.250,119.215,50.601,26.870
51.326,118.755,50.840,26.686
50.687,119.073,50.907,26.576
50.778,118.673,50.975,26.367
50.784,118.427,51.395,26.230
50.075,118.226,51.509,26.046
49.615,118.735,51.083,26.119
48.572,118.950,50.947,26.143
49.714,119.082,50.792,26.090
49.734,118.714,50.384,26.275
49.039,118.568,50.274,26.445
49.871,118.582,50.207,26.437
48.824,118.441,50.430,26.324
48.677,118.275,50.503,26.312
48.103,118.331,50.530,26.374
47.972,118.301,50.511,26.400
48.394,117.938,50.418,26.457
48.043,118.132,50.243,26.394
47.839,118.422,49.990,26.442
48.287,118.085,49.515,26.705
48.739,118.097,49.349,26.734
47.802,118.302,49.669,26.401
48.140,118.377,49.285,26.490
47.740,118.589,49.302,26.538
48.762,118.931,49.035,26.483
49.214,119.069,48.930,26.453
48.013,119.540,49.031,26.373
48.526,119.475,48.956,26.421
48.701,119.409,48.635,26.580
48.464,119.480,48.376,26.569
48.977,119.694,48.309,26.506
47.746,119.810,48.340,26.417
47.767,119.492,48.396,26.447
48.206,119.200,48.353,26.402
48.084,119.026,48.227,26.487
47.796,118.787,47.979,26.543
48.168,118.371,47.952,26.462
47.682,118.318,47.747,26.563
48.051,118.198,47.663,26.396
48.021,117.968,47.487,26.389
47.307,118.173,47.510,26.142
48.106,118.398,47.130,26.180
47.416,118.575,47.206,26.005
47.494,119.015,47.231,25.725
47.235,118.979,47.300,25.625
48.376,119.129,47.842,25.353
48.456,119.118,48.010,25.295
48.548,118.551,47.825,25.389
48.291,118.140,47.747,25.443
47.655,117.889,47.722,25.496
47.613,118.017,47.476,25.546
48.309,118.359,47.670,25.445
48.847,118.559,47.898,25.261
49.568,117.920,47.858,25.407
49.072,117.753,48.103,25.242
49.145,117.684,48.069,25.179
48.507,117.783,48.279,25.038
49.443,117.912,48.611,24.725
48.941,118.242,48.405,24.853
48.867,118.501,48.197,25.005
50.470,118.880,48.059,25.195
49.417,118.511,48.026,25.236
49.495,118.559,48.105,25.284
49.684,118.638,48.388,25.142
49.554,118.642,48.219,25.376
49.113,118.944,48.146,25.545
49.159,119.102,48.172,25.438
49.164,119.164,48.279,25.376
50.117,119.496,48.238,25.407
49.899,119.405,47.962,25.593
51.212,122.986,47.775,25.747
50.669,121.976,47.707,25.849
51.457,121.058,47.464,26.033
49.625,121.142,47.918,25.757
50.790,121.064,48.020,25.585
49.681,121.339,48.255,25.480
51.370,124.848,48.436,25.224
50.514,123.948,48.311,25.414
50.567,122.783,48.009,25.726
50.670,121.896,47.812,25.991
50.232,121.693,48.027,25.822
49.820,121.503,47.935,25.915
50.973,121.487,48.082,25.721
49.908,121.399,48.368,25.558
49.785,121.137,48.662,25.404
50.406,124.638,48.421,25.689
51.490,122.930,48.039,25.991
50.498,121.936,48.046,26.146
50.415,121.292,47.921,26.273
49.864,121.250,48.338,25.949
50.633,121.267,48.343,25.982
50.957,121.025,48.294,26.047
51.176,120.632,48.363,26.100
50.855,120.670,48.331,26.094
50.200,120.622,48.452,26.136
51.415,120.884,48.506,25.991
49.825,121.043,48.666,25.870
51.131,121.358,48.616,25.747
49.285,121.753,49.108,25.603
50.755,121.404,49.199,25.536
50.338,121.461,49.115,25.592
50.128,121.322,49.030,25.656
50.925,124.364,48.951,25.553
52.753,123.327,49.228,25.372
51.827,122.657,49.101,25.587
51.686,121.721,48.942,25.852
50.518,121.121,48.872,25.957
51.444,120.475,48.488,26.168
50.522,120.282,48.652,26.246
50.621,120.093,48.651,26.216
50.966,120.030,48.429,26.375
53.823,123.450,48.708,26.119
52.342,122.660,48.934,26.088
53.746,121.770,49.013,26.016
51.801,120.738,48.950,26.233
52.261,119.742,48.796,26.489
52.737,118.833,48.809,26.619
51.542,118.839,48.685,26.766
51.694,118.850,48.700,26.722
53.034,118.842,49.143,26.507
51.198,118.844,49.357,26.387
52.017,119.160,49.335,26.277
51.543,119.300,49.374,26.178
52.082,119.635,49.697,25.893
52.523,119.680,49.489,26.002
53.069,120.214,49.777,25.765
52.249,119.879,49.635,25.928
53.175,119.330,49.571,26.006
52.237,119.282,49.892,25.806
52.600,119.421,50.001,25.605
52.854,119.690,50.089,25.477
52.811,119.928,49.986,25.469
52.715,120.176,50.018,25.328
52.937,120.571,49.992,25.365
52.771,120.718,50.030,25.196
54.884,120.716,50.223,25.169
54.250,120.732,50.377,25.105
55.341,120.440,50.122,25.354
54.750,120.594,49.915,25.636
53.886,121.143,49.959,25.481
54.013,121.704,50.056,25.447
56.192,121.547,49.974,25.376
53.718,121.835,50.338,25.175
54.192,121.671,50.069,25.312
54.563,121.133,49.875,25.442
53.896,121.346,50.186,25.192
54.446,121.733,50.249,25.099
54.777,121.786,50.383,24.956
54.519,121.886,50.541,24.774
55.241,121.608,50.099,25.055
53.644,121.037,50.250,25.117
53.969,121.206,50.237,24.991
53.968,121.039,50.073,25.228
54.258,121.087,49.748,25.334
54.819,120.708,49.350,25.528
54.460,120.483,49.398,25.595
53.497,119.907,49.467,25.683
55.493,120.221,49.533,25.565
54.186,120.101,49.468,25.523
58.030,123.183,49.055,25.408
57.190,122.279,49.107,25.415
56.079,121.810,49.144,25.444
56.247,121.236,49.061,25.388
54.595,120.411,48.924,25.513
53.150,120.511,49.082,25.459
56.163,124.458,48.911,25.432
56.096,123.585,48.802,25.560
54.987,122.848,48.627,25.701
54.255,122.660,48.598,25.704
54.734,122.284,48.410,25.816
56.281,120.839,46.508,27.317
56.896,120.566,46.604,27.164
56.074,120.459,46.649,27.051
56.976,119.809,46.432,27.169
57.049,119.513,46.499,27.147
56.281,119.531,46.688,26.942
57.484,117.972,45.394,28.151
55.916,118.022,46.128,27.505
56.408,117.777,46.706,27.068
56.644,117.421,47.121,26.783
56.314,117.376,47.216,26.626
57.037,117.798,47.423,26.494
56.618,118.494,47.659,26.179
57.232,118.843,47.824,26.066
57.279,118.777,48.022,25.996
56.849,118.501,48.151,26.067
56.850,122.226,48.197,26.086
57.166,121.094,48.180,26.098
56.932,120.624,48.378,26.117
56.231,120.202,48.535,26.117
57.317,119.862,48.346,26.393
57.233,119.550,48.124,26.661
57.650,119.540,48.213,26.530
57.193,119.549,48.185,26.425
57.642,119.748,48.361,26.328
56.881,119.794,48.518,26.106
56.208,119.413,48.626,26.046
55.601,118.689,48.552,26.163
56.406,118.206,48.622,26.184
55.965,117.760,48.843,26.125
56.300,117.659,49.159,25.899
55.616,118.708,49.701,25.648
54.629,118.704,49.511,26.030
56.624,120.792,47.994,27.635
55.265,120.045,48.051,27.745
55.081,120.381,48.249,27.491
55.037,120.047,47.904,27.917
57.067,120.231,46.745,29.101
57.186,120.646,45.940,30.150
57.836,119.138,45.304,30.866
57.761,119.202,45.270,31.325
57.885,119.043,45.015,31.776
58.844,118.680,44.403,32.318
59.602,117.728,43.842,32.869
59.044,117.502,43.434,33.288
59.462,117.747,42.768,33.683
59.731,118.388,42.676,33.807
59.622,118.358,42.665,33.771
60.175,118.125,42.573,33.734
59.990,118.150,42.702,33.576
60.708,118.421,42.904,33.506
59.860,117.143,42.955,33.480
60.735,117.452,42.950,33.552
60.097,117.009,42.843,33.617
61.146,116.970,43.175,33.452
60.013,116.509,43.141,33.536
61.307,116.136,43.052,33.605
60.674,116.486,43.207,33.544
61.216,117.353,43.174,33.578
61.180,118.014,43.214,33.560
61.423,118.441,43.372,33.365
61.316,118.089,43.253,33.547
62.186,117.831,43.305,33.398
61.436,117.115,43.271,33.409
62.474,116.921,43.029,33.632
62.070,117.744,43.115,33.443
59.083,122.279,44.821,31.479
60.649,121.320,44.382,31.696
58.838,122.108,46.078,30.117
58.270,122.790,47.070,29.059
57.559,123.076,47.789,28.316
57.106,123.426,48.419,27.751
56.848,122.797,48.718,27.387
57.357,122.312,48.872,27.283
57.274,122.214,49.383,26.941
56.629,122.570,49.701,26.632
55.904,123.014,50.145,26.318
55.339,123.310,50.243,26.177
58.108,123.414,50.557,25.757
55.859,123.643,50.985,25.571
55.710,123.811,50.769,25.673
54.949,123.869,51.044,25.521
55.389,124.033,50.999,25.495
56.202,123.312,51.151,25.512
55.190,123.027,51.414,25.346
55.091,123.034,51.137,25.539
56.064,126.022,50.589,25.792
54.940,125.207,50.494,25.917
55.547,124.693,50.141,26.129
55.045,124.722,50.157,26.026
57.658,128.285,50.034,25.858
57.157,127.209,49.826,25.920
55.615,126.423,50.019,25.832
55.392,125.828,50.422,25.723
54.776,124.968,50.561,25.605
53.979,123.998,50.666,25.655
53.045,123.346,50.955,25.455
56.465,126.890,51.155,25.404
54.861,125.862,51.346,25.204
55.339,124.795,50.836,25.577
55.537,124.002,50.785,25.676
55.765,123.087,50.194,26.207
57.097,121.101,48.446,28.115
55.963,121.269,48.911,27.647
55.888,121.597,49.538,27.124
55.383,121.273,49.912,26.864
54.485,120.541,50.020,26.770
53.814,120.286,50.144,26.649
53.874,120.257,50.305,26.664
53.954,120.230,50.426,26.675
53.563,120.309,50.329,26.670
55.265,120.125,50.230,26.678
54.507,120.354,50.376,26.632
54.282,120.706,50.587,26.463
54.912,124.235,50.654,26.214
54.312,123.234,50.879,26.125
55.127,122.707,50.909,26.150
53.320,122.716,51.244,25.945
52.393,122.486,51.737,25.732
52.283,122.140,52.195,25.530
51.391,121.538,52.527,25.399
51.268,121.551,52.755,25.257
50.969,120.748,52.815,25.400
51.095,120.833,52.719,25.543
50.627,120.471,52.503,25.691
52.346,120.522,51.862,26.243
51.219,120.634,51.871,26.342
50.787,121.126,51.930,26.358
53.137,121.077,51.799,26.566
51.681,121.670,51.533,26.781
51.454,121.293,51.460,26.784
50.951,121.182,51.363,26.863
52.859,121.301,51.271,26.841
52.089,121.203,51.256,26.756
51.649,120.890,51.427,26.588
54.343,124.919,51.803,26.180
53.198,123.389,51.917,26.198
51.870,122.913,52.004,26.186
51.773,122.436,51.968,26.328
54.874,121.552,50.026,28.318
53.737,120.810,49.566,28.828
56.741,119.315,48.261,30.241
57.765,118.023,47.479,31.119
57.220,116.797,47.083,31.689
53.730,117.440,48.514,30.452
51.407,117.773,49.961,29.306
53.158,117.877,50.642,28.681
51.220,118.439,51.227,28.244
54.695,122.847,51.369,28.038
53.461,122.047,51.101,28.178
52.514,121.970,51.840,27.789
51.858,121.210,51.776,27.722
56.341,125.065,51.540,27.770
55.765,124.408,51.739,27.715
56.046,123.444,51.821,27.594
55.693,122.584,52.052,27.319
57.074,120.562,51.797,27.281
55.518,119.662,52.160,27.181
55.213,118.561,52.533,27.031
54.615,117.684,52.975,26.894
53.646,116.461,53.155,26.858
51.956,116.540,53.481,26.686
50.866,115.717,53.563,26.661
53.958,115.944,53.455,26.724
52.711,115.777,53.628,26.744
51.532,115.883,54.060,26.561
50.764,115.703,54.578,26.363
53.654,115.524,54.341,26.569
52.833,115.548,54.544,26.546
52.515,119.903,54.639,26.440
52.127,119.071,55.066,26.355
57.114,118.201,54.589,26.883
56.346,117.340,54.158,27.143
54.767,117.020,54.237,27.176
53.525,117.032,54.617,26.973
51.823,117.540,55.049,26.772
56.590,116.897,54.275,27.416
56.608,116.518,53.660,27.736
60.991,116.497,51.292,29.652
62.279,116.546,49.950,30.855
62.158,116.518,49.115,31.620
63.852,115.740,48.662,32.084
63.178,115.614,47.975,32.618
63.710,115.853,47.563,32.806
63.758,115.811,47.205,33.015
63.924,114.322,46.871,33.329
64.046,114.322,46.629,33.560
65.114,114.669,46.190,33.771
64.661,114.729,46.314,33.619
64.551,115.832,46.424,33.545
64.993,116.417,46.724,33.367
64.102,121.031,48.239,31.884
65.248,118.018,47.684,32.572
65.081,116.961,47.471,32.872
65.891,116.030,47.290,33.067
66.102,115.375,47.078,33.384
65.838,115.580,47.034,33.427
65.784,115.383,46.992,33.636
63.401,120.925,48.625,32.028
62.589,121.363,49.616,30.865
62.278,121.266,50.744,29.785
61.510,121.103,51.465,29.167
60.746,120.781,51.623,28.854
60.163,120.424,52.078,28.482
59.667,120.039,52.691,28.039
64.436,123.991,52.447,28.002
63.848,122.945,52.599,27.793
62.426,121.912,52.550,27.768
61.240,121.748,52.733,27.555
60.456,121.153,52.889,27.407
59.339,121.022,53.113,27.049
58.742,120.997,53.292,26.818
57.206,120.916,53.679,26.561
56.899,121.033,53.877,26.327
63.042,120.478,51.611,28.513
64.259,120.773,49.939,30.107
65.167,119.193,48.836,31.332
64.888,118.891,48.073,32.065
65.072,118.344,47.350,32.742
64.868,117.994,46.749,33.211
65.237,118.014,46.542,33.537
65.326,117.843,46.043,34.072
65.423,118.335,45.946,34.218
65.388,117.801,46.017,34.413
65.214,117.759,46.109,34.603
65.507,117.848,46.082,34.731
65.069,118.754,46.236,34.843
65.177,119.123,46.167,34.996
65.227,118.913,46.469,34.822
65.672,117.442,46.480,34.819
66.610,117.538,46.439,34.679
66.541,117.250,45.959,34.567
65.914,117.788,46.046,34.205
66.669,118.726,46.199,33.791
65.999,118.368,46.076,33.605
65.982,119.276,46.359,33.414
66.684,118.821,46.387,33.325
66.076,118.649,46.404,33.208
66.172,118.289,46.380,33.271
65.771,118.880,46.627,33.121
66.400,118.888,46.608,33.114
67.282,117.957,46.395,33.489
67.525,116.572,46.140,33.792
67.955,117.099,45.634,33.964
68.011,117.601,45.674,34.016
67.473,117.107,45.403,34.150
67.817,116.676,45.819,33.946
67.795,117.245,45.825,33.930
67.039,117.382,46.006,33.806
66.633,117.232,46.214,33.851
66.963,117.568,46.254,33.959
67.428,117.278,46.208,34.187
67.780,116.398,46.105,34.129
67.400,116.060,46.107,34.098
67.097,116.071,46.062,33.983
67.795,116.456,46.051,33.867
67.116,116.363,45.943,33.969
67.295,117.277,46.155,33.775
67.690,117.146,46.245,33.586
67.326,116.913,46.140,33.497
67.938,117.550,45.927,33.444
68.390,117.646,45.609,33.616
67.530,118.280,45.316,33.916
67.715,118.663,44.886,34.051
68.299,118.132,44.670,34.041
67.216,117.813,44.976,33.774
67.071,117.385,45.187,33.471
67.181,117.909,45.218,33.393
67.043,118.484,45.286,33.133
66.819,117.776,45.188,33.200
66.517,118.244,45.236,33.066
65.247,117.993,45.458,32.876
64.943,118.165,45.548,32.766
65.262,117.954,45.512,32.815
65.111,118.006,45.499,32.832
65.509,117.770,45.360,32.874
65.576,118.338,45.181,32.843
65.775,117.714,44.899,33.058
64.881,118.148,45.021,32.928
65.277,117.571,44.962,32.826
65.347,118.121,44.899,32.926
65.944,121.476,45.167,32.692
65.956,120.305,44.971,32.857
66.513,119.008,44.919,32.954
66.071,118.668,44.724,33.076
66.941,118.804,44.671,33.137
68.120,118.250,44.441,33.242
67.583,117.039,44.598,33.206
68.526,115.419,44.436,33.304
68.430,118.329,44.645,33.140
68.703,117.122,44.857,33.063
68.914,116.439,44.595,33.458
70.456,116.750,44.643,33.495
69.253,116.252,44.367,34.105
70.995,116.542,44.166,34.127
70.703,117.945,44.381,33.906
71.705,118.519,44.497,33.889
70.970,118.570,45.009,33.484
71.444,118.410,45.046,33.469
71.529,117.213,45.027,33.585
72.165,117.186,45.196,33.466
72.368,117.066,45.112,33.599
72.250,117.591,45.018,33.865
69.995,122.816,46.688,32.089
69.588,122.861,48.086,30.769
68.752,122.790,49.208,29.562
67.678,122.814,49.842,28.954
67.358,122.870,50.228,28.601
66.883,122.666,50.333,28.555
67.105,122.810,50.318,28.538
70.712,121.303,48.394,30.482
71.967,120.461,47.288,31.647
72.784,118.653,46.452,32.601
73.181,118.184,45.864,33.132
72.897,117.728,45.417,33.651
73.477,121.381,45.531,33.861
73.337,120.469,45.120,34.054
72.996,120.238,45.095,34.023
72.929,119.724,44.920,34.256
73.669,118.596,45.055,34.036
73.104,117.306,45.278,33.938
73.364,115.916,45.243,34.053
72.012,114.620,45.580,33.821
72.134,113.446,45.520,33.918
72.344,113.398,45.346,34.169
71.875,113.820,45.274,34.221
70.811,113.873,45.683,34.123
70.819,112.792,45.728,34.177
71.140,112.960,45.613,34.303
70.745,112.680,45.732,34.211
70.334,111.550,45.962,34.129
69.977,112.399,45.989,34.259
70.019,112.550,46.142,34.239
69.176,113.107,46.163,34.374
70.001,112.744,45.975,34.313
69.538,112.702,45.644,34.433
70.027,112.832,45.361,34.728
70.194,112.800,45.466,34.829
70.587,112.307,45.207,35.024
69.540,112.092,45.301,35.129
68.445,111.914,45.430,35.319
70.037,112.122,45.079,35.392
69.658,112.368,45.018,35.374
68.792,112.674,45.368,35.179
69.471,112.120,45.418,35.030
69.209,112.353,45.454,34.974
69.541,112.831,45.495,34.756
68.858,112.549,45.485,34.743
69.276,112.923,45.362,34.730
68.716,112.857,45.128,34.869
69.351,113.593,45.333,34.797
68.635,113.012,45.504,34.645
68.736,113.057,45.740,34.401
69.416,112.556,45.454,34.658
68.669,112.422,45.449,34.679
68.848,113.426,45.493,34.679
68.819,113.594,45.309,34.827
68.432,113.113,45.381,34.662
68.518,113.189,45.437,34.741
69.028,112.569,45.293,34.945
69.306,112.209,45.031,35.031
68.553,112.065,44.993,35.002
67.528,111.492,45.055,35.133
67.473,112.058,45.218,34.950
66.975,111.643,45.114,34.995
66.337,111.806,45.062,34.975
65.839,111.897,44.837,35.067
67.234,112.262,44.898,34.978
65.301,111.705,45.132,34.938
66.367,111.791,45.211,34.927
65.550,111.224,45.283,34.838
65.858,111.609,45.219,34.889
65.218,112.151,45.040,34.988
65.566,112.025,44.759,35.243
65.856,111.641,44.688,35.285
64.830,112.156,44.823,35.151
64.145,111.665,44.794,35.217
64.689,112.162,44.982,35.206
63.615,112.149,45.071,35.112
63.858,112.685,45.151,35.157
63.257,112.664,45.198,35.191
63.929,112.434,45.302,35.117
63.532,112.297,45.486,35.160
63.583,112.524,45.554,35.198
62.878,112.737,45.467,35.390
62.512,112.982,45.224,35.609
62.862,113.325,45.548,35.302
62.024,113.388,45.653,35.352
62.799,114.121,45.623,35.201
61.382,113.683,45.676,35.172
62.364,113.844,45.441,35.324
62.530,113.990,45.265,35.292
61.999,114.855,45.373,35.304
61.766,114.869,45.112,35.386
61.664,115.250,45.190,35.239
60.996,115.290,45.181,35.134
60.931,115.127,45.344,35.062
61.561,114.503,45.295,35.058
60.282,113.503,45.364,35.004
60.816,113.525,45.505,35.043
59.996,113.738,45.406,35.083
60.348,113.226,45.250,35.047
59.557,116.757,45.594,34.764
59.648,115.640,45.419,34.896
59.650,114.827,45.316,34.977
59.379,113.747,45.199,34.981
59.378,113.476,45.129,34.948
59.118,114.517,45.258,34.715
58.933,114.668,45.297,34.497
58.665,114.748,45.273,34.490
59.311,117.024,45.356,34.565
59.837,116.114,45.127,34.560
59.173,115.658,44.770,34.554
58.570,115.168,45.024,34.336
58.076,114.600,44.837,34.351
58.743,115.195,44.650,34.327
59.051,118.033,44.911,34.142
58.071,116.872,44.763,34.095
59.478,116.708,44.901,33.881
58.661,115.842,44.608,33.978
58.736,116.388,44.596,33.855
57.393,116.191,44.584,33.727
58.403,116.267,44.669,33.533
57.965,115.867,44.570,33.382
58.041,114.823,44.151,33.699
58.179,114.783,43.893,33.827
58.740,114.903,43.650,33.983
58.474,115.160,43.857,33.987
58.922,115.407,44.008,33.931
58.296,115.547,44.066,33.878
59.474,115.569,44.268,33.894
59.030,115.166,44.166,34.041
60.573,117.547,44.149,34.102
59.309,115.642,43.801,34.449
60.272,117.476,43.793,34.507
59.880,115.879,43.533,34.699
61.140,115.414,43.502,34.604
60.731,114.991,43.696,34.477
60.885,116.877,43.858,34.406
61.694,115.151,43.443,34.672
60.834,118.024,43.297,34.794
61.521,117.163,43.347,34.552
61.868,116.751,43.565,34.373
61.600,116.172,43.133,34.596
61.275,116.419,43.362,34.237
61.202,118.872,43.582,34.038
61.316,118.052,43.770,33.922
60.845,117.629,43.699,33.995
59.771,117.880,43.597,33.907
52.729,118.452,45.403,32.391
52.319,118.518,46.706,31.314
52.109,118.985,47.943,30.450
57.679,118.736,47.094,31.345
53.095,119.289,48.077,30.390
52.251,119.786,48.951,29.695
53.555,120.501,49.794,29.022
52.074,120.211,49.881,29.019
53.340,120.741,50.034,28.788
53.180,120.832,49.988,28.739
53.409,120.577,49.683,28.833
52.469,120.317,49.482,28.819
53.548,119.188,49.654,28.744
53.084,118.457,49.163,28.975
52.369,119.321,49.051,28.843
57.682,121.444,47.486,30.204
57.734,120.003,46.191,31.105
58.010,119.198,45.627,31.726
58.483,118.240,44.996,32.207
59.157,118.131,44.611,32.570
60.038,117.986,43.970,33.090
59.604,118.540,43.387,33.508
59.974,119.471,43.436,33.393
59.562,119.250,43.254,33.459
60.249,119.136,43.231,33.392
60.221,118.700,43.045,33.461
61.567,119.531,42.899,33.290
61.356,119.267,42.938,33.144
61.863,119.934,42.599,33.237
62.092,119.904,42.481,33.047
61.924,120.095,42.501,32.785
62.264,120.169,42.378,32.673
62.781,120.622,42.172,32.715
63.614,120.174,42.048,32.580
63.656,120.925,41.784,32.454
65.205,121.318,41.374,32.594
64.930,121.708,41.303,32.522
65.767,121.529,41.090,32.469
66.250,122.022,41.021,32.299
66.414,122.431,40.993,32.201
67.083,121.274,40.808,32.291
67.886,121.083,40.858,32.201
68.738,119.874,40.424,32.375
69.428,119.515,40.143,32.355
69.872,120.783,40.143,31.960
69.998,121.660,40.134,31.723
71.206,120.923,40.072,31.658
71.634,120.487,40.080,31.637
71.321,120.422,40.192,31.507
72.028,121.382,40.295,31.350
72.971,122.262,40.195,31.271
74.022,122.757,40.037,31.316
73.635,123.316,40.241,31.095
74.883,123.827,40.023,31.100
74.252,123.822,40.277,30.962
76.142,124.065,40.172,31.045
76.192,123.627,40.095,31.009
77.730,122.805,40.042,30.890
77.536,122.238,40.102,30.793
77.352,121.657,40.145,30.724
78.850,121.038,40.113,30.648
78.770,121.352,40.065,30.644
78.917,121.272,40.119,30.499
80.013,121.574,40.088,30.417
80.248,121.852,40.008,30.321
80.500,121.893,39.711,30.275
82.099,122.326,39.475,30.346
82.389,123.134,39.311,30.233
83.244,123.212,39.229,30.115
84.229,123.053,39.230,30.100
85.202,122.514,39.219,30.165
85.255,122.233,39.343,30.162
85.148,121.488,39.435,30.238
86.747,121.616,39.375,30.117
86.763,121.487,39.302,30.124
87.667,121.698,39.190,30.191
87.748,122.088,39.274,30.070
89.894,121.689,38.950,30.272
89.913,122.049,38.982,30.236
90.657,121.772,39.013,30.355
91.564,122.334,38.865,30.324
92.617,122.056,38.924,30.342
93.944,121.230,38.495,30.567
94.249,119.663,38.333,30.742
94.335,119.841,38.604,30.414
95.472,119.306,38.716,30.157
95.442,119.660,38.568,30.271
95.493,120.259,38.932,30.087
97.085,120.926,38.698,30.220
97.915,121.039,38.673,30.245
98.200,121.372,38.551,30.320
99.740,121.296,38.560,30.341
99.659,122.059,38.628,30.366
99.580,122.580,38.673,30.246
100.771,122.736,38.749,30.143
100.965,122.271,38.654,30.220
101.606,122.764,38.540,30.241
101.284,121.633,38.523,30.357
101.762,122.552,38.298,30.352
102.112,123.833,38.509,30.027
101.532,124.102,38.567,30.011
103.163,123.566,38.323,30.207
103.052,123.184,38.305,30.104
102.272,123.548,38.191,30.110
102.638,124.325,38.271,29.975
103.547,123.806,38.279,29.972
103.290,122.937,38.036,30.115
102.497,121.455,37.838,30.202
103.450,121.056,37.790,30.195
102.971,120.961,37.902,30.060
102.771,120.762,37.853,30.004
102.560,120.397,37.833,29.976
102.958,120.423,37.805,29.870
103.082,120.434,37.571,29.869
102.694,120.449,37.516,29.757
101.626,121.113,37.695,29.530
101.719,121.700,37.792,29.326
101.092,121.910,37.915,29.316
101.652,121.694,37.649,29.456
102.215,121.742,37.225,29.817
102.032,130.101,37.810,29.489
101.456,128.281,37.994,29.425
100.635,127.954,38.198,29.336
101.111,126.080,37.806,29.643
100.362,121.566,37.576,29.800
98.845,119.783,37.790,29.619
99.497,120.350,37.839,29.666
98.816,120.867,37.693,29.655
99.635,120.654,37.673,29.472
98.944,120.731,37.603,29.549
98.720,120.407,37.754,29.502
98.503,119.317,37.619,29.743
98.810,118.901,37.875,29.555
98.286,119.948,37.906,29.351
97.725,120.149,37.797,29.433
98.173,120.118,37.769,29.431
97.957,120.271,38.110,29.200
97.376,119.611,38.135,29.271
97.746,119.522,38.118,29.226
97.402,119.564,38.122,29.183
97.098,119.354,38.150,29.087
96.683,119.669,38.066,29.080
97.396,121.081,38.063,29.000
96.980,120.814,37.956,29.233
96.583,120.525,38.098,29.355
96.442,120.648,38.546,29.118
96.358,120.904,38.838,29.052
96.300,121.072,38.892,29.131
95.538,120.990,39.105,29.149
96.203,121.441,38.989,29.290
96.482,121.522,38.622,29.463
95.596,121.328,38.662,29.460
95.509,122.012,38.466,29.630
95.684,121.867,38.488,29.696
95.656,120.823,38.312,30.025
96.511,121.395,38.346,29.940
96.328,120.456,38.416,30.050
96.713,120.690,38.374,30.077
95.966,121.347,38.662,29.882
95.423,121.193,38.858,29.744
95.482,121.448,38.906,29.804
96.040,121.693,38.887,29.731
95.586,122.030,38.733,29.845
96.069,122.109,38.540,30.138
96.562,122.781,38.681,29.957
96.138,121.837,38.760,30.078
95.979,121.983,38.854,30.021
96.320,121.512,38.817,30.090
96.110,120.248,38.802,30.173
96.183,120.648,38.548,30.255
96.239,120.280,38.713,30.289
97.110,120.078,38.565,30.455
96.236,120.632,38.717,30.341
98.028,120.241,38.508,30.443
96.829,120.664,38.824,30.273
96.892,120.550,38.878,30.271
97.150,120.928,38.991,30.298
97.388,120.402,38.811,30.577
97.746,120.959,39.009,30.546
97.456,120.958,39.111,30.526
98.376,121.024,39.259,30.431
97.916,119.919,39.169,30.641
98.433,118.993,39.159,30.762
98.040,119.286,39.304,30.694
98.770,119.435,39.495,30.583
99.547,119.573,39.566,30.462
99.442,120.165,39.486,30.406
100.216,120.920,39.696,30.267
100.076,121.103,39.950,30.095
100.128,121.404,40.236,29.914
100.181,120.448,40.198,30.135
100.276,120.791,40.467,29.979
101.025,120.893,40.464,30.074
100.955,120.584,40.601,30.261
100.704,119.760,40.405,30.629
100.478,119.805,40.461,30.644
101.846,120.245,40.539,30.636
101.212,119.679,40.818,30.671
101.302,119.785,41.235,30.623
101.179,119.496,41.277,30.657
100.717,119.927,41.436,30.728
101.292,119.773,41.337,30.908
100.755,120.187,41.712,30.791
100.955,120.307,41.300,31.140
100.391,121.163,41.668,30.978
101.313,121.394,41.366,31.000
100.980,121.997,41.767,30.908
101.247,120.747,41.829,30.977
101.105,121.108,41.869,31.028
100.278,120.912,41.890,31.210
101.420,121.599,41.843,31.279
101.734,121.596,41.781,31.266
102.081,121.300,41.515,31.508
101.423,120.700,41.657,31.480
102.385,119.713,41.873,31.463
102.466,119.383,41.820,31.494
102.328,119.123,41.709,31.552
101.783,119.327,41.610,31.607
103.150,119.853,41.535,31.604
102.368,119.971,41.981,31.418
102.227,120.167,41.654,31.699
102.455,121.077,41.612,31.615
103.007,120.822,41.535,31.596
103.097,120.105,41.803,31.492
103.431,120.783,41.927,31.425
102.753,120.271,42.138,31.440
103.749,120.655,42.212,31.614
102.970,120.955,42.158,31.675
103.679,120.893,41.961,31.761
104.631,120.433,41.910,31.796
103.841,120.620,41.905,32.041
103.781,120.656,42.106,31.918
104.254,121.499,42.315,31.990
103.542,121.464,42.544,31.924
104.323,121.885,42.711,31.813
104.629,121.701,42.746,31.940
103.609,119.905,42.850,32.135
104.815,120.419,42.480,32.319
103.903,121.094,42.445,32.386
104.682,121.285,42.367,32.410
104.233,120.364,42.296,32.492
104.947,120.187,42.285,32.468
104.335,120.870,42.427,32.306
103.693,121.259,42.789,32.130
103.769,120.748,42.803,32.215
104.103,120.674,42.765,32.179
103.668,120.610,42.776,32.173
103.774,119.945,42.567,32.411
103.419,122.756,42.812,32.336
103.584,120.752,42.657,32.496
102.977,120.240,42.808,32.525
101.902,119.629,42.608,32.765
102.804,119.184,42.636,32.762
102.367,118.589,42.818,32.806
102.828,118.611,42.755,33.069
102.961,119.407,42.961,33.184
102.366,119.460,43.132,33.174
102.702,118.227,43.060,33.240
102.937,118.191,42.696,33.735
102.937,117.770,42.467,34.168
103.098,118.247,42.874,34.197
102.395,117.916,43.358,34.114
101.677,117.056,43.545,34.285
101.939,116.924,43.665,34.407
101.525,116.525,43.866,34.474
101.924,116.439,44.052,34.657
101.263,115.638,44.279,34.803
101.499,118.153,44.133,35.043
101.501,116.811,44.015,35.367
101.096,115.575,44.124,35.559
100.983,115.025,44.176,35.996
101.074,114.310,44.342,36.080
101.298,114.781,44.282,36.417
100.612,114.309,44.676,36.527
99.532,116.427,45.231,36.474
100.320,114.462,45.194,36.812
99.975,113.344,45.031,37.084
99.820,115.583,44.868,37.381
100.017,114.469,45.066,37.382
99.466,113.596,45.429,37.509
99.489,113.232,45.656,37.665
98.956,112.168,45.819,37.944
99.430,115.444,46.048,37.865
99.325,114.094,46.275,37.928
98.689,114.065,46.117,38.232
99.334,113.868,46.010,38.628
98.627,114.134,46.203,38.910
99.351,114.759,46.112,39.306
99.503,117.420,46.230,39.215
99.329,116.511,46.761,39.023
98.719,115.443,47.141,38.837
98.275,114.966,47.472,38.742
98.781,115.064,47.617,38.823
98.077,114.514,47.385,39.174
98.113,118.073,47.356,39.275
97.853,116.901,47.705,39.141
96.959,116.322,48.087,39.037
97.833,116.126,47.877,39.289
97.759,115.786,47.897,39.405
97.500,115.228,47.905,39.560
96.439,114.636,48.191,39.622
97.262,117.119,48.016,39.826
98.646,115.560,48.066,39.567
96.748,115.588,48.518,39.454
97.764,118.899,48.916,39.253
96.524,117.570,48.680,39.395
97.352,116.951,48.784,39.381
97.094,117.375,49.122,39.091
96.969,116.543,48.889,39.270
96.898,115.466,49.028,39.320
95.839,116.042,49.135,39.416
95.629,116.383,49.153,39.679
96.851,116.507,48.948,39.926
96.860,119.704,49.458,39.716
96.967,117.488,49.204,39.783
96.631,116.204,49.096,39.844
95.984,115.982,49.542,39.712
96.480,115.294,49.184,40.065
95.605,115.228,48.655,40.573
97.208,114.980,48.352,40.815
95.711,114.136,48.565,40.754
96.792,113.470,47.803,41.222
96.517,117.083,47.681,41.124
97.375,115.542,47.679,41.020
96.139,114.935,47.643,41.112
96.120,114.105,47.579,41.234
96.106,117.434,47.593,41.069
95.901,115.156,47.589,40.939
95.297,115.054,47.462,41.012
95.624,114.488,47.405,40.893
95.441,113.918,47.394,40.865
95.187,117.012,47.861,40.401
94.259,115.780,47.909,40.087
94.879,114.263,47.684,40.128
94.537,117.748,47.659,39.978
94.527,115.964,47.661,39.794
93.507,114.660,47.841,39.762
93.318,118.046,47.804,39.633
93.414,116.575,47.901,39.543
93.901,115.508,47.656,39.515
93.872,118.814,47.869,39.428
93.540,117.764,47.855,39.300
92.822,116.465,48.040,39.100
92.913,115.373,48.036,38.945
92.874,118.382,48.045,39.018
92.723,117.777,47.831,39.109
92.485,117.407,48.134,38.866
91.871,117.043,48.278,38.712
91.668,116.173,48.181,38.896
92.047,119.489,48.677,38.908
91.466,118.734,48.975,38.803
91.669,118.481,48.908,38.891
91.073,118.176,49.054,38.972
90.563,118.370,49.389,38.907
89.828,117.761,49.582,39.096
92.011,120.618,50.040,39.024
91.278,118.573,49.860,39.435
90.938,118.675,50.080,39.525
91.649,120.468,50.319,39.687
91.785,117.928,50.409,39.863
91.710,117.241,50.595,39.812
92.408,116.474,50.343,40.078
92.693,119.228,50.784,40.147
92.954,118.541,50.958,40.021
93.375,117.760,50.918,40.153
93.483,119.967,51.399,40.004
93.357,119.207,51.920,39.667
93.969,119.039,51.811,39.789
94.284,118.944,52.064,39.628
94.813,118.865,52.171,39.634
94.130,118.720,52.444,39.485
95.990,118.044,52.149,39.687
96.444,120.691,52.565,39.659
96.788,119.787,52.470,39.822
95.727,119.753,52.776,39.748
97.208,119.804,52.803,39.719
97.569,119.578,53.007,39.414
97.485,119.154,52.998,39.342
98.588,122.328,53.014,39.588
98.765,120.706,53.140,39.783
99.696,120.458,53.133,39.818
99.907,119.392,52.986,39.944
100.662,122.057,53.069,39.846
100.420,120.669,53.587,39.713
100.521,120.541,53.885,39.536
99.392,125.726,55.787,37.720
98.381,125.395,57.371,36.468
98.059,124.897,58.352,35.453
100.510,123.059,57.008,36.675
98.714,123.324,58.384,35.630
101.374,121.796,57.217,36.744
98.678,126.516,58.307,35.611
99.799,125.565,59.011,34.801
101.827,123.344,57.578,35.911
102.772,121.603,56.694,36.959
100.426,122.113,57.756,35.995
101.120,126.919,58.448,35.124
100.291,126.634,59.228,34.362
101.316,126.182,59.739,33.698
100.947,125.897,60.019,33.495
101.921,125.676,59.849,33.361
102.411,125.607,59.758,33.310
102.582,125.138,59.677,33.433
102.950,125.522,59.673,33.359
103.592,125.399,60.018,33.238
103.012,125.521,60.228,33.184
103.165,125.264,60.199,33.276
104.347,125.473,60.385,33.125
103.183,125.406,60.076,33.504
108.217,125.320,58.348,35.278
108.043,124.235,57.208,36.520
107.534,123.579,56.618,37.524
107.569,123.296,56.371,38.262
107.875,122.885,56.640,38.381
108.591,122.255,56.599,38.843
109.668,120.983,56.607,39.350
108.178,119.260,56.636,40.024
109.037,119.255,56.605,40.292
108.650,118.829,56.615,40.631
108.815,118.146,56.839,40.579
107.932,116.925,57.043,40.880
109.696,116.690,57.051,41.037
107.700,116.825,56.970,41.437
107.631,116.444,56.989,41.683
108.025,116.249,56.855,41.985
107.398,116.170,56.920,42.610
106.580,115.883,56.758,43.204
105.932,115.107,57.163,43.639
105.128,115.591,57.438,44.032
104.661,116.478,57.809,44.331
104.101,117.674,58.001,44.611
104.505,117.174,57.840,45.188
104.657,116.389,57.322,45.745
103.929,115.520,57.184,45.977
103.305,115.365,57.441,45.924
102.524,115.735,57.762,45.749
102.830,115.904,57.781,45.507
102.816,115.514,57.869,45.257
101.893,116.149,58.322,44.741
102.061,115.166,58.214,44.859
101.775,116.492,58.678,44.593
100.864,116.355,58.290,44.833
101.747,117.613,58.269,44.874
102.082,117.093,57.986,44.871
102.279,117.913,58.000,44.853
103.074,116.949,57.970,44.734
102.831,116.299,58.045,44.600
102.255,115.801,57.758,44.658
102.581,115.179,57.825,44.317
103.391,115.814,58.182,44.054
103.193,116.004,57.969,43.884
104.255,115.808,58.063,43.517
103.743,119.925,58.027,43.453
105.134,117.874,58.112,43.352
103.404,117.074,58.382,43.192
104.818,116.450,58.717,42.885
105.345,116.338,58.695,42.838
106.163,120.193,59.017,42.721
105.268,118.576,58.964,42.993
104.409,116.794,59.020,42.999
105.863,116.768,59.257,42.829
106.468,120.945,59.181,42.939
106.849,119.770,59.131,43.071
106.473,119.769,59.100,42.977
106.945,120.866,59.513,42.681
108.474,119.314,59.281,42.915
107.281,118.603,59.349,42.944
108.223,117.007,59.178,42.916
109.279,116.512,59.077,42.938
108.789,115.135,58.666,43.008
109.444,114.967,58.526,42.802
108.499,114.899,58.342,42.808
109.358,115.142,58.118,42.798
109.220,114.671,58.296,42.650
110.049,114.920,58.078,42.556
109.806,115.368,57.849,42.654
110.527,115.475,57.431,42.818
108.575,116.299,57.841,42.649
110.120,116.746,57.761,42.673
110.115,116.259,57.820,42.412
110.527,116.161,57.806,42.450
111.035,116.911,57.471,42.489
109.709,118.126,57.072,42.617
110.590,119.336,56.986,42.569
109.723,119.114,56.918,42.473
110.461,117.900,56.777,42.516
110.964,117.175,56.947,42.323
109.599,116.992,57.105,42.134
109.771,118.094,57.046,41.919
110.373,117.234,56.966,41.833
109.511,116.643,56.883,41.953
109.275,115.256,57.044,41.689
108.284,116.362,57.210,41.469
108.007,116.977,57.369,41.221
108.696,115.371,57.265,41.323
107.404,115.430,57.406,41.367
106.433,120.844,58.953,39.648
106.938,118.180,57.957,40.528
107.232,117.210,57.648,40.928
105.693,117.556,57.285,41.320
105.790,117.677,57.352,41.222
105.319,119.091,57.074,41.446
106.087,120.475,56.938,41.362
105.570,119.825,56.392,41.904
104.837,120.046,56.556,41.723
104.377,118.291,56.105,42.107
104.368,118.823,56.142,41.816
103.789,118.534,56.108,41.591
104.081,119.599,56.019,41.506
103.884,118.532,55.541,41.659
103.748,118.738,55.670,41.583
104.142,118.110,55.468,41.674
102.709,118.331,55.398,41.683
102.975,117.889,55.378,41.795
103.209,118.320,55.505,41.883
104.167,119.310,55.749,41.763
101.672,119.343,55.466,42.066
103.288,119.249,55.429,41.988
102.427,120.085,55.691,42.004
103.551,120.206,55.848,41.989
102.780,119.974,55.732,41.864
101.988,120.514,55.854,41.651
102.349,120.224,55.743,41.479
101.844,119.075,55.527,41.680
102.595,118.415,55.580,41.506
101.858,119.780,55.433,41.554
102.344,120.247,55.673,41.512
102.591,121.126,55.701,41.343
102.011,121.692,55.551,41.407
102.683,122.112,55.569,41.180
102.710,121.981,55.763,41.005
102.603,122.097,56.035,40.822
102.801,121.497,55.989,40.505
103.085,120.805,55.916,40.499
102.280,120.332,56.006,40.360
102.904,120.100,55.743,40.497
103.352,119.732,55.527,40.720
102.297,119.966,55.601,40.696
102.682,121.241,55.784,40.824
102.868,120.941,55.691,41.005
102.002,120.018,55.528,41.056
103.255,119.882,55.462,40.979
101.773,119.657,55.335,41.138
102.226,120.815,55.344,41.169
101.315,121.138,55.422,41.110
101.551,122.545,55.483,41.066
102.330,121.713,55.210,41.135
102.746,120.924,55.253,41.016
100.927,119.792,55.113,41.292
102.609,124.004,54.931,41.476
100.979,122.112,54.713,41.711
101.732,120.980,54.814,41.614
102.468,120.975,54.914,41.298
101.594,120.162,55.280,41.081
101.835,119.707,55.355,41.141
101.909,119.991,55.091,41.123
101.542,120.018,55.109,41.036
101.466,120.315,55.294,41.086
100.541,120.591,55.520,41.033
100.906,120.150,55.629,41.022
101.247,120.322,55.623,41.108
100.287,120.232,55.601,41.086
100.869,119.659,55.418,41.202
100.805,120.587,55.260,41.127
100.255,120.925,55.386,40.835
99.835,121.771,55.523,40.612
100.369,121.480,55.338,40.563
100.360,121.294,55.401,40.363
99.770,121.574,55.091,40.362
99.880,121.204,54.858,40.409
99.919,121.845,54.552,40.329
101.092,120.827,54.536,40.208
99.443,120.829,54.334,40.366
100.154,120.021,54.278,40.584
100.082,121.073,54.303,40.661
99.025,121.108,54.005,40.733
99.259,120.224,53.895,40.586
98.595,119.639,53.531,40.802
98.795,118.615,53.195,40.985
98.666,119.512,53.162,40.941
99.408,119.243,53.251,40.808
98.578,119.373,53.329,40.861
98.590,122.726,52.913,41.274
98.020,120.324,52.917,41.353
98.948,119.643,53.162,40.950
98.154,119.498,53.154,40.793
99.185,119.129,52.960,40.955
99.387,118.629,52.814,40.891
99.486,121.607,52.580,41.164
99.565,119.848,52.284,41.477
99.695,119.766,52.219,41.332
99.404,119.622,52.017,41.508
99.499,119.917,51.831,41.630
99.940,119.105,51.748,41.625
100.744,117.966,51.614,41.813
100.301,118.150,51.756,41.757
101.175,118.453,51.961,41.875
100.958,121.597,51.946,41.909
100.304,119.983,51.901,41.953
101.065,118.784,52.026,41.736
101.391,118.721,51.966,41.856
101.927,122.164,51.927,41.785
101.649,120.773,51.785,41.805
102.442,119.575,51.849,41.579
102.171,119.750,51.881,41.332
101.683,119.122,52.094,41.082
103.388,119.104,52.057,41.146
104.054,119.341,52.217,40.655
103.548,119.228,52.065,40.639
104.623,123.114,51.845,40.484
104.923,120.517,51.781,40.494
105.690,120.067,51.985,40.241
105.762,119.591,52.086,40.140
105.533,118.852,52.163,39.885
106.838,122.247,52.113,39.798
106.378,121.494,51.955,39.838
106.787,121.173,51.925,39.771
106.966,121.135,51.866,39.652
107.579,120.315,52.021,39.725
107.751,120.200,52.105,39.403
108.885,123.218,51.737,39.398
108.564,121.477,51.851,39.172
108.522,119.689,51.580,39.467
108.999,119.364,51.496,39.276
109.343,119.501,51.672,38.886
109.809,120.468,51.512,38.916
109.723,121.208,51.324,39.055
110.383,120.378,51.087,39.063
110.153,120.266,51.140,38.861
109.980,120.200,51.057,38.873
111.444,120.848,51.002,39.005
110.698,120.985,51.211,39.064
111.300,120.671,51.093,39.193
111.405,120.176,50.856,39.394
111.447,120.542,50.965,39.395
112.150,120.881,50.699,39.529
110.887,121.145,50.839,39.454
110.554,120.854,50.742,39.554
111.989,119.977,50.694,39.716
110.988,120.091,50.713,39.829
111.001,120.552,50.617,39.933
111.609,119.850,50.506,39.898
112.256,120.870,50.539,39.865
111.023,121.997,50.569,39.790
111.065,121.512,50.354,39.842
111.406,121.578,50.330,39.675
111.869,120.734,50.269,39.602
112.215,120.319,50.375,39.656
111.069,120.048,50.331,39.482
111.390,119.706,50.375,39.678
111.465,119.049,50.364,39.940
111.008,119.184,50.470,40.015
110.627,119.109,50.341,40.130
111.754,118.330,49.858,40.650
111.955,118.975,49.995,40.415
111.415,118.316,50.017,40.271
111.073,121.269,50.158,40.295
111.595,119.826,50.271,39.897
111.054,119.429,50.243,40.053
110.207,119.428,50.340,39.979
110.604,119.143,50.193,40.085
111.043,118.799,50.372,40.048
110.100,119.144,50.384,39.937
109.621,117.812,50.544,39.623
109.950,118.035,50.638,39.505
109.052,119.033,50.781,39.267
109.505,118.689,50.638,39.375
109.713,118.728,50.481,39.294
109.336,117.743,50.430,39.274
109.501,118.413,50.513,39.258
107.878,118.068,50.789,38.927
109.126,117.059,50.488,39.081
108.030,117.629,50.801,38.849
108.130,117.140,50.674,39.180
108.945,117.027,50.579,39.178
108.166,117.396,50.653,39.266
106.738,118.008,50.774,39.119
107.563,118.190,50.535,39.013
106.602,118.400,50.734,38.856
107.337,117.263,50.609,38.698
106.486,117.312,50.783,38.659
106.568,116.739,50.641,38.650
106.281,117.123,50.617,38.581
105.998,117.340,50.998,38.346
105.866,116.718,51.102,38.191
105.326,117.088,51.281,38.026
105.759,115.344,51.296,38.011
105.383,115.973,51.187,38.007
104.884,115.431,51.090,37.962
105.022,115.477,51.179,38.070
104.233,115.491,51.169,38.121
104.035,115.789,51.070,38.244
103.842,114.992,50.861,38.508
103.744,115.885,50.928,38.439
103.348,116.844,51.018,38.446
103.748,116.673,51.574,38.238
103.089,116.118,51.719,38.169
102.971,116.079,51.631,38.231
103.401,115.994,51.511,38.339
103.173,115.791,51.532,38.429
103.140,114.645,51.505,38.372
103.973,114.728,51.498,38.239
103.195,114.020,51.754,37.890
103.804,113.867,51.603,37.927
103.773,116.956,51.488,38.012
103.813,114.353,51.373,38.289
102.754,114.550,51.365,38.278
102.570,114.633,51.339,38.148
101.800,113.064,51.340,37.995
101.203,114.201,51.327,37.826
101.804,114.028,51.230,37.895
100.894,114.424,51.019,38.015
100.930,113.754,51.239,37.839
102.015,117.599,50.984,37.923
100.944,116.185,50.818,38.053
100.719,116.914,50.938,37.895
99.694,117.484,51.270,37.659
99.514,117.857,51.208,37.697
99.516,117.190,51.231,37.511
99.446,118.432,51.009,37.515
98.525,118.877,51.109,37.354
97.688,119.847,50.923,37.460
98.432,123.289,50.948,37.629
97.396,121.528,50.840,37.853
96.917,120.698,51.075,37.540
97.055,122.336,51.182,37.203
97.332,125.591,51.099,37.379
96.134,123.034,51.237,37.456
94.810,121.852,51.458,37.397
95.546,125.183,51.315,37.517
94.762,123.229,51.166,37.702
94.519,121.897,51.278,37.595
94.223,122.966,51.620,37.337
93.041,121.292,51.384,37.532
93.109,124.894,51.663,37.536
92.789,123.813,51.745,37.749
92.078,122.673,51.687,37.944
90.914,120.862,51.415,38.157
91.280,120.972,51.737,38.056
91.498,121.098,51.711,37.981
90.195,121.030,52.127,37.695
90.625,119.128,51.928,38.104
89.377,119.765,52.146,37.836
89.417,118.210,51.878,38.200
89.213,119.137,51.799,38.099
89.112,117.888,51.655,38.200
89.214,116.396,51.888,38.052
89.327,117.135,51.980,37.804
88.911,117.969,52.143,37.801
88.635,117.338,52.391,37.693
87.438,116.388,52.379,37.671
85.734,121.469,54.052,36.117
85.136,121.097,55.412,34.963
85.245,121.125,56.210,34.232
84.166,121.076,56.781,33.730
84.977,125.324,57.152,33.085
83.595,124.042,57.256,32.961
83.836,123.215,57.400,32.803
83.936,122.288,57.437,32.742
83.592,126.107,57.761,32.216
83.036,124.468,57.765,32.109
82.527,123.631,57.758,32.152
81.720,122.944,58.088,32.005
83.677,120.649,56.326,33.734
83.932,118.788,54.946,35.125
82.166,124.225,56.043,34.193
81.229,123.045,56.690,33.858
83.714,120.548,55.455,35.076
83.554,118.376,54.399,36.088
83.947,117.294,53.951,36.883
83.662,115.731,53.113,37.857
81.935,120.682,54.787,36.159
80.687,119.976,55.963,35.235
81.309,117.153,55.093,36.245
81.523,121.672,55.927,35.250
80.250,120.980,56.882,34.451
80.677,117.916,55.893,35.594
80.795,122.275,56.585,34.790
79.861,121.624,57.354,34.179
80.974,118.055,56.030,35.528
81.431,115.444,54.833,36.713
81.742,115.029,54.129,37.529
82.854,114.270,53.584,38.231
81.140,120.162,54.981,36.779
80.493,119.814,56.086,35.693
81.410,117.058,55.004,36.861
81.562,115.745,54.439,37.467
81.900,115.763,53.712,38.130
82.051,116.007,53.191,38.819
82.143,115.449,53.025,39.174
83.481,116.476,52.795,39.459
82.384,116.021,52.883,39.626
83.618,120.272,53.025,39.618
82.986,118.225,52.949,39.886
83.647,118.206,53.080,40.016
84.021,118.512,53.238,40.008
83.645,118.473,53.529,39.818
84.155,117.147,53.217,40.025
84.228,116.835,53.288,40.060
84.652,117.493,53.299,40.176
84.456,117.671,53.282,40.232
84.365,118.142,53.304,40.261
83.411,117.937,53.208,40.318
83.964,118.696,53.263,40.472
84.137,119.115,53.512,40.442
84.142,118.997,53.357,40.216
84.059,117.904,53.135,40.179
84.165,118.208,53.184,40.106
84.334,117.938,53.145,40.165
83.801,116.894,52.938,40.264
83.032,120.203,52.852,40.416
84.032,118.321,52.624,40.547
83.816,118.190,52.413,40.545
83.686,117.910,52.481,40.572
83.526,118.213,52.666,40.553
83.868,118.739,52.783,40.428
82.399,117.714,52.665,40.407
83.487,117.159,52.744,40.464
83.060,117.712,53.125,40.443
81.998,117.847,53.195,40.450
82.832,117.490,53.147,40.583
82.251,118.320,53.456,40.416
82.139,117.663,53.417,40.514
82.680,117.891,53.156,40.742
82.483,118.381,53.297,40.642
82.845,117.323,53.161,40.575
82.034,116.875,53.120,40.508
82.223,116.686,53.336,40.401
82.110,117.028,53.388,40.250
81.870,116.868,53.244,40.619
82.790,116.491,53.059,40.837
81.973,116.542,53.172,40.777
82.337,116.144,53.168,40.737
82.372,119.632,53.474,40.670
82.584,117.922,53.468,40.412
82.437,117.320,53.375,40.396
81.500,116.484,53.423,40.226
81.681,115.436,53.387,40.398
82.361,113.782,53.410,40.378
80.785,114.124,53.794,40.147
80.338,114.391,54.106,39.957
80.401,114.333,54.247,39.869
80.265,117.278,54.350,39.962
80.269,115.874,54.293,39.995
80.575,114.753,54.154,40.103
81.170,113.739,54.078,40.201
80.366,117.222,54.397,40.106
80.578,115.734,54.404,40.000
80.023,114.221,54.192,40.127
80.695,113.533,54.266,40.173
81.445,113.691,54.727,39.971
80.760,116.686,54.858,39.905
79.738,115.321,54.889,39.992
81.845,115.795,55.066,40.090
81.130,115.080,54.974,40.199
81.018,115.471,55.036,40.130
81.131,115.558,54.752,40.305
81.310,114.906,54.558,40.302
80.765,114.856,54.407,40.490
80.982,113.937,54.244,40.634
80.877,114.260,54.542,40.527
80.920,113.899,54.590,40.584
81.313,113.968,54.633,40.498
81.052,113.323,54.576,40.568
80.566,114.287,54.926,40.471
80.727,114.871,54.832,40.474
80.297,114.019,54.853,40.647
81.397,112.876,54.606,40.883
81.189,113.607,54.617,41.025
80.422,114.659,54.969,40.916
80.649,114.710,54.925,40.938
79.775,113.576,54.907,41.014
79.397,114.766,54.934,40.890
78.367,115.085,55.022,40.843
79.220,114.990,54.670,40.902
78.777,114.018,54.540,40.895
78.320,112.742,54.362,41.095
78.467,116.396,54.650,40.932
78.267,114.127,54.531,41.221
76.726,113.528,54.756,41.150
76.470,113.050,54.570,41.220
74.020,119.018,56.587,39.492
75.682,116.056,56.007,40.124
74.128,114.891,55.764,40.226
74.425,114.557,55.683,40.412
74.759,114.257,55.347,40.675
74.244,113.948,55.253,41.101
74.648,117.537,55.461,41.086
73.862,115.619,55.580,41.124
72.921,114.536,55.649,41.079
72.689,114.674,55.507,41.224
72.639,114.595,55.614,41.334
72.565,114.277,55.333,41.711
71.869,113.402,55.222,41.621
72.499,117.026,55.438,41.636
71.182,114.838,55.520,41.583
70.615,114.336,55.680,41.491
70.763,114.331,55.412,41.548
70.078,115.073,55.505,41.333
68.762,115.102,55.501,41.229
68.297,114.341,55.866,40.931
68.674,113.662,55.628,41.072
67.551,117.023,55.572,41.179
68.528,115.919,55.286,41.415
66.533,115.281,55.571,41.011
64.452,121.435,57.586,38.987
64.076,117.977,56.925,39.593
63.883,116.848,56.407,40.008
63.013,115.731,56.372,40.244
62.490,115.559,56.124,40.513
63.168,115.152,55.513,40.977
61.804,115.175,55.321,41.165
62.112,115.255,55.128,41.387
60.720,114.848,54.984,41.581
60.601,118.232,54.880,41.594
59.876,116.375,54.696,41.783
58.629,116.172,54.514,41.807
59.637,116.111,54.420,41.684
57.360,115.532,54.224,41.714
57.370,119.874,54.443,41.514
56.579,117.536,54.298,41.686
54.943,117.016,54.680,41.414
53.809,115.681,54.811,41.362
53.798,116.032,54.753,41.415
53.382,119.620,54.798,41.505
52.301,117.150,54.961,41.584
50.860,115.552,55.137,41.528
48.275,115.876,55.658,41.366
49.015,115.717,55.639,41.522
45.878,115.524,56.049,41.359
47.328,115.024,56.098,41.381
46.175,118.426,56.167,41.401
44.749,117.124,56.170,41.501
42.473,116.421,56.543,41.354
38.391,116.688,58.685,39.623
39.431,116.123,57.943,40.305
37.317,121.749,59.948,38.750
33.880,121.543,61.239,37.677
34.519,121.229,61.712,37.099
32.005,120.571,62.141,36.890
33.904,118.856,60.545,38.481
29.710,119.688,61.729,37.427
28.365,120.363,62.265,36.765
27.069,120.442,62.746,36.234
25.473,120.566,63.015,35.827
24.242,120.090,63.387,35.591
22.074,120.151,63.692,35.270
21.779,120.456,63.507,35.288
20.689,119.555,63.300,35.459
19.347,124.153,63.365,35.244
19.132,122.963,63.524,35.056
17.244,122.201,63.545,34.937
15.859,120.884,63.341,35.212
14.678,119.575,63.478,35.236
13.469,124.376,63.770,34.837
13.034,123.332,64.074,34.617
10.819,122.156,64.233,34.579
9.909,121.332,64.250,34.875
7.539,120.791,64.333,35.049
7.515,120.491,64.547,34.875
