70.000,51.000,107.000,87.000
66.891,54.631,111.727,81.943
65.668,52.555,111.100,82.064
61.682,56.245,114.817,78.509
65.414,54.326,113.155,79.787
62.646,54.002,115.387,77.248
58.206,55.650,118.046,75.106
59.079,57.757,120.158,73.371
58.603,57.997,121.162,72.068
55.276,58.811,121.443,70.873
54.726,59.172,121.459,70.486
56.132,59.693,121.398,69.757
55.778,58.765,121.536,69.077
57.519,59.738,120.502,69.020
57.471,59.016,120.709,68.492
57.289,59.517,120.129,68.150
58.492,58.869,119.321,68.164
58.788,58.948,119.853,67.064
60.553,60.995,120.402,66.066
55.841,61.656,119.835,65.468
57.617,61.768,118.960,65.466
56.059,61.753,118.687,65.273
56.373,62.373,117.947,65.070
53.859,62.694,117.094,65.344
56.692,61.566,117.297,65.029
58.671,62.354,115.972,65.414
58.727,59.797,116.190,64.943
57.772,61.470,116.435,64.503
55.102,62.581,116.229,64.349
57.986,61.819,115.906,64.010
57.584,61.217,114.698,64.578
58.962,60.017,113.993,64.928
58.699,59.873,113.553,64.679
57.346,59.400,113.099,64.873
57.868,58.643,112.306,65.084
57.675,58.668,111.697,65.210
55.495,58.261,111.515,65.073
57.873,57.811,111.440,65.160
59.298,58.950,111.274,65.221
55.767,58.351,111.069,65.015
57.277,58.323,110.999,64.963
59.605,58.495,110.777,65.283
58.489,57.965,110.537,65.389
58.559,58.106,110.539,65.551
59.001,57.657,111.556,64.998
61.709,58.559,111.275,65.553
61.269,59.748,111.091,65.740
60.080,60.438,111.736,65.403
58.189,60.909,111.828,64.797
59.573,60.153,111.722,64.153
62.173,60.842,111.770,64.063
61.743,60.339,110.881,64.736
64.429,59.874,110.118,65.197
65.956,61.480,109.372,65.816
65.282,63.304,109.776,65.149
64.579,63.488,109.279,64.901
62.964,63.585,109.542,64.574
64.480,62.818,109.076,64.499
66.362,64.207,109.381,64.084
68.226,65.617,109.143,63.811
64.913,65.060,109.174,63.654
65.657,65.908,108.835,63.612
64.911,67.104,108.466,63.416
66.476,65.741,108.294,63.181
66.052,64.160,108.541,62.734
65.963,63.812,108.006,62.855
66.447,63.972,108.076,62.854
65.206,64.339,108.070,62.938
65.592,64.866,108.242,62.660
65.267,64.104,108.558,62.489
64.587,64.538,108.130,62.608
67.758,63.549,108.476,62.441
66.440,62.001,108.379,62.467
65.104,62.461,108.399,62.445
66.574,60.491,108.675,62.213
64.862,60.483,108.606,62.185
65.062,60.838,108.843,62.218
65.151,61.038,108.781,62.322
64.263,61.641,108.981,62.193
63.500,62.199,109.297,62.163
62.305,63.480,108.484,62.529
63.679,63.004,108.154,62.757
63.329,62.777,108.012,63.052
63.544,61.744,107.213,63.769
64.735,61.524,107.104,64.025
63.169,61.895,107.417,63.815
65.812,62.820,107.564,63.924
61.197,62.366,107.824,63.912
62.811,60.549,105.584,65.943
62.020,62.329,106.531,65.421
62.096,62.651,106.686,64.950
63.128,61.806,104.538,66.663
62.951,62.942,105.507,65.659
64.651,63.230,106.234,64.906
63.489,63.871,106.132,64.671
64.166,62.848,105.979,64.507
64.165,63.223,105.934,64.257
62.734,63.413,106.236,63.351
65.128,63.065,105.854,63.377
64.768,63.641,105.645,63.177
67.176,60.814,102.600,65.409
67.716,59.982,101.068,66.778
68.871,59.274,99.434,67.554
70.324,57.939,98.342,68.022
71.201,58.506,97.445,68.372
70.874,59.531,98.984,66.409
71.922,60.044,100.103,64.773
72.015,59.899,100.219,63.997
72.167,60.821,100.970,62.897
72.660,61.362,101.039,62.249
72.065,62.255,100.882,61.492
72.406,62.348,100.956,61.095
73.454,63.863,100.855,60.651
69.978,64.029,100.684,60.342
72.863,63.246,100.199,60.115
73.973,61.114,97.288,62.588
74.265,60.946,95.658,63.784
76.294,61.963,97.377,62.276
75.386,62.724,96.108,63.575
74.676,62.761,94.691,64.837
73.873,63.872,96.266,63.086
74.169,63.953,95.203,64.327
76.925,65.665,97.537,61.986
73.782,66.745,98.775,60.827
76.457,68.377,100.042,59.450
75.740,69.249,100.719,58.987
75.897,70.310,100.718,58.802
75.236,71.340,101.723,58.100
73.590,72.769,102.156,57.746
74.221,73.272,102.700,57.354
73.724,73.696,102.902,57.100
74.427,74.278,103.135,56.727
73.751,73.548,102.704,56.685
78.405,72.489,103.302,55.897
79.294,68.282,100.024,58.673
81.453,68.513,100.285,58.172
80.468,68.651,100.376,57.967
80.323,65.286,97.897,60.144
81.150,65.905,98.694,59.192
83.174,62.672,96.490,60.971
84.335,63.749,97.401,59.756
85.262,62.034,95.298,61.321
85.147,62.742,96.636,60.010
87.678,62.873,96.820,59.150
84.964,62.784,97.003,58.456
87.047,58.783,94.824,60.191
89.511,59.952,96.165,58.857
88.783,61.394,96.757,58.087
89.036,61.309,97.058,57.193
90.297,61.720,97.013,56.723
89.956,62.077,97.209,55.848
90.992,61.582,96.818,55.472
91.704,62.960,96.959,54.650
92.734,64.055,98.153,53.506
92.549,65.601,98.753,53.200
93.250,66.673,98.713,53.228
91.066,65.673,98.158,53.205
93.636,66.621,98.147,53.374
95.978,67.805,98.902,52.972
95.995,68.495,99.101,52.902
93.388,68.567,98.557,52.997
94.543,70.497,98.079,53.034
98.194,69.953,98.363,52.556
97.160,70.569,98.244,52.626
96.953,69.837,98.358,52.412
98.548,70.050,97.779,52.511
102.049,70.775,97.383,52.385
103.074,71.115,96.643,52.223
105.488,71.518,96.158,52.309
106.651,70.917,96.052,51.975
103.891,68.367,92.323,54.806
107.605,69.414,92.845,54.122
108.709,67.238,90.127,56.302
108.549,74.719,91.383,54.863
111.296,73.833,92.373,53.629
110.354,72.717,93.155,52.551
111.684,71.308,92.491,52.244
113.535,70.725,92.743,51.338
112.653,69.621,92.689,50.776
113.298,69.620,92.482,50.363
115.274,69.601,91.802,50.365
114.213,68.912,91.208,50.280
117.463,68.621,90.902,49.717
116.345,68.346,91.264,49.108
116.131,66.866,89.451,49.581
118.716,64.597,85.698,52.309
119.564,62.777,83.326,53.956
122.692,62.859,81.151,55.265
123.887,61.420,79.280,56.357
126.836,61.751,77.707,57.108
127.253,60.554,76.561,57.826
130.334,60.676,75.811,58.169
130.476,60.489,75.269,58.151
131.087,53.413,74.712,57.468
131.724,61.151,73.923,57.905
133.198,63.227,73.357,57.942
134.213,61.624,73.100,57.792
133.263,63.309,72.878,57.653
134.643,63.168,72.471,57.303
136.277,61.657,71.671,57.352
137.859,61.212,71.208,57.043
137.075,61.416,71.164,56.213
138.661,64.485,71.228,55.518
141.217,65.956,70.851,55.289
140.608,65.630,70.596,54.935
143.046,65.721,69.866,55.160
142.781,66.998,69.519,54.984
145.718,67.282,69.614,54.557
143.810,66.486,69.422,54.391
147.482,66.447,69.135,54.199
145.666,67.921,68.741,54.363
147.743,67.649,68.356,54.117
147.516,67.092,67.893,53.888
150.008,68.381,67.299,53.609
147.468,68.243,66.841,52.905
151.752,68.917,66.105,52.436
151.641,68.300,65.649,52.024
154.272,70.382,65.590,51.341
153.752,70.448,65.927,50.286
153.875,68.244,65.260,49.907
156.774,69.964,64.899,49.625
155.368,69.816,64.321,49.543
158.704,70.134,63.873,49.553
157.712,69.468,63.170,49.683
161.000,71.090,63.269,49.294
158.190,69.288,62.978,49.098
162.262,68.974,62.580,49.004
161.438,69.251,62.734,48.313
162.094,69.181,62.532,48.036
163.211,69.197,62.153,48.001
163.366,69.759,61.848,47.830
164.170,72.070,63.704,45.850
162.026,72.767,65.803,44.086
164.540,72.947,67.127,42.771
164.111,73.111,68.542,41.628
163.881,74.401,69.869,40.759
165.143,75.541,70.986,40.189
165.739,75.709,71.720,39.937
166.076,74.691,71.885,39.972
167.427,74.891,72.429,39.818
166.638,75.774,73.352,39.358
166.207,75.683,73.010,39.611
167.571,75.817,72.692,39.801
168.375,75.889,72.766,39.693
169.425,75.860,72.551,39.763
168.142,75.597,72.768,39.796
169.504,75.915,73.128,39.687
169.808,74.341,72.793,40.069
168.541,74.523,73.081,39.848
173.709,74.809,72.766,40.030
172.185,73.573,73.030,39.862
170.656,72.914,73.480,39.626
173.525,73.205,73.259,39.698
174.528,71.620,73.633,39.516
175.805,71.085,73.158,40.007
176.148,69.065,73.829,39.633
176.934,69.609,73.839,39.735
177.563,68.976,73.468,39.945
176.879,69.380,73.505,40.170
179.405,69.014,72.867,40.483
179.843,68.598,72.816,40.408
179.271,68.821,73.021,40.320
180.558,69.370,72.620,40.683
180.637,69.242,72.583,40.660
183.440,69.480,71.771,41.013
183.159,70.211,72.284,40.534
183.127,70.158,72.807,40.167
184.490,70.202,72.428,40.327
185.825,70.796,72.619,40.210
184.726,71.716,72.622,40.252
186.116,72.946,71.985,40.510
186.040,73.122,72.165,40.588
185.478,77.693,72.295,40.253
187.249,75.413,72.212,40.219
187.622,74.326,71.930,40.433
187.771,74.015,71.688,40.315
188.445,73.416,71.463,40.244
190.140,70.450,71.475,40.196
188.294,69.411,70.788,40.507
191.363,69.166,70.508,40.530
193.028,69.297,70.721,40.334
192.475,70.394,70.634,40.014
192.831,69.872,70.734,39.658
192.077,70.508,70.701,39.419
193.292,71.826,70.885,39.010
190.863,72.995,71.028,38.678
190.766,73.239,70.277,38.930
192.974,72.090,70.179,38.671
192.620,70.932,70.681,38.247
190.256,71.500,70.462,38.123
192.992,70.980,70.603,37.582
191.954,70.445,70.480,37.561
194.954,70.373,69.711,37.954
194.585,70.235,69.722,37.798
193.354,70.901,70.246,37.463
192.898,71.839,70.391,37.173
195.791,73.544,70.181,37.217
195.540,73.167,70.228,37.010
194.615,74.887,69.993,37.072
195.485,74.637,69.687,37.118
196.093,74.937,69.669,36.934
195.962,73.389,69.867,36.581
197.463,72.650,69.066,37.368
196.813,71.180,68.391,38.267
196.388,72.360,67.516,38.763
199.299,72.314,67.323,38.967
198.378,71.828,67.299,39.128
199.560,72.733,67.280,38.887
199.418,71.941,68.226,38.396
199.886,73.788,67.843,38.462
199.925,73.903,67.302,38.848
200.303,72.726,67.842,38.352
200.846,74.067,67.334,38.311
200.700,79.990,68.448,37.465
200.597,78.713,68.885,37.209
203.372,77.325,68.949,37.392
203.928,77.336,69.329,37.173
204.690,77.569,69.971,36.815
204.509,76.155,69.816,36.860
203.038,76.363,69.849,36.640
207.654,76.757,68.985,37.518
206.094,76.245,68.573,37.640
205.828,75.488,68.753,37.500
205.208,75.720,68.898,37.114
210.154,75.780,68.334,37.519
208.559,76.414,68.743,37.091
209.457,77.371,68.734,37.157
209.884,76.784,68.722,37.197
209.449,76.879,68.727,37.373
209.899,77.649,69.126,37.090
209.558,77.541,69.143,36.876
210.102,77.484,68.937,37.017
210.762,77.019,69.133,36.932
210.021,77.340,69.308,36.924
212.451,77.017,69.331,36.972
212.389,76.009,69.047,37.311
212.385,76.606,68.910,37.308
211.777,76.884,69.262,37.098
212.794,76.955,69.057,37.306
212.585,77.448,69.124,37.138
213.772,77.072,68.823,37.431
213.110,76.816,69.116,37.226
215.796,76.452,69.136,37.314
214.333,75.539,69.128,37.623
214.729,74.636,68.941,37.771
214.020,73.166,69.167,37.584
216.460,73.722,68.486,38.186
214.856,73.813,68.275,38.300
214.356,76.046,68.394,38.344
215.291,81.628,68.385,38.170
217.198,82.005,68.123,38.329
216.807,81.953,67.536,38.691
217.308,81.019,67.296,38.627
217.783,79.918,67.320,38.575
218.355,78.389,66.996,38.825
217.229,75.810,66.707,38.718
221.964,68.197,66.499,38.737
220.361,66.460,66.591,38.650
219.318,64.063,67.129,38.313
223.704,64.656,67.001,38.251
222.024,63.823,66.674,38.272
221.680,65.761,67.037,37.773
221.627,67.093,66.559,38.096
220.871,72.545,66.906,37.765
223.988,73.347,66.844,37.811
222.480,74.044,66.744,37.851
223.204,75.469,66.889,37.781
222.790,76.326,67.311,37.494
224.225,76.783,67.369,37.346
223.850,76.518,67.278,37.473
224.037,75.327,67.383,37.562
225.846,75.316,67.611,37.347
225.474,74.498,67.693,37.420
224.690,74.526,67.776,37.318
224.974,73.912,67.809,37.547
225.208,73.788,67.882,37.485
225.128,74.387,67.410,37.626
225.818,73.520,67.391,37.623
225.300,73.471,67.595,37.614
224.679,73.660,67.911,37.411
226.982,74.143,67.985,37.434
226.391,74.315,67.968,37.579
225.675,74.718,67.582,37.899
225.580,75.279,67.359,37.980
225.110,76.487,67.329,38.057
226.554,77.826,67.327,38.139
224.784,78.243,67.622,38.110
226.754,78.995,67.247,38.272
227.657,80.407,67.322,38.171
224.522,81.410,67.325,38.378
225.487,82.062,67.732,38.176
226.835,82.401,67.208,38.582
222.283,80.810,67.397,38.414
224.986,79.362,67.348,37.981
225.988,78.037,67.318,37.876
224.996,76.115,67.130,38.029
226.425,75.774,66.971,38.159
225.431,77.674,66.692,38.310
224.660,78.480,66.426,38.570
226.360,79.458,66.129,39.024
224.431,79.960,66.260,38.784
224.814,79.531,66.397,38.819
224.251,78.083,66.805,38.609
224.078,76.871,66.384,38.752
225.537,76.449,65.957,38.834
223.536,75.790,65.980,38.640
224.496,75.530,66.007,38.256
225.320,75.126,66.172,38.022
224.205,74.065,66.547,37.726
227.229,74.076,66.791,37.359
226.614,73.666,66.920,37.295
225.766,74.064,66.666,37.288
224.867,74.263,67.248,36.963
225.810,74.854,67.562,36.612
220.737,74.080,65.023,38.850
227.528,75.262,65.187,38.489
224.667,75.018,65.957,37.874
225.289,75.604,65.931,37.486
224.413,74.589,66.053,37.488
224.416,74.327,66.085,37.424
223.063,72.988,66.512,37.313
224.325,72.343,66.792,37.141
224.831,72.650,66.546,36.942
224.169,73.424,66.872,36.953
224.545,74.190,66.990,36.856
222.288,75.061,67.085,36.699
222.699,73.751,67.188,36.623
223.744,72.577,66.928,37.184
220.401,72.621,66.776,37.673
221.675,73.524,66.874,37.933
221.361,73.988,67.509,37.538
220.662,74.607,66.812,37.993
220.287,74.575,66.967,37.548
219.795,74.668,66.816,37.370
218.767,74.510,66.587,37.255
218.540,75.107,66.089,37.257
218.740,75.410,65.786,37.129
217.361,74.388,65.458,37.263
213.538,79.222,64.934,37.408
214.302,77.325,65.262,36.941
210.105,75.110,62.809,39.059
215.055,75.166,63.785,38.034
213.477,74.152,64.982,37.297
214.241,73.710,65.781,36.758
213.343,74.638,65.943,36.419
213.237,74.853,66.332,36.394
213.450,75.294,65.950,36.470
214.912,76.791,65.930,36.183
212.637,77.446,66.273,36.059
212.306,77.054,66.459,36.120
210.577,77.173,66.311,36.198
210.019,76.719,66.598,36.324
210.067,74.456,66.513,37.048
210.227,74.788,66.800,37.168
209.890,74.786,66.862,37.123
207.961,76.269,66.661,37.249
208.578,75.904,67.140,36.982
208.108,77.088,66.980,36.852
207.301,77.150,66.682,37.039
206.163,75.801,67.172,36.777
207.459,75.789,67.307,36.545
208.372,75.912,67.392,36.354
208.283,75.609,67.335,36.236
206.857,74.229,67.687,36.263
206.755,74.441,67.935,36.393
206.858,75.510,67.623,36.471
207.249,76.971,67.626,36.389
204.041,76.576,67.769,36.200
203.249,76.056,68.074,36.099
205.152,76.293,68.165,36.075
205.575,76.293,68.043,36.177
204.755,76.533,67.974,36.260
205.132,77.355,68.325,36.192
204.521,77.052,68.611,36.096
204.104,77.775,68.735,36.005
204.484,77.416,69.363,35.846
204.564,76.792,68.887,36.397
204.630,77.351,68.105,36.621
203.638,77.140,67.542,36.934
204.545,76.604,67.460,37.046
204.495,76.425,67.712,36.922
203.668,76.035,67.327,37.119
203.417,76.474,67.616,36.927
202.815,75.743,67.813,36.881
200.726,75.438,67.618,36.993
202.478,75.429,67.668,37.008
202.396,75.004,67.624,37.214
202.264,75.500,68.295,36.919
201.740,75.508,68.037,36.934
200.629,74.969,68.022,36.841
199.859,76.202,68.082,36.782
201.310,75.919,68.828,36.719
201.474,75.299,69.437,36.681
200.345,75.331,69.212,36.853
199.642,75.203,69.100,36.931
199.448,75.597,69.103,36.860
200.562,76.309,69.282,36.814
200.543,76.187,68.822,37.067
199.533,76.136,68.438,37.152
199.652,76.578,68.655,36.875
199.729,76.276,69.572,36.429
199.800,76.003,69.385,36.502
198.855,75.917,69.009,36.645
196.592,76.972,69.818,36.454
196.550,75.522,70.014,36.410
197.064,75.271,70.441,36.467
195.838,75.366,70.742,36.361
197.035,74.452,71.172,36.507
195.458,74.074,71.254,36.625
189.646,71.778,68.238,39.237
194.364,72.552,68.322,39.054
196.993,72.211,69.042,38.477
196.424,72.879,69.995,37.715
194.982,72.148,70.158,37.610
192.396,77.663,69.545,37.952
194.660,76.438,69.516,37.787
196.625,75.247,69.624,37.621
194.933,74.541,69.758,37.491
198.244,74.139,70.001,37.299
196.088,73.355,69.803,37.164
199.080,73.600,70.277,36.936
196.013,73.503,70.421,36.766
196.882,73.479,70.552,36.950
196.844,73.925,70.323,37.362
197.822,72.913,70.372,37.434
196.829,73.304,70.697,37.417
192.651,71.495,67.952,39.900
193.432,71.611,66.173,41.546
199.338,72.156,67.521,40.432
195.973,73.861,68.245,39.725
198.797,74.090,69.803,38.721
197.650,73.823,70.372,38.312
197.191,74.531,70.308,38.576
199.007,74.678,70.576,38.346
198.417,74.128,70.666,38.356
198.534,73.919,70.904,38.377
200.310,73.992,71.491,38.049
198.639,73.893,71.166,38.173
197.948,73.332,70.862,38.654
196.610,73.828,70.367,38.572
200.359,73.705,70.360,38.500
199.013,73.775,70.869,38.232
200.727,73.553,71.108,38.137
198.516,73.915,71.050,37.972
201.986,74.097,71.295,37.815
200.577,74.209,70.933,37.891
201.756,73.743,71.061,38.038
202.726,73.818,71.355,38.001
200.834,74.236,71.377,37.821
201.982,74.200,71.466,37.913
202.884,74.262,71.853,37.971
203.502,73.573,72.324,38.166
203.188,73.947,72.289,38.157
201.519,74.132,72.218,38.017
205.035,73.518,72.626,37.776
202.687,73.831,72.237,37.948
205.061,73.545,73.020,37.596
204.762,74.086,72.755,37.775
203.381,73.391,72.997,37.667
198.388,71.973,70.032,40.260
201.447,72.624,70.742,39.709
206.510,72.615,71.478,39.081
200.516,71.117,69.084,41.365
205.321,71.495,69.942,40.612
207.241,71.156,70.683,39.969
208.240,70.536,71.908,39.250
203.105,68.744,69.235,41.632
207.940,69.569,70.082,40.744
209.495,70.391,71.022,39.912
216.031,77.831,72.804,38.767
211.213,71.105,73.313,38.577
213.443,71.387,73.589,39.021
214.134,71.268,74.179,39.077
216.349,71.624,74.566,39.159
215.447,72.295,75.147,38.809
212.940,72.476,75.742,38.388
213.657,72.943,76.128,38.254
211.974,73.406,75.563,38.432
207.329,80.010,75.244,38.512
211.088,80.001,74.711,38.598
216.070,73.258,74.668,38.645
212.057,79.716,74.320,38.681
215.642,79.648,74.109,38.514
220.515,72.473,74.406,38.469
221.248,79.120,74.670,38.404
216.631,78.506,74.933,38.303
221.426,77.980,75.040,38.310
224.842,71.488,74.957,38.429
222.365,79.320,74.921,38.486
223.615,79.436,75.706,37.975
223.248,79.449,76.355,37.684
219.335,79.651,75.949,37.831
222.719,78.855,75.620,38.016
226.317,78.462,75.665,37.918
232.018,71.353,75.730,38.294
230.357,71.318,75.518,38.392
231.285,71.330,75.574,38.590
233.928,71.164,75.403,38.798
231.587,71.629,75.796,38.831
233.137,71.777,76.180,38.758
233.475,71.357,76.185,39.136
235.212,71.417,76.077,39.421
237.826,70.892,76.069,39.641
237.254,70.562,76.409,39.799
239.178,69.651,76.725,39.960
239.148,64.507,76.754,40.058
240.139,66.478,76.505,40.257
241.494,67.169,76.601,40.384
241.145,67.392,76.705,40.449
243.090,67.581,77.211,40.333
243.994,67.683,77.560,40.240
243.435,67.015,77.846,40.290
246.688,66.238,78.081,40.457
246.787,65.583,78.832,40.189
247.642,65.420,78.914,40.398
249.030,66.132,78.607,40.533
251.764,66.648,78.106,41.188
250.000,66.655,78.602,41.331
251.130,66.876,78.739,41.376
252.631,65.747,79.108,41.533
253.530,65.883,79.491,41.657
253.230,66.121,79.697,41.648
254.828,66.250,79.953,41.568
255.144,66.740,80.426,41.575
256.815,67.395,80.923,41.389
259.306,67.349,81.874,41.274
259.118,69.531,82.106,41.731
258.718,69.591,82.414,42.142
257.832,70.084,82.929,42.437
245.357,79.757,83.537,42.283
256.071,71.394,84.734,42.048
257.500,72.216,85.166,42.124
257.009,71.924,85.421,42.561
260.930,72.094,85.772,42.550
261.084,72.770,86.269,42.571
262.945,72.568,86.692,42.378
264.845,66.974,87.107,42.247
262.992,83.681,88.199,41.786
253.965,84.100,88.082,41.857
255.312,84.409,87.615,41.815
256.834,84.686,87.261,42.029
251.544,84.939,86.800,42.010
253.655,85.131,86.255,42.229
254.673,85.615,86.039,42.095
257.996,85.911,85.338,42.262
253.353,85.461,84.614,42.248
254.953,85.383,84.053,42.098
257.555,85.555,83.623,41.869
259.903,78.346,84.239,41.724
260.969,86.305,84.210,41.188
255.951,86.114,83.815,41.222
258.618,85.173,83.365,41.198
261.372,86.018,83.133,41.300
262.882,87.036,83.014,41.092
263.889,87.521,83.426,40.631
264.688,87.604,83.838,40.319
259.920,88.751,83.879,40.201
261.178,89.658,83.739,40.159
264.098,88.722,83.193,40.213
