6.000,166.000,42.000,26.000
7.632,166.792,42.301,25.630
9.345,167.054,42.462,25.142
10.598,167.276,42.518,24.952
11.557,167.201,42.594,24.656
13.748,167.737,42.654,24.377
14.594,168.095,42.710,24.325
16.909,168.068,42.688,24.370
17.766,168.545,42.660,24.228
20.437,169.318,42.472,24.239
21.545,169.605,42.615,24.069
22.250,170.079,42.708,23.869
23.923,169.618,42.805,23.814
24.741,170.087,43.012,23.786
25.909,170.112,43.031,23.665
28.077,170.386,42.849,23.651
29.341,171.028,42.787,23.617
30.875,170.561,42.953,23.545
32.756,171.107,42.949,23.737
34.692,171.193,43.089,23.756
34.741,171.566,43.286,23.748
37.727,171.320,43.497,23.797
39.507,172.235,43.643,23.922
41.532,172.566,43.739,23.905
41.859,172.907,43.828,23.980
44.994,172.621,44.128,24.010
43.232,173.882,44.153,24.012
46.102,173.289,44.106,24.279
46.293,174.201,44.024,24.270
48.500,173.737,43.970,24.487
48.361,173.781,44.109,24.467
50.124,173.635,44.017,24.591
50.819,173.679,44.049,24.707
50.967,173.681,44.069,24.784
52.130,173.198,44.407,24.825
52.492,174.192,44.555,24.769
53.814,174.201,44.374,24.879
55.014,174.396,44.381,24.857
57.362,173.923,44.638,24.868
55.208,174.400,45.017,24.698
60.036,174.015,45.105,24.641
57.991,173.814,45.650,24.577
60.773,173.858,46.099,24.415
60.227,174.194,46.552,24.325
63.134,173.714,46.823,24.418
62.707,173.942,47.231,24.475
65.909,173.579,47.266,24.455
64.366,173.220,47.647,24.357
66.696,173.127,47.706,24.570
67.566,172.893,47.841,24.653
69.191,173.044,48.001,24.784
70.096,172.762,48.265,24.870
71.422,172.560,48.143,25.132
72.805,172.684,48.339,25.320
74.053,172.918,48.558,25.458
73.746,172.991,48.759,25.653
76.652,172.582,48.875,25.749
76.869,173.192,49.237,25.545
78.082,172.719,49.439,25.630
78.316,172.931,49.591,25.779
79.735,172.716,49.814,25.955
78.843,172.524,50.219,25.980
82.358,172.445,50.221,26.280
79.046,173.456,50.716,26.012
82.127,173.437,50.778,26.171
79.997,173.488,51.367,26.157
81.327,173.329,51.618,26.285
79.901,173.437,52.367,26.239
80.826,173.536,52.694,26.264
80.261,173.266,53.231,26.360
79.933,173.638,53.543,26.446
80.436,173.468,53.707,26.601
79.038,174.242,54.036,26.598
82.044,173.859,54.280,26.573
79.183,174.857,54.941,26.466
81.741,174.285,55.249,26.678
79.088,174.571,55.517,26.843
82.670,174.553,55.325,26.928
79.122,175.027,55.936,26.765
80.021,174.825,55.950,26.888
78.811,175.067,56.280,26.903
80.669,175.281,56.502,27.119
78.644,175.124,57.018,26.972
80.991,174.623,57.204,27.080
79.584,175.243,57.749,26.909
79.737,175.728,58.195,26.978
79.163,176.212,58.467,27.370
79.942,175.785,58.677,27.605
80.204,176.215,58.955,27.734
79.406,176.448,59.141,28.011
79.312,175.906,59.703,28.240
78.840,176.054,60.168,28.489
80.220,175.949,60.482,28.841
77.486,176.749,60.610,29.156
80.483,175.942,60.920,29.456
75.998,176.739,61.395,29.551
80.658,176.062,61.619,29.628
76.019,176.541,61.700,29.826
80.977,176.246,61.579,30.116
77.167,176.271,61.999,30.238
79.886,175.938,62.022,30.608
77.810,175.848,62.431,30.756
79.211,176.093,62.502,30.893
78.653,175.550,62.963,30.960
79.808,175.291,63.148,31.118
78.737,175.630,63.161,31.343
80.243,175.013,63.442,31.561
80.026,174.926,63.600,31.735
81.439,175.467,63.314,32.024
80.475,175.368,63.347,32.297
84.166,175.486,63.155,32.627
82.073,175.369,63.550,32.770
84.981,175.821,63.902,33.062
83.026,175.388,64.608,33.331
85.344,174.571,65.584,33.348
83.190,174.269,66.383,33.367
84.493,174.116,66.735,33.855
84.238,173.481,67.078,34.299
84.885,173.107,67.460,34.476
82.697,173.567,68.467,34.153
86.536,173.520,68.502,34.372
84.282,173.141,68.875,34.669
86.756,173.410,69.184,34.860
88.164,172.765,69.243,35.317
87.537,172.459,69.275,35.811
89.609,172.535,69.567,35.999
89.190,172.358,69.807,36.325
91.869,172.213,70.300,36.740
90.844,172.180,70.499,37.248
93.954,171.617,70.780,37.693
91.574,171.792,71.317,37.838
95.481,171.610,71.747,38.093
96.321,171.152,72.280,38.547
97.037,171.615,72.485,39.109
97.491,171.359,73.187,39.511
98.783,170.952,73.716,39.860
98.989,170.519,74.704,40.120
99.558,169.761,75.532,40.479
100.175,170.178,76.350,40.607
100.973,168.889,77.079,41.011
101.190,168.186,78.014,41.126
99.911,168.511,78.900,41.045
105.532,167.755,79.566,41.165
99.958,167.945,80.550,40.985
106.857,167.468,80.820,41.282
103.611,167.279,81.720,41.325
108.225,167.215,82.082,41.645
106.753,167.658,82.914,41.795
109.767,166.896,83.331,42.154
110.527,166.546,84.030,42.312
112.480,165.727,84.922,42.516
110.381,165.752,85.409,42.504
115.129,165.363,86.045,42.756
111.250,164.814,87.509,42.664
114.558,163.519,88.275,42.656
110.788,163.392,88.748,42.964
112.233,161.612,87.144,43.743
113.740,161.385,85.178,44.032
115.755,161.555,84.544,43.813
116.953,161.331,83.700,44.123
117.107,160.832,83.182,44.515
119.246,166.168,79.693,47.619
115.976,164.806,76.919,49.759
116.576,163.362,75.535,51.148
126.231,161.663,74.166,52.410
152.305,169.859,76.276,49.904
150.453,168.511,78.391,48.292
144.273,160.714,80.376,46.371
146.845,161.878,81.432,44.995
148.421,162.034,82.650,44.164
156.507,168.873,82.861,44.569
162.285,175.436,83.530,44.222
163.700,173.504,84.484,44.267
165.021,173.517,85.497,44.392
162.369,172.344,86.849,44.390
163.934,170.612,86.909,45.380
162.934,169.303,86.803,45.893
162.790,168.514,87.344,46.599
160.908,168.194,88.841,47.055
161.454,167.115,90.341,46.983
162.736,175.213,92.255,46.444
163.524,173.938,93.317,46.789
169.074,172.580,93.517,47.284
171.667,172.769,93.395,48.549
171.342,173.138,93.094,49.757
175.374,172.426,93.078,50.462
178.037,172.245,93.481,50.893
181.119,171.415,94.673,50.948
186.442,170.715,96.128,50.980
192.909,169.818,97.122,51.146
196.252,169.289,97.724,51.664
201.272,168.387,98.524,52.143
206.665,167.776,100.113,52.331
213.147,166.536,100.755,52.897
213.133,167.149,100.937,53.580
215.233,167.064,101.201,54.463
218.606,167.018,101.865,54.942
220.139,166.322,103.125,54.928
218.717,166.297,103.226,55.636
217.308,165.691,103.676,56.254
217.069,165.036,104.437,56.479
214.949,164.037,106.041,55.983
212.128,161.357,107.801,55.374
206.635,159.253,109.590,54.285
198.099,157.619,111.042,53.004
194.566,156.476,112.034,52.479
194.162,157.672,112.498,52.786
187.736,156.349,113.400,52.949
181.966,147.705,116.783,50.612
181.082,147.678,120.353,48.593
179.820,148.090,122.814,47.632
190.485,149.971,123.678,47.332
191.278,148.952,124.823,47.026
200.032,147.106,125.058,46.808
205.708,147.533,127.094,46.075
215.977,148.497,127.604,46.159
222.587,150.214,128.867,46.161
229.846,151.395,128.406,46.815
232.533,152.357,127.846,49.083
246.143,153.980,125.553,51.991
245.947,154.149,124.816,53.715
246.267,152.374,124.115,55.825
257.788,150.857,123.460,57.516
268.169,149.682,122.573,59.105
269.786,147.531,122.753,60.233
280.339,146.603,122.099,61.311
278.798,144.364,122.451,62.272
287.529,143.092,121.641,63.194
295.878,141.950,121.053,64.129
295.080,139.458,122.842,64.251
301.376,137.645,122.808,64.854
306.872,137.279,122.558,65.156
306.655,135.660,125.519,64.514
311.607,136.690,124.691,64.995
311.252,136.509,128.295,64.369
315.828,135.639,128.458,64.773
321.313,134.998,128.609,64.735
324.596,135.239,129.105,64.640
329.966,135.061,129.095,64.541
334.452,134.408,128.740,64.766
337.457,132.289,129.540,64.462
340.488,131.071,130.380,64.097
344.000,132.733,130.391,63.882
346.516,133.173,131.514,64.050
354.530,132.931,132.736,64.197
359.486,132.352,134.836,64.424
366.173,132.319,136.946,64.258
384.381,131.769,138.179,64.401
389.804,132.381,142.118,63.067
406.679,132.936,145.991,61.988
421.528,132.767,149.563,61.269
439.027,132.253,152.126,60.880
