205.000,151.000,17.000,50.000
202.942,149.790,18.723,47.492
201.654,149.036,19.977,45.395
199.693,149.774,21.066,43.409
198.716,150.168,21.468,42.211
197.466,150.776,21.872,40.937
195.578,150.148,22.190,40.040
192.230,149.865,22.112,39.445
192.089,149.180,22.234,38.714
190.701,148.867,22.329,37.868
188.177,148.464,22.215,37.427
187.371,147.569,22.079,37.221
186.596,147.193,22.119,36.753
185.882,147.254,21.975,36.401
183.820,146.821,21.893,36.181
182.363,146.640,21.675,35.954
181.738,146.596,21.622,35.502
180.770,146.266,21.590,35.131
179.957,146.658,21.636,34.681
179.060,146.388,21.389,34.590
177.796,144.256,21.151,34.478
176.995,141.787,21.012,34.279
176.076,141.857,21.044,33.707
175.929,141.810,20.675,33.365
175.171,142.197,20.514,32.997
174.032,142.903,20.373,32.768
173.650,143.311,21.275,31.091
171.531,143.554,21.971,29.556
170.665,143.902,22.534,28.364
168.415,143.364,22.933,27.613
167.421,142.775,23.112,26.998
166.899,142.387,23.173,26.522
166.140,141.512,23.201,26.097
165.782,141.350,23.216,25.671
165.560,141.733,23.228,25.372
164.895,141.301,23.162,25.090
164.186,141.363,23.116,24.883
163.246,140.943,23.043,24.479
163.307,139.964,23.032,24.290
163.207,138.837,23.017,24.111
163.595,138.393,22.999,24.062
163.195,137.715,23.008,23.991
160.884,136.258,22.974,23.912
160.972,135.668,22.908,23.818
160.350,137.581,22.884,23.642
160.052,136.437,22.745,23.544
158.110,132.942,21.556,24.946
157.437,134.450,21.680,24.542
155.226,132.992,20.448,25.706
155.307,130.503,19.545,26.501
153.770,131.002,18.640,27.182
152.929,129.393,19.274,26.027
150.704,126.373,19.652,24.953
150.197,125.917,20.178,24.081
148.842,126.400,20.477,23.390
148.415,126.871,20.656,22.835
146.871,126.918,20.429,22.549
145.184,127.953,20.312,22.262
144.450,127.991,20.559,21.790
142.658,128.240,20.454,21.520
140.666,128.818,20.632,20.949
138.304,126.445,20.188,21.055
136.942,125.716,19.557,21.053
136.555,125.471,19.298,20.937
134.975,125.450,19.085,20.719
134.900,125.237,19.130,20.497
132.436,126.397,18.870,20.397
131.802,126.589,18.754,20.378
128.505,125.315,18.581,20.148
127.076,123.414,18.180,20.100
125.923,122.871,17.966,20.086
125.445,122.468,17.993,19.848
124.738,120.342,18.107,19.689
122.571,119.259,18.161,19.506
121.766,119.673,18.295,19.277
121.492,120.180,18.336,18.954
118.938,119.527,18.332,18.780
118.351,116.864,18.151,18.781
115.949,116.439,17.986,18.769
115.443,115.995,17.897,18.775
114.293,113.585,17.737,18.722
112.540,113.423,17.816,18.512
112.738,113.306,17.645,18.499
111.085,113.227,17.450,18.602
108.926,113.388,17.414,18.623
106.757,112.758,16.990,18.764
105.322,111.923,15.782,19.910
104.423,111.701,16.064,19.323
102.392,111.917,16.119,19.037
100.284,109.234,15.298,19.876
98.977,110.306,15.514,19.320
97.989,110.012,15.792,18.766
96.020,109.600,15.943,18.304
93.964,109.685,16.062,18.256
93.256,109.832,16.146,18.117
92.730,109.583,16.047,18.068
88.298,109.399,16.196,17.822
88.241,109.454,16.092,17.638
86.487,107.055,15.922,17.694
84.371,106.036,14.950,18.859
83.683,106.143,15.099,18.468
81.690,105.830,14.362,19.235
81.685,104.292,14.660,18.684
80.391,104.898,15.138,18.083
79.480,105.441,15.461,17.639
77.047,105.306,15.354,17.474
74.796,104.920,15.165,17.409
72.844,104.773,15.128,17.233
71.192,102.833,15.121,17.157
69.389,102.825,15.058,17.010
68.877,103.309,15.232,16.779
67.209,103.493,15.316,16.530
65.467,103.826,15.387,16.284
65.099,103.688,15.386,16.222
62.943,103.430,15.330,16.236
62.330,102.914,15.299,16.176
60.636,100.965,15.181,16.375
58.787,100.629,15.048,16.459
58.408,100.355,14.926,16.376
58.195,99.901,14.859,16.238
