176.000,75.000,47.000,102.000
173.796,72.022,47.987,100.267
173.344,77.944,49.762,97.970
170.385,80.664,51.331,96.079
169.625,83.365,52.374,94.732
168.622,85.035,53.288,93.435
169.540,93.410,57.576,88.885
165.755,98.715,61.137,84.849
163.370,103.111,63.187,82.462
160.804,104.270,64.019,81.140
156.767,104.645,63.996,79.995
155.792,105.265,64.226,78.551
151.974,106.086,64.038,77.577
148.605,107.481,64.631,75.631
141.770,107.552,65.590,73.559
139.568,106.171,66.474,71.268
138.010,104.002,66.674,69.938
136.130,93.488,65.620,70.006
132.686,90.128,64.350,70.369
131.046,87.973,62.581,70.473
131.394,82.869,57.947,74.242
132.212,80.153,54.283,77.405
133.881,77.036,51.425,80.481
134.563,78.262,49.188,83.084
134.383,81.460,47.122,85.976
134.615,79.458,44.254,89.748
135.460,79.324,41.889,92.822
136.833,80.314,42.154,91.853
138.471,79.715,42.034,90.563
139.932,72.994,41.741,90.060
140.120,62.778,41.976,89.111
139.882,60.130,42.565,87.827
140.039,58.263,43.619,86.136
139.313,48.071,44.847,84.673
141.874,46.992,46.209,83.486
143.262,45.870,47.664,82.143
143.944,46.527,48.999,80.991
144.958,48.841,52.155,77.671
142.048,52.315,53.872,75.551
139.437,56.069,55.343,73.755
140.179,61.449,55.368,73.254
139.223,65.272,55.113,73.432
139.669,74.217,52.849,76.813
139.921,82.646,50.928,79.385
139.237,84.098,49.121,82.138
137.907,84.177,48.148,83.677
136.618,83.634,46.895,85.431
135.950,82.761,45.859,87.171
133.711,81.168,44.998,88.880
131.349,79.043,44.771,90.024
128.774,79.248,44.851,90.857
125.799,79.343,45.223,91.114
122.803,79.705,45.735,90.622
118.952,79.425,46.115,90.238
117.090,79.081,46.682,89.832
116.237,77.076,47.420,89.223
117.229,76.505,48.396,88.217
120.114,75.653,49.149,87.501
129.740,75.489,49.020,87.831
132.732,76.536,48.908,88.063
135.293,76.529,48.726,88.839
138.544,76.294,49.011,89.047
143.531,72.424,48.483,90.302
147.578,68.415,48.634,90.921
150.942,63.564,48.947,91.447
152.379,62.019,50.231,91.048
155.789,59.774,50.698,90.989
158.206,60.473,50.852,91.461
161.759,60.656,51.032,91.724
164.604,62.642,51.315,91.689
167.518,63.312,51.016,92.501
170.043,64.125,50.708,93.296
173.717,62.588,50.379,94.117
175.467,63.232,50.995,93.876
178.261,63.426,51.433,93.580
178.585,64.476,52.316,93.176
178.980,65.990,52.408,93.735
178.480,67.683,52.289,94.518
176.943,76.615,52.000,95.016
177.391,76.269,51.617,95.571
177.446,75.192,51.089,96.432
177.028,73.197,50.465,97.360
176.790,72.078,49.645,97.841
178.137,71.357,49.260,97.654
180.703,69.579,48.974,97.155
182.898,67.938,49.030,96.286
183.255,65.551,49.253,96.096
182.154,61.094,49.656,95.268
180.303,60.255,49.853,95.382
179.761,58.903,49.849,95.649
178.899,57.926,50.726,94.543
178.460,58.282,51.553,93.596
178.610,63.702,56.160,88.565
177.035,67.298,59.863,84.502
173.896,70.318,63.031,81.093
171.421,71.537,65.102,78.616
171.173,71.981,66.734,76.859
171.057,71.845,68.539,75.589
172.601,73.408,70.680,74.339
171.103,75.437,72.160,73.391
171.818,83.422,73.161,72.577
170.164,83.221,74.953,71.535
170.425,82.812,76.286,71.006
169.563,82.409,76.812,71.249
160.910,81.885,77.576,71.385
159.728,82.119,77.829,71.574
146.655,80.230,76.420,72.009
142.518,76.988,74.908,72.565
139.306,75.550,73.687,72.698
137.198,74.189,72.756,72.432
134.268,73.877,70.980,72.696
131.733,73.739,69.079,73.194
130.592,73.154,67.589,73.715
131.013,72.489,65.963,74.552
135.365,68.035,61.657,80.105
135.963,72.395,58.890,83.935
138.109,78.162,56.919,86.739
138.485,77.520,54.924,89.647
141.630,75.681,53.411,90.588
143.488,71.480,51.486,91.691
145.276,59.149,50.239,92.392
146.534,56.023,49.838,91.445
147.941,57.953,53.428,86.104
148.519,60.605,56.706,81.646
146.771,62.575,59.172,78.657
146.427,56.844,61.125,76.698
142.698,47.185,63.096,75.322
140.932,44.942,64.180,75.025
140.964,43.810,64.623,74.990
141.651,45.446,65.338,74.311
142.311,49.319,65.731,73.816
142.711,52.849,65.607,73.814
142.327,55.871,65.432,74.399
142.765,61.145,65.690,74.592
153.339,87.051,60.868,79.686
142.396,96.444,62.631,78.652
141.945,97.081,63.302,78.136
141.845,97.928,63.346,78.238
139.768,84.262,59.569,83.428
140.206,78.210,56.562,88.101
139.318,73.266,55.061,91.243
138.176,69.937,54.753,92.978
137.312,69.707,54.719,94.125
136.708,69.485,54.709,95.152
134.122,72.469,55.462,95.785
141.605,73.738,61.030,91.413
148.403,74.857,65.368,88.312
145.796,76.035,68.882,86.394
145.191,77.104,71.465,85.720
145.897,77.345,72.462,86.483
154.668,77.196,72.888,86.992
157.511,76.814,72.801,87.942
158.956,76.246,72.687,89.131
160.800,76.169,72.358,90.126
164.311,71.761,68.283,95.148
168.609,67.182,65.157,98.926
171.726,63.810,63.241,101.272
174.345,61.154,61.861,103.660
177.155,57.860,60.152,106.897
179.789,58.232,58.519,109.601
179.359,55.665,57.264,111.847
180.719,54.769,56.237,113.721
184.043,51.283,56.929,113.505
186.148,48.812,58.154,113.106
185.440,45.123,59.919,111.980
185.379,44.636,61.355,110.905
185.238,44.704,62.324,110.679
183.219,51.701,62.306,110.947
181.279,59.507,62.282,110.501
179.527,69.416,62.411,109.391
179.005,65.819,62.340,108.965
179.991,62.547,61.717,109.703
180.480,58.833,59.966,112.123
180.265,56.593,58.877,113.327
180.451,57.770,58.431,112.831
180.382,56.308,57.980,112.788
180.890,54.923,57.661,112.955
181.054,52.316,57.443,113.988
180.608,51.327,57.693,114.270
180.655,51.601,58.181,113.605
179.564,53.543,59.022,112.109
178.514,53.219,59.545,110.668
176.543,59.881,65.182,104.054
174.400,65.001,70.237,98.804
173.867,67.368,74.547,94.527
175.184,68.938,77.356,91.712
177.182,70.100,78.959,90.016
177.469,70.329,79.857,88.950
176.283,69.339,80.981,88.479
174.973,69.002,82.616,88.083
174.027,70.811,84.209,87.838
172.530,73.453,85.995,87.351
171.340,75.483,87.513,87.177
170.909,76.202,88.519,87.518
159.855,73.988,88.526,88.197
157.192,71.659,88.757,88.388
153.796,69.650,88.538,88.931
143.911,66.804,86.907,89.802
134.233,63.552,84.938,90.294
131.947,60.773,82.915,90.872
130.809,59.284,80.470,91.935
133.800,53.740,74.774,96.817
132.109,55.169,70.634,100.782
134.129,53.122,66.777,105.055
135.347,52.697,63.492,109.102
136.591,55.928,61.131,112.340
138.158,57.883,59.222,115.095
140.349,59.080,57.953,115.861
142.962,58.104,57.314,115.077
147.160,44.845,54.178,118.133
152.573,41.432,54.459,116.616
153.225,39.237,55.640,113.394
148.216,26.779,55.249,112.719
148.528,24.761,56.203,110.673
150.767,21.206,57.546,109.313
153.554,21.377,59.149,108.043
152.989,23.819,61.329,105.710
152.318,27.728,62.667,104.216
150.019,36.629,62.874,103.270
147.802,41.437,62.701,103.358
145.072,47.819,62.622,103.360
144.785,52.639,61.907,104.256
142.681,57.594,61.180,105.494
142.233,60.742,60.591,106.466
140.809,66.116,61.347,105.793
