306.000,5.000,95.000,65.000
313.420,16.768,91.683,67.682
318.891,37.500,88.693,70.222
331.894,63.568,86.002,72.450
332.687,100.135,86.097,72.620
332.438,134.537,86.500,72.106
331.069,151.625,87.108,71.705
329.518,147.177,87.758,72.311
318.528,124.659,87.046,73.483
320.767,93.637,86.565,74.118
308.534,62.588,88.474,73.764
280.759,50.640,93.549,70.111
264.463,32.766,92.162,72.703
250.279,21.626,90.202,74.718
232.756,13.417,88.813,76.858
228.318,10.844,88.272,77.815
238.727,11.883,87.646,77.655
238.007,23.747,87.451,77.237
217.159,60.800,87.822,76.683
221.242,88.378,88.622,75.389
230.722,111.036,89.231,74.552
239.870,134.309,94.122,70.664
240.262,135.339,97.530,66.926
239.060,120.704,96.217,68.259
264.356,85.963,93.779,70.397
280.030,61.463,91.991,71.241
279.158,42.845,91.338,71.172
267.695,24.411,91.615,70.681
250.952,11.290,91.763,70.928
244.450,3.635,90.339,72.381
239.862,6.231,89.950,72.903
239.790,9.579,89.789,74.297
253.628,13.730,88.093,76.512
269.149,37.752,86.606,78.096
282.858,62.087,85.842,78.232
304.159,87.875,86.344,76.671
325.098,122.817,90.138,71.878
350.358,155.274,89.709,70.911
375.215,174.651,93.813,66.820
391.990,179.985,96.461,63.439
409.385,172.044,97.175,61.512
425.045,151.345,98.208,60.369
423.157,134.457,98.859,60.344
408.843,116.245,96.466,63.147
401.560,96.852,99.816,60.696
375.966,94.566,95.746,65.625
363.226,81.036,92.078,69.449
349.385,76.136,89.069,72.883
347.033,71.540,86.714,75.595
346.424,72.649,85.544,76.688
347.151,78.621,85.032,76.452
357.156,92.354,84.562,76.610
369.530,108.169,84.860,75.528
353.730,133.386,91.303,70.346
353.278,135.985,91.154,71.521
355.793,137.499,91.883,73.591
359.522,134.663,91.142,74.461
382.092,113.905,94.376,72.086
395.030,92.137,92.874,73.178
396.390,70.201,90.544,74.541
395.312,41.946,89.197,75.090
382.221,19.834,89.656,74.693
365.506,2.880,89.972,75.245
351.351,-3.921,90.182,74.205
350.655,-6.925,89.901,72.796
348.834,-6.215,89.194,72.144
345.386,-3.395,89.217,71.313
345.972,5.602,88.866,71.217
346.475,17.046,89.299,70.722
357.648,34.614,89.380,70.757
368.866,55.461,89.929,70.001
