74.000,86.000,56.000,48.000
75.827,86.273,55.057,48.674
76.209,86.243,53.775,49.430
76.253,85.220,53.224,49.248
76.829,84.448,52.818,48.658
77.331,84.433,52.509,48.071
76.706,84.445,52.436,47.747
77.209,83.879,52.095,47.838
77.917,82.797,51.972,47.679
77.675,83.851,51.866,47.431
77.623,86.021,51.894,46.713
69.288,93.358,52.142,46.556
67.555,95.357,53.031,45.977
65.998,96.379,53.414,46.062
65.765,97.203,52.996,46.703
65.915,96.632,52.278,47.715
64.355,92.386,52.179,47.312
62.595,91.595,51.385,48.004
62.113,90.458,50.647,48.646
61.773,88.939,50.053,49.248
60.445,88.398,49.620,49.462
58.461,89.311,49.607,49.572
57.308,90.956,50.022,49.033
56.981,92.277,50.282,48.557
57.359,93.324,50.238,48.501
57.405,93.250,50.037,48.528
58.248,92.505,49.568,48.259
59.309,92.042,48.761,47.943
60.668,91.287,48.139,47.727
62.506,90.567,47.616,47.487
63.438,89.334,47.247,47.503
63.578,89.016,47.038,47.239
64.261,89.662,47.300,46.521
65.011,90.942,47.669,45.502
62.993,97.473,47.709,44.654
60.999,98.632,47.948,44.216
61.537,101.326,47.790,43.969
61.850,102.602,47.290,43.946
62.771,104.172,46.690,44.016
64.433,105.305,45.716,44.279
64.462,104.540,44.684,44.972
65.698,101.658,43.414,45.793
66.948,100.851,42.685,45.744
67.743,99.824,42.053,45.638
68.074,99.646,41.369,45.627
69.154,101.084,41.197,45.081
69.848,102.596,41.712,44.463
70.517,103.119,42.168,43.828
71.547,102.724,42.287,43.346
72.658,103.322,42.505,42.585
72.803,103.402,42.477,41.894
74.343,105.012,42.334,40.971
78.710,103.785,41.980,40.409
80.335,104.573,41.383,40.107
82.821,104.854,40.953,39.958
83.145,104.968,40.407,40.034
83.454,108.609,39.334,40.729
89.095,103.787,38.734,40.538
93.581,106.021,38.621,39.692
94.120,106.822,38.177,39.163
95.729,107.077,37.939,38.786
98.159,108.379,37.910,38.073
99.784,109.768,37.555,37.806
101.999,110.966,36.902,37.644
104.486,110.957,36.408,37.799
106.673,111.524,36.165,37.675
108.893,111.138,35.773,37.626
110.485,109.861,35.637,37.427
112.144,109.404,35.005,37.436
116.289,109.373,34.708,37.415
116.754,110.418,34.694,36.848
118.524,111.809,34.501,36.713
120.459,112.779,34.194,36.834
121.501,113.280,34.061,36.878
122.925,111.850,33.635,37.160
128.440,112.826,31.948,38.899
134.197,112.989,30.453,40.320
138.806,111.936,29.534,41.011
140.588,111.611,28.441,41.519
144.451,110.960,28.016,41.653
145.426,110.904,27.507,41.503
147.542,111.129,27.119,41.422
151.891,110.353,27.210,41.229
156.354,109.584,28.349,40.432
157.472,108.787,29.079,40.133
159.238,111.605,30.230,39.415
159.918,110.432,31.182,38.851
161.825,109.278,31.568,38.762
166.714,112.596,31.799,38.778
168.243,111.532,31.980,38.900
172.917,110.913,32.614,38.478
173.395,111.331,33.469,37.768
174.801,110.123,33.820,37.705
179.845,108.109,34.151,37.724
181.785,105.927,33.814,38.214
187.229,104.115,33.776,38.650
192.487,103.451,34.227,38.644
194.212,103.173,34.765,38.599
200.084,102.961,35.142,38.570
206.191,102.668,35.295,38.729
207.338,102.318,35.355,38.856
208.144,101.321,35.852,38.857
209.226,99.576,35.719,39.315
210.441,98.748,36.018,39.547
211.334,98.846,36.290,39.881
211.840,102.750,36.277,40.417
211.797,101.978,36.055,40.829
212.770,101.255,36.023,40.976
213.735,101.302,36.197,40.872
218.963,101.703,36.712,40.829
219.410,102.281,37.033,40.674
220.380,103.045,37.067,40.824
224.952,103.960,37.255,40.906
226.748,103.899,36.927,41.329
228.551,104.466,36.901,41.280
230.051,104.411,37.220,40.995
234.601,105.534,37.455,41.112
235.015,105.705,37.763,40.988
236.641,105.577,37.697,40.895
242.513,107.312,38.121,40.423
247.894,108.189,38.580,40.054
249.312,108.504,39.288,39.689
249.715,109.096,39.703,39.262
250.680,109.891,39.742,39.115
252.684,109.898,40.236,38.649
257.930,111.037,40.010,38.550
260.128,109.968,39.940,38.555
