139.000,112.000,51.000,36.000
139.375,114.655,50.581,35.706
140.108,116.066,50.238,35.575
140.260,117.633,49.949,35.534
139.397,118.833,49.765,35.372
140.442,119.468,49.565,35.512
139.570,120.466,49.417,35.540
139.712,120.440,49.200,35.706
139.823,120.439,49.047,35.822
139.912,120.454,48.939,35.905
139.984,120.482,48.863,35.963
139.351,119.966,48.770,36.060
135.829,119.542,49.201,35.930
137.364,119.492,49.303,36.008
136.056,119.208,49.378,36.045
137.074,118.324,49.438,36.208
136.285,118.156,49.497,36.078
136.439,117.049,49.553,36.143
135.927,117.160,49.687,36.133
135.662,116.632,49.784,36.182
135.598,115.420,49.730,36.390
136.055,115.447,49.837,36.381
136.266,114.623,49.822,36.472
135.992,114.670,49.888,36.428
136.275,113.879,49.852,36.530
137.173,112.453,49.664,36.651
137.827,113.081,49.679,36.329
137.655,112.281,49.618,36.355
139.259,111.297,49.448,36.404
139.947,111.248,49.284,36.321
140.237,110.609,49.184,36.330
141.730,110.195,49.155,36.355
140.673,109.440,49.222,36.356
141.891,109.816,49.301,36.290
142.374,109.615,49.416,36.405
143.617,109.457,49.373,36.388
144.780,109.028,49.373,36.451
147.151,108.602,49.370,36.423
149.459,107.169,49.153,36.395
151.654,106.968,48.977,36.261
154.707,107.433,47.775,37.260
157.631,106.711,47.037,37.838
160.592,106.180,46.894,38.055
163.357,108.007,46.641,38.340
165.711,108.562,46.533,38.530
168.324,109.290,46.620,38.659
170.226,110.991,46.466,39.013
171.429,110.872,46.500,39.294
172.822,110.212,46.747,39.403
174.890,108.570,46.915,39.365
177.066,106.579,47.114,39.381
179.351,104.634,47.338,39.462
181.487,103.696,47.413,39.727
182.596,101.638,47.508,39.921
183.803,100.605,47.655,40.288
184.881,98.652,47.720,40.556
185.001,98.165,48.072,40.978
185.580,96.027,48.541,41.184
185.986,95.907,48.894,41.498
186.888,95.858,48.989,42.126
187.844,95.949,49.228,42.517
188.121,96.482,49.487,43.032
188.711,97.015,50.052,43.183
189.475,97.469,50.352,43.447
189.095,98.034,50.555,43.788
188.700,98.003,50.787,44.057
188.411,98.249,50.983,44.259
188.472,97.940,51.147,44.473
188.263,98.999,51.301,44.723
187.935,97.737,51.502,44.746
188.060,97.926,51.764,44.852
187.735,99.305,51.741,45.037
186.702,97.177,51.764,45.038
187.203,98.064,51.808,45.191
186.087,98.451,52.041,45.187
184.734,97.884,52.180,45.046
184.944,97.964,52.098,45.132
183.528,98.653,51.943,45.235
183.231,97.337,51.952,45.162
182.202,98.806,51.813,45.390
180.969,97.697,51.815,45.290
181.888,97.063,52.009,45.024
179.584,97.347,51.965,44.909
179.513,97.129,51.794,44.611
177.999,96.828,51.557,44.485
177.623,97.763,51.281,44.386
176.765,96.970,51.030,44.259
175.547,96.659,51.104,44.062
174.508,96.399,50.927,43.940
173.182,95.881,50.854,43.819
171.873,96.162,50.727,43.669
170.919,97.348,50.808,43.689
170.659,98.310,50.761,43.708
170.847,98.505,50.495,43.696
170.565,98.210,50.425,43.471
170.373,99.107,50.187,43.600
170.473,100.485,50.129,43.611
171.223,101.847,50.082,43.585
171.735,101.315,49.922,43.428
171.224,102.374,49.852,43.438
170.464,102.111,49.737,43.423
171.082,101.704,49.611,43.292
170.290,100.889,49.726,43.068
170.405,100.222,49.744,43.052
169.293,99.851,49.690,42.807
168.004,100.209,49.681,42.963
166.956,100.055,49.779,42.702
166.103,100.949,49.685,42.812
165.878,100.457,49.641,42.594
166.210,101.515,49.467,42.803
166.155,101.691,49.371,42.822
166.668,101.505,49.593,42.718
165.906,103.005,49.492,42.904
166.607,102.545,49.375,42.738
165.730,102.906,49.020,42.940
165.689,101.708,48.923,42.824
165.941,100.866,48.850,42.733
166.180,100.637,48.794,42.665
165.879,99.916,48.681,42.636
165.874,99.235,48.559,42.570
165.971,98.674,48.422,42.534
167.050,97.662,48.326,42.497
166.501,96.999,48.237,42.334
166.504,95.850,48.543,42.183
166.173,94.705,48.703,41.910
165.644,93.106,49.114,41.517
165.299,92.258,49.056,41.490
164.727,91.185,49.131,41.382
165.148,89.706,49.030,41.465
165.606,88.844,48.948,41.448
165.572,87.846,48.949,41.414
165.945,87.602,48.881,41.398
166.054,86.047,48.886,41.336
166.303,85.940,48.548,41.556
166.815,85.314,48.417,41.607
166.973,84.692,48.278,41.573
167.128,83.877,48.289,41.604
167.941,83.675,48.346,41.600
167.995,82.570,48.576,41.473
168.209,81.996,48.675,41.322
168.470,82.005,48.729,41.166
168.689,81.543,48.938,41.073
168.632,80.929,49.021,40.962
168.459,80.171,49.196,40.889
168.908,79.922,49.227,40.932
169.359,78.777,49.233,41.069
169.631,77.809,49.185,41.259
169.849,77.430,49.156,41.459
169.695,77.654,49.217,41.597
169.764,77.269,49.346,41.746
169.722,76.918,49.431,41.827
169.489,76.967,49.330,41.985
168.816,76.213,49.202,42.224
168.397,75.653,49.155,42.184
168.923,75.310,48.977,42.220
169.348,75.378,49.081,42.030
169.674,74.919,49.119,41.972
169.700,74.526,48.990,41.937
169.998,74.264,48.915,41.966
170.603,74.308,48.635,42.052
171.389,74.496,48.772,41.902
171.777,73.995,48.707,42.007
172.155,73.508,48.661,42.081
172.327,73.058,48.619,42.094
172.531,72.804,48.385,42.324
172.217,72.485,48.272,42.357
172.698,72.198,48.327,42.323
173.022,72.551,48.139,42.551
172.672,72.265,48.098,42.518
172.649,72.180,47.889,42.598
173.431,72.079,47.856,42.588
173.608,72.969,47.649,43.238
173.760,73.682,47.703,43.843
173.794,73.888,47.822,44.174
173.752,74.058,48.009,44.374
173.169,74.113,48.336,44.437
173.419,75.418,48.415,44.954
173.092,76.363,48.524,45.254
172.577,76.747,48.725,45.388
171.677,77.472,49.141,45.465
170.875,78.099,49.376,45.656
170.809,79.090,49.320,45.928
170.997,80.184,49.496,46.208
170.540,81.236,49.688,46.401
170.199,82.506,49.856,46.551
170.135,83.592,50.049,46.583
170.018,84.669,50.178,46.733
170.122,85.622,50.177,46.987
169.858,85.727,50.503,46.901
170.175,87.639,50.576,47.301
170.044,88.460,50.633,47.429
169.925,89.858,50.754,47.522
170.141,91.923,50.663,47.499
169.881,93.034,51.006,47.207
169.404,94.228,51.462,46.836
169.687,95.442,51.710,46.728
169.369,95.069,52.118,46.472
169.731,97.470,52.175,46.635
169.298,96.506,52.397,46.367
169.253,98.106,52.503,46.331
168.980,99.202,52.710,46.322
169.007,99.342,53.007,46.291
168.841,100.962,52.930,46.500
168.484,102.459,53.198,46.444
169.092,103.100,53.345,46.349
168.557,104.983,53.315,46.471
169.440,105.932,53.649,46.182
169.337,106.828,53.876,46.039
168.650,107.495,53.967,45.938
169.719,107.749,54.034,45.875
168.669,109.950,53.920,46.098
169.510,109.987,53.872,46.008
168.737,112.371,53.680,46.068
168.549,113.509,53.784,46.013
169.286,113.759,53.882,45.993
169.149,115.449,53.892,45.969
168.457,116.870,53.978,45.999
167.833,118.081,54.116,45.986
168.175,118.882,54.227,46.059
167.884,120.495,54.293,46.437
167.426,120.965,54.406,46.793
167.119,122.029,54.587,46.922
166.739,123.049,54.820,47.016
167.108,123.197,55.178,47.193
166.734,124.114,55.139,47.492
166.427,124.080,55.354,47.692
165.849,124.813,55.597,47.693
166.048,125.324,55.601,47.863
165.631,126.049,55.832,48.018
165.893,125.968,55.873,48.261
166.074,125.649,55.924,48.552
165.862,126.162,56.008,48.746
165.847,126.145,56.076,49.072
166.435,126.571,56.012,49.363
165.831,126.385,55.926,49.584
165.546,126.408,55.975,49.725
165.626,126.320,56.051,49.834
165.790,125.965,55.969,49.867
165.591,125.014,56.052,49.921
166.031,124.243,55.942,49.814
165.913,124.244,56.101,49.571
165.816,122.749,55.982,49.380
165.703,121.195,56.003,48.995
166.550,119.504,55.802,48.645
166.733,118.454,55.818,47.985
166.560,116.206,55.670,47.474
166.746,115.371,55.316,46.932
167.101,113.486,54.831,46.555
167.544,112.334,54.544,46.111
167.647,111.729,54.403,45.632
168.027,109.922,54.247,45.382
168.816,108.584,54.067,45.109
169.697,108.764,53.964,44.973
169.248,109.129,53.774,44.793
169.419,108.073,53.407,44.731
168.616,107.124,53.187,44.803
168.873,107.176,53.056,44.887
168.667,106.164,52.801,45.044
168.304,105.242,52.400,45.111
166.939,104.734,52.196,45.322
166.717,104.621,51.632,45.683
167.025,103.519,51.196,45.906
167.269,102.205,50.805,46.163
167.857,101.106,50.329,46.433
168.476,100.033,49.972,46.550
169.116,98.795,49.895,46.691
170.086,97.473,49.709,46.984
169.847,96.731,49.692,47.098
169.833,95.573,49.634,47.312
170.852,94.531,49.717,47.470
171.386,93.138,49.692,47.668
172.192,92.650,50.080,47.705
172.958,92.383,50.507,47.837
173.309,91.929,50.943,47.760
173.441,91.301,51.300,48.053
173.767,91.008,51.542,48.235
174.138,90.893,51.663,48.475
174.859,90.826,51.971,48.643
175.243,90.961,52.270,48.930
176.073,90.449,52.592,49.151
177.373,89.294,53.021,49.441
177.591,88.821,53.643,49.618
177.474,88.973,54.118,49.867
177.587,88.717,54.652,50.011
177.301,88.723,55.193,50.200
177.231,88.299,55.567,50.582
177.381,88.150,55.686,50.940
177.609,87.519,56.097,51.096
177.147,87.794,56.450,51.384
177.031,87.840,56.922,51.530
177.231,87.954,57.176,51.638
176.575,87.633,57.242,51.829
176.541,87.481,57.433,52.128
176.821,87.366,57.664,52.287
176.491,87.459,58.083,52.396
175.928,87.184,58.391,52.590
175.245,87.210,58.313,52.985
174.606,88.096,58.604,53.016
174.446,88.865,58.703,53.041
173.786,89.189,58.794,53.084
173.498,89.423,58.724,53.168
173.013,89.294,58.258,53.374
173.415,88.398,57.831,53.756
173.618,87.788,57.499,53.950
173.632,87.130,57.156,54.102
173.063,87.040,57.029,54.122
174.008,86.429,56.740,54.166
173.022,86.135,56.420,54.172
173.862,85.757,56.043,54.272
173.585,84.599,55.741,54.402
173.994,84.420,55.414,54.560
174.627,84.373,55.152,54.735
173.987,83.411,55.082,54.898
174.388,83.321,55.089,55.000
174.550,83.215,55.038,55.020
173.410,83.353,55.000,55.180
174.131,83.601,54.823,55.251
174.156,83.156,54.860,55.081
173.745,83.002,54.993,54.991
173.477,82.897,55.106,54.991
173.707,83.580,55.091,54.940
174.552,82.767,55.068,54.866
175.198,82.747,55.056,54.962
175.333,82.223,55.250,54.837
176.351,82.455,55.279,54.746
175.808,82.417,55.336,54.756
176.855,81.828,55.297,54.751
177.169,81.414,55.124,54.689
177.479,81.285,55.033,54.651
177.881,81.112,54.828,54.929
178.478,80.916,54.730,55.084
177.878,80.935,54.660,55.275
178.505,80.853,54.608,55.513
179.250,80.761,54.588,55.720
179.858,81.265,54.295,55.928
179.674,81.053,53.957,56.046
180.190,81.672,53.899,55.911
180.182,82.008,53.934,55.858
180.313,82.675,53.888,55.738
180.773,82.596,53.897,55.818
179.567,82.130,53.992,55.713
180.773,83.213,54.030,55.816
180.011,81.636,54.264,55.572
180.342,82.535,54.401,55.618
179.163,81.686,54.517,55.825
180.089,83.457,54.693,55.744
178.804,82.537,54.880,55.822
178.846,83.609,55.398,55.658
177.902,83.192,55.503,55.662
178.592,83.564,55.577,55.847
177.807,83.983,55.607,55.860
178.368,84.293,55.745,55.843
179.020,85.058,55.801,55.829
177.914,84.289,55.873,55.790
178.715,85.435,55.756,55.848
177.879,84.586,55.834,55.873
178.790,84.722,55.831,56.070
178.949,85.607,55.984,56.080
180.241,85.647,56.245,55.648
179.350,83.222,56.138,55.861
180.236,83.469,56.103,56.144
180.402,83.383,55.945,56.538
181.670,82.849,55.965,56.718
180.919,83.530,56.034,56.729
181.796,81.776,55.869,57.148
181.877,83.482,55.957,57.139
182.436,82.500,56.088,57.072
182.438,82.886,56.100,57.342
182.617,82.827,56.136,57.480
182.791,81.969,56.523,57.299
182.808,82.758,56.715,57.405
182.488,82.332,56.959,57.430
183.577,82.325,57.199,57.475
183.266,82.246,57.337,57.541
183.051,82.079,57.412,57.575
184.369,81.620,57.345,57.755
183.463,82.512,57.499,57.800
184.888,81.410,57.359,57.990
184.234,82.030,57.438,58.083
185.020,82.774,57.437,58.071
184.366,82.245,57.489,58.037
185.746,82.911,57.696,57.963
185.181,82.243,57.808,57.893
185.726,83.267,57.693,58.052
185.666,82.530,57.717,58.166
186.036,82.659,57.870,58.360
186.281,82.499,57.707,58.602
186.575,82.790,57.613,58.777
186.615,83.321,57.855,58.728
185.748,82.271,57.773,58.915
187.204,83.233,57.838,58.886
186.524,83.238,57.937,58.960
186.673,83.730,58.155,58.915
186.852,82.789,58.278,58.846
186.549,83.121,58.230,58.973
187.759,83.873,58.309,58.756
187.846,83.740,58.524,58.629
187.314,83.321,58.528,58.894
187.705,82.787,58.649,59.058
186.693,84.064,58.609,59.139
187.381,83.300,58.648,59.078
186.783,82.872,58.726,59.139
187.676,83.725,58.751,59.218
187.575,83.290,58.760,59.427
187.667,83.444,58.761,59.527
187.610,83.773,58.840,59.491
187.870,83.394,58.709,59.483
187.426,83.759,59.042,59.447
187.475,83.552,58.902,59.479
187.330,83.572,58.924,59.526
187.033,83.605,58.855,59.660
188.216,83.476,58.904,59.623
186.579,84.031,59.107,59.598
187.677,83.275,59.088,59.438
187.707,83.065,59.061,59.613
187.709,83.159,59.108,59.583
187.769,83.323,59.207,59.547
187.184,83.786,59.336,59.499
187.378,82.691,59.183,59.843
188.664,83.381,59.327,59.760
187.560,82.640,59.325,59.903
187.519,83.078,59.296,59.988
188.005,83.321,59.529,59.745
187.037,83.276,59.644,59.745
187.748,83.023,59.865,59.453
187.731,82.402,60.083,59.484
187.205,83.534,59.970,59.640
188.040,82.998,60.045,59.433
187.392,82.807,60.133,59.367
188.900,82.964,59.868,59.331
187.974,83.176,59.639,59.643
188.215,83.349,59.884,59.508
188.740,83.656,60.110,59.290
189.075,84.107,60.034,59.322
189.782,83.370,60.069,59.239
189.619,84.013,60.028,59.552
188.925,83.519,59.967,59.722
189.156,83.142,60.058,59.725
188.909,83.672,59.929,59.795
187.862,82.487,59.684,60.078
187.777,82.422,59.717,60.162
187.081,82.153,59.539,60.387
186.902,81.605,59.462,60.547
185.178,82.286,59.495,60.532
185.191,82.261,59.445,60.461
184.301,81.985,59.237,60.398
183.729,82.971,59.103,60.337
183.322,82.531,59.265,60.182
182.372,82.006,59.311,60.010
182.588,83.091,59.050,60.243
181.993,82.400,59.064,60.166
182.116,83.115,58.977,60.068
181.669,82.149,58.761,59.833
181.786,83.415,58.560,59.734
181.442,82.545,58.497,59.434
181.333,83.298,58.305,59.422
180.961,83.472,58.175,59.154
181.156,83.395,57.968,59.063
179.645,84.426,57.983,58.830
181.009,82.903,57.665,58.865
180.502,84.424,57.493,58.835
180.662,83.815,57.259,58.661
180.411,84.455,57.215,58.362
180.276,83.883,57.060,58.283
180.767,84.377,56.873,58.472
181.568,84.075,56.679,58.593
180.972,84.721,56.698,58.367
181.463,85.586,56.714,58.131
182.105,85.199,56.891,57.975
182.349,84.940,56.862,57.953
182.845,85.261,56.934,57.754
183.839,85.631,56.958,57.732
183.976,85.593,57.125,57.790
183.977,86.006,57.301,57.756
184.640,86.228,57.530,57.660
184.411,86.232,57.850,57.583
185.981,86.784,58.017,57.405
185.633,86.491,57.688,57.599
185.512,85.719,57.652,57.797
187.262,86.168,57.686,58.005
187.583,85.998,57.422,58.353
188.226,86.550,57.328,58.407
188.589,85.632,57.468,58.388
189.106,86.098,57.395,58.662
190.379,85.068,57.431,58.834
190.729,84.567,57.372,59.179
191.690,84.515,57.580,59.216
192.163,85.137,57.638,59.319
192.660,85.405,57.919,59.224
193.592,85.043,58.112,59.132
194.029,84.703,58.176,59.125
194.968,83.835,58.303,58.860
195.983,84.367,58.343,58.567
196.148,85.591,58.492,58.159
198.287,86.197,58.799,57.322
199.196,87.379,58.765,56.783
199.832,87.946,58.937,56.112
200.296,89.031,58.874,55.389
201.213,89.893,58.864,54.680
200.708,90.024,58.675,54.237
200.674,90.304,58.429,53.846
200.853,89.594,58.047,53.626
199.601,90.083,57.564,53.993
199.434,89.718,57.247,54.087
197.857,89.193,56.926,54.423
196.150,88.051,56.881,54.589
194.309,87.280,56.759,55.329
193.043,86.571,56.601,56.132
191.146,84.775,56.619,56.755
189.858,84.340,56.567,57.360
188.978,84.238,56.481,57.579
187.555,83.599,56.875,57.588
187.205,83.321,56.837,57.998
186.540,81.574,56.855,58.393
186.333,83.190,56.478,58.759
185.388,81.528,56.518,58.823
185.160,82.502,56.844,58.600
184.786,81.613,57.113,58.392
185.132,82.158,57.064,58.394
184.321,82.105,56.858,58.493
184.415,82.037,56.861,58.372
184.446,82.209,56.792,58.336
184.761,81.787,56.890,58.329
183.475,82.592,57.032,58.232
183.659,82.119,56.851,58.364
183.341,81.077,56.710,58.462
183.209,80.867,56.698,58.235
182.496,80.261,56.630,58.050
182.098,79.206,56.411,57.889
182.246,78.336,56.344,57.756
182.079,76.925,56.230,57.343
181.945,74.856,55.930,57.300
182.109,74.050,55.471,57.475
182.146,73.635,54.979,57.721
181.960,72.644,54.768,57.725
182.854,72.531,54.330,57.601
182.666,72.260,54.263,57.486
182.830,71.749,53.985,57.511
182.920,71.816,53.705,57.478
183.181,71.963,53.563,57.501
183.175,72.157,53.586,57.327
182.970,71.915,53.651,57.164
183.211,70.951,53.601,57.080
183.450,71.585,53.460,57.012
183.681,71.017,53.572,56.659
182.889,71.045,53.681,56.022
183.091,71.055,53.643,55.657
183.176,71.203,53.712,55.327
183.547,71.678,53.599,55.098
184.021,71.820,53.534,54.900
183.508,71.510,53.313,55.000
183.909,72.113,53.132,55.159
183.764,73.685,52.970,55.234
183.370,74.066,52.853,55.602
183.355,74.383,52.984,56.021
184.045,75.064,52.905,56.435
183.703,76.419,53.009,56.684
183.399,77.244,53.081,57.118
183.075,78.270,53.170,57.561
182.738,80.498,53.418,57.679
181.964,83.341,54.152,57.418
181.664,84.337,54.378,57.763
180.780,86.345,54.955,57.583
179.924,89.128,55.495,57.295
178.737,91.775,56.270,56.233
178.046,93.720,56.777,55.534
177.664,96.397,57.404,54.589
176.678,99.298,57.962,53.759
175.290,100.582,58.093,53.358
176.211,103.307,58.285,52.874
174.802,105.673,58.155,52.635
174.049,108.567,58.157,52.043
172.974,111.631,58.360,51.294
173.288,115.051,58.269,50.682
172.474,116.407,58.167,50.146
171.897,119.474,57.983,49.620
170.929,121.992,57.846,49.338
170.728,122.602,57.705,49.022
169.194,123.750,57.629,48.871
168.519,124.622,57.587,48.671
167.771,124.688,57.545,48.642
166.793,124.550,57.345,48.678
166.395,124.090,56.958,48.637
165.637,124.088,56.833,48.453
165.480,122.816,56.772,48.257
165.368,122.913,56.571,48.068
164.442,122.275,56.452,47.858
163.673,120.707,56.374,47.628
162.726,120.796,56.223,47.651
162.359,120.072,56.312,47.502
162.783,119.245,56.041,47.541
162.540,118.709,56.233,47.459
162.161,118.392,56.271,47.471
163.803,117.470,56.435,47.317
163.408,119.652,56.439,47.194
163.896,120.725,56.413,47.141
164.504,120.908,56.838,46.842
164.696,119.788,56.637,46.680
164.621,116.517,56.345,46.674
163.099,114.195,56.178,46.609
160.353,111.718,56.073,46.464
157.471,109.917,55.816,46.584
155.018,109.448,55.556,47.071
153.821,111.225,55.307,47.734
153.159,112.091,55.024,48.299
154.526,112.416,54.831,48.655
155.534,114.133,54.841,48.808
156.832,114.794,55.165,48.682
157.926,116.805,55.541,48.459
159.132,116.401,55.711,48.321
159.330,116.277,55.931,48.045
159.143,115.006,56.336,47.604
159.142,112.928,56.496,47.273
158.922,110.898,56.645,47.194
157.879,108.662,56.598,47.285
157.065,106.831,56.417,47.470
155.643,105.253,56.508,47.745
154.355,103.610,56.642,47.958
152.974,103.125,56.724,48.328
151.881,101.940,56.863,48.732
151.532,101.952,57.105,49.089
150.163,101.981,57.317,49.413
151.238,101.837,57.255,49.550
150.811,102.371,57.008,49.876
149.689,100.999,56.978,49.832
149.702,99.206,57.063,49.849
147.806,98.155,57.071,50.065
147.248,95.696,57.455,50.120
144.718,94.366,58.595,50.073
144.140,93.806,59.155,50.546
144.231,92.709,59.588,50.932
145.910,93.036,60.028,51.496
146.429,92.999,60.287,52.130
146.457,94.256,60.266,53.059
146.815,94.788,60.035,53.935
146.543,94.041,60.474,53.882
145.374,93.395,60.658,53.904
144.710,92.321,61.043,53.848
143.625,90.502,61.396,53.587
142.095,89.638,61.850,53.390
140.650,87.869,62.565,53.107
140.163,88.903,62.945,53.422
139.850,87.815,63.216,53.453
141.250,87.970,63.579,53.758
140.429,90.804,63.896,54.327
141.192,92.181,63.986,54.727
141.235,93.642,64.115,55.083
139.825,93.857,64.012,55.191
141.970,93.615,63.861,55.192
141.186,93.047,63.574,55.279
140.728,94.290,63.762,55.141
139.723,93.829,63.478,55.079
139.467,93.111,63.485,55.106
138.984,90.132,63.614,54.871
137.286,91.252,63.532,55.145
137.015,90.630,63.935,55.114
137.935,91.704,64.406,55.076
139.425,92.421,64.440,55.317
140.159,93.006,64.684,55.448
143.502,92.924,64.718,55.939
144.565,93.715,64.616,56.264
145.723,94.552,64.357,56.337
144.819,94.844,64.372,56.347
144.451,95.987,64.407,56.255
142.238,95.924,64.996,55.552
139.831,93.411,65.633,54.914
138.274,93.891,65.962,54.976
135.824,93.738,66.252,55.142
133.878,94.354,66.198,55.489
131.959,96.728,66.189,56.091
131.534,98.250,65.685,56.997
131.880,99.369,65.368,57.414
132.721,99.900,65.367,57.541
133.539,100.842,65.658,57.460
134.030,100.424,65.497,57.615
133.554,99.676,65.444,57.629
131.222,100.318,65.486,57.919
132.552,99.890,65.496,57.923
134.236,97.477,65.482,58.135
136.142,98.026,65.601,58.208
137.732,97.674,65.341,58.234
139.458,97.802,65.350,58.134
141.100,98.061,65.134,58.258
143.174,97.971,65.155,58.364
145.165,97.279,65.378,58.160
147.293,97.230,65.173,58.377
148.793,97.861,64.933,58.533
148.217,97.258,64.586,58.340
144.488,96.442,64.765,58.118
141.185,96.271,65.049,58.114
138.709,95.929,65.186,58.059
135.719,98.418,65.457,58.108
136.112,101.478,65.361,58.421
136.319,103.052,65.128,58.749
136.646,104.091,65.109,58.919
135.698,104.068,65.289,58.937
134.595,104.770,65.367,59.025
133.338,106.601,65.539,58.910
130.607,107.106,66.184,58.511
129.223,107.625,66.449,58.618
128.993,108.058,66.741,58.636
128.861,106.573,66.862,58.761
129.091,106.289,67.220,58.879
128.740,104.940,67.525,59.020
127.513,103.867,67.548,59.205
127.037,101.371,67.957,59.282
124.513,99.967,67.944,59.488
121.913,97.071,68.050,59.546
119.029,95.312,67.726,59.707
115.477,94.344,67.759,59.492
110.871,92.452,68.129,58.974
107.567,94.448,68.440,58.135
102.478,93.446,68.389,57.305
99.421,92.154,68.351,56.837
98.570,91.810,68.392,56.387
97.463,90.664,68.348,56.156
98.626,89.935,68.368,55.615
96.981,91.213,68.281,55.448
97.515,89.885,68.187,55.146
94.781,91.556,68.538,54.719
92.999,91.100,68.887,54.265
92.359,90.610,69.207,53.952
93.055,91.035,69.119,54.221
94.358,89.560,69.149,53.950
93.540,91.403,69.488,54.068
94.038,90.727,69.222,54.194
93.799,92.171,69.455,54.201
93.881,91.497,69.676,54.180
91.697,91.592,69.761,54.435
90.481,90.685,70.140,54.304
86.363,90.723,70.107,54.508
83.810,91.127,70.054,54.705
79.955,91.325,70.026,54.829
76.405,88.535,69.492,55.087
73.343,88.821,69.395,54.888
74.038,87.934,69.652,54.704
74.786,89.681,69.559,54.690
78.388,91.198,69.920,54.563
84.246,93.282,69.705,54.812
93.110,94.889,69.451,55.274
97.899,95.482,69.042,55.970
100.857,97.159,68.524,56.885
100.924,97.726,68.367,57.395
97.706,96.951,69.229,57.480
95.286,96.678,69.465,57.957
94.245,95.768,69.708,57.855
94.372,94.166,69.850,57.794
95.954,95.591,69.755,58.062
97.815,95.529,69.914,58.173
100.526,97.097,69.423,58.693
103.264,96.386,69.088,59.281
106.667,96.814,68.926,59.805
109.482,95.710,68.994,60.151
112.956,96.251,68.919,60.706
116.120,94.831,69.344,60.919
119.972,96.030,69.375,61.562
123.552,97.063,69.729,62.274
127.461,96.560,70.258,62.577
130.089,96.796,70.481,63.050
132.001,96.518,70.985,63.335
131.502,96.522,71.723,63.212
131.061,95.630,72.271,63.196
132.448,95.320,72.473,63.716
135.695,93.578,72.731,64.015
140.143,93.552,73.175,64.264
146.980,91.298,73.129,64.757
153.717,92.165,72.542,65.768
160.763,92.057,72.213,66.347
163.698,93.548,73.361,66.301
167.205,93.562,74.007,66.403
170.605,94.352,74.505,66.627
174.849,94.976,74.699,67.212
178.265,95.230,74.902,67.651
182.757,96.274,74.839,68.273
186.669,97.891,75.219,68.474
191.660,99.883,75.461,68.500
195.946,100.104,76.268,67.867
199.844,100.477,77.142,67.534
204.322,101.500,77.927,66.906
207.125,99.877,78.261,66.623
209.992,100.150,79.201,66.102
213.972,100.220,79.865,65.706
215.728,99.411,80.378,65.380
218.740,99.599,80.708,65.129
221.262,100.350,80.882,64.893
221.041,99.623,81.221,64.758
222.817,100.363,81.368,64.729
222.682,100.331,81.477,64.704
222.469,99.963,81.644,64.595
222.086,99.353,81.745,64.490
221.760,99.964,81.781,64.449
222.481,99.117,82.006,64.402
222.035,99.121,81.987,64.292
222.857,99.110,81.900,64.255
222.201,100.246,81.821,64.369
220.187,100.692,81.238,64.770
217.959,101.046,80.745,65.071
214.059,100.469,80.213,65.567
210.194,99.122,79.546,66.031
207.615,97.491,78.927,66.087
205.390,96.266,78.397,66.371
204.253,95.356,77.952,66.902
205.275,97.319,77.549,67.397
204.449,98.453,77.468,67.424
201.104,99.600,77.560,67.377
197.476,99.481,77.647,67.511
191.986,97.518,77.487,67.705
185.867,96.132,77.306,68.218
179.756,94.456,76.898,69.055
174.378,92.683,76.877,69.513
169.026,90.930,76.588,70.080
166.383,90.038,75.889,70.959
161.216,90.887,76.220,70.897
158.531,90.438,76.512,70.727
154.778,90.012,76.468,70.499
152.782,90.593,76.481,70.117
146.753,92.063,77.155,69.111
140.904,91.105,77.921,68.463
138.041,90.576,77.813,68.480
135.894,90.710,77.850,68.237
133.363,92.792,77.698,67.995
129.918,91.571,77.437,67.509
127.288,91.874,77.581,67.226
125.538,92.478,77.399,67.259
123.681,93.336,77.035,67.519
122.091,93.785,76.684,67.600
120.239,95.801,76.177,67.577
118.618,96.889,75.595,67.814
117.570,97.943,75.323,67.675
115.095,99.772,75.111,67.678
113.369,99.156,75.162,67.374
111.106,98.029,75.000,67.132
109.614,96.970,75.086,67.017
107.483,96.941,74.923,66.909
105.689,97.689,75.032,66.781
103.744,97.859,74.891,66.644
103.552,97.445,74.470,66.871
103.422,95.295,74.521,66.611
104.424,95.422,74.703,66.253
105.464,94.917,75.126,65.694
106.060,95.697,75.276,65.626
106.500,95.886,75.346,65.595
105.590,99.388,75.073,65.910
105.515,102.106,75.102,65.920
104.481,105.837,75.215,66.039
104.528,108.791,75.121,66.242
104.030,110.447,75.173,66.407
102.468,109.438,75.130,66.607
101.289,107.578,75.408,66.667
101.122,103.676,75.864,66.698
102.828,96.668,76.149,66.763
102.649,92.741,76.622,66.182
104.167,87.216,77.104,65.371
104.446,83.580,77.609,65.047
105.634,81.077,78.079,64.664
106.796,80.448,78.728,64.469
108.740,81.383,79.446,64.076
111.827,83.507,79.834,63.848
113.300,88.888,79.937,64.016
114.376,94.205,79.579,64.440
112.143,97.107,78.764,66.136
111.881,102.608,78.078,67.380
110.617,106.686,77.974,68.145
111.135,105.797,78.362,68.698
109.488,103.936,78.661,69.361
109.337,100.749,78.885,70.091
108.876,98.129,79.129,70.636
107.878,95.296,79.736,70.763
106.874,92.056,80.245,70.588
107.236,86.911,80.928,70.145
107.957,82.326,81.648,70.053
108.728,77.366,82.236,70.031
109.692,75.599,83.116,69.983
109.388,76.007,84.454,69.939
110.960,77.529,85.258,69.948
112.875,81.737,85.341,70.439
114.525,88.713,85.380,70.752
116.796,91.314,85.720,71.145
118.164,93.123,85.475,72.210
119.331,94.196,85.322,73.007
120.636,91.875,86.233,72.927
122.006,89.358,86.822,73.023
122.409,86.766,87.411,72.674
122.924,82.996,88.040,72.329
122.554,80.816,88.852,72.261
121.747,77.850,89.553,72.296
120.275,76.018,90.270,72.364
120.154,75.111,90.939,72.695
118.228,73.674,91.787,72.829
119.411,72.354,92.731,72.855
117.414,68.751,93.511,72.878
117.666,66.831,94.355,72.798
117.427,64.256,94.832,72.801
116.525,65.711,95.564,73.004
117.389,67.859,95.753,73.233
118.463,70.396,96.022,73.310
119.438,75.382,95.731,74.181
119.596,80.777,95.202,75.406
121.277,86.319,94.757,76.560
121.650,89.118,94.313,77.975
120.499,91.171,93.909,79.193
119.788,92.404,94.063,80.097
118.142,89.224,94.453,80.323
118.663,86.428,95.392,80.172
119.257,83.394,96.267,79.921
119.292,78.723,96.895,79.759
120.207,75.191,97.906,79.840
121.350,73.609,99.102,79.701
121.220,68.258,99.789,79.819
122.336,66.010,100.746,79.520
122.588,66.074,101.795,79.190
122.633,68.400,102.753,79.314
121.807,72.324,102.935,79.895
122.106,76.914,102.625,81.069
120.589,84.777,102.733,82.524
118.850,92.025,101.835,84.556
117.082,101.040,100.493,85.915
116.152,108.400,99.150,87.379
113.191,109.137,99.312,88.147
112.615,101.419,99.479,88.717
112.253,94.810,99.834,89.410
111.388,89.062,100.819,88.861
111.097,81.513,101.940,87.892
112.185,73.569,102.695,87.210
112.503,67.327,103.838,86.698
113.537,64.709,105.521,85.920
112.734,64.073,107.257,85.345
111.976,67.174,108.869,85.067
108.785,73.425,109.748,85.506
105.546,79.925,109.630,86.727
102.812,90.548,110.385,87.807
99.487,97.532,110.007,89.771
99.530,103.540,108.394,91.981
97.516,108.449,108.128,93.279
93.832,108.398,108.483,94.753
95.274,99.482,107.975,96.334
93.335,91.880,109.042,95.759
92.720,81.019,109.921,95.320
91.574,70.831,111.207,94.653
89.868,64.006,113.157,93.996
88.243,61.158,115.302,93.357
84.837,61.630,117.550,92.913
81.437,67.289,119.476,92.996
81.257,73.861,119.837,94.285
77.747,86.404,120.775,94.947
77.928,96.549,120.835,95.916
76.859,100.404,119.812,98.122
76.465,103.016,118.674,100.292
74.435,99.335,118.807,101.941
73.678,91.605,119.109,102.185
74.756,77.809,119.435,102.043
76.011,65.598,120.258,101.671
77.043,56.731,121.833,100.735
78.575,48.711,123.549,99.870
79.135,43.621,125.345,99.220
76.044,42.504,127.356,98.635
73.135,41.915,128.899,98.513
71.333,44.766,130.131,98.500
70.654,52.271,130.707,99.183
66.953,62.735,131.590,99.681
65.337,74.715,131.518,100.603
62.672,87.049,131.790,101.261
62.102,97.454,131.057,102.584
61.358,100.833,129.349,104.968
59.594,101.015,128.506,106.869
57.578,95.370,128.168,108.017
58.877,85.536,127.675,108.759
58.986,71.388,127.865,108.571
61.305,60.828,128.721,107.594
61.227,51.930,129.935,107.062
62.458,45.279,131.454,106.447
62.833,40.676,133.101,105.743
60.724,39.947,134.895,105.416
59.067,42.968,136.187,105.507
57.587,51.018,136.919,106.211
55.838,64.403,137.242,106.776
55.118,78.119,136.954,107.727
55.562,92.381,136.899,108.310
52.450,103.111,135.517,110.942
50.554,110.586,133.867,114.031
48.985,109.826,133.003,117.206
45.943,104.067,132.790,120.001
48.786,92.891,132.581,121.886
50.670,80.138,132.773,122.929
53.400,64.952,133.219,122.512
56.228,52.461,134.898,120.810
59.245,46.241,137.594,119.035
57.865,41.003,140.792,117.991
56.557,40.540,143.717,117.723
56.012,45.711,145.777,117.869
53.932,54.773,146.708,118.691
55.000,67.001,147.549,119.215
54.982,80.015,147.775,119.620
54.079,95.051,148.291,120.313
52.869,103.761,148.178,123.021
50.199,106.438,148.273,126.214
47.202,101.064,148.764,129.096
48.416,90.495,148.184,131.856
50.501,76.036,147.529,134.311
52.547,60.235,148.340,134.658
54.816,42.683,148.967,133.712
58.284,29.474,151.266,131.880
56.615,25.448,154.675,130.271
55.930,25.145,157.259,129.218
54.226,28.913,159.551,128.661
51.091,34.412,160.424,129.005
50.164,47.864,160.695,129.610
48.671,61.168,160.432,130.403
50.395,74.771,160.385,131.223
46.697,85.301,160.890,132.828
44.960,87.851,161.296,135.233
41.776,79.564,160.800,137.967
42.787,68.877,160.139,140.208
43.139,54.776,159.432,141.122
46.611,38.553,159.867,140.206
47.092,23.001,161.674,137.590
48.866,18.616,163.876,134.989
49.159,17.235,166.097,132.328
49.361,16.714,167.983,130.230
47.577,19.592,169.709,128.696
46.273,26.021,170.883,128.436
44.111,34.140,170.468,129.383
44.039,46.035,168.795,131.591
44.990,61.646,166.773,133.056
46.930,78.169,165.680,134.255
46.071,89.830,165.189,136.740
45.120,95.553,165.620,139.390
41.846,91.899,165.499,142.492
40.642,83.427,165.989,144.045
43.937,69.621,165.159,145.321
45.819,55.887,164.251,146.784
49.638,41.319,164.300,146.797
49.084,31.462,166.111,145.426
47.235,29.838,168.846,143.503
47.369,31.085,170.813,142.611
47.967,37.095,171.164,142.495
47.264,46.621,170.641,143.742
50.331,60.034,170.105,144.873
49.929,72.433,171.256,145.411
47.154,82.011,173.479,146.324
44.918,82.796,174.885,148.350
41.941,75.280,176.588,149.774
44.188,64.603,175.612,151.590
45.424,54.439,175.152,151.921
46.933,43.562,174.845,151.365
47.669,34.583,174.374,150.300
47.450,33.391,174.641,148.398
47.915,35.249,175.172,146.588
48.182,40.788,174.419,146.228
50.605,53.800,172.896,146.608
50.010,72.620,172.570,147.126
47.218,85.628,174.560,148.072
45.540,93.271,176.169,148.154
41.449,86.087,178.451,148.189
40.171,78.301,178.136,148.968
41.413,69.323,176.410,150.399
44.953,56.344,174.899,151.058
52.181,42.487,173.000,151.526
57.184,26.279,171.494,150.237
59.864,18.457,170.308,146.694
63.071,16.656,169.181,143.187
65.417,18.825,167.538,140.063
67.255,27.830,166.113,137.412
69.552,33.754,164.500,136.200
70.698,45.587,162.304,135.691
72.369,53.985,161.056,134.093
75.807,57.975,158.985,133.235
79.200,59.206,157.905,131.725
80.702,52.642,155.855,130.122
84.769,44.545,153.662,128.188
85.754,36.424,151.395,125.923
90.369,27.075,148.911,123.656
94.902,21.214,146.899,120.977
97.868,21.935,145.229,118.311
102.689,23.064,142.759,116.560
104.752,30.331,140.376,115.780
105.014,40.650,137.937,115.751
106.612,54.905,136.422,114.384
109.882,67.664,135.000,113.651
108.543,77.856,133.801,112.778
110.152,82.111,131.971,113.658
110.875,81.809,130.543,114.249
111.716,75.724,129.800,114.193
112.642,68.038,129.405,113.443
115.011,58.861,129.405,111.319
118.248,50.185,129.093,108.499
121.737,40.399,128.356,106.209
124.916,32.881,127.836,103.690
126.413,29.728,127.073,101.415
129.275,31.227,126.207,99.679
129.704,32.631,125.156,98.865
131.390,40.518,123.812,98.720
131.829,52.249,122.242,98.806
134.343,66.197,121.222,98.522
134.692,72.042,119.751,100.559
135.809,78.874,117.421,102.118
138.601,84.737,115.914,102.970
136.168,84.908,115.863,103.806
139.276,77.395,114.723,104.790
136.672,67.394,115.392,104.907
141.900,61.625,116.264,102.125
140.565,52.063,116.589,99.036
143.042,43.831,116.049,96.982
144.833,35.530,115.677,94.874
146.599,32.785,115.011,92.971
148.176,32.094,114.520,91.153
150.861,34.697,113.386,90.148
150.882,40.518,111.978,89.764
150.853,50.024,110.842,89.543
151.273,60.720,109.502,89.633
151.497,70.169,107.733,90.755
152.696,74.440,105.411,93.384
150.468,78.785,103.583,95.361
152.388,84.005,102.317,96.141
150.465,82.846,102.115,96.529
150.709,75.722,102.144,96.546
150.130,69.116,102.813,95.774
151.284,61.681,103.306,94.002
152.837,58.370,104.084,91.088
150.669,52.768,104.530,88.672
150.077,48.580,105.083,86.148
151.863,46.721,104.727,84.119
151.636,46.985,103.894,82.876
153.452,49.178,102.802,82.019
152.342,54.760,101.832,81.297
152.012,61.171,100.438,81.332
153.148,68.130,98.685,81.673
154.228,71.674,96.641,83.743
153.656,75.283,94.672,86.115
154.954,78.033,93.524,87.625
153.797,78.776,93.351,87.942
153.864,74.310,93.037,88.102
153.259,69.848,93.254,87.333
152.628,64.265,93.307,85.564
152.028,61.727,94.358,82.558
151.771,58.088,95.274,80.105
153.685,56.637,95.163,78.137
155.021,58.147,94.373,77.063
153.708,61.138,93.892,76.320
155.248,67.347,92.530,76.454
156.455,72.183,90.923,78.431
155.422,77.879,89.263,80.698
155.236,85.145,88.342,81.544
155.361,92.126,87.682,81.951
157.592,95.716,87.428,81.644
156.314,93.217,87.379,80.746
158.644,85.826,87.161,80.087
159.808,79.092,87.403,79.473
162.713,74.400,87.219,79.351
163.853,69.124,87.216,78.472
168.132,67.150,86.887,77.377
170.728,66.838,86.646,75.724
173.094,66.525,85.857,74.550
173.855,68.335,85.005,73.788
173.365,70.851,83.569,74.549
174.924,74.750,81.896,75.636
175.542,79.106,80.549,77.055
177.782,85.133,79.461,77.953
177.889,89.526,79.303,77.958
177.135,91.496,79.181,76.977
177.491,87.708,78.888,75.829
176.869,81.202,78.177,75.521
177.723,73.883,77.473,75.101
178.533,69.699,76.810,74.032
179.994,67.516,75.678,73.244
181.489,66.638,75.034,71.704
181.640,68.190,73.910,70.909
182.694,69.906,72.826,70.303
183.818,72.755,71.559,70.727
183.863,77.397,70.810,71.113
184.911,82.326,69.964,71.541
184.732,86.321,69.935,71.311
184.052,87.185,69.896,70.613
183.949,84.842,69.769,69.919
181.232,80.178,68.983,69.811
183.707,77.626,68.002,69.244
181.745,74.933,67.148,68.680
183.290,72.315,65.839,68.566
180.968,72.183,64.783,68.324
178.864,73.129,63.940,68.224
176.117,74.132,63.337,67.809
174.308,75.886,63.021,67.539
173.415,77.950,62.613,67.099
171.813,82.093,62.761,66.477
175.006,87.044,63.209,65.354
178.322,88.766,63.372,64.240
183.377,89.567,63.630,63.295
189.050,91.280,63.296,62.754
194.787,93.011,63.611,62.075
199.888,94.107,63.560,61.475
205.492,96.326,63.938,60.178
209.797,99.265,65.195,58.295
212.675,102.602,66.148,56.766
214.377,104.521,67.446,55.194
216.200,106.530,68.251,54.007
218.510,107.514,68.784,52.986
220.513,108.762,68.676,52.330
221.081,109.036,68.425,51.771
220.815,109.091,67.748,51.498
219.711,109.121,67.454,51.000
217.754,108.660,66.853,50.768
216.450,109.121,66.367,50.332
214.698,108.759,65.565,50.068
212.770,107.886,64.781,49.845
209.958,106.979,63.887,49.796
206.068,106.342,62.924,50.034
202.577,105.049,62.008,50.274
198.142,104.330,61.327,50.398
193.833,103.203,60.722,50.701
189.475,101.374,60.034,50.875
184.356,99.255,59.256,51.016
181.660,98.833,58.619,51.092
177.990,96.975,58.162,50.728
175.040,95.745,57.937,50.230
172.671,95.506,57.616,49.719
169.367,93.482,56.932,49.314
169.141,93.240,56.027,48.988
167.119,92.609,55.267,48.810
166.607,92.596,54.520,48.347
165.621,92.478,53.978,47.852
165.386,92.860,53.497,47.475
164.825,93.533,53.255,46.982
164.809,93.599,52.923,46.637
165.108,93.951,52.386,46.329
165.136,94.263,52.069,46.042
164.122,94.797,51.822,45.690
165.142,95.290,51.515,45.466
165.299,95.392,51.133,45.383
165.442,96.165,50.959,45.140
167.221,97.040,50.922,44.875
166.501,97.004,50.779,44.648
167.929,98.140,50.563,44.631
169.062,99.408,50.466,44.519
170.882,100.360,50.444,44.453
172.371,101.413,50.637,44.264
173.303,102.636,50.612,44.239
174.409,103.813,50.419,44.186
175.778,106.445,50.345,44.113
177.537,108.846,50.349,43.939
179.525,110.616,50.494,43.745
181.333,112.238,50.544,43.423
182.774,113.454,50.487,43.127
184.536,115.431,50.348,42.975
186.100,117.344,50.251,42.843
187.347,119.678,50.107,42.752
190.106,121.153,50.132,42.319
191.242,121.830,49.916,41.965
193.047,123.741,49.800,41.632
195.219,125.739,49.690,41.189
197.091,127.640,49.502,40.708
199.138,128.096,49.044,40.275
201.076,128.826,48.602,39.982
202.276,130.282,48.601,39.475
204.140,130.786,48.343,39.030
205.287,130.048,48.098,38.447
206.593,129.384,47.766,37.991
208.205,129.295,47.552,37.474
210.320,127.592,47.229,37.012
212.791,127.055,46.989,36.603
214.788,126.948,46.642,36.188
216.797,126.676,46.339,35.793
217.873,126.361,45.905,35.455
219.799,125.996,45.437,35.088
220.618,127.000,44.871,34.874
222.123,127.415,44.339,34.577
223.278,128.011,43.975,34.184
223.600,129.249,43.526,33.786
224.470,129.502,43.111,33.296
224.849,130.489,42.651,32.928
225.601,131.827,42.329,32.667
225.568,132.515,42.045,32.254
226.723,132.665,41.913,31.816
227.072,131.937,41.352,31.531
227.662,130.629,41.071,31.194
228.171,130.334,40.724,30.993
228.257,130.232,40.513,30.756
228.775,130.075,40.242,30.597
229.630,129.290,40.202,30.261
230.882,126.987,39.821,30.063
231.464,125.693,39.487,29.844
231.894,124.143,39.278,29.652
232.263,122.988,39.000,29.445
232.845,122.720,38.687,29.438
233.095,122.366,38.531,29.356
233.368,122.500,38.230,29.374
233.134,122.843,38.130,29.299
232.849,123.418,37.960,29.218
232.942,123.988,37.798,29.073
232.569,123.616,37.500,29.068
231.579,125.334,37.262,29.186
230.758,124.996,37.303,29.015
230.895,125.771,37.071,29.005
231.634,126.430,36.867,28.883
232.929,126.257,36.877,28.768
234.008,126.560,36.658,28.773
235.092,126.146,36.639,28.790
235.247,126.508,36.616,28.711
234.416,127.098,36.385,28.705
232.145,126.427,36.135,28.650
229.742,126.542,35.634,28.717
226.827,127.423,35.072,28.849
223.826,126.184,34.571,28.757
220.379,126.723,33.922,28.891
217.857,126.126,33.528,28.930
215.090,125.581,33.128,28.779
211.823,125.354,32.785,28.522
210.183,125.879,32.822,28.351
208.874,125.587,32.868,28.094
207.720,126.069,32.939,28.030
206.693,125.800,32.767,27.941
205.958,125.723,32.756,27.797
205.555,125.889,32.633,27.750
205.857,126.290,32.694,27.578
205.689,125.666,32.546,27.597
206.043,126.681,32.730,27.389
206.254,125.814,32.692,27.267
206.725,126.502,32.693,27.238
207.798,126.590,32.496,27.296
208.588,126.352,32.548,27.263
208.893,125.796,32.711,27.070
209.752,125.621,32.794,27.038
209.955,124.741,32.824,27.105
210.919,125.439,32.801,27.210
211.737,125.719,32.887,27.299
212.544,127.124,33.195,27.317
213.718,129.763,33.127,27.492
214.926,131.733,33.155,27.619
215.376,134.259,33.337,27.690
215.115,136.860,33.671,27.724
214.519,139.141,34.006,27.869
213.726,140.473,34.194,27.982
213.643,141.628,34.305,28.137
213.259,142.689,34.346,28.222
213.410,142.370,34.403,28.266
214.105,142.485,34.568,28.173
215.412,142.337,34.601,28.081
216.226,141.991,34.507,28.061
217.456,142.000,34.546,28.105
218.380,142.290,34.646,28.141
219.407,143.036,34.817,28.067
220.734,142.813,34.935,27.997
222.008,142.105,34.920,28.110
222.421,141.705,34.994,28.261
223.396,141.565,35.404,28.295
224.294,140.929,35.965,28.400
225.250,142.212,36.095,28.688
225.280,144.855,36.204,28.706
224.938,151.069,36.379,29.083
225.070,160.374,36.030,29.831
224.242,173.431,35.240,30.482
