160.000,83.000,56.000,65.000
172.825,79.606,55.029,66.331
178.471,77.513,54.452,67.325
175.552,75.187,55.090,67.905
184.369,76.302,55.734,69.063
188.695,74.606,57.184,69.835
189.994,70.787,59.132,68.678
172.252,47.860,60.900,67.893
164.551,41.593,61.995,66.357
157.089,48.592,61.853,66.763
150.040,62.086,61.810,67.725
145.836,68.668,62.214,68.290
142.392,73.697,62.686,68.829
141.666,78.981,63.251,69.388
140.463,87.517,64.227,68.583
146.559,91.165,65.863,68.887
152.616,90.118,67.581,69.315
180.900,87.745,68.242,69.271
186.053,89.231,69.139,70.589
184.901,88.369,69.733,71.944
184.324,86.664,69.768,73.195
179.285,85.983,69.258,74.688
169.937,82.943,70.225,75.025
160.567,81.655,70.841,75.961
131.048,83.801,72.096,76.122
138.810,87.667,72.254,75.777
161.544,82.119,71.463,76.275
189.622,76.360,70.632,76.135
192.168,74.793,69.754,76.261
203.063,87.231,70.302,76.459
200.718,89.575,73.375,76.050
203.641,90.024,73.446,78.053
205.063,84.057,73.214,79.979
214.091,77.740,74.738,80.681
220.779,70.824,76.399,81.315
221.857,71.385,76.997,82.124
214.966,81.944,76.635,83.247
221.121,83.115,75.738,84.293
219.052,87.587,76.334,85.184
214.162,87.548,77.875,84.991
185.549,52.708,77.707,85.898
129.838,40.353,80.818,84.224
105.973,38.725,81.900,83.255
41.085,37.936,83.965,81.435
10.399,45.082,85.983,81.123
8.986,136.386,85.122,82.856
68.999,91.772,84.604,82.623
91.696,59.189,79.302,88.614
117.099,49.200,78.708,89.061
143.013,61.664,78.740,88.719
155.471,65.033,79.678,87.779
176.303,40.324,79.835,86.989
193.614,53.958,79.984,86.070
191.219,65.454,79.887,85.289
188.848,70.437,78.863,83.793
191.553,71.414,76.014,83.733
212.754,60.385,75.576,82.802
226.583,54.908,76.255,82.729
237.677,58.132,75.640,81.736
240.854,67.181,74.811,81.809
237.027,64.767,74.184,82.565
192.513,78.706,74.488,83.583
181.545,96.776,76.025,83.642
171.692,130.628,75.847,85.188
163.377,142.781,76.690,85.769
160.452,124.825,77.112,86.279
152.571,109.414,77.610,86.299
136.339,83.764,76.613,87.269
119.031,67.099,76.380,88.025
111.407,53.647,77.335,87.351
129.252,59.194,77.762,87.531
147.260,64.152,77.578,88.772
145.402,71.474,75.886,90.838
147.205,61.263,74.595,92.248
152.079,45.505,74.120,93.524
159.676,44.500,75.235,92.465
184.022,59.256,76.346,91.844
183.211,71.309,76.930,91.777
187.099,72.759,76.849,92.076
124.119,163.536,79.303,92.523
124.079,167.158,84.743,92.821
112.286,190.526,88.104,92.598
95.626,189.980,91.159,94.370
89.170,168.873,90.382,95.392
96.245,148.513,89.704,95.894
114.056,142.362,87.735,97.494
156.059,138.855,86.507,99.000
168.846,127.944,86.491,99.551
187.342,120.081,86.563,98.774
175.488,91.673,87.527,98.148
156.176,61.266,88.708,98.237
121.656,45.199,90.241,97.514
114.666,47.248,90.520,97.043
113.633,46.721,92.184,95.782
111.371,42.224,91.584,96.166
110.392,48.934,90.027,94.856
114.299,66.024,87.291,94.471
118.523,75.071,85.309,93.638
133.213,70.388,85.176,93.233
149.928,45.995,84.551,92.172
160.342,43.682,85.035,91.011
170.498,45.945,82.541,92.395
169.748,45.712,80.817,92.742
162.088,48.883,79.546,93.723
158.105,60.540,77.694,94.199
155.829,63.663,76.196,94.004
154.317,75.219,76.018,92.702
152.334,78.356,75.729,92.036
155.678,79.497,75.196,91.475
167.606,75.806,74.215,92.798
186.242,73.441,75.877,92.180
218.326,73.024,76.008,91.538
233.823,71.021,75.782,91.344
