123.000,87.000,132.000,176.000
121.478,84.987,133.402,176.136
123.333,84.001,134.012,176.719
122.659,83.263,134.178,177.720
122.461,84.188,134.469,178.222
121.699,82.225,134.609,178.684
123.991,83.668,135.117,178.887
125.595,83.510,136.245,179.096
126.982,83.693,137.117,179.355
126.622,84.403,138.031,179.664
130.444,84.111,138.984,179.850
131.351,82.826,139.263,180.209
132.829,82.358,139.681,180.440
134.115,81.445,140.142,181.186
135.859,80.763,140.719,181.467
136.227,81.061,140.930,181.697
137.101,80.693,141.071,181.788
137.354,80.515,141.136,181.651
138.397,81.364,141.639,181.527
139.777,82.185,142.225,181.164
139.922,80.022,141.906,181.570
138.317,79.653,141.547,181.820
138.389,79.274,141.394,181.832
135.235,79.722,140.542,182.269
134.495,79.212,139.890,182.633
130.822,79.645,139.232,183.090
131.073,79.036,139.268,182.920
128.873,78.576,139.126,182.784
126.534,78.340,138.558,182.933
126.435,78.896,139.147,182.337
125.901,78.753,139.388,182.142
124.312,78.779,139.281,182.472
125.319,78.611,139.686,182.290
125.901,79.753,139.846,182.384
126.936,79.547,139.937,182.515
127.936,79.470,139.843,182.943
129.064,80.591,139.632,183.447
130.346,79.085,139.406,183.300
130.296,81.104,139.520,183.348
130.368,80.832,139.650,183.545
131.291,81.083,139.536,183.574
131.616,81.525,139.572,183.731
131.396,81.207,139.631,183.941
131.565,80.976,140.065,183.945
129.684,82.491,140.693,184.137
130.101,82.288,141.329,184.464
130.525,82.794,141.752,185.146
130.116,81.817,141.820,186.068
132.737,82.660,141.838,186.436
131.047,80.835,141.690,187.589
133.694,81.480,141.663,187.763
136.030,80.917,141.866,187.910
134.310,79.068,142.054,188.218
137.004,79.543,142.117,188.533
136.460,78.629,142.428,188.419
138.233,79.743,142.530,188.476
136.842,79.419,142.658,188.550
138.036,79.182,142.730,188.311
137.448,78.783,142.793,188.309
138.151,78.515,143.069,188.043
137.120,78.409,143.236,188.324
136.263,78.150,143.327,188.574
136.688,77.672,143.224,188.622
134.480,78.423,143.703,189.124
133.867,78.228,143.657,189.542
133.173,78.116,143.797,189.861
133.373,77.972,143.726,190.418
130.083,76.481,144.051,190.672
132.060,76.828,143.301,191.051
131.102,76.672,143.436,191.197
131.628,75.547,143.325,191.001
131.652,75.328,143.540,190.884
132.660,75.403,143.611,190.525
131.765,74.642,143.865,190.460
133.371,75.021,143.586,190.309
132.505,73.979,143.881,190.307
133.628,75.138,144.476,189.713
133.791,74.422,145.013,189.517
133.716,74.897,145.554,189.503
134.197,75.247,146.268,189.288
134.645,74.370,146.441,189.611
134.092,75.171,146.822,189.764
134.549,76.981,147.224,189.835
136.437,77.565,147.468,190.001
136.020,77.920,147.730,190.288
136.924,78.119,147.848,190.867
137.649,78.837,147.821,191.489
137.407,79.205,148.234,191.445
138.176,79.490,148.314,191.632
138.256,79.668,148.332,191.929
139.368,79.186,148.578,191.817
139.087,79.787,148.574,191.773
140.415,81.002,148.915,191.928
140.694,81.608,149.017,191.580
140.914,80.701,149.011,191.187
141.818,80.608,148.709,191.010
143.568,81.503,148.401,190.844
143.585,81.612,148.652,190.633
143.558,81.518,149.067,190.404
143.180,80.975,149.389,190.600
141.458,80.839,149.368,190.818
142.469,80.424,149.510,190.941
141.527,79.945,149.291,191.369
142.404,78.987,148.767,191.659
141.374,80.051,148.075,191.918
143.689,79.208,148.100,191.421
142.687,80.494,147.866,191.884
143.146,79.926,147.211,192.167
143.653,79.142,146.857,192.007
144.737,78.927,146.424,191.932
146.514,79.024,145.653,191.777
149.274,78.690,145.089,191.219
151.351,78.739,144.571,190.448
154.490,78.155,143.960,189.598
156.513,77.569,143.411,188.371
159.227,77.381,143.064,187.142
161.791,76.088,142.757,186.261
163.590,77.022,142.086,185.453
166.226,75.955,141.581,184.991
171.726,74.960,141.236,184.428
174.882,75.686,141.068,183.888
178.011,74.079,140.958,184.136
183.827,74.026,140.771,183.958
185.722,72.586,140.906,183.552
190.432,71.556,140.444,183.888
194.044,69.304,139.763,184.161
200.317,68.868,139.751,184.172
201.054,67.356,139.255,183.491
206.965,66.759,138.758,183.382
212.534,65.600,139.389,182.810
216.482,63.408,139.399,182.747
220.503,61.191,139.454,182.891
224.837,61.046,139.807,182.859
228.128,61.124,139.998,182.877
231.411,61.099,139.492,182.871
236.718,59.364,138.848,182.388
239.239,60.789,137.983,182.489
245.436,60.960,137.327,182.215
250.539,62.410,137.081,181.945
253.564,61.940,137.689,181.283
256.115,65.009,138.286,180.882
259.733,65.927,138.933,180.581
262.968,63.884,138.872,180.797
267.044,64.292,139.603,179.551
270.731,66.247,140.108,178.640
276.086,67.910,140.810,177.470
280.584,68.420,140.963,176.118
288.326,70.838,140.361,175.637
294.382,72.999,139.836,174.756
299.834,72.398,139.130,174.479
306.850,73.059,138.538,173.480
314.421,72.758,137.643,172.976
321.911,73.171,136.545,172.745
330.318,74.301,135.088,172.714
337.976,75.546,134.253,172.630
345.141,76.633,133.720,173.019
352.410,73.968,133.039,173.391
360.611,72.941,132.531,173.773
367.783,74.098,131.940,174.427
373.437,72.041,132.031,174.512
380.302,70.639,132.218,174.581
384.654,71.596,131.868,175.266
391.022,70.821,131.668,175.791
395.288,68.825,131.296,176.498
400.584,68.349,131.188,177.007
402.778,69.002,130.661,176.843
408.610,68.517,129.826,177.694
409.983,68.905,129.781,177.687
412.504,70.040,129.295,177.798
415.099,69.120,129.460,177.473
417.222,71.001,129.800,176.851
419.336,74.663,129.939,176.250
419.166,74.894,129.702,176.012
423.063,78.068,129.823,175.761
422.912,80.564,129.781,175.676
424.168,80.964,129.621,175.918
424.031,81.896,130.102,175.552
422.412,83.120,129.999,175.644
424.125,83.523,130.226,175.343
420.790,84.025,129.996,175.360
421.096,85.053,130.262,174.983
418.062,84.113,130.199,175.128
415.911,84.935,130.161,175.370
413.107,83.668,130.172,175.364
410.771,85.598,129.687,175.852
410.133,85.255,129.808,175.864
407.780,84.942,129.714,176.051
405.408,84.465,129.763,176.303
405.858,85.627,129.810,176.709
403.738,84.254,129.737,177.233
402.196,82.984,129.593,177.583
400.383,84.553,129.578,177.446
398.697,83.420,129.595,177.685
397.506,83.232,129.578,177.954
394.751,85.562,129.383,178.156
397.628,85.566,129.478,177.932
395.393,83.972,129.445,178.289
394.995,85.530,129.733,177.765
395.099,85.564,129.454,178.101
393.512,86.546,129.330,177.936
393.376,89.765,130.093,177.317
391.447,90.989,130.333,177.241
388.839,93.248,130.350,177.170
385.486,95.438,130.833,176.353
379.800,97.427,132.224,172.864
373.822,105.711,134.020,169.354
369.771,110.367,136.722,166.626
367.139,112.847,138.943,165.428
364.463,114.852,139.863,165.277
363.866,116.575,140.241,165.676
361.742,119.194,139.564,166.556
363.685,127.048,139.287,166.279
363.139,130.364,138.103,168.614
360.138,133.061,138.299,169.950
358.591,136.287,139.654,169.833
355.522,137.639,141.466,169.346
351.548,138.564,143.195,168.998
348.764,140.735,144.392,168.842
352.768,141.978,142.879,169.814
351.804,143.875,142.831,170.112
350.982,144.396,143.348,170.250
350.219,145.507,143.288,170.649
349.838,146.649,142.836,170.616
350.064,149.495,142.117,170.155
351.531,152.030,141.604,170.015
351.132,153.784,140.810,170.440
353.234,156.989,140.200,170.541
354.065,159.561,139.456,170.424
354.088,161.040,138.813,170.256
355.521,163.127,138.673,169.802
353.757,164.442,138.030,169.816
356.197,166.551,137.045,169.934
357.034,166.607,136.037,170.266
357.526,168.023,135.546,170.534
356.319,168.289,134.935,170.764
358.678,169.870,134.311,170.914
357.347,168.775,133.176,171.234
356.869,168.640,133.298,171.284
356.612,170.006,133.639,170.763
356.208,170.868,133.385,170.644
354.112,170.214,132.955,170.862
354.753,171.055,133.191,170.744
352.254,168.731,132.609,171.281
353.073,168.044,132.712,171.371
349.719,167.742,132.413,171.527
350.613,166.708,132.948,171.472
349.201,165.020,132.565,171.881
349.725,163.999,133.202,171.623
346.960,162.387,132.370,172.644
346.649,160.356,133.606,171.816
346.085,160.397,134.174,171.816
344.507,158.092,134.180,172.628
344.241,157.530,134.931,172.390
342.069,155.857,135.099,173.218
341.652,153.376,135.774,173.680
337.713,153.031,135.876,173.497
337.780,151.747,136.659,173.439
334.086,151.162,136.719,173.363
332.707,152.092,137.582,173.083
329.398,152.479,137.681,173.516
327.428,151.408,138.534,173.532
322.597,150.653,138.386,174.093
318.446,151.854,138.828,174.454
315.421,153.280,139.962,174.934
308.996,153.599,140.418,175.321
304.298,153.976,141.503,175.690
300.060,155.340,142.976,176.044
296.845,157.791,144.308,176.274
292.693,158.549,144.954,176.982
288.998,159.677,145.938,177.565
284.976,159.387,146.623,178.310
281.743,159.008,147.260,179.236
277.684,159.724,147.986,180.225
274.431,157.190,148.418,181.627
269.484,156.357,148.817,182.400
265.484,154.649,148.913,183.551
259.770,152.246,149.288,184.613
253.958,150.437,149.957,185.309
248.377,148.466,150.365,186.102
243.461,146.569,150.763,186.774
240.619,145.287,150.893,187.439
235.225,142.798,151.095,188.182
230.620,140.413,151.115,189.112
229.621,137.632,151.962,189.631
224.350,137.006,152.713,190.311
220.110,133.789,152.628,192.000
217.172,130.815,152.769,193.145
215.737,127.366,153.251,194.790
212.905,125.309,154.008,196.334
209.168,122.729,154.954,197.382
205.872,118.095,156.097,198.785
202.355,116.493,156.171,200.441
200.669,114.430,157.188,202.216
199.558,110.719,158.242,204.129
195.557,110.052,157.963,205.838
194.087,107.463,158.535,206.382
192.398,105.627,159.455,207.298
190.284,103.141,159.342,209.414
188.325,103.463,159.735,210.412
185.329,102.310,159.971,211.510
186.138,102.164,161.020,212.031
182.325,100.660,161.243,212.592
180.420,100.422,161.352,212.567
178.809,100.650,161.562,212.870
179.606,99.337,162.533,213.006
173.703,97.052,162.877,213.452
173.022,97.652,163.261,213.572
171.776,94.291,162.846,213.944
167.492,94.975,163.040,213.319
165.217,92.394,162.645,213.586
164.569,93.450,162.804,213.410
160.951,91.362,162.267,213.707
159.265,90.805,161.794,213.642
157.188,90.999,161.314,213.819
153.340,89.266,159.882,214.325
153.615,89.416,160.321,213.942
151.621,89.253,160.206,213.743
150.842,87.626,159.727,213.235
148.639,88.195,158.859,213.083
147.951,85.632,158.571,213.586
146.807,84.249,158.098,213.314
144.758,83.324,158.127,213.140
144.554,82.561,157.623,213.548
145.031,81.637,157.609,213.489
144.228,80.385,157.500,213.725
143.869,79.148,156.966,213.311
143.330,78.400,156.531,213.301
143.675,75.435,155.899,213.124
143.144,73.866,154.793,213.034
141.851,72.315,154.123,212.819
141.396,69.426,153.595,212.123
141.525,67.951,152.747,211.829
141.274,66.645,152.028,211.452
140.104,67.780,151.168,210.682
137.364,68.824,150.209,209.794
141.313,71.658,148.530,209.485
140.538,76.205,147.690,209.260
140.709,74.443,147.472,208.255
138.300,75.526,147.293,207.128
141.346,76.553,146.932,207.097
141.682,79.777,146.473,207.070
143.428,79.902,145.857,207.424
143.283,80.092,145.636,207.452
145.476,79.059,145.800,206.586
145.726,79.469,145.504,205.375
145.749,78.146,146.375,203.235
146.083,77.835,147.315,201.795
146.907,80.589,148.392,200.522
148.553,82.644,149.450,199.680
151.735,82.803,150.440,198.734
153.009,84.775,150.570,198.621
155.680,87.130,150.980,198.175
158.212,88.861,151.086,198.487
158.119,89.053,151.610,198.541
159.139,90.394,152.872,197.907
160.152,90.463,153.231,198.436
163.853,91.343,152.864,199.067
165.573,88.823,152.249,200.182
164.614,88.616,151.831,200.337
165.828,90.618,151.975,199.859
162.875,90.568,152.430,199.755
162.869,91.144,152.744,199.102
160.556,92.738,153.519,197.844
159.600,93.339,155.012,196.755
158.198,91.281,156.624,195.764
159.151,89.136,157.043,195.620
159.196,90.688,155.935,196.810
162.092,84.793,153.682,198.979
163.580,81.679,153.108,199.042
163.275,83.373,152.483,199.640
162.902,84.175,151.220,200.420
163.292,81.247,150.022,200.706
163.533,81.041,149.124,200.608
163.558,81.063,148.441,200.257
164.464,80.691,147.757,199.930
167.227,78.472,147.365,199.240
166.210,76.938,146.294,198.768
166.657,76.897,145.898,197.898
168.663,77.678,145.927,196.849
169.571,77.849,144.779,197.078
171.551,76.785,143.190,198.226
172.631,75.582,142.313,198.277
175.522,77.252,141.513,197.612
181.135,85.120,140.842,197.085
180.038,81.853,140.680,196.574
183.697,86.546,140.434,196.447
184.411,89.692,140.416,196.009
183.183,86.365,140.789,195.805
184.510,91.075,140.779,195.455
183.535,86.447,140.935,195.410
184.983,85.833,141.495,195.074
183.538,86.889,141.766,195.081
184.679,86.861,141.887,195.499
185.484,86.824,141.706,196.087
186.251,86.502,141.637,196.707
186.073,87.918,141.534,196.411
187.014,89.053,141.442,196.542
187.195,89.677,141.269,196.990
188.785,90.002,141.158,197.137
186.498,90.582,140.966,196.923
188.859,91.004,140.773,197.095
186.798,91.234,140.526,197.046
186.497,91.315,140.406,196.853
187.269,90.930,140.317,196.889
185.056,90.873,140.160,197.135
187.323,89.408,140.008,197.284
185.646,90.776,139.983,197.431
187.205,89.397,139.774,197.487
187.587,89.883,139.525,197.543
187.897,90.068,139.605,197.405
188.728,90.649,139.576,197.597
188.479,90.157,139.557,197.687
188.857,89.166,139.420,197.771
188.843,89.118,139.252,197.676
189.661,88.970,139.167,197.553
189.431,88.561,139.008,197.759
189.511,88.423,139.037,197.591
189.937,87.744,139.016,197.622
189.944,87.856,139.128,197.434
190.238,87.847,139.078,197.366
190.844,88.157,139.200,197.163
189.504,89.081,138.945,196.856
190.109,89.152,139.068,196.708
190.589,89.574,139.050,196.723
190.359,88.926,138.869,196.834
190.259,89.791,138.824,196.610
191.107,89.547,138.601,196.677
188.401,90.140,137.961,196.933
190.368,89.642,137.920,196.533
189.107,90.849,137.694,196.688
189.550,90.880,137.634,196.386
189.587,91.164,137.407,196.420
190.834,90.966,137.258,196.330
193.626,99.972,136.740,195.897
194.550,102.204,136.041,196.720
192.688,95.788,136.243,197.375
195.736,101.666,136.109,196.773
191.848,94.749,136.326,197.091
192.344,93.963,136.460,197.597
190.614,94.563,136.889,197.351
191.837,94.758,137.051,197.559
191.307,94.852,137.039,197.912
191.802,94.622,136.856,198.287
191.977,94.823,136.761,198.668
191.958,95.662,136.761,198.884
192.078,94.570,136.791,199.018
191.853,95.068,136.971,199.360
191.950,95.800,137.322,199.022
192.571,96.272,137.433,198.713
192.999,96.108,137.410,198.782
191.744,96.648,137.533,198.920
193.688,96.858,137.072,199.146
195.386,103.849,136.299,198.361
194.897,105.334,135.871,197.545
194.425,99.063,136.113,197.907
195.827,104.683,135.630,196.782
197.392,106.151,135.115,196.111
195.989,105.775,134.232,196.408
194.953,98.423,134.113,197.178
195.689,98.171,133.920,198.006
195.593,99.356,133.955,198.322
194.552,97.436,133.914,198.498
196.491,98.123,133.829,198.869
196.345,98.802,133.923,199.028
196.247,97.525,134.073,199.071
197.168,98.639,134.214,199.192
197.532,98.883,134.743,198.939
197.503,97.902,135.274,198.558
196.209,98.616,135.453,198.572
197.973,98.510,135.893,198.838
197.575,99.168,136.319,198.995
197.628,98.230,136.770,199.155
198.147,97.689,137.003,199.608
198.203,98.158,137.333,199.978
199.325,99.215,137.798,200.441
201.003,98.860,138.207,200.773
200.479,98.206,138.286,201.222
203.988,105.214,137.952,200.430
201.214,99.049,138.316,200.545
202.390,98.515,138.532,201.030
202.474,98.373,138.493,201.341
203.003,98.051,138.598,201.786
203.497,97.891,138.718,202.081
207.941,102.876,138.148,201.174
205.457,99.333,138.428,201.710
208.862,99.061,138.691,202.347
210.808,99.818,138.930,202.677
210.627,98.477,138.992,202.367
214.812,98.801,139.452,202.330
218.079,105.820,138.787,201.861
218.972,101.863,138.622,202.151
223.305,101.675,139.036,202.025
223.065,100.755,139.019,202.057
226.492,101.638,139.174,202.402
228.542,101.766,139.027,202.924
231.367,102.435,139.067,202.822
233.114,100.665,138.857,202.867
235.613,100.680,138.901,203.360
237.485,101.395,139.213,203.868
238.283,101.166,139.448,203.549
238.849,100.853,139.516,203.613
240.600,100.568,139.605,203.581
242.644,102.011,139.668,203.861
243.927,102.300,139.775,203.979
246.163,101.933,139.767,204.106
247.052,101.983,140.012,204.133
248.399,101.704,139.928,204.181
250.621,101.952,139.774,204.289
252.998,102.353,139.961,204.390
253.727,100.687,139.971,204.583
255.677,100.598,139.598,204.550
257.884,99.401,139.725,204.476
257.990,98.849,139.923,204.410
261.464,97.097,139.764,204.281
263.770,96.012,139.608,204.064
265.732,96.177,140.004,204.295
264.531,95.964,140.208,204.161
269.127,95.382,140.105,203.954
268.688,92.950,139.857,203.927
272.289,93.378,139.876,203.945
272.875,93.066,139.781,203.986
276.121,92.082,139.484,204.417
276.518,92.605,139.939,204.494
280.752,91.238,140.023,204.492
282.123,90.223,140.068,204.377
284.028,90.337,140.615,204.158
286.470,90.165,141.090,203.888
289.057,88.016,141.246,203.413
291.567,86.983,141.180,203.369
293.980,87.049,141.289,203.672
295.783,86.393,141.484,203.929
299.202,84.936,141.807,204.280
301.359,84.464,142.386,204.314
304.150,82.956,142.776,204.812
305.711,81.723,143.388,205.292
310.858,84.792,143.360,205.287
312.060,85.357,142.948,205.638
315.370,84.591,142.586,205.383
314.029,83.690,143.253,205.575
315.473,84.215,143.565,206.258
317.178,83.246,144.130,206.198
315.150,83.502,145.013,206.739
314.795,82.142,146.205,207.555
310.833,81.676,147.697,207.965
308.904,73.937,149.252,209.753
303.544,81.263,150.162,211.177
303.345,84.064,151.208,212.341
298.838,85.443,152.583,213.945
294.636,87.558,153.359,215.688
292.481,79.387,154.656,217.935
286.190,87.040,155.280,219.503
283.839,78.004,155.514,221.742
277.644,79.958,155.559,223.777
273.069,79.400,155.868,225.382
270.470,81.919,157.413,225.955
271.215,98.512,157.919,226.498
267.354,101.888,158.742,227.828
262.591,105.366,160.072,229.179
257.814,94.011,161.609,229.700
255.224,110.110,163.122,229.544
253.271,111.529,164.188,231.917
248.253,101.311,165.615,234.388
244.097,109.920,167.361,235.781
241.974,102.960,168.249,239.346
236.833,99.881,168.862,242.720
235.450,94.448,168.708,245.746
231.022,90.460,169.007,247.463
232.352,85.796,168.751,248.895
229.543,76.858,168.915,249.227
229.086,66.461,168.785,249.136
226.154,53.808,169.347,248.406
234.945,32.970,166.664,250.148
229.261,19.096,163.690,252.879
228.949,8.230,161.826,253.350
227.303,0.520,160.991,252.187
220.860,0.546,160.357,249.371
223.346,-4.087,159.730,246.839
221.347,-2.807,158.733,244.559
219.767,-0.576,156.860,242.795
216.380,-2.953,155.159,241.230
214.995,-0.421,153.661,238.544
213.286,1.737,152.767,235.777
210.183,5.123,151.807,232.591
213.012,8.830,149.757,231.428
209.395,12.328,148.281,229.501
207.806,15.119,147.206,227.237
205.421,14.726,146.501,224.570
204.650,21.479,145.478,221.704
203.137,22.006,144.862,218.669
200.955,26.049,144.174,215.981
204.223,25.841,142.215,215.559
200.496,26.408,140.870,214.038
200.332,27.178,139.677,212.928
198.303,27.190,139.178,211.586
195.326,29.908,138.552,210.469
194.539,28.049,138.621,209.253
191.707,30.591,137.480,208.222
188.133,32.053,137.320,206.979
187.375,31.555,136.718,206.332
183.944,33.885,136.043,205.273
182.740,34.882,134.659,204.599
180.059,38.083,133.571,203.453
179.142,41.926,132.399,202.736
176.638,46.004,131.834,201.240
176.345,49.506,130.735,200.844
174.582,52.693,130.180,199.806
175.369,55.476,129.880,199.038
173.892,55.537,130.021,197.994
174.702,58.008,130.007,197.567
173.067,59.645,129.644,196.880
174.948,61.533,128.945,197.088
170.962,65.255,129.136,196.136
175.382,68.841,128.445,196.071
169.151,73.098,128.106,196.454
171.284,76.683,127.721,196.698
167.649,80.955,127.283,196.460
169.546,84.439,126.532,196.851
165.124,88.043,126.530,196.524
168.322,91.341,125.439,196.723
161.836,95.133,126.003,196.316
166.282,95.464,126.142,196.499
159.989,97.289,126.474,196.265
163.815,100.604,126.308,196.796
167.159,99.864,125.244,197.859
169.723,101.875,124.516,198.053
172.573,101.759,124.465,198.070
174.619,104.168,124.515,197.969
177.204,105.530,124.781,198.533
178.084,108.684,125.163,198.476
182.429,107.615,125.056,198.693
183.722,109.959,125.150,197.871
187.757,110.682,124.522,197.907
190.147,111.649,124.083,197.144
188.894,113.567,123.771,196.956
187.315,109.955,124.229,197.015
185.507,107.684,124.739,196.188
183.979,108.745,124.845,196.088
184.330,104.432,124.685,196.421
182.201,98.524,124.818,196.760
181.042,95.528,125.192,197.641
179.197,88.708,125.338,198.151
175.466,85.317,125.943,199.350
172.636,82.764,126.877,199.798
171.047,80.953,126.991,200.139
169.006,83.368,126.981,199.492
166.962,81.724,127.401,199.373
161.599,81.623,128.585,198.770
160.688,82.611,129.307,198.152
159.156,82.747,130.280,198.483
158.971,83.378,130.925,198.792
159.105,85.650,131.524,199.431
162.836,86.165,132.128,199.965
164.076,90.494,132.186,200.636
171.637,86.152,132.247,201.832
175.210,85.677,131.488,202.937
180.525,83.666,131.327,204.057
184.986,85.267,130.716,204.777
189.499,85.600,130.833,205.179
188.598,82.366,131.234,205.547
190.797,82.757,132.103,205.978
189.486,81.297,132.488,206.903
188.769,79.833,132.622,207.718
191.577,80.142,132.399,209.029
193.536,81.393,132.505,209.315
196.046,80.181,132.769,210.522
193.181,82.642,132.605,211.796
197.237,76.104,132.930,214.356
190.795,77.530,134.325,214.947
193.428,76.147,134.161,216.313
190.648,76.648,134.884,217.228
191.519,79.581,136.971,217.569
188.208,80.416,138.665,217.632
188.855,81.778,139.910,217.981
187.910,82.716,140.873,217.689
188.927,81.131,142.283,217.780
187.533,79.252,143.642,218.501
194.882,76.549,150.557,214.145
198.544,75.597,157.840,210.788
199.791,74.212,164.262,209.545
203.504,72.007,170.438,208.929
208.816,69.542,175.426,209.044
211.532,67.813,178.227,210.697
213.836,66.122,180.882,212.055
217.298,63.360,182.837,213.634
218.634,62.724,184.880,215.039
219.892,64.551,186.619,216.483
220.323,61.409,187.268,218.601
220.973,59.000,186.967,221.833
220.091,55.528,186.544,225.352
217.417,55.646,186.706,228.001
214.191,53.980,187.113,230.222
209.454,50.918,188.217,231.179
201.508,50.754,190.312,231.106
194.927,52.092,191.862,230.718
187.572,52.968,194.515,229.916
178.979,54.591,196.068,229.602
171.236,61.376,198.417,229.129
167.164,62.026,198.861,229.801
162.735,61.586,201.143,229.792
159.364,59.110,203.848,229.797
160.285,57.436,205.702,230.513
162.515,61.340,207.135,232.246
165.589,60.925,206.717,233.717
164.810,61.036,207.114,235.052
164.729,60.816,207.113,236.727
168.073,62.475,206.950,238.685
173.142,62.777,206.668,240.751
181.902,62.740,206.652,240.705
188.533,61.901,207.413,240.462
198.880,60.988,206.934,240.695
206.667,65.676,207.484,240.446
215.291,69.069,207.112,240.418
223.179,71.955,206.897,240.326
228.633,73.908,207.185,239.543
233.769,74.843,205.794,240.245
241.242,72.225,203.090,241.663
242.933,66.157,200.133,244.837
241.034,64.083,197.998,247.453
245.209,56.370,198.425,250.134
242.700,53.016,197.267,252.348
240.483,50.242,195.861,253.240
242.242,48.497,193.305,254.033
243.270,50.719,190.603,254.412
255.850,58.499,184.035,258.627
255.243,57.160,184.359,256.994
257.514,58.412,181.690,257.487
257.307,69.796,175.311,263.924
257.416,70.137,170.091,267.413
256.199,73.207,165.870,268.331
248.555,71.625,162.083,268.873
241.336,72.438,160.102,268.394
241.005,82.868,159.782,265.784
240.607,84.322,159.644,264.533
237.045,83.474,160.314,263.633
233.905,80.967,158.904,265.455
238.036,76.743,156.816,266.350
240.959,71.823,154.575,266.637
251.648,70.982,151.593,267.303
258.243,69.689,149.804,266.897
262.809,68.550,148.419,265.441
270.042,67.817,147.582,264.215
281.350,67.698,146.715,263.003
287.924,70.575,146.480,261.268
302.758,67.387,147.167,259.468
310.516,83.986,145.745,257.800
318.161,75.938,144.126,257.287
331.279,98.609,153.601,245.325
335.433,86.037,149.105,247.678
342.828,82.147,144.840,249.620
347.994,100.808,142.779,248.304
356.219,96.359,139.475,247.615
362.004,96.001,137.202,247.992
371.050,97.193,134.649,248.381
378.081,118.098,134.238,244.875
383.389,118.493,135.507,240.603
385.080,119.974,136.055,237.349
390.921,140.398,143.910,229.204
394.153,140.595,148.210,222.872
392.764,144.742,151.365,218.451
394.182,150.101,154.234,213.266
398.436,154.043,154.249,211.163
401.665,154.709,154.483,209.665
404.214,157.822,155.194,207.754
408.671,160.957,155.263,205.668
409.961,163.836,154.553,204.108
411.769,165.599,153.597,202.225
409.703,168.205,153.290,199.959
410.666,168.973,153.457,197.830
408.697,172.542,153.217,195.629
406.649,176.461,152.816,193.010
404.784,177.516,151.780,191.135
404.002,178.814,150.880,188.890
403.953,180.288,149.705,187.362
400.801,182.060,149.575,184.816
399.598,183.710,148.884,183.375
399.911,181.787,148.632,182.396
399.143,182.956,148.413,181.629
397.821,181.895,147.567,181.419
394.565,183.276,147.033,180.160
391.264,183.697,146.527,179.644
388.919,180.721,145.920,179.528
385.959,180.589,146.119,179.094
386.032,177.579,144.984,179.957
389.563,177.232,143.602,180.523
385.569,186.670,145.147,178.974
380.634,175.236,137.510,184.408
382.031,171.220,131.835,188.182
382.723,180.686,127.722,189.507
382.089,176.314,123.961,190.417
380.584,173.728,121.119,190.269
380.606,171.385,118.811,191.793
383.300,173.187,116.554,191.665
381.496,173.372,114.720,192.234
380.260,173.261,113.334,192.503
380.016,171.949,111.506,192.861
376.309,172.918,109.626,193.404
374.570,175.214,109.124,191.915
370.966,181.231,108.536,190.499
370.049,180.720,107.385,189.452
367.967,178.845,105.610,188.076
367.686,180.143,104.069,186.659
368.082,182.990,103.040,184.664
364.681,182.235,101.816,183.340
363.729,184.614,101.429,180.771
364.443,185.551,100.781,178.638
363.207,187.299,99.419,176.721
360.923,188.122,100.014,173.896
361.789,190.216,100.345,171.430
358.600,190.634,100.966,169.536
358.106,188.747,100.971,168.180
356.361,189.532,101.648,166.461
354.784,188.532,101.957,165.455
356.594,190.425,101.525,164.465
353.894,188.162,101.905,164.095
352.847,188.599,102.246,163.427
352.636,188.796,102.285,163.000
353.732,188.496,102.313,162.536
350.436,190.190,102.315,161.821
355.116,189.754,102.736,160.903
349.389,189.694,102.338,160.901
356.966,193.235,102.433,159.738
349.701,192.478,101.696,159.889
351.467,194.916,102.456,158.943
347.216,193.643,102.955,158.545
352.059,193.599,102.697,158.436
345.041,196.519,102.386,158.932
349.706,192.503,102.679,158.961
341.601,194.224,103.203,158.268
344.142,190.767,103.683,158.506
337.906,190.332,103.798,158.245
335.364,189.585,104.277,158.112
332.738,189.728,103.519,158.323
325.382,188.096,102.770,159.151
322.617,184.895,103.039,159.385
315.111,184.484,102.754,159.419
308.346,186.116,102.683,159.449
302.840,185.772,102.874,159.272
295.849,185.086,103.168,159.554
290.478,185.781,103.065,159.652
283.189,185.568,103.894,159.181
279.182,184.552,104.591,158.968
276.314,183.631,104.043,159.273
273.296,184.543,103.880,159.298
267.784,183.210,104.286,159.330
271.174,184.005,103.550,159.937
263.102,183.049,103.526,160.157
270.417,182.670,102.814,159.772
264.893,183.226,102.413,159.808
267.137,181.654,102.627,160.474
264.711,181.234,102.610,160.063
264.902,181.986,102.956,160.175
264.826,179.009,102.607,161.453
264.687,177.584,102.514,161.894
264.837,173.914,101.997,163.025
264.413,170.388,102.376,163.406
262.835,166.039,102.586,163.991
263.397,161.452,102.948,165.245
260.628,155.533,103.809,166.215
258.946,152.784,104.604,166.785
255.264,150.348,105.043,167.658
251.738,147.187,105.706,169.017
246.480,143.788,106.929,169.719
243.924,141.995,108.074,170.768
237.210,138.440,109.550,171.737
233.729,136.356,109.824,173.366
227.864,131.364,110.371,175.233
225.914,131.131,111.460,175.483
221.308,127.347,112.439,176.074
218.636,126.651,113.925,176.325
214.351,122.884,115.501,177.902
210.875,124.715,116.315,178.714
209.191,124.179,116.606,180.564
208.242,123.398,117.043,181.283
205.694,124.691,117.275,182.072
205.651,123.273,117.468,183.479
200.012,127.054,119.046,183.547
200.397,124.830,120.832,183.848
197.550,124.013,122.159,184.571
193.812,125.920,124.049,184.859
189.312,128.015,125.535,185.505
184.920,127.747,128.072,186.161
179.810,124.528,131.476,185.349
176.046,119.892,134.947,184.253
171.070,116.833,136.692,183.247
169.181,114.045,138.555,183.548
169.984,109.863,139.360,185.042
168.522,104.141,139.707,187.749
170.960,97.802,141.187,189.614
176.681,93.067,141.774,192.100
182.779,88.378,142.577,194.217
187.092,89.485,139.668,200.224
197.297,88.162,143.263,199.852
202.317,88.288,148.299,199.271
211.800,86.191,151.490,200.506
216.583,85.364,153.071,202.516
220.265,79.519,155.023,202.572
230.931,76.885,157.237,202.986
235.578,71.233,157.531,204.879
234.462,66.835,158.423,205.325
241.137,66.027,158.426,205.488
242.233,66.139,159.177,203.302
237.473,66.422,160.890,201.072
234.447,63.135,161.237,201.177
230.517,63.360,163.855,201.192
228.278,60.255,165.283,203.017
216.897,60.034,167.582,204.026
209.893,59.705,169.523,206.267
202.422,58.562,171.146,208.679
195.858,59.214,172.784,210.907
191.464,57.813,175.565,213.303
191.229,56.936,177.551,215.851
192.168,55.379,180.240,218.187
191.472,56.151,183.227,221.062
182.618,54.794,186.894,223.787
180.305,56.460,189.530,227.158
179.095,56.897,191.323,230.546
176.538,56.673,193.298,232.616
173.349,55.232,196.331,233.581
174.059,54.831,199.040,234.925
174.908,56.936,204.456,235.232
175.217,57.800,209.580,236.326
172.568,54.217,212.393,239.630
170.698,49.546,214.322,243.360
175.947,46.638,215.222,246.805
177.225,46.459,217.682,248.887
180.261,46.189,220.154,251.031
177.719,43.733,223.989,252.301
176.533,46.289,228.270,253.751
173.446,46.323,232.472,254.962
167.291,44.424,232.490,258.488
166.564,46.561,230.855,260.805
165.467,43.309,228.124,263.801
166.443,42.583,224.409,267.598
169.386,41.005,219.831,271.628
174.130,40.236,217.245,273.304
183.431,41.861,213.845,274.180
196.772,41.204,210.955,275.253
203.486,48.351,208.543,277.035
209.026,53.587,208.468,276.192
210.502,62.792,210.294,274.406
218.628,73.400,215.584,271.285
243.157,78.603,217.622,269.851
266.340,83.898,217.458,269.162
293.475,80.887,207.107,277.292
323.688,82.153,209.144,273.219
331.580,89.551,211.833,268.211
337.273,98.355,213.317,262.744
347.144,103.345,211.900,259.674
361.190,105.485,200.799,266.053
376.298,104.239,191.329,271.801
386.634,101.088,184.549,275.323
397.966,100.310,178.695,279.179
403.816,98.227,173.741,281.344
407.772,100.045,170.577,281.346
411.003,128.153,170.970,277.920
416.545,128.766,178.769,268.068
420.395,138.219,187.503,260.225
419.222,145.254,196.361,254.247
421.642,151.352,204.379,248.471
420.187,158.022,209.580,245.234
399.353,166.721,206.202,246.846
402.177,168.438,206.395,246.698
398.274,179.055,207.722,245.094
391.780,191.873,198.096,253.457
391.056,199.474,198.378,251.786
385.816,202.449,190.228,255.536
378.831,193.813,182.993,260.517
373.502,185.107,176.347,266.690
365.465,205.454,172.004,267.777
366.778,203.436,166.808,271.078
355.997,226.158,165.311,266.507
354.225,230.998,162.308,262.853
353.781,235.203,159.538,259.519
348.618,243.286,157.042,254.102
340.678,269.634,164.665,240.917
335.960,263.416,159.137,235.278
337.624,263.078,152.886,231.817
339.902,264.949,146.806,229.357
340.341,283.244,143.744,222.238
346.580,284.770,140.171,216.544
345.917,290.022,136.722,211.903
352.383,294.533,134.001,206.269
357.193,300.042,131.867,199.599
360.314,305.544,129.407,193.568
359.218,315.137,133.733,184.537
367.603,316.428,131.752,178.957
373.514,313.126,129.392,175.049
374.540,307.641,129.356,171.814
378.784,302.243,128.564,171.602
385.129,296.164,127.684,172.312
388.543,287.566,126.465,172.381
390.385,282.060,124.788,172.756
393.368,277.355,123.675,172.823
394.096,276.177,122.733,171.477
394.391,272.239,120.224,170.846
395.820,267.891,117.768,169.959
395.930,267.212,115.758,168.079
398.281,265.746,113.789,166.192
398.010,266.117,112.223,163.865
398.504,265.686,110.523,161.301
397.716,266.488,108.647,159.061
399.899,266.737,107.511,156.381
400.740,266.769,106.606,153.932
397.553,266.295,105.385,151.977
402.286,265.244,104.668,149.434
402.008,265.778,103.405,147.978
404.366,267.235,102.491,146.529
404.412,266.214,101.862,145.235
406.568,265.545,101.002,144.014
405.898,264.299,100.162,142.740
407.396,263.360,99.681,141.457
407.783,262.829,98.839,140.321
406.835,259.849,97.716,139.803
407.535,259.028,96.946,138.898
404.963,257.241,96.358,138.419
403.608,254.327,95.551,137.769
402.816,254.115,95.557,136.950
397.484,254.620,94.265,136.529
394.995,252.403,93.459,135.930
393.103,255.239,92.185,135.535
391.101,254.124,91.916,135.213
386.856,252.751,91.946,134.408
382.902,250.935,91.500,134.220
381.666,249.610,91.008,133.749
376.506,249.246,90.407,133.280
377.809,248.872,90.006,132.302
372.235,247.607,89.682,131.884
371.964,242.675,89.839,131.591
370.439,243.785,89.628,131.440
368.251,238.386,89.791,131.256
367.651,242.434,89.627,130.567
366.429,236.408,89.847,130.419
365.432,239.013,89.533,129.911
365.063,234.806,89.658,129.751
366.969,236.853,89.240,129.097
366.709,232.179,89.230,129.069
368.977,234.499,88.904,128.521
368.559,230.228,88.718,128.676
370.828,232.145,88.382,128.223
370.627,227.931,88.454,128.322
370.113,224.895,88.473,128.262
373.975,227.273,88.227,128.149
372.896,221.636,88.264,128.359
372.195,219.384,88.279,128.303
374.605,221.902,87.855,127.690
373.486,215.628,87.864,127.802
372.214,212.284,87.875,127.890
371.075,210.087,87.995,127.786
371.073,213.570,87.937,127.576
369.245,210.765,87.817,127.806
366.399,206.111,87.914,128.007
363.546,203.226,88.010,128.314
365.035,206.475,87.675,128.175
361.595,201.720,87.794,128.066
360.237,198.193,87.970,128.082
358.325,196.017,88.091,127.990
357.854,194.155,87.909,128.084
357.426,197.950,87.800,127.903
358.069,196.823,87.127,128.415
356.713,193.383,86.891,128.543
355.047,189.349,86.979,128.513
353.437,191.849,86.768,128.233
354.815,188.693,86.534,128.513
351.396,183.899,86.750,128.543
348.246,180.336,86.946,128.540
348.280,179.226,87.531,127.659
345.484,179.132,87.780,127.333
346.182,184.396,88.029,127.134
342.292,182.889,87.890,127.797
338.208,177.615,87.893,128.287
335.025,174.306,87.946,128.385
331.637,173.523,88.407,128.388
327.392,173.378,88.426,128.637
323.057,172.018,88.702,129.016
320.290,171.810,89.023,128.920
316.982,172.375,89.390,128.870
313.295,172.337,89.796,129.157
309.919,172.805,90.318,129.060
306.235,173.079,90.714,129.116
304.268,173.071,90.806,129.093
302.366,174.599,91.159,129.371
299.366,174.027,91.544,129.415
295.414,171.856,91.454,130.214
292.549,171.085,91.467,130.613
287.884,168.396,91.711,131.002
284.776,165.934,91.881,131.260
280.558,164.612,91.556,131.885
279.844,166.378,91.518,132.559
274.798,162.831,91.476,133.531
272.061,164.195,91.323,134.079
268.756,164.411,90.697,134.594
265.148,161.636,90.545,134.754
260.126,161.690,91.361,133.923
257.415,165.587,91.712,132.830
254.585,168.769,92.810,131.715
251.815,167.177,93.734,130.730
247.167,167.749,94.315,130.945
242.696,165.930,95.233,131.873
242.006,167.502,95.650,132.813
237.691,165.124,96.021,133.863
235.490,163.395,96.413,135.092
234.152,163.239,96.751,136.237
231.725,161.552,96.752,137.079
229.644,159.845,97.313,137.226
227.313,158.713,97.433,137.659
224.073,156.985,97.889,138.172
223.302,158.384,97.796,139.099
219.801,157.076,98.228,139.540
216.553,156.418,98.532,140.456
214.697,156.808,99.351,141.087
212.060,157.381,100.234,141.545
209.672,156.200,101.154,141.646
208.593,155.946,101.933,142.039
215.215,158.148,102.562,143.004
210.151,154.707,102.755,143.116
219.543,155.071,102.567,142.999
216.903,152.243,101.539,143.551
221.974,153.564,101.472,142.536
224.954,153.333,101.859,141.973
229.182,156.619,100.917,140.897
232.086,157.427,100.705,140.132
235.702,157.738,100.440,139.429
239.720,157.934,99.885,139.128
243.234,158.140,98.977,139.490
246.049,158.449,98.502,139.236
247.404,158.300,98.259,139.374
248.246,158.493,98.126,139.518
248.141,157.784,97.853,139.852
248.064,156.975,97.710,140.308
248.823,155.861,98.075,140.789
248.887,155.362,99.019,140.696
247.087,154.607,100.142,140.958
246.722,154.347,101.421,141.042
244.002,152.931,103.125,140.949
242.515,149.700,104.794,140.878
240.612,141.689,107.771,140.933
236.194,139.958,108.636,141.799
234.629,133.554,109.584,143.125
230.174,128.355,110.214,144.463
226.318,122.617,111.109,145.893
223.891,115.621,113.735,146.110
218.620,115.979,116.707,145.230
212.117,117.319,119.835,144.903
204.276,117.685,122.635,144.865
198.647,121.487,125.168,143.990
