118.000,57.000,82.000,98.000
118.574,59.754,82.388,98.477
119.220,58.919,82.189,99.177
117.866,58.047,81.975,100.100
118.906,57.226,81.937,100.899
117.507,57.171,81.996,101.278
117.923,56.630,82.670,101.839
117.811,55.325,82.748,102.476
118.355,54.770,82.973,102.971
118.249,53.988,83.252,103.540
117.889,53.876,83.288,104.194
118.436,54.558,82.943,104.966
117.602,53.688,82.779,105.700
117.437,53.106,82.946,105.996
118.177,52.761,83.067,106.444
116.018,51.690,83.267,106.827
117.006,49.612,83.598,106.662
115.830,50.056,83.883,106.812
115.108,48.678,83.982,106.939
113.870,48.059,84.037,106.995
112.734,46.825,84.529,106.903
113.111,46.663,84.850,106.910
111.884,46.960,84.727,106.937
110.926,46.970,84.698,107.018
111.925,46.913,84.817,106.673
111.507,48.690,84.369,106.837
112.231,49.340,84.505,106.686
111.559,49.276,84.089,107.226
111.285,49.899,83.858,107.751
111.231,49.502,83.603,108.025
110.685,50.610,83.364,108.166
111.069,49.373,83.222,108.301
109.403,50.114,82.908,108.645
108.580,49.988,82.542,109.116
107.510,48.790,82.240,109.114
106.400,49.104,82.328,108.664
104.398,50.806,82.162,108.350
105.561,50.124,82.355,108.216
104.635,52.023,82.507,107.874
103.820,54.054,82.879,107.211
104.663,53.465,83.096,106.960
103.925,54.431,83.167,106.499
103.032,54.424,83.536,105.727
101.485,55.574,83.646,105.106
100.562,55.615,84.197,103.878
99.509,54.482,84.727,103.017
98.399,55.258,84.043,103.440
99.465,54.825,84.028,103.054
98.526,54.851,83.913,102.952
99.083,55.938,84.143,102.406
99.489,56.968,84.201,101.932
99.930,55.499,84.657,101.768
101.663,54.042,84.838,102.177
100.981,55.133,84.914,102.191
102.011,55.374,84.573,102.690
102.212,55.455,84.667,102.690
102.578,53.150,84.808,102.947
103.456,54.277,84.622,103.104
102.558,52.721,85.093,103.049
102.641,50.680,84.978,103.307
102.792,51.045,84.638,103.486
104.428,50.460,84.806,103.108
106.012,50.971,85.095,102.344
110.196,51.087,84.652,102.700
113.850,49.045,84.456,102.406
115.685,48.204,84.702,102.347
117.448,47.313,84.559,102.466
118.772,46.004,84.225,102.885
119.319,44.319,83.676,103.077
119.855,43.899,83.938,102.972
120.762,44.161,84.086,102.856
121.595,45.160,84.073,102.815
122.470,45.565,84.051,102.541
123.785,47.525,83.677,102.722
123.359,48.871,83.323,103.091
124.817,49.773,82.869,103.659
123.536,50.394,83.341,103.358
123.045,49.431,83.997,101.661
122.747,49.702,84.461,99.904
120.056,48.683,85.687,97.557
119.208,48.999,86.019,95.710
119.205,48.596,86.655,93.603
118.026,48.753,87.248,91.559
117.374,47.574,87.789,89.739
115.080,47.596,87.788,88.454
115.500,45.784,87.848,87.473
114.153,44.849,87.451,86.827
113.756,47.548,86.323,86.919
115.470,49.892,84.935,87.307
114.878,56.580,83.518,88.991
116.976,60.550,81.686,91.314
118.427,59.619,80.062,93.893
118.242,59.414,79.321,95.228
117.835,59.419,78.773,96.070
117.705,56.285,78.713,96.950
119.030,55.359,78.518,97.302
118.038,54.908,78.944,97.191
118.852,55.214,79.247,97.031
117.111,54.789,79.310,97.174
116.050,56.472,79.339,96.853
118.467,54.858,79.294,97.106
118.093,53.853,79.133,97.308
117.699,53.110,78.947,97.288
118.337,51.938,78.719,97.527
120.163,52.109,78.533,97.799
120.718,51.861,78.824,98.037
122.456,51.641,78.777,98.063
121.500,51.369,79.042,98.234
123.671,51.948,79.006,98.279
122.243,51.743,78.892,98.800
121.167,52.057,78.796,99.226
123.494,51.605,78.457,99.901
122.055,51.834,78.168,100.474
122.377,51.473,78.225,100.429
122.244,51.928,78.225,100.394
122.056,51.492,78.334,100.294
121.754,51.447,78.287,100.430
121.017,50.733,78.497,100.569
119.257,51.857,78.567,100.603
119.032,51.714,78.744,100.789
119.179,51.003,78.792,101.100
119.298,50.380,78.747,101.453
119.210,50.787,78.805,101.219
118.446,51.624,78.851,101.276
119.375,51.659,78.988,101.570
118.412,51.077,79.095,102.161
117.975,49.561,79.650,101.277
117.355,46.824,80.469,99.857
116.809,45.977,81.501,97.849
117.040,45.531,82.691,95.513
116.510,45.350,83.767,92.784
116.607,44.445,84.451,90.580
116.040,44.214,85.097,88.416
116.152,42.007,85.430,86.774
115.797,40.384,85.555,85.548
115.875,39.430,85.678,84.728
114.839,26.093,86.259,84.978
115.952,23.211,86.506,85.566
116.051,20.956,86.897,85.930
114.439,28.611,86.903,86.069
115.773,25.855,87.330,86.323
115.085,23.474,87.566,86.555
115.108,21.604,88.089,86.680
114.920,29.429,87.945,86.874
116.197,26.321,88.353,86.983
116.771,22.692,88.909,87.097
115.486,19.628,89.474,87.232
115.710,28.107,89.689,87.272
116.849,24.317,89.899,87.589
116.186,21.185,90.388,87.866
116.697,18.294,90.843,87.718
115.430,26.557,91.159,87.680
115.059,22.850,91.667,87.814
113.833,20.078,92.252,87.851
113.158,27.822,92.649,87.657
114.071,23.614,93.091,87.580
112.907,19.979,93.663,87.554
112.257,27.881,93.613,87.447
113.101,24.103,93.679,87.554
113.006,20.032,94.150,87.788
112.142,27.136,94.542,87.479
112.442,22.862,95.071,87.341
112.844,19.349,95.241,87.651
111.915,25.703,95.391,87.187
112.470,21.514,95.468,87.606
112.433,18.471,95.497,87.856
112.272,24.325,95.563,87.922
111.839,20.976,95.652,88.312
112.324,18.695,95.851,88.386
112.633,24.631,96.074,88.013
111.189,20.799,96.458,88.211
111.505,17.932,96.510,88.433
112.759,23.488,95.983,88.833
112.149,19.770,96.141,88.949
111.266,25.782,96.013,89.200
110.861,20.700,95.870,89.819
110.919,29.359,95.261,90.242
111.713,25.941,94.659,91.019
112.496,23.986,94.497,91.856
111.634,23.392,94.229,93.168
112.211,34.050,93.149,93.049
113.620,43.706,92.404,92.024
112.444,45.318,90.961,91.789
113.613,48.656,89.702,91.941
114.786,52.158,88.268,92.543
116.478,55.635,86.320,94.076
116.294,55.094,84.618,96.473
117.674,55.880,83.211,98.505
118.111,55.522,82.564,99.549
117.763,54.639,82.110,100.324
118.437,53.768,81.815,101.207
119.111,53.938,81.442,101.857
118.643,54.288,81.154,102.458
119.484,53.182,81.314,102.653
118.127,53.915,80.842,103.324
120.110,52.307,80.818,103.453
118.575,53.346,80.800,103.723
119.443,52.466,80.877,103.755
118.138,52.600,80.874,104.069
119.913,51.851,81.017,103.968
118.805,52.784,80.855,104.185
119.578,52.017,81.102,104.076
118.715,51.497,81.109,104.326
118.351,52.030,81.072,104.001
119.712,51.636,80.988,103.844
118.015,52.500,80.850,104.087
117.049,52.966,80.927,104.004
117.478,53.894,80.653,104.003
117.120,54.084,80.515,104.152
118.248,53.681,79.977,104.299
117.563,53.305,80.123,104.093
119.247,52.531,80.293,104.024
120.362,51.457,80.463,103.891
122.168,51.081,80.514,103.667
122.461,50.845,81.055,102.781
123.963,50.134,81.084,102.162
124.315,51.554,81.254,101.368
125.274,51.897,81.186,100.835
126.112,51.338,81.117,100.405
125.576,51.788,81.350,99.695
124.886,52.002,81.214,99.349
125.874,52.291,80.995,99.067
125.551,51.898,80.746,98.906
124.207,52.762,80.529,98.526
127.923,51.921,80.410,98.468
125.738,51.622,80.788,97.494
125.349,52.387,80.490,97.248
125.474,52.979,80.460,96.926
125.996,52.762,80.049,96.828
125.650,52.576,80.023,96.605
126.033,52.284,79.873,96.612
126.043,51.537,79.669,96.736
125.322,51.255,79.628,96.795
125.209,51.174,79.501,96.799
125.698,50.605,79.212,96.834
124.370,49.885,79.508,96.366
124.027,51.501,79.217,96.276
123.717,50.785,79.294,96.455
123.452,51.013,79.237,96.525
123.814,50.467,79.205,96.723
122.110,50.412,79.680,96.625
121.288,49.872,79.443,96.806
119.969,49.228,79.147,96.949
119.534,48.827,78.724,97.572
119.599,48.495,78.304,98.144
118.393,48.892,77.698,98.560
118.605,47.693,77.810,98.586
118.519,47.824,77.458,99.079
117.491,48.133,76.998,99.682
117.250,46.501,76.624,100.137
115.462,46.600,76.149,100.671
114.053,46.876,75.657,100.789
114.367,47.552,74.752,101.221
113.345,46.645,73.896,101.581
113.847,46.379,73.330,101.411
112.769,46.569,73.053,100.929
112.113,47.610,73.169,99.807
110.798,46.665,72.898,99.210
110.349,48.216,72.938,98.319
111.611,48.214,72.664,97.751
110.063,48.897,72.303,97.505
110.407,48.857,72.285,96.793
111.316,49.585,69.639,99.726
111.423,43.076,67.350,102.096
111.706,45.159,65.810,103.614
112.287,46.547,64.577,104.879
112.489,47.325,66.790,101.948
113.000,47.976,65.257,103.638
113.303,47.658,67.075,101.078
112.721,48.009,68.103,99.389
112.584,49.187,68.630,98.353
112.958,48.897,69.369,97.393
114.144,48.841,69.931,96.461
113.505,49.777,70.008,96.325
115.024,50.680,70.317,96.179
114.784,51.806,70.396,96.295
115.856,50.090,71.355,96.030
119.070,50.538,72.454,95.281
119.079,51.481,72.855,95.251
117.355,52.582,73.398,95.216
118.077,52.294,74.171,94.949
118.525,53.039,74.726,95.012
119.237,53.533,75.490,95.057
118.789,53.667,75.796,95.348
118.671,53.597,76.306,95.424
118.915,54.504,76.425,95.758
119.810,53.307,76.515,95.817
120.393,52.117,76.566,96.539
120.756,51.111,76.736,96.925
119.876,50.269,77.067,96.684
120.570,49.719,77.144,96.907
120.840,51.319,77.327,96.864
122.373,51.043,77.278,96.942
121.331,51.701,77.274,96.980
121.130,52.091,77.120,97.495
120.103,52.123,77.311,97.670
121.291,52.712,77.380,97.847
119.176,52.686,77.474,97.955
117.476,54.285,77.559,97.986
116.768,54.777,77.796,97.883
113.065,55.833,78.151,97.746
113.952,56.172,78.217,97.841
112.513,53.443,78.046,98.368
111.874,53.911,78.433,98.106
112.264,54.353,78.499,98.103
112.524,53.841,78.775,97.964
112.751,53.067,78.889,98.063
112.894,53.094,78.870,97.895
112.530,52.348,79.063,97.806
112.947,52.786,79.125,98.152
111.378,53.906,79.223,98.159
110.653,54.451,78.943,98.610
109.192,54.351,78.743,98.774
107.452,54.336,78.619,98.768
106.626,53.792,78.704,99.002
104.312,55.564,79.146,98.966
104.373,54.355,80.173,98.559
101.554,56.184,80.240,98.884
100.874,56.524,81.030,98.391
98.740,56.884,82.098,98.098
97.127,57.913,83.479,97.184
95.361,59.527,84.558,96.523
94.195,59.417,85.379,96.291
91.947,59.573,85.643,96.587
90.569,60.344,85.813,96.865
89.722,59.855,86.140,96.855
88.775,59.964,86.588,96.813
87.468,60.995,86.703,96.943
86.849,60.738,87.000,97.138
85.443,61.612,87.015,97.039
85.152,61.259,87.377,97.101
85.504,60.093,87.845,97.409
85.226,60.074,88.020,97.839
86.267,60.730,88.128,98.287
86.641,60.453,88.250,98.661
86.142,61.212,88.174,99.242
85.919,61.239,88.461,99.532
83.902,60.206,88.837,100.104
82.089,61.321,89.263,100.256
81.388,60.640,89.700,100.597
79.951,59.731,89.947,101.004
77.380,60.781,90.372,101.121
73.579,60.504,90.996,101.310
73.577,58.987,91.285,101.863
71.998,58.788,91.683,102.079
71.216,57.220,91.941,102.477
70.713,57.439,92.535,102.498
69.771,57.151,92.892,102.364
70.439,56.674,94.162,101.713
69.881,57.187,94.174,102.038
70.286,56.885,94.962,101.615
71.623,57.036,95.629,101.728
73.253,55.780,95.881,102.136
74.962,55.263,95.913,102.417
74.775,56.621,96.530,102.597
75.235,56.575,97.197,102.708
75.769,56.857,97.777,102.940
74.571,55.225,98.272,102.998
73.688,56.402,98.421,103.419
72.721,55.738,99.043,103.761
72.977,53.951,99.368,104.357
72.936,51.812,99.948,104.758
74.714,51.061,100.153,105.226
76.530,49.775,100.710,105.545
78.099,46.998,102.034,105.515
78.768,47.371,103.062,106.123
80.864,50.206,104.324,105.980
83.660,46.662,104.825,106.782
85.683,45.657,105.248,106.837
89.420,43.467,105.596,107.468
87.086,44.186,105.478,108.433
88.067,43.655,106.109,108.654
86.891,43.694,106.534,109.409
88.345,45.451,106.555,110.158
91.100,42.878,106.616,111.168
91.532,41.473,107.289,111.535
93.778,40.239,107.347,112.195
98.998,39.115,107.137,113.543
101.337,38.913,106.105,115.607
107.264,38.088,105.972,116.881
112.213,38.062,104.899,118.863
116.227,37.726,104.728,120.141
116.346,38.081,104.261,121.370
114.803,38.334,103.708,122.317
114.287,37.181,103.023,123.503
109.650,35.766,103.604,124.121
106.639,36.449,104.237,124.232
99.240,37.612,104.728,124.599
92.509,36.547,105.905,124.077
85.398,36.611,108.023,123.157
78.729,37.332,109.574,122.348
71.545,40.953,111.927,121.462
68.786,39.999,112.241,122.417
66.337,38.420,112.476,123.146
62.306,37.617,112.660,123.326
61.714,39.197,112.829,123.557
57.766,39.624,113.223,123.038
57.865,36.690,112.635,123.226
56.926,37.886,112.586,122.488
57.956,38.845,111.652,122.707
58.193,39.397,111.170,123.022
56.846,38.058,109.986,123.773
58.832,39.361,108.798,124.379
59.724,42.112,107.724,124.219
61.530,44.724,107.047,123.748
62.041,46.925,106.092,123.527
66.307,49.802,105.171,123.885
66.900,51.437,104.506,124.116
68.293,51.642,103.321,124.772
69.247,52.403,102.119,125.001
68.552,52.511,97.784,128.126
69.348,51.192,94.366,130.612
70.401,50.447,91.817,132.129
71.285,51.090,89.418,133.033
72.138,51.430,87.464,133.536
74.188,51.651,85.750,133.752
74.993,51.820,84.438,133.824
75.666,51.396,83.094,133.849
76.093,50.680,81.983,133.651
76.662,51.581,80.593,133.495
76.816,51.769,79.489,133.317
77.891,52.679,78.593,133.159
78.684,54.626,78.095,131.934
78.355,56.488,78.032,130.448
81.350,56.145,81.845,125.748
79.812,56.403,85.294,121.377
74.799,55.831,88.421,118.172
71.798,54.555,91.454,115.266
68.481,53.102,93.024,113.893
61.416,54.154,94.293,112.738
58.968,52.583,95.168,112.560
57.571,54.200,96.963,111.706
56.458,53.518,98.459,111.396
53.453,53.096,100.632,110.526
50.305,53.984,102.874,109.384
49.819,53.058,104.622,108.733
46.924,53.961,106.739,107.914
46.670,54.795,107.265,108.170
48.057,53.435,108.091,108.309
47.682,55.925,108.908,108.043
50.598,55.185,108.682,108.557
50.116,56.291,108.468,109.476
53.441,54.628,106.732,111.403
55.634,55.256,104.942,112.776
57.984,56.974,103.812,113.414
60.563,56.658,103.228,113.366
62.723,55.932,102.297,113.673
64.831,56.776,102.191,113.483
66.308,57.619,102.060,112.982
67.408,58.195,102.136,112.669
69.615,57.892,102.180,112.458
68.860,58.011,101.098,113.066
70.894,58.048,100.509,112.971
71.010,58.369,99.550,113.580
71.231,59.150,98.934,113.752
73.107,58.366,98.190,113.969
74.655,58.978,97.427,114.119
73.953,59.661,97.008,113.872
74.583,60.157,96.849,113.555
76.019,60.965,96.499,113.190
76.134,63.430,96.016,113.377
78.416,63.402,96.111,113.068
79.365,65.722,96.286,112.376
80.455,64.942,95.909,112.290
81.845,66.416,95.593,112.462
84.732,65.133,95.142,113.017
85.505,63.173,95.242,112.971
86.676,64.023,95.585,112.464
87.723,64.743,95.996,112.022
86.723,65.957,96.223,111.902
76.848,63.672,92.149,115.785
79.313,61.622,88.442,119.088
80.829,60.595,85.718,121.363
81.528,59.003,83.465,123.314
83.071,59.079,81.888,124.345
84.017,58.548,80.653,125.140
84.643,58.585,79.506,125.560
85.709,58.380,78.460,125.972
86.029,56.521,77.582,126.496
86.413,57.121,76.967,126.893
86.916,56.966,76.518,127.148
87.590,56.278,75.936,127.442
87.600,56.077,75.481,127.774
87.741,55.847,74.996,128.080
88.714,54.882,74.404,128.488
89.531,55.203,74.157,128.486
90.300,54.634,73.766,128.861
91.801,52.822,73.538,129.034
91.277,52.889,73.497,129.192
90.796,52.362,73.509,129.010
90.554,52.049,73.399,129.035
90.422,51.309,73.227,129.098
90.670,50.686,72.960,129.331
90.146,51.580,72.660,129.609
91.008,51.942,72.411,129.827
90.882,51.449,72.430,129.458
90.479,52.197,72.642,129.002
101.129,64.617,77.054,124.914
97.294,63.225,80.896,121.296
93.431,63.759,85.071,117.473
89.311,64.394,88.090,114.857
86.632,63.656,90.048,113.014
85.238,64.281,91.549,111.507
85.058,64.532,92.526,110.601
82.689,64.859,93.537,109.515
80.951,64.263,94.690,108.184
78.392,63.682,95.452,107.520
76.126,63.427,95.536,107.283
75.252,62.308,95.580,107.211
73.832,62.772,95.942,107.088
71.588,62.033,97.021,107.040
70.745,60.366,96.985,107.953
69.630,59.643,96.879,109.210
68.025,58.292,97.245,110.363
67.167,55.697,97.348,112.007
66.114,54.078,97.801,113.166
64.377,55.145,98.380,113.576
65.576,56.192,99.039,114.084
68.169,55.561,99.261,115.461
68.255,52.303,100.380,115.857
65.442,51.891,102.256,115.566
61.961,53.755,104.101,115.104
61.838,52.921,106.102,114.695
61.829,50.073,106.990,114.390
62.020,49.992,108.155,113.602
63.517,49.902,109.564,112.947
64.226,51.406,110.999,111.966
65.774,51.999,111.754,111.640
68.234,51.835,112.314,111.505
70.146,52.380,111.679,112.068
73.046,52.811,110.307,113.136
74.740,51.692,109.834,113.230
79.024,51.770,109.020,113.398
81.089,51.504,108.024,113.860
83.469,50.187,107.105,113.845
83.373,50.670,105.931,114.273
86.962,49.552,105.311,114.073
88.215,49.104,104.350,114.536
88.502,48.302,103.287,114.543
89.581,50.263,102.153,114.455
90.709,50.887,101.414,114.232
90.551,51.554,100.711,113.847
91.211,51.566,100.673,113.250
91.262,51.795,100.850,112.294
91.732,53.066,100.898,111.443
93.186,51.998,100.186,111.495
92.644,52.862,99.029,111.775
92.547,53.324,98.713,111.304
93.788,53.025,98.426,110.723
95.797,53.900,97.599,110.517
98.042,54.745,96.972,110.350
98.329,55.054,95.735,110.718
101.101,55.314,95.345,110.660
103.604,56.048,93.879,111.331
106.299,57.225,93.060,111.683
107.781,57.897,91.440,112.636
109.425,60.493,90.645,112.708
110.955,62.025,89.920,112.505
111.638,64.878,89.475,112.029
113.594,66.678,89.064,111.679
113.478,69.341,89.255,110.744
114.313,69.939,89.671,109.937
113.573,70.045,89.668,109.521
113.363,69.342,90.089,108.932
113.745,70.631,90.387,107.825
112.745,72.493,90.238,106.850
111.946,73.733,90.701,105.700
112.950,73.900,91.037,104.474
111.582,74.730,90.489,103.922
110.989,74.616,90.371,102.865
111.438,74.291,89.853,102.035
112.678,74.908,89.301,101.379
112.810,73.588,89.311,101.226
114.247,84.669,89.641,99.905
113.830,82.375,89.908,98.927
112.464,81.748,89.579,98.188
111.537,81.899,89.017,97.791
111.741,80.971,88.693,97.633
113.529,79.332,88.480,97.632
114.146,78.791,88.036,97.867
114.119,76.728,87.578,98.192
115.676,74.931,87.095,98.868
116.108,73.999,86.699,99.327
116.234,73.567,86.309,99.958
116.675,74.133,86.319,99.994
118.049,77.241,86.922,99.383
117.985,78.382,88.282,98.444
116.831,79.011,89.230,97.781
115.685,79.361,89.808,96.957
115.313,80.049,90.287,96.258
115.894,80.450,90.765,95.137
116.056,81.219,91.145,94.577
116.561,81.545,91.464,94.093
116.616,82.383,92.195,93.536
117.614,82.632,92.613,93.110
117.508,82.986,93.417,92.593
118.339,83.337,93.805,92.353
119.625,82.543,94.330,92.142
119.347,82.469,94.407,92.301
119.310,81.989,94.310,92.749
119.327,82.148,94.216,92.964
118.506,82.801,94.512,92.973
117.162,84.705,94.605,92.977
116.397,85.636,94.361,92.880
114.514,86.191,94.120,92.724
115.423,88.916,94.200,92.269
115.867,90.243,94.735,91.534
114.917,90.906,95.013,90.764
114.800,91.966,95.125,90.082
115.678,82.630,94.913,90.065
116.557,85.617,94.485,90.374
115.326,88.590,94.264,90.528
115.773,90.300,94.100,90.453
115.293,81.186,94.149,90.287
115.560,82.465,94.108,90.422
114.954,83.098,93.471,90.665
115.487,83.215,92.850,90.972
119.529,84.698,92.642,90.877
120.173,86.435,92.378,91.082
122.509,87.566,92.539,90.703
122.690,86.934,92.741,90.600
124.964,88.004,92.802,90.393
124.227,89.568,92.985,90.321
123.048,90.621,93.417,89.934
123.401,91.056,93.346,89.587
124.766,91.247,93.122,89.490
124.219,90.998,92.896,89.291
125.430,90.801,92.775,89.278
129.254,79.764,91.981,90.193
131.611,78.256,91.522,90.917
133.057,77.183,91.378,91.247
133.383,76.201,91.422,91.470
131.735,76.751,91.375,91.652
129.162,78.057,91.584,91.711
128.708,78.966,91.972,91.582
128.852,79.800,92.214,91.740
128.385,82.482,92.507,91.841
125.648,84.675,93.026,92.211
123.349,86.198,94.296,91.556
118.377,85.527,93.915,91.882
116.437,86.615,92.758,92.506
115.065,87.508,91.226,93.394
115.454,84.554,90.037,93.958
114.947,84.495,88.475,94.557
113.469,84.445,88.022,94.674
115.466,85.284,87.780,94.772
115.402,86.979,87.456,95.020
116.293,89.017,87.577,94.550
116.539,90.594,86.617,94.366
116.307,91.763,86.220,93.638
117.789,93.019,86.368,92.882
115.944,93.987,86.597,91.723
116.933,94.174,87.356,90.781
115.596,94.952,87.599,89.936
116.050,95.865,88.161,88.893
115.278,98.479,88.455,88.110
116.277,99.556,88.805,87.467
114.482,101.084,89.126,86.557
116.298,102.452,89.283,86.021
115.725,103.834,89.159,85.441
116.082,104.294,89.451,84.849
115.522,104.842,89.672,84.305
114.975,105.667,90.289,83.657
114.405,106.419,90.842,82.813
114.270,106.602,91.110,82.188
113.329,106.483,91.268,81.837
115.578,105.761,91.029,81.746
115.274,105.588,90.803,81.659
114.938,106.054,90.496,81.631
115.101,106.249,90.326,81.577
114.819,107.947,90.305,81.500
114.618,108.253,90.046,81.655
114.298,107.860,89.668,81.613
113.856,106.094,89.458,81.468
113.578,105.316,89.531,81.001
114.381,105.029,89.652,80.204
113.869,104.401,89.270,79.739
113.599,103.503,89.150,78.986
113.860,101.672,88.884,78.302
113.433,100.706,88.468,77.798
113.877,99.485,87.665,77.573
113.389,97.652,87.507,77.151
114.129,89.369,86.930,76.685
113.418,90.283,87.358,75.499
112.724,89.778,87.864,74.302
113.232,89.866,88.400,73.393
111.673,88.131,89.000,72.505
112.405,86.826,89.560,71.920
112.103,85.178,90.161,71.458
112.014,83.560,90.795,71.140
111.609,83.964,91.419,70.792
112.303,75.246,91.732,71.236
112.326,76.321,92.219,71.368
109.426,76.859,92.385,71.557
111.638,69.001,92.293,72.304
109.376,70.662,94.124,70.452
109.004,71.187,95.653,69.199
108.687,71.563,97.141,68.052
108.435,71.268,98.231,67.193
108.680,61.444,98.911,66.655
107.151,61.827,99.677,66.057
108.409,62.506,100.236,65.622
107.582,62.443,100.879,65.083
106.517,62.276,101.278,64.773
106.788,62.888,101.582,64.512
106.507,63.048,101.944,64.241
105.647,62.789,102.343,63.979
107.994,48.351,101.418,65.464
108.622,44.021,100.458,66.947
109.014,50.459,99.479,68.673
109.966,47.168,98.894,69.751
109.656,42.186,98.080,71.447
110.552,49.513,97.636,72.619
110.479,45.263,97.244,73.752
110.853,41.373,96.751,75.027
110.168,48.776,96.472,75.715
111.743,44.750,96.094,76.692
111.254,40.205,95.879,77.517
110.932,47.811,95.798,78.156
111.414,44.215,95.781,78.866
112.057,39.762,95.655,79.784
110.452,36.510,95.631,80.659
111.931,44.581,95.515,81.886
111.517,42.058,95.474,83.122
111.866,39.298,95.250,84.806
111.154,49.386,94.720,85.951
111.649,47.947,94.292,87.098
112.325,47.783,94.014,88.202
113.045,48.759,93.824,89.192
113.107,48.005,93.530,90.350
112.625,47.481,93.413,91.575
113.300,47.768,93.173,92.988
113.731,48.201,93.050,94.537
113.921,49.291,93.397,95.652
113.347,52.215,93.847,96.515
111.678,66.139,94.901,94.934
110.568,66.774,95.060,93.913
110.069,77.177,94.871,91.742
110.609,77.021,94.283,90.647
110.558,77.676,93.072,90.281
112.343,80.588,91.699,90.542
112.214,84.050,90.317,90.568
112.869,88.383,89.584,90.301
114.078,91.976,89.143,89.814
116.416,95.358,88.406,89.615
115.803,96.844,87.907,89.375
116.121,96.574,87.750,88.972
116.402,96.904,87.559,88.523
116.935,96.958,87.281,88.318
116.426,97.206,86.922,88.094
116.921,96.540,86.647,87.769
117.257,95.922,86.448,87.731
116.916,96.555,86.026,87.728
116.902,95.104,85.883,87.556
116.111,95.391,85.559,87.578
116.681,94.283,85.551,87.425
116.915,94.756,85.418,87.408
117.467,94.472,85.512,87.425
118.116,94.731,85.305,87.616
119.605,95.334,85.084,87.988
119.617,95.166,84.727,88.389
119.676,93.637,84.297,88.801
120.219,93.048,84.000,89.249
120.541,92.321,83.919,89.447
120.381,91.588,83.444,89.953
120.963,90.627,83.196,90.193
120.409,88.798,82.793,90.671
120.445,88.419,82.570,91.240
121.053,86.547,82.261,91.818
120.173,86.200,82.075,92.457
119.506,84.879,82.174,93.117
119.875,85.390,82.265,93.440
118.599,84.965,82.628,93.530
119.137,85.050,82.490,93.942
119.213,84.452,82.726,94.416
118.653,84.716,82.974,94.465
119.291,84.769,83.054,94.999
118.437,84.141,83.536,95.135
118.776,84.610,83.379,95.661
119.071,84.488,83.808,95.726
118.922,86.256,84.145,95.374
117.944,85.517,84.283,95.613
118.136,85.342,84.540,95.909
118.976,86.369,84.397,96.310
118.514,87.086,84.460,96.732
117.993,87.806,84.498,96.768
117.931,87.386,84.344,97.024
117.315,86.389,84.175,97.356
115.959,86.853,84.172,97.422
115.212,86.659,84.483,97.355
114.922,87.350,84.807,97.362
114.856,87.959,84.955,97.451
114.522,87.792,85.260,96.999
113.764,88.038,85.236,97.037
114.647,88.897,85.178,97.275
114.631,89.268,85.507,97.084
114.043,89.692,85.613,96.725
113.827,89.457,85.704,96.525
113.228,88.854,85.877,96.415
114.103,89.317,85.806,96.850
114.156,89.906,85.932,96.835
113.667,89.284,85.682,96.736
113.632,89.840,85.708,96.669
113.874,90.447,85.759,96.587
114.003,89.793,85.715,96.445
114.334,89.850,85.644,96.443
114.464,89.365,85.476,96.761
114.545,88.903,85.329,96.941
114.762,89.438,85.520,96.902
114.500,88.685,85.458,96.953
114.564,88.975,85.537,96.879
114.640,89.255,85.594,96.827
