134.000,55.000,60.000,88.000
132.831,56.771,61.232,87.104
131.502,54.306,63.003,86.017
129.517,57.759,64.774,84.844
128.938,57.207,65.995,84.365
128.304,57.519,66.709,84.307
127.794,56.695,67.578,84.207
126.709,57.572,68.231,84.064
126.599,56.898,68.849,84.176
126.776,58.906,69.513,84.063
127.086,56.641,69.497,84.717
128.126,59.920,69.612,85.225
128.607,58.671,69.428,86.371
131.406,58.166,69.931,86.472
130.803,58.853,70.270,86.443
130.586,59.690,70.586,86.202
129.804,59.779,70.597,86.369
126.019,59.383,70.856,85.902
121.242,59.935,71.693,84.803
109.291,56.910,72.000,85.082
106.885,56.781,72.641,85.069
96.062,58.631,73.828,84.688
92.502,57.072,73.553,85.022
87.401,60.903,74.311,84.580
82.954,62.194,75.002,84.526
80.427,66.399,75.480,84.572
78.403,67.885,75.730,84.917
78.917,72.861,75.809,84.907
79.574,75.099,75.458,85.079
80.709,78.945,75.226,84.523
81.879,82.647,74.447,84.427
82.592,85.141,74.149,83.866
85.046,84.864,74.201,83.482
88.931,85.810,74.757,82.687
99.169,87.120,75.051,81.911
107.724,86.240,75.714,80.921
117.157,87.318,75.711,80.136
121.686,87.172,75.820,79.797
126.391,87.316,75.931,79.207
131.042,89.955,75.694,78.996
136.566,93.708,75.304,78.647
141.139,97.769,75.082,78.157
150.617,102.010,74.536,77.979
150.287,100.149,74.162,78.342
150.666,102.860,73.932,78.139
150.542,100.521,73.468,78.773
151.417,103.772,73.153,79.141
150.517,103.545,72.786,80.009
151.754,101.426,72.680,80.310
150.893,99.881,72.396,80.908
151.252,97.249,72.406,80.884
151.678,92.295,72.805,80.727
152.550,89.953,72.711,80.999
155.034,89.408,72.649,81.419
155.722,86.861,72.331,81.453
153.617,84.963,71.254,82.706
151.030,81.856,70.696,83.314
146.460,80.543,70.776,83.221
133.738,75.251,70.649,83.932
128.075,76.034,70.484,84.206
116.372,74.683,71.125,84.070
113.066,74.380,71.481,84.344
104.328,71.363,72.035,84.584
96.021,71.033,71.520,85.563
90.636,73.673,71.555,85.683
88.116,74.007,71.383,85.418
87.963,75.299,71.749,84.755
87.928,74.839,72.561,83.668
91.665,76.298,73.216,82.534
95.696,77.286,74.024,81.653
103.471,75.195,74.482,81.155
107.596,74.635,75.214,80.475
116.014,75.965,75.254,79.961
117.763,76.463,75.636,79.566
122.838,74.832,76.120,79.188
126.366,74.949,76.227,78.992
133.566,76.750,76.027,78.319
136.211,77.528,75.757,77.660
137.507,79.494,75.673,76.899
138.752,78.537,75.252,76.704
139.865,83.601,75.308,76.217
140.456,88.515,74.839,75.410
142.744,96.364,74.629,75.619
141.327,98.067,73.356,76.337
140.356,96.700,72.681,77.064
137.166,97.565,71.462,78.173
130.527,96.785,70.684,79.415
123.716,98.739,71.136,79.674
117.758,100.867,71.125,80.428
111.794,101.449,70.877,80.741
108.976,98.724,71.033,81.192
106.131,90.442,71.083,81.820
105.581,78.475,71.098,82.535
105.128,74.461,72.169,82.170
105.595,74.581,73.321,81.680
108.214,75.163,74.700,81.308
110.395,74.955,75.646,81.214
114.281,74.701,75.815,82.065
120.686,72.905,76.482,82.122
127.242,72.528,77.434,81.696
136.923,74.946,77.318,80.769
140.522,71.631,77.820,79.968
141.333,71.339,77.953,78.964
141.864,73.190,76.960,79.103
145.562,80.759,77.021,78.745
144.565,81.385,76.964,78.021
140.288,79.684,76.795,77.876
136.826,77.813,76.311,77.888
124.722,76.304,75.883,78.091
118.570,77.411,76.003,77.537
114.723,79.854,75.675,77.287
110.328,84.347,75.212,77.027
108.087,88.655,74.300,76.780
107.168,92.869,73.744,76.410
108.422,95.430,73.828,75.907
112.736,98.045,74.311,75.681
118.354,99.428,74.360,75.937
124.846,99.322,74.234,76.493
130.905,103.141,74.228,76.929
135.360,102.679,73.754,77.885
138.943,102.611,73.474,78.605
139.808,96.899,73.391,78.586
140.563,91.024,73.406,78.321
140.553,86.534,73.172,78.384
140.508,81.596,73.333,77.644
140.451,77.474,73.298,77.549
141.645,72.510,73.549,77.275
142.342,70.413,74.074,76.817
143.622,72.495,74.854,75.752
143.418,69.582,75.380,75.157
141.112,68.749,75.496,74.881
137.819,67.354,75.495,74.665
129.417,68.041,75.797,74.407
120.914,65.296,76.189,74.637
110.850,65.686,77.165,74.296
99.734,61.953,77.188,74.935
96.329,59.797,77.164,74.947
93.244,60.122,77.050,74.798
89.364,68.693,76.788,75.296
85.593,74.188,75.856,76.327
86.878,76.406,74.755,76.548
89.548,75.997,73.937,77.177
91.785,76.093,73.181,77.954
97.215,75.397,73.473,78.443
107.000,77.106,74.303,77.832
115.635,79.064,74.410,77.517
121.502,79.351,74.855,77.504
129.458,78.305,74.232,77.957
132.931,80.307,74.666,77.662
136.219,81.389,74.565,77.363
136.041,79.125,74.748,76.945
137.329,77.029,74.415,77.106
140.379,73.564,74.091,77.480
140.127,72.815,74.563,76.799
139.702,72.193,74.766,76.420
136.287,72.965,74.655,76.408
135.811,70.060,70.389,80.588
125.856,71.183,70.029,81.532
114.592,71.142,70.070,82.456
108.631,68.681,69.193,84.194
105.068,67.093,69.219,84.819
93.399,65.747,69.318,85.528
92.918,65.870,66.736,87.909
91.356,72.203,64.455,89.523
90.955,77.075,62.264,91.386
90.912,81.386,60.674,93.016
90.714,88.121,59.777,93.738
92.040,90.282,59.393,94.159
93.055,90.992,59.017,94.927
102.695,93.012,58.596,95.429
110.860,94.419,61.314,93.437
111.830,97.242,64.221,91.479
120.324,96.961,66.002,90.372
124.487,95.675,67.724,89.774
135.079,97.849,68.791,89.016
138.294,95.941,69.357,89.219
141.847,92.880,69.912,89.198
143.181,89.791,70.007,89.684
143.401,89.294,70.395,89.388
144.211,85.551,70.296,89.800
144.561,79.629,70.631,89.578
146.360,72.640,71.968,88.448
148.305,70.597,73.555,86.687
149.292,71.625,75.360,84.583
149.689,69.928,76.467,83.354
146.031,70.788,77.461,81.774
142.715,70.035,77.720,80.825
134.276,69.087,77.965,80.176
128.899,65.721,78.023,79.872
121.917,66.888,78.710,78.765
118.426,65.568,78.983,78.211
108.119,66.364,80.000,77.290
103.819,64.292,80.691,76.825
93.716,62.706,80.634,76.831
92.818,63.426,79.636,77.248
89.952,62.813,79.591,77.069
80.485,64.245,79.273,77.086
79.218,66.071,78.735,77.417
80.907,68.620,78.062,77.367
80.745,75.951,76.998,78.331
80.583,76.874,76.011,79.064
80.914,78.776,75.036,79.346
82.981,82.006,73.891,79.220
86.402,83.667,73.118,79.579
91.463,83.044,72.971,79.360
100.592,81.784,72.996,79.636
104.165,81.115,73.722,79.417
113.672,83.414,73.500,79.407
119.191,83.232,73.729,79.709
124.474,83.271,74.305,79.555
131.236,86.129,74.728,79.015
136.043,87.548,74.174,79.559
138.641,89.016,73.663,79.476
139.298,87.088,73.437,79.305
139.020,85.306,73.251,79.331
139.334,77.559,72.806,79.459
139.250,77.796,72.820,79.495
140.944,77.630,72.565,79.848
141.080,76.682,71.968,80.597
140.129,75.713,71.625,80.989
135.635,73.672,71.120,81.533
129.379,74.036,70.638,81.814
124.060,71.324,70.240,82.347
120.452,71.799,70.645,82.299
114.256,71.677,70.261,82.903
108.294,72.238,70.638,82.961
103.093,70.356,70.374,83.244
98.604,71.461,70.624,82.904
93.508,71.390,71.159,82.562
92.849,72.054,71.222,82.600
92.488,70.003,71.379,82.615
93.846,72.023,72.026,81.724
96.462,71.719,72.816,80.851
99.818,71.906,74.093,80.074
102.612,72.396,75.845,79.321
105.476,72.441,76.937,78.954
110.301,73.218,77.873,78.672
115.011,71.290,77.917,79.217
121.318,69.746,78.354,79.640
125.931,72.154,78.999,79.142
131.957,73.919,78.944,79.186
135.461,74.600,78.464,79.307
137.131,78.039,77.989,79.026
137.674,83.950,76.691,79.718
141.269,91.815,76.239,79.412
141.450,98.816,76.047,78.696
137.000,96.801,75.262,78.704
132.493,94.898,74.091,79.998
126.109,97.073,73.770,80.290
115.800,100.634,73.603,80.088
104.449,100.063,73.185,80.657
100.777,100.361,72.810,80.892
98.873,100.222,72.453,80.851
97.465,94.954,72.060,81.098
96.581,88.323,72.007,80.866
95.666,84.249,72.255,80.351
94.651,80.444,72.496,80.060
94.215,76.645,72.387,80.497
94.956,75.452,72.691,80.231
94.481,72.775,72.651,80.372
97.582,71.516,73.306,80.063
97.009,72.238,73.841,79.668
101.145,72.242,75.272,79.135
104.386,68.740,76.291,79.006
108.381,69.690,77.157,78.878
114.547,66.539,77.144,79.502
121.032,64.959,77.059,80.540
126.423,64.243,77.241,81.069
131.674,66.043,77.119,81.014
135.095,67.355,76.726,81.051
137.385,70.519,76.775,80.431
138.858,66.977,76.871,80.207
140.393,66.917,76.850,80.097
140.455,65.142,77.415,79.579
140.135,64.803,77.536,79.518
140.348,64.639,77.451,79.657
141.455,64.620,77.423,79.844
142.636,65.040,77.167,79.958
141.186,60.095,76.562,80.676
133.942,61.552,76.005,80.742
130.952,58.763,75.012,81.481
125.288,61.324,75.281,81.170
122.639,60.154,75.022,81.349
110.431,61.628,75.299,81.440
105.342,60.991,75.716,81.456
94.847,63.144,75.162,81.650
92.297,60.910,75.200,81.526
88.289,58.863,75.395,81.279
82.659,58.015,75.874,80.677
80.216,56.317,76.017,80.061
79.255,56.661,76.167,78.964
77.805,56.771,76.203,77.995
77.558,58.365,76.227,77.127
77.438,59.397,76.191,76.229
77.015,60.440,76.192,75.488
80.137,62.499,76.857,74.674
84.685,61.216,77.308,74.587
95.397,61.685,78.001,74.514
104.580,60.766,78.681,74.815
108.979,62.132,78.805,75.207
120.921,60.117,77.807,76.679
131.247,59.818,77.542,77.272
134.508,62.453,77.505,77.798
138.788,69.487,77.102,78.292
138.239,77.464,75.311,80.158
141.022,82.440,74.553,80.943
143.771,96.090,74.003,80.847
143.223,105.491,73.718,79.824
136.750,105.156,73.656,79.178
129.121,105.954,73.900,78.182
122.165,108.606,74.493,76.781
108.602,109.222,74.780,75.688
95.878,110.693,74.271,74.780
84.344,109.641,73.749,74.251
76.050,108.957,73.039,73.652
77.165,101.828,72.314,74.147
77.772,95.321,71.682,74.561
75.869,84.102,71.756,74.567
76.805,78.095,71.511,75.032
80.002,79.082,71.972,74.526
86.270,76.560,72.354,74.858
92.902,74.781,72.966,75.070
97.789,72.980,73.704,75.765
110.344,74.814,74.672,75.669
118.432,74.075,75.002,76.522
131.261,76.451,75.242,76.773
138.585,75.879,74.533,78.009
142.645,74.468,74.164,78.666
146.519,72.904,73.850,79.481
146.642,76.762,72.918,80.645
147.343,85.556,72.156,81.874
147.910,91.473,71.471,82.741
148.336,93.049,70.732,83.659
143.236,94.046,70.388,83.925
138.014,94.948,70.397,84.161
127.774,93.876,69.734,85.325
119.265,92.455,69.837,85.808
112.223,93.570,69.933,86.003
105.404,95.181,70.394,85.321
103.093,94.804,70.860,84.195
99.325,89.819,71.208,83.087
97.854,83.088,72.012,81.807
98.396,80.784,72.740,80.861
98.627,77.047,73.125,80.555
101.425,73.760,74.046,79.870
102.894,73.116,75.149,78.813
110.277,69.376,76.251,77.783
119.779,68.371,76.436,77.284
124.804,68.115,76.981,76.825
135.752,70.120,76.789,76.181
139.266,70.472,76.443,75.754
140.973,69.719,75.719,75.537
142.637,76.049,75.014,75.826
141.821,82.076,74.568,75.795
135.868,80.559,74.062,75.981
130.943,78.965,73.975,75.841
122.549,79.540,73.855,75.437
116.617,80.551,73.971,75.156
104.686,78.385,73.566,75.625
96.148,77.736,73.138,75.817
89.586,77.748,72.216,76.442
88.781,77.239,71.326,76.700
86.691,77.181,70.209,77.539
85.180,77.262,69.634,77.567
84.800,79.963,68.887,77.703
86.689,83.167,68.285,77.627
88.394,85.675,67.338,78.306
91.854,86.075,67.313,78.846
95.637,86.232,67.502,79.239
106.162,86.938,67.379,79.894
115.540,88.320,67.847,80.083
124.023,87.378,67.940,80.691
130.342,87.782,68.657,80.688
137.525,89.536,68.970,80.379
140.552,90.291,68.837,80.320
142.212,87.445,69.279,79.955
141.690,85.971,69.884,79.266
144.298,80.190,70.195,79.118
146.146,78.342,70.534,78.975
144.632,78.072,70.531,79.040
142.508,78.646,70.711,79.124
137.302,75.214,70.441,79.608
126.222,71.830,70.955,79.815
121.375,71.838,71.681,79.710
108.091,69.362,72.816,79.460
96.107,70.464,73.291,78.976
92.748,68.365,73.922,78.331
84.928,66.486,73.847,78.170
80.277,66.443,73.456,78.120
78.876,68.754,72.991,78.547
79.194,70.967,72.301,78.754
80.788,74.540,71.628,78.868
79.675,76.393,70.847,79.426
83.045,79.008,70.740,79.617
86.907,80.693,71.400,79.294
96.686,82.396,71.966,78.646
106.667,81.420,72.504,77.907
110.223,80.812,73.377,77.325
122.007,79.448,73.801,76.813
130.891,81.293,73.506,76.452
139.582,84.083,73.297,76.066
142.917,83.703,73.314,75.821
144.884,84.007,72.964,75.561
147.245,85.578,72.932,75.153
148.630,86.517,72.479,75.126
147.918,85.984,72.598,74.761
145.717,83.899,72.650,74.487
143.344,76.511,72.343,74.273
132.224,73.282,72.235,74.617
124.787,70.016,72.968,74.406
117.007,68.368,73.705,74.124
113.690,66.015,74.207,74.181
101.724,64.502,74.506,74.364
92.509,64.086,74.430,74.761
85.262,62.947,74.328,75.093
84.844,63.072,74.056,75.580
81.319,65.282,73.699,75.478
81.825,68.028,73.237,75.790
84.004,71.309,72.973,75.783
86.263,74.262,72.400,76.037
89.810,76.965,72.516,75.929
93.555,79.557,72.738,76.065
102.005,82.462,72.443,76.613
110.515,82.273,72.378,76.933
119.486,81.818,72.371,77.181
128.232,81.269,73.115,76.825
132.711,82.966,73.611,76.441
141.348,83.545,73.536,76.177
148.046,85.385,73.845,76.091
150.974,84.236,74.042,75.929
150.060,82.217,73.832,76.005
150.612,80.791,74.319,75.542
151.156,78.631,74.625,75.182
150.719,74.150,74.759,75.225
151.447,72.446,75.363,74.756
151.821,68.956,75.536,74.961
150.584,69.731,74.662,76.501
149.182,66.975,73.617,78.315
149.107,65.667,73.259,79.404
149.552,67.306,73.208,80.228
150.281,67.276,73.156,81.121
150.370,64.023,72.717,82.302
147.422,60.918,71.649,83.741
147.893,59.475,71.577,84.190
146.060,62.059,71.976,83.873
145.985,60.784,71.988,84.012
146.915,62.668,72.184,83.906
147.508,59.650,71.871,84.637
145.450,61.531,71.912,84.856
143.995,58.227,72.094,84.684
143.400,58.327,73.387,83.530
143.360,56.224,75.177,81.826
142.710,54.820,76.411,80.511
143.371,55.321,77.542,79.172
142.885,56.405,78.486,78.125
142.264,56.941,79.406,77.212
142.042,56.779,80.062,76.570
141.106,60.440,79.467,77.114
140.839,61.414,78.518,78.246
141.035,61.799,77.446,79.581
142.401,61.203,76.362,81.181
142.964,60.136,75.586,82.328
142.960,60.119,75.222,83.020
142.745,59.893,74.992,83.397
142.428,58.568,74.620,84.107
143.628,60.147,74.102,85.043
144.025,58.272,74.143,85.203
143.623,60.416,74.448,84.813
142.218,57.237,74.465,85.104
142.652,58.011,74.942,84.817
142.353,55.946,76.211,83.573
143.476,56.016,77.620,82.148
142.877,54.491,78.031,81.587
142.366,55.048,79.031,80.410
142.323,55.592,79.909,79.241
141.105,56.183,80.311,78.592
