405.000,256.000,122.000,148.000
407.582,253.008,120.606,149.761
409.445,251.209,119.561,150.773
413.412,247.791,119.220,152.871
417.231,241.985,119.177,154.928
420.862,236.295,119.761,156.152
423.344,234.647,119.905,157.007
423.747,228.259,119.886,158.350
423.452,220.703,120.058,159.324
415.287,222.974,119.157,160.187
405.869,212.892,120.806,158.710
398.322,207.208,121.849,156.896
391.410,196.969,122.388,156.805
384.088,186.474,123.024,156.377
372.248,181.080,123.453,154.402
362.670,187.408,122.243,154.841
353.696,177.455,123.003,154.922
344.641,185.758,121.977,155.171
339.773,179.465,122.142,155.208
335.715,181.093,122.295,154.417
331.544,179.919,122.597,153.260
323.604,182.485,122.620,152.030
321.583,182.380,122.179,151.719
319.869,181.786,121.647,151.488
310.250,181.617,121.886,149.878
303.442,179.247,121.197,149.384
297.390,176.494,120.401,149.828
290.508,171.177,119.975,149.968
278.417,165.110,119.595,149.419
271.563,161.170,118.188,149.988
270.176,154.281,116.188,152.013
270.090,140.649,113.937,155.665
269.706,127.820,112.433,157.440
270.646,116.199,111.618,158.979
272.565,106.796,111.983,159.009
281.730,100.719,110.526,161.324
289.007,90.193,108.774,163.936
293.922,81.472,107.760,165.969
300.490,71.680,106.940,168.186
306.717,61.505,106.445,169.161
311.492,55.649,106.233,168.855
309.619,55.193,106.072,167.437
307.953,57.350,106.253,165.338
306.320,60.697,105.958,163.523
303.653,65.712,105.174,161.224
302.175,70.897,104.650,159.205
297.525,76.641,103.678,157.215
292.790,82.502,102.591,155.815
287.011,87.816,102.250,153.747
282.914,94.920,102.112,151.423
272.687,96.602,102.376,150.118
265.743,101.477,101.891,148.229
260.506,103.280,101.374,147.827
258.139,108.557,101.162,146.768
256.307,111.064,100.657,146.352
256.644,114.336,99.723,146.583
256.446,110.650,99.701,146.862
255.086,112.943,99.693,146.281
253.305,110.904,99.745,146.393
253.678,110.403,99.778,146.490
250.434,111.429,100.165,145.619
252.313,112.101,100.198,145.586
250.009,114.358,100.141,145.547
248.094,106.868,100.638,145.221
249.658,108.856,101.176,145.753
252.290,102.065,102.273,145.414
252.917,102.575,102.543,146.735
253.174,101.200,102.696,148.068
252.717,93.542,103.289,148.404
252.882,88.417,103.495,147.891
252.797,89.886,103.870,148.045
252.349,84.617,104.032,148.196
252.753,86.769,105.052,147.869
252.153,86.985,105.339,148.632
253.728,88.085,105.311,149.013
254.184,83.130,105.721,148.329
253.881,86.363,106.272,147.878
256.572,82.978,106.829,147.691
255.892,81.224,106.915,147.034
258.000,87.515,106.475,146.744
259.470,83.383,106.552,146.699
264.214,82.115,106.953,146.387
266.188,86.516,106.980,146.546
272.564,80.477,107.749,146.822
278.392,81.452,107.738,145.950
285.379,80.876,107.840,145.479
290.912,88.262,107.224,145.539
295.304,82.328,107.556,145.631
301.066,87.081,107.752,145.480
304.550,80.153,108.076,145.999
307.916,77.085,108.356,146.808
309.208,74.836,108.275,146.431
314.615,70.176,108.806,147.394
312.101,72.800,108.493,148.238
315.578,65.106,108.522,148.485
313.611,62.192,108.395,148.454
315.417,66.221,108.221,148.618
320.125,63.959,109.045,149.662
320.537,62.409,108.997,149.715
322.738,70.035,108.520,148.838
323.062,73.446,109.096,149.033
320.321,78.338,108.469,149.519
319.065,84.742,108.040,149.782
317.890,87.400,108.015,149.105
312.629,97.235,107.574,148.456
307.392,106.583,107.361,147.117
300.136,120.306,106.160,145.965
294.342,133.676,105.774,144.820
289.524,143.381,105.664,144.202
283.565,152.397,105.667,143.282
277.279,163.146,105.284,142.615
272.116,170.419,105.230,142.580
267.984,180.122,105.010,142.188
260.668,188.726,104.884,141.916
252.033,196.311,104.731,141.665
243.981,204.554,104.927,141.657
236.542,211.455,105.369,141.418
230.243,217.958,106.008,141.145
223.438,224.945,106.723,140.643
218.596,229.640,107.323,140.519
214.992,234.904,107.750,140.860
214.361,235.708,107.959,142.508
215.613,235.604,108.954,143.575
219.866,233.556,109.966,145.043
225.875,234.340,111.039,145.947
229.045,234.910,111.750,147.383
232.084,236.264,112.815,148.749
235.797,239.853,114.087,149.693
244.279,239.556,115.191,152.193
253.221,242.550,116.347,154.035
261.124,246.158,117.166,155.987
272.396,247.001,118.518,158.107
276.553,252.654,119.864,158.959
288.928,253.878,120.617,161.103
296.013,256.285,122.019,163.496
301.886,249.479,124.094,164.014
308.580,241.665,125.600,165.114
313.557,235.961,127.164,165.874
318.020,231.904,128.162,167.353
318.974,222.778,127.683,169.524
316.061,214.816,127.729,170.145
311.711,210.256,127.718,170.427
308.818,205.432,127.796,170.610
295.692,198.710,129.050,169.472
282.266,196.989,129.723,168.033
271.894,194.906,129.914,167.267
260.396,191.737,130.328,166.692
247.015,187.478,131.249,165.300
230.873,186.317,131.453,164.522
213.555,184.146,131.834,163.905
204.794,180.946,131.827,164.931
192.043,176.277,132.435,163.936
173.811,173.225,133.226,162.714
160.638,169.221,132.702,163.257
153.755,162.553,131.255,165.056
155.514,157.115,129.982,166.107
156.665,148.741,129.229,166.870
157.665,142.942,128.989,166.369
160.023,141.211,128.888,165.331
162.021,140.851,128.709,164.266
166.127,135.985,128.482,163.522
169.496,135.615,127.995,162.645
174.481,131.492,127.196,161.977
179.661,129.318,127.091,160.514
184.127,128.811,126.524,159.064
186.089,127.570,125.214,159.048
186.810,124.237,123.829,158.435
189.735,124.532,122.165,157.828
193.501,123.772,120.806,157.118
193.608,124.333,119.558,156.418
195.379,124.365,118.806,154.902
201.768,128.537,118.796,152.551
212.502,134.519,118.597,150.150
216.408,141.842,117.292,147.893
220.752,145.930,116.013,147.023
229.270,149.224,115.764,145.528
235.045,151.513,114.702,144.782
239.940,151.100,113.454,144.395
243.537,150.159,111.707,144.091
245.027,147.610,110.460,143.827
246.428,144.465,109.789,142.535
244.884,139.269,108.461,142.501
243.650,133.093,107.344,142.870
242.671,125.947,105.931,143.111
243.051,117.267,104.356,144.193
243.480,107.338,103.321,145.904
244.709,97.067,102.868,147.110
244.580,87.466,102.302,148.108
244.037,79.499,100.896,151.729
244.746,70.004,99.511,155.000
245.584,60.140,98.400,158.305
248.956,50.454,97.402,160.821
255.375,41.505,97.351,162.201
265.215,36.799,96.935,163.057
278.534,35.375,97.984,161.241
294.683,37.283,98.257,159.403
305.657,42.017,101.501,153.633
318.734,51.543,103.707,148.275
330.100,59.662,104.962,143.967
342.533,66.549,105.895,140.406
352.816,75.043,106.384,137.034
361.462,81.525,106.313,134.491
369.472,88.249,105.705,132.272
375.000,93.324,105.158,129.904
381.129,100.442,104.368,127.927
386.104,106.843,103.218,126.596
384.510,115.072,102.438,124.697
383.482,123.404,101.451,122.767
378.711,130.880,100.844,120.736
370.457,138.092,100.335,117.625
360.005,143.904,99.802,115.193
350.116,147.961,98.525,113.588
339.457,151.448,98.049,112.379
332.995,154.229,97.344,111.727
326.163,155.354,96.807,111.361
317.189,156.658,96.176,110.693
309.248,159.700,95.537,109.700
298.075,162.824,95.291,107.987
287.086,165.763,94.711,106.748
276.489,168.158,94.120,106.117
267.823,167.982,93.787,106.244
256.165,167.510,93.352,105.922
246.501,168.402,92.733,105.748
238.604,172.814,92.681,104.906
227.928,176.330,92.986,103.229
215.971,183.866,92.976,101.310
203.788,190.912,93.144,99.567
195.062,199.679,93.874,98.273
185.638,206.009,94.151,97.570
177.105,213.872,94.771,97.009
166.010,220.969,95.492,96.079
154.653,227.744,95.879,95.536
144.693,232.157,95.903,96.048
137.987,234.122,95.656,97.412
132.940,232.993,95.505,99.211
128.645,234.686,95.532,100.480
124.381,234.556,95.949,101.598
123.339,231.739,95.946,103.300
123.930,228.671,96.002,105.001
124.214,223.245,96.665,106.365
126.813,220.258,96.804,107.857
129.540,217.255,97.118,108.917
132.529,219.599,97.780,109.189
136.705,220.137,98.721,110.312
142.296,217.639,99.487,111.719
151.904,218.814,100.417,112.346
151.795,217.670,100.710,112.806
158.467,216.986,101.288,113.684
162.640,216.926,101.813,114.934
166.404,217.932,102.036,115.425
168.335,219.471,102.028,116.361
168.657,221.339,102.550,117.031
168.442,221.995,103.748,117.580
168.866,222.479,104.446,119.015
167.980,222.610,105.589,120.167
167.779,223.275,106.981,121.162
167.503,222.781,108.103,122.738
167.873,221.510,108.827,125.224
166.254,221.652,110.663,126.520
165.378,220.871,112.714,127.834
164.286,221.621,114.914,129.213
166.203,221.242,116.564,131.453
166.512,218.733,118.473,133.902
169.332,216.016,119.965,136.763
169.475,212.672,121.211,139.452
171.772,208.880,121.955,142.917
174.118,204.217,122.472,146.285
175.155,197.436,123.208,149.873
173.644,192.347,124.323,152.315
178.425,187.497,127.722,153.258
182.175,182.059,130.259,154.908
182.683,176.071,131.657,157.230
180.695,171.583,133.395,158.975
183.722,166.133,135.094,160.154
189.232,157.835,137.050,161.961
197.322,151.656,138.542,163.779
202.789,146.937,139.710,166.041
207.343,143.019,140.417,168.409
212.482,142.739,140.718,170.355
217.131,140.475,140.780,171.724
219.904,139.929,140.510,173.485
224.851,137.811,140.252,174.872
227.357,137.639,140.207,175.054
228.080,139.043,140.127,174.905
226.751,135.789,139.573,175.347
225.751,136.303,139.238,174.748
228.492,134.790,138.107,175.065
230.716,134.635,137.527,174.561
229.915,134.251,137.786,173.467
231.501,135.340,136.905,172.975
232.693,136.651,136.111,172.378
233.851,137.014,135.771,171.402
233.850,138.028,135.909,170.279
229.305,140.126,136.224,168.969
224.968,142.614,136.213,168.344
219.539,143.722,135.784,168.703
218.155,141.616,134.917,168.204
219.642,141.254,134.531,168.416
222.233,141.259,133.884,167.706
221.544,148.689,133.078,166.953
218.969,153.448,132.868,166.639
220.082,158.474,132.762,165.261
219.546,161.083,133.491,164.757
223.761,162.774,134.637,165.702
226.132,163.816,135.771,166.759
228.331,167.459,137.594,166.835
230.939,170.855,139.219,167.838
233.304,173.817,141.489,169.335
233.502,174.109,142.815,171.968
233.837,173.383,144.884,174.916
234.760,169.384,147.188,178.113
236.630,168.554,149.604,181.422
236.962,168.911,151.951,184.668
235.531,164.540,154.837,188.771
233.817,160.667,158.073,192.225
238.742,153.713,160.455,196.889
248.628,149.957,163.999,200.226
253.541,149.647,166.319,203.274
255.194,147.678,168.589,206.891
259.735,147.772,170.786,210.163
271.698,148.851,174.052,213.070
278.595,151.500,176.235,216.763
277.076,155.096,177.267,220.294
279.042,160.877,178.531,223.097
278.540,167.390,179.683,225.961
282.585,170.132,181.126,228.359
280.194,174.590,182.254,230.487
274.577,175.578,183.578,232.694
268.560,178.301,184.671,235.839
268.424,177.240,187.243,236.827
263.082,181.563,189.586,237.897
260.484,179.878,189.434,240.747
256.851,182.263,189.361,243.057
254.719,185.096,189.261,246.323
258.280,178.831,189.758,249.479
256.211,168.836,189.833,251.548
264.485,163.333,189.453,253.599
265.778,156.970,190.050,253.260
265.316,151.197,189.269,253.403
268.600,148.265,188.122,252.310
269.121,144.820,187.020,251.044
270.134,139.046,186.261,250.279
268.530,131.718,185.788,249.959
258.551,134.729,183.975,248.891
261.963,126.480,182.384,250.563
255.077,121.233,181.021,250.148
253.137,113.592,178.967,251.059
254.360,107.237,176.153,250.788
254.629,103.562,174.711,249.346
253.466,102.493,174.104,247.798
259.079,107.613,172.069,246.903
260.904,103.500,172.368,246.316
263.659,105.393,171.507,244.630
266.064,108.558,170.429,242.481
269.096,114.099,169.736,240.164
270.463,120.420,168.008,238.499
270.663,129.110,166.800,235.574
270.380,148.572,164.769,232.088
261.330,152.972,163.569,230.439
254.758,157.344,163.433,228.031
234.504,157.945,165.926,223.718
214.211,162.362,168.955,218.885
195.064,162.361,171.903,214.808
174.083,163.554,173.381,212.358
163.157,163.854,171.282,212.929
157.817,160.269,169.261,213.942
143.300,161.775,169.618,211.760
135.313,159.122,168.616,211.822
132.217,154.678,166.287,212.680
130.202,148.144,164.000,214.376
126.762,146.461,161.672,214.384
120.838,145.160,159.387,214.098
120.419,144.422,157.201,214.774
118.544,143.406,155.466,215.231
119.720,144.201,149.809,219.421
114.740,138.444,146.146,221.987
113.653,133.511,142.974,223.992
110.988,129.674,140.653,225.350
109.403,125.024,138.897,226.589
111.868,122.670,136.247,229.369
111.009,120.460,134.261,231.076
114.049,103.304,132.240,232.411
114.008,105.055,130.723,233.264
111.991,103.134,129.116,234.029
114.416,104.326,126.934,235.283
117.814,104.044,125.087,235.024
125.754,107.034,124.444,234.926
143.265,110.084,122.335,234.532
150.759,114.764,122.126,233.282
167.536,118.305,120.096,231.780
182.632,123.503,118.070,229.862
188.208,123.105,120.093,227.477
201.274,126.510,117.444,227.105
208.369,124.961,119.590,225.884
220.647,124.874,118.306,225.930
226.533,123.726,119.322,226.681
232.946,121.629,120.020,226.760
241.139,119.685,120.897,226.742
246.471,118.523,121.232,227.393
250.354,99.289,121.673,224.794
263.682,106.344,122.867,221.735
274.551,111.867,123.816,219.888
286.591,119.628,124.264,218.440
298.889,129.746,123.608,217.042
313.211,132.031,121.117,218.434
329.753,134.751,118.154,218.929
343.205,138.428,115.508,220.009
354.575,138.933,112.337,221.283
371.841,136.007,107.999,225.297
383.905,136.990,104.307,227.885
397.003,136.311,101.834,230.123
409.924,132.625,99.500,232.654
411.113,131.476,97.733,234.404
419.100,122.102,97.049,236.644
422.529,122.949,96.450,237.911
424.122,122.971,96.391,238.801
424.169,122.500,96.282,239.717
424.736,122.419,96.437,240.296
416.658,123.790,100.125,234.862
410.112,125.378,102.074,231.500
408.759,127.013,102.430,230.283
404.544,129.082,103.427,227.118
399.235,131.907,104.139,223.915
393.237,133.997,104.796,220.763
387.739,133.736,104.592,218.134
381.852,135.977,104.666,214.733
371.936,135.217,104.556,211.994
362.905,137.763,103.564,209.743
359.089,137.536,102.465,208.938
352.010,138.178,102.817,206.006
347.427,138.032,102.723,202.928
342.563,138.921,103.323,199.679
339.402,139.070,103.383,196.489
333.978,141.692,103.526,193.187
328.970,141.393,103.404,190.402
325.129,144.280,103.131,187.340
318.402,142.862,103.292,184.769
312.302,141.597,103.149,182.612
308.423,139.112,102.836,181.196
301.690,137.204,102.596,179.734
301.177,135.858,102.039,179.480
296.618,128.877,101.428,179.652
293.632,126.557,101.628,178.989
291.239,122.876,101.647,178.605
289.077,118.133,101.398,178.813
286.400,113.025,101.711,178.309
282.443,106.772,102.193,178.369
281.192,104.886,102.162,178.445
279.307,102.396,102.378,178.561
279.586,99.392,103.236,179.276
282.531,97.949,103.231,180.309
283.527,95.010,102.615,182.038
285.031,91.845,103.115,182.204
288.889,102.566,104.280,183.782
292.386,97.051,104.380,185.430
294.480,94.486,104.842,186.092
295.677,93.138,104.399,187.579
296.484,92.171,104.544,188.068
298.668,89.357,105.729,188.588
295.506,102.432,110.744,186.496
307.923,100.486,109.031,188.853
308.130,95.832,108.421,190.853
307.182,92.801,107.316,192.246
302.300,90.116,107.426,192.771
300.953,87.904,107.113,193.910
300.528,104.131,106.806,195.384
296.259,102.968,106.801,195.627
291.487,102.243,106.434,195.192
286.228,100.935,105.767,195.665
281.720,98.971,105.785,195.573
275.705,98.063,105.677,195.228
269.853,96.702,105.883,194.483
265.584,95.830,106.598,193.630
260.118,110.997,107.561,193.973
257.804,108.858,108.621,194.239
255.390,105.472,109.104,194.208
251.617,105.342,109.947,193.557
253.432,121.880,110.024,194.600
252.964,119.650,110.823,195.724
255.799,117.426,111.047,197.061
258.000,116.722,111.408,198.117
254.463,115.617,116.724,194.257
253.342,115.120,120.680,192.071
256.036,130.846,125.136,190.287
259.398,128.858,128.232,189.035
261.466,126.163,130.410,189.496
264.257,123.981,133.000,189.969
263.915,120.994,134.914,190.606
264.225,120.760,137.575,190.995
265.055,119.988,138.636,192.193
264.350,118.972,139.665,192.906
262.769,117.721,140.669,193.781
261.411,117.011,142.047,195.146
258.316,116.168,143.269,195.661
253.684,116.031,144.606,195.846
247.184,115.126,145.496,196.721
225.372,134.093,147.642,197.594
221.416,131.584,148.336,198.846
216.031,130.217,149.180,199.666
209.054,129.124,150.061,200.107
203.539,130.454,150.316,201.936
198.218,131.910,151.112,203.583
193.649,149.913,151.550,205.179
186.903,147.786,151.818,206.521
184.154,146.938,153.093,207.475
183.780,147.606,153.926,208.180
184.351,149.167,154.408,209.577
181.546,150.060,154.657,210.617
180.319,151.927,154.965,212.004
180.814,150.595,150.074,217.500
181.064,146.950,146.898,222.419
182.095,146.382,144.093,225.378
175.570,147.573,147.657,222.578
175.443,149.621,149.910,221.346
173.916,147.981,145.743,226.005
171.474,145.268,143.035,229.351
167.490,148.227,146.873,225.885
164.846,149.725,149.581,223.811
161.862,150.905,151.822,222.525
158.370,155.047,153.871,220.712
176.243,153.578,148.677,225.490
166.953,152.123,151.812,223.940
163.743,155.006,153.869,222.033
162.754,160.161,155.466,220.160
165.656,158.589,151.338,225.732
182.710,156.909,147.399,229.311
177.697,153.968,144.782,232.545
176.802,159.207,142.832,233.788
177.312,160.185,142.139,234.605
192.978,151.510,140.618,236.619
182.580,153.518,145.744,231.096
177.654,159.398,150.340,226.654
179.358,160.600,147.257,229.914
177.411,162.388,150.642,226.248
176.671,164.524,153.247,223.208
176.162,159.889,149.785,226.627
174.268,164.467,152.562,223.840
171.952,164.415,154.746,222.355
169.645,164.610,156.350,221.180
169.270,164.279,151.511,226.199
167.025,163.139,154.576,224.569
165.091,160.547,150.458,229.613
161.966,160.177,154.027,227.318
158.149,157.847,156.313,226.715
158.782,159.195,158.783,225.902
153.948,158.146,155.056,230.889
154.194,157.272,152.873,234.126
156.323,157.971,150.830,236.930
157.843,158.139,149.592,239.264
170.933,155.232,148.150,241.014
163.941,148.539,147.158,243.172
160.286,146.921,146.755,244.195
160.725,146.917,145.982,245.058
160.801,144.281,145.486,245.781
159.942,142.564,145.175,245.939
158.504,140.091,144.686,246.372
171.222,139.715,144.446,247.016
163.114,137.805,144.381,247.006
161.906,137.126,143.987,246.823
163.084,138.082,143.324,246.481
174.978,141.728,143.254,245.003
165.849,135.973,143.213,245.212
163.404,137.647,148.476,239.323
162.717,140.885,152.860,234.017
170.736,145.810,156.173,229.681
164.746,147.492,158.643,226.192
163.254,153.713,161.213,222.274
171.258,158.091,163.263,219.556
169.665,159.449,164.259,217.539
173.063,166.543,158.934,221.292
174.040,165.981,155.150,224.922
177.142,164.361,151.807,227.798
179.439,164.015,149.252,230.131
181.873,162.657,147.121,231.859
180.957,161.489,145.709,232.708
179.439,162.668,145.291,231.987
178.635,164.541,144.677,231.349
176.631,162.318,143.914,230.802
175.156,164.006,148.681,224.674
172.350,170.484,146.807,224.885
171.826,170.002,151.005,219.517
170.257,173.894,153.720,215.830
168.158,175.095,155.972,213.210
167.158,176.449,157.528,211.460
164.603,176.130,159.558,209.702
161.716,174.942,161.378,208.376
161.053,176.614,162.287,207.384
160.173,174.807,163.165,206.854
157.870,176.535,163.820,205.614
155.918,177.893,164.268,204.899
155.052,178.207,164.474,204.626
152.077,177.953,165.486,204.020
149.556,177.068,165.482,204.159
146.494,175.951,165.670,204.239
142.995,174.606,165.430,204.427
141.635,174.046,165.076,205.015
139.555,172.608,164.779,205.410
139.334,173.935,164.351,205.512
137.798,173.410,163.917,205.894
135.018,172.975,159.189,209.697
129.561,159.075,160.541,207.206
125.469,167.200,161.689,205.041
124.647,170.789,162.253,204.045
124.483,173.637,162.470,203.391
141.579,188.391,162.972,204.618
152.489,186.084,162.917,205.388
162.813,184.626,163.077,205.784
162.394,184.564,163.545,205.717
165.591,168.436,159.443,208.718
183.537,191.064,160.420,208.592
194.495,190.565,160.890,209.031
205.684,190.979,161.397,209.724
202.784,193.153,162.420,209.663
197.505,191.498,164.242,210.088
192.037,191.386,166.835,210.796
186.591,192.293,169.498,212.164
174.239,191.638,172.781,213.452
168.781,185.482,175.186,216.441
162.216,168.014,180.672,215.110
156.564,155.736,184.952,213.293
153.574,182.189,185.903,215.412
157.037,181.300,186.710,218.237
175.224,181.919,188.986,219.188
177.843,181.663,190.730,221.034
180.292,184.000,190.982,222.574
201.755,185.128,192.659,223.999
199.449,206.434,191.617,228.572
195.069,212.411,183.553,238.517
192.866,210.201,176.341,246.151
209.862,213.376,171.436,250.703
205.550,216.730,174.391,250.309
202.282,219.734,171.487,252.671
203.054,218.689,176.336,251.926
199.874,214.109,179.100,252.969
195.257,189.418,175.603,262.665
186.491,168.451,172.475,271.039
179.257,181.120,170.881,275.953
154.268,163.289,168.021,282.993
153.951,175.602,167.315,284.870
153.608,160.582,166.528,287.980
149.586,151.273,166.036,290.603
150.275,164.927,165.884,292.059
148.052,155.825,166.215,294.098
148.030,145.048,166.954,297.435
151.523,155.655,167.428,299.782
152.218,124.825,179.052,290.271
156.993,131.760,190.189,279.755
165.259,137.073,198.136,272.536
168.023,141.807,204.169,267.307
179.284,144.775,207.289,265.864
186.563,142.274,208.669,265.285
196.215,140.641,209.757,264.916
202.138,136.625,209.873,265.570
209.563,154.296,201.119,277.641
218.822,147.847,194.711,286.468
230.821,132.195,189.887,295.033
241.695,125.559,187.400,298.416
254.739,127.408,185.425,300.404
264.565,129.233,185.417,301.269
270.802,131.518,183.069,304.282
274.627,138.519,181.926,305.530
274.483,148.886,181.951,305.981
262.548,154.298,181.507,307.087
250.928,161.115,181.454,306.972
233.761,160.006,180.663,307.970
225.045,159.366,178.710,310.150
223.316,147.758,176.390,313.872
218.180,146.032,174.698,315.695
210.771,143.025,172.687,317.860
217.119,138.246,171.950,319.324
226.500,152.834,172.328,316.079
234.009,167.780,173.399,311.231
234.367,175.479,173.077,307.093
239.186,181.324,173.027,302.769
233.707,187.966,171.666,298.732
228.922,190.485,171.749,294.257
236.427,191.445,172.883,289.645
238.468,196.236,172.808,286.547
246.028,192.955,171.901,284.678
241.334,190.725,170.944,282.993
246.287,180.219,170.789,282.819
239.100,177.813,168.102,285.291
237.620,167.967,165.491,289.456
238.087,159.006,163.831,293.170
240.346,152.402,162.751,296.839
242.636,143.889,161.720,300.829
236.790,130.678,160.678,304.544
237.478,126.391,159.130,308.534
239.541,125.406,159.132,312.547
248.714,117.957,157.277,320.531
252.752,111.891,156.387,327.003
250.882,104.426,156.108,331.677
255.236,105.140,156.313,333.310
257.650,105.662,156.679,333.345
251.320,107.395,157.038,332.582
255.691,115.003,156.963,331.336
260.357,119.510,156.872,329.448
273.567,120.143,156.918,330.052
277.286,122.044,155.853,329.728
283.607,125.366,155.031,330.060
286.602,125.395,154.480,330.223
279.142,123.767,154.757,329.041
269.485,122.615,155.629,327.579
267.990,124.548,154.952,328.395
268.988,126.262,154.759,328.427
264.500,122.738,155.821,327.939
258.242,118.596,157.050,327.587
