253.000,66.000,23.000,28.000
250.869,68.990,23.247,27.519
248.319,69.874,23.674,27.107
245.071,71.157,23.932,26.865
241.982,71.241,24.233,26.649
238.310,72.249,24.455,26.555
237.553,72.162,24.264,26.585
235.167,72.763,24.321,26.435
234.225,72.215,24.198,26.368
231.927,71.407,24.199,26.319
231.705,70.362,23.835,26.474
231.785,69.484,23.548,26.543
231.571,68.910,23.449,26.461
231.557,67.890,23.284,26.511
230.237,67.856,23.500,26.352
229.438,68.359,23.546,26.217
230.481,68.032,23.321,26.315
230.280,68.270,23.456,26.226
230.102,67.886,23.473,26.124
230.389,67.904,23.545,26.165
229.645,67.822,23.718,26.155
229.745,67.379,23.570,26.379
229.697,67.292,23.697,26.374
228.431,66.939,23.948,26.340
226.919,65.990,24.278,26.235
226.389,64.913,24.363,26.250
224.706,63.588,24.500,26.384
223.292,62.477,24.594,26.519
221.651,61.566,24.664,26.735
219.496,60.899,24.862,27.029
217.593,60.191,24.870,27.314
216.146,59.925,24.915,27.551
213.993,58.984,25.148,27.736
211.683,57.883,25.411,28.124
210.254,57.036,25.575,28.864
209.903,56.785,25.664,29.658
209.033,56.820,26.276,30.053
207.114,57.072,27.672,29.927
205.674,57.010,28.995,29.986
204.284,57.454,30.138,30.089
200.811,57.655,30.987,30.230
197.840,57.205,31.120,30.821
195.188,55.337,30.892,31.840
191.644,54.164,30.894,32.385
191.030,52.554,30.736,32.910
190.605,51.495,30.778,33.243
190.725,50.118,30.590,33.540
189.610,48.826,30.617,33.800
188.772,47.425,30.550,34.333
187.475,46.325,30.766,34.694
186.791,45.972,31.073,35.031
186.885,45.003,31.378,35.544
186.916,43.985,31.686,35.943
186.005,44.705,32.124,36.064
186.375,46.212,32.728,36.157
185.913,47.905,33.361,36.083
186.400,49.532,34.027,36.201
186.465,51.169,34.504,36.237
186.216,51.879,34.858,36.567
186.600,51.801,35.181,37.048
186.426,52.111,35.616,37.235
187.162,52.462,36.022,37.393
187.163,52.587,36.206,37.867
187.205,52.618,36.495,38.100
187.884,52.410,36.829,38.303
187.094,51.973,37.028,38.705
186.708,51.437,37.285,38.848
186.045,50.522,37.512,39.124
185.593,49.718,37.496,39.556
184.456,49.022,37.675,40.051
183.132,48.413,37.516,40.682
180.332,47.724,37.477,41.260
178.183,48.404,37.916,41.303
176.174,47.691,38.058,41.665
174.135,46.768,38.223,42.074
170.940,47.407,38.532,42.297
168.983,46.284,38.808,43.038
167.106,45.099,38.953,43.583
166.301,44.226,39.172,44.118
165.758,43.003,39.290,44.682
162.839,42.089,39.920,44.924
159.935,41.071,40.495,45.090
158.535,38.834,40.645,45.787
157.217,38.023,41.126,46.224
155.117,37.211,42.045,46.624
154.118,35.876,42.640,47.028
151.445,36.973,43.607,47.326
146.468,36.993,44.800,47.562
142.856,38.045,46.410,47.680
136.906,39.608,48.329,47.588
131.406,40.732,50.037,47.764
127.306,42.890,51.400,48.309
121.365,43.842,52.866,48.913
116.824,45.720,54.045,49.565
111.688,47.393,55.107,50.355
106.486,48.168,56.258,51.082
97.648,50.018,57.140,51.797
95.139,51.768,57.751,52.336
93.573,53.323,58.349,52.912
86.035,52.793,58.657,53.457
85.078,53.349,59.343,53.556
84.259,53.635,59.753,53.695
83.849,52.686,60.399,53.778
82.837,45.585,60.868,54.475
81.899,46.715,61.371,54.756
80.692,48.219,61.592,55.154
72.212,49.201,62.880,55.660
71.205,51.146,64.161,56.120
69.575,53.359,64.578,57.221
70.794,55.090,64.670,58.428
71.211,57.463,64.701,59.250
72.572,59.349,64.418,59.988
73.049,61.859,64.318,60.486
74.525,63.767,64.345,60.784
77.069,66.053,64.032,60.676
77.934,66.609,63.901,60.283
80.555,66.596,63.080,59.989
81.520,67.193,62.572,59.413
84.753,67.413,61.970,58.895
88.686,66.182,61.196,58.664
89.275,66.477,61.329,57.812
93.223,67.236,60.717,57.538
96.043,65.706,59.945,57.443
95.776,65.042,59.470,57.131
97.176,63.655,58.846,56.981
98.990,62.879,58.020,56.950
100.848,62.682,57.107,57.083
101.976,62.361,56.368,57.046
104.048,63.648,55.574,57.345
106.371,63.919,54.921,57.543
106.687,64.766,54.167,57.606
107.760,66.015,54.085,57.149
109.075,65.413,54.127,56.228
109.454,64.221,53.944,55.329
111.097,62.378,53.741,54.600
112.416,61.234,53.647,53.783
113.670,58.137,53.667,52.896
113.737,56.398,53.528,52.265
114.523,55.501,53.421,51.624
114.098,53.784,53.377,51.051
112.147,53.827,53.281,50.896
110.348,52.737,52.908,50.782
107.101,53.751,52.961,50.728
105.212,53.383,52.403,51.020
103.964,53.902,51.827,51.368
103.016,54.715,50.994,51.814
100.603,55.048,50.256,52.396
97.343,55.562,49.401,53.141
92.874,54.874,48.724,53.882
87.859,54.678,48.274,54.439
81.567,55.403,48.138,54.684
76.385,56.410,47.873,55.038
70.922,56.932,47.571,55.213
67.814,57.157,47.368,55.016
65.479,56.551,46.753,55.098
64.096,55.479,46.123,55.072
63.916,54.536,45.627,54.931
66.076,54.669,45.332,54.768
69.712,55.569,45.061,54.727
72.750,53.158,44.808,54.694
75.697,53.520,44.546,54.548
80.121,53.787,44.591,54.389
84.174,53.048,44.472,54.508
88.557,53.088,44.784,54.291
93.606,52.943,45.112,54.134
98.645,52.883,45.256,54.216
104.021,52.642,45.238,54.414
109.229,51.180,44.965,54.792
114.660,49.779,44.844,55.098
118.813,48.729,44.817,55.371
121.782,49.204,44.877,55.612
126.366,46.219,44.695,56.163
128.835,46.314,44.939,56.281
130.333,46.217,44.565,56.795
134.845,44.125,44.309,57.117
136.448,43.528,44.123,57.079
138.649,43.405,43.929,56.811
140.396,44.138,43.859,56.416
143.684,45.145,44.110,55.670
146.667,47.152,44.230,54.878
150.527,49.457,44.198,54.248
152.874,51.836,43.899,53.487
154.365,53.440,43.933,52.568
156.137,54.169,43.924,52.058
157.565,54.211,43.743,52.018
159.214,53.816,43.508,52.280
160.481,53.799,43.490,52.466
163.251,53.019,43.505,52.507
166.065,51.260,43.774,52.548
168.205,49.514,44.238,52.487
172.130,46.591,44.674,52.478
173.838,44.572,44.988,52.558
177.212,42.028,45.223,52.743
178.047,39.505,45.652,52.960
180.504,36.491,46.395,53.186
182.029,34.530,46.816,53.712
183.979,33.444,47.947,53.717
185.958,33.567,49.405,53.939
186.661,34.148,50.677,54.319
187.973,35.737,51.822,54.688
188.191,39.326,53.083,54.631
189.887,41.740,54.278,54.898
191.422,44.638,55.372,55.115
191.726,49.070,56.893,55.212
193.588,52.313,58.238,55.568
196.043,53.701,59.089,56.064
198.602,54.768,59.533,56.521
200.205,53.966,59.806,57.038
201.907,54.757,60.023,57.566
202.884,54.226,60.174,57.993
202.999,53.794,60.244,58.261
203.185,52.418,60.249,58.707
201.709,51.173,59.777,59.452
200.393,50.838,59.481,59.906
199.787,50.046,59.433,60.027
198.175,51.719,59.862,60.207
197.829,52.806,60.465,60.248
196.566,54.120,61.046,60.170
197.300,56.324,61.554,60.366
196.721,58.039,62.173,60.570
198.553,58.967,62.347,61.305
201.503,61.962,62.716,61.516
203.606,63.781,62.913,61.490
205.012,64.687,62.564,61.179
205.675,63.904,61.607,61.480
205.509,62.959,60.861,61.651
204.253,60.760,59.475,62.242
203.257,60.588,58.377,62.144
201.548,60.224,57.120,62.078
198.748,58.665,55.679,62.541
196.101,58.102,54.997,62.166
193.560,57.427,54.167,61.742
189.745,57.983,53.405,61.355
186.254,59.090,52.554,60.813
183.583,60.517,51.654,60.339
180.040,62.059,50.869,60.141
177.451,65.214,50.046,59.717
174.254,67.743,49.402,59.293
170.572,70.866,48.850,58.632
166.590,71.811,48.443,57.919
163.261,74.048,47.946,57.195
159.484,74.998,47.465,56.443
156.241,75.743,46.932,55.774
153.483,75.339,46.346,54.983
151.943,74.732,45.668,54.541
150.940,73.318,44.996,54.137
150.834,72.844,44.328,53.776
153.817,71.946,44.192,53.110
157.515,70.054,43.969,52.781
160.497,69.323,43.381,52.627
164.231,68.324,42.722,52.724
168.194,67.150,42.009,52.822
171.382,65.954,41.303,53.060
174.159,67.196,40.588,53.066
176.599,68.503,40.533,52.491
179.488,70.201,40.649,51.742
182.042,71.072,40.663,51.413
183.704,72.022,40.465,50.847
187.848,74.020,40.982,49.815
192.325,76.558,41.075,48.965
195.666,77.508,40.950,48.077
201.067,78.843,41.055,47.458
206.117,78.281,40.965,47.117
211.124,78.141,41.286,46.502
214.213,78.568,41.838,45.810
218.500,78.517,42.600,44.958
223.500,78.753,43.414,44.090
226.485,77.529,43.736,43.333
229.846,77.177,44.016,42.507
233.425,78.068,44.229,41.573
235.689,77.318,44.024,41.068
237.647,78.035,43.775,40.820
239.475,78.429,43.427,40.507
240.694,78.869,43.046,40.360
241.770,78.925,42.598,40.372
242.057,78.944,42.049,40.208
240.971,78.904,41.775,39.904
240.078,78.291,40.952,39.893
239.393,78.978,40.129,39.990
239.170,78.773,39.471,39.868
238.968,79.328,38.779,39.921
239.540,79.692,38.273,39.937
240.523,79.383,38.152,39.594
241.492,79.144,38.047,39.283
243.671,79.626,37.950,38.874
247.790,80.210,38.867,37.919
251.884,81.029,39.550,37.317
251.714,80.786,39.622,37.084
251.389,80.948,39.594,36.965
253.124,81.192,39.046,37.081
257.537,82.465,39.119,36.868
262.523,87.306,39.202,36.357
262.762,88.051,38.930,36.102
263.881,92.441,38.439,36.043
263.743,92.517,37.667,35.984
263.228,92.885,36.772,35.889
263.465,93.352,35.932,35.814
264.101,93.554,35.093,35.665
264.262,93.516,34.453,35.316
265.726,93.536,33.799,35.161
266.933,93.758,33.026,35.061
267.759,93.630,32.458,35.036
271.669,92.950,31.880,34.886
272.318,93.649,31.443,34.397
274.413,93.649,31.065,33.910
275.550,93.943,30.878,33.419
276.373,93.289,30.663,32.984
276.658,92.396,30.757,32.425
277.674,92.588,31.077,31.832
277.840,92.352,31.397,31.611
279.121,91.870,31.173,31.867
281.410,89.480,30.645,32.467
284.202,88.450,29.852,32.828
285.718,87.697,28.835,33.290
285.280,87.019,28.091,33.751
285.797,86.858,27.468,34.026
285.422,86.535,26.981,34.275
285.034,86.713,26.686,34.076
284.750,86.403,26.261,34.280
283.769,85.879,25.987,34.393
283.344,85.290,25.774,34.429
281.369,85.331,25.834,34.353
280.167,85.042,25.798,34.356
279.014,84.878,25.783,34.112
277.772,84.386,25.700,34.105
275.695,84.453,25.673,34.042
