245.000,64.000,12.000,13.000
245.689,64.135,11.921,13.100
245.049,63.542,11.823,13.218
246.046,63.975,11.771,13.084
246.131,63.792,11.623,13.128
246.313,63.522,11.548,13.102
246.553,63.811,11.621,13.130
246.006,63.507,11.605,13.155
246.358,63.688,11.595,13.211
247.036,63.739,11.594,13.238
246.257,63.913,11.685,13.242
246.888,62.662,11.618,13.443
246.214,63.625,11.793,13.287
247.436,63.691,11.732,13.275
247.692,64.098,11.708,13.315
247.340,63.355,11.644,13.503
247.470,63.877,11.629,13.482
247.417,63.665,11.645,13.609
246.380,63.481,11.721,13.687
246.193,63.310,11.789,13.733
246.442,63.184,11.723,13.853
245.981,63.701,11.855,13.864
245.984,63.552,11.758,13.932
245.865,63.706,11.805,13.841
245.405,63.880,11.836,13.827
244.333,63.794,12.045,13.871
244.256,63.620,12.127,13.925
242.913,64.266,12.469,13.768
242.207,64.051,12.455,13.881
241.108,64.188,12.521,13.897
240.329,63.614,12.561,14.051
239.183,64.678,12.762,13.933
238.089,64.581,12.889,13.895
236.799,64.984,12.983,13.899
236.001,64.847,12.904,14.038
234.568,64.986,12.972,14.074
232.714,65.692,13.117,14.024
231.024,65.651,13.146,14.193
229.485,65.664,13.172,14.282
227.045,65.899,13.311,14.237
226.281,64.883,13.252,14.505
223.676,65.379,13.425,14.448
222.814,63.872,13.186,14.694
220.382,65.171,13.364,14.543
218.280,64.395,13.300,14.609
216.756,62.683,13.156,14.835
215.536,63.498,13.097,14.810
213.254,62.494,13.081,14.908
210.985,62.164,13.044,14.966
209.666,61.477,12.858,15.084
207.729,62.046,12.886,15.002
206.415,60.996,12.749,15.163
203.958,61.642,12.892,14.997
203.011,62.266,12.781,14.919
200.584,62.158,12.923,14.854
199.364,62.960,12.764,14.784
197.803,62.486,12.650,14.823
195.069,63.624,12.911,14.613
194.098,62.605,12.733,14.882
191.963,62.994,12.888,14.834
190.255,62.358,12.766,14.934
188.932,61.979,12.718,15.019
187.429,61.854,12.652,15.033
185.053,61.587,12.765,14.980
183.698,61.445,12.760,15.092
181.840,60.877,12.721,15.234
180.211,60.640,12.717,15.333
178.486,60.837,12.741,15.293
176.387,60.570,12.914,15.410
175.305,60.216,12.780,15.542
173.311,60.419,12.788,15.433
171.513,60.920,12.929,15.187
169.125,61.358,13.164,15.072
167.123,61.186,13.199,15.093
165.250,62.090,13.261,15.070
163.637,62.025,13.214,15.041
161.160,62.527,13.324,14.998
160.029,62.273,13.168,14.915
157.988,62.122,13.268,14.807
156.494,62.348,13.365,14.841
155.033,62.558,13.504,14.684
154.091,61.539,13.274,14.863
152.971,60.793,13.177,14.832
151.600,60.438,13.193,14.686
150.853,59.230,13.029,14.819
150.421,58.912,13.118,14.778
149.538,59.841,13.187,14.752
149.487,59.723,13.206,14.715
149.222,59.641,13.265,14.741
148.850,59.876,13.412,14.740
149.128,60.445,13.502,14.794
149.407,61.302,13.536,14.787
149.111,61.599,13.488,14.924
150.528,61.253,13.447,15.016
149.851,61.626,13.480,15.067
151.113,61.081,13.467,15.200
150.912,61.331,13.445,15.264
151.581,60.902,13.517,15.467
152.086,60.628,13.554,15.561
151.700,60.718,13.684,15.694
152.162,60.348,13.716,15.846
151.981,59.581,13.659,16.016
152.059,59.756,13.655,16.020
152.373,59.108,13.680,16.236
152.937,59.210,13.730,16.212
152.530,59.764,13.802,16.151
153.414,59.434,13.846,16.190
153.065,59.243,13.974,16.323
152.853,59.256,14.048,16.387
153.254,59.597,14.006,16.329
152.835,60.471,14.103,16.264
153.607,60.841,14.173,16.198
153.792,61.769,14.339,15.994
153.703,62.181,14.307,16.038
154.374,62.690,14.323,15.994
154.353,63.334,14.386,15.990
154.686,63.363,14.355,16.013
155.369,63.693,14.354,15.940
155.288,64.112,14.429,15.945
155.762,63.926,14.410,16.050
155.903,64.493,14.637,16.038
156.151,64.312,14.695,16.027
155.830,64.694,15.137,15.888
155.180,64.335,15.218,16.110
155.061,63.765,15.242,16.193
154.824,63.273,15.280,16.360
154.159,62.285,15.197,16.678
153.695,60.865,15.132,17.058
153.221,60.561,15.350,17.184
153.236,59.799,15.368,17.427
152.161,59.230,15.456,17.518
151.632,58.839,15.601,17.639
150.866,58.853,15.798,17.696
150.512,58.515,15.819,17.785
149.307,58.390,15.826,17.827
149.011,58.088,15.857,17.920
147.942,58.574,16.105,17.928
147.423,58.566,16.313,17.968
146.922,58.952,16.365,18.079
146.254,59.173,16.511,18.195
146.538,59.457,16.655,18.103
146.162,59.168,16.675,18.201
146.319,59.065,16.808,18.243
146.196,58.535,16.740,18.505
146.347,57.954,16.968,18.549
146.251,56.999,16.903,18.797
145.296,56.757,16.809,18.990
144.438,55.956,16.829,19.205
143.601,55.771,16.955,19.332
143.093,55.251,17.106,19.422
141.845,55.804,17.454,19.424
140.144,55.258,17.526,19.547
139.197,55.995,17.576,19.363
138.161,55.928,17.502,19.403
136.373,56.285,17.572,19.432
134.770,56.673,17.538,19.385
132.689,57.337,17.669,19.276
130.644,57.245,17.797,19.235
128.811,56.971,17.875,19.301
127.099,57.123,17.843,19.553
125.072,57.219,17.874,19.683
123.022,56.967,17.836,20.070
121.230,56.400,17.675,20.427
119.843,56.035,17.641,20.745
118.476,55.189,17.536,20.968
116.474,54.765,17.437,21.198
115.787,52.982,17.247,21.377
113.903,52.995,17.334,21.320
112.723,52.399,17.297,21.410
111.557,51.008,17.366,21.575
109.797,51.347,17.335,21.652
107.857,51.571,17.305,21.696
107.177,50.278,17.445,21.804
105.114,50.641,17.599,21.724
104.853,50.934,17.605,21.672
103.559,51.244,17.624,21.700
102.342,50.491,17.646,21.750
101.220,51.511,17.669,21.739
100.627,50.820,17.722,21.790
100.338,52.369,17.681,21.817
99.734,51.121,17.691,21.847
99.550,51.884,17.831,21.923
99.141,50.958,17.937,22.024
98.766,50.605,18.027,22.018
97.569,50.980,18.233,22.125
98.031,49.878,18.167,22.298
95.939,49.241,18.319,22.461
96.440,49.296,18.227,22.470
95.119,49.194,18.270,22.465
94.540,48.716,18.265,22.468
92.408,49.187,18.347,22.489
91.562,49.898,18.419,22.520
90.199,49.887,18.525,22.655
88.845,49.667,18.634,22.775
87.787,49.480,18.685,22.822
85.932,50.600,18.856,22.858
84.231,51.407,18.970,23.000
82.411,51.079,18.991,23.124
81.145,52.228,19.164,23.146
79.341,52.909,19.291,23.275
77.080,52.465,19.407,23.424
75.422,51.982,19.559,23.565
74.751,51.506,19.694,23.690
73.512,50.835,19.779,23.947
72.589,49.799,19.907,24.277
72.286,47.797,19.791,24.619
71.350,46.809,19.987,24.641
71.474,48.312,19.960,24.862
71.839,45.684,20.036,25.160
71.594,47.419,20.093,25.238
72.898,46.176,20.196,25.361
72.570,46.330,20.391,25.327
73.464,47.891,20.370,25.520
74.377,47.150,20.513,25.762
75.948,48.254,20.570,25.871
76.321,47.658,20.671,26.162
77.629,47.511,20.845,26.251
79.268,47.405,20.940,26.527
81.071,45.746,21.038,26.707
81.423,45.624,21.192,26.759
82.098,44.798,21.267,26.849
82.287,45.896,21.334,26.900
83.042,45.115,21.388,27.169
83.889,45.127,21.393,27.335
84.133,43.482,21.513,27.435
83.948,45.748,21.630,27.442
84.673,44.632,21.741,27.749
85.631,44.221,21.802,27.974
86.156,44.689,21.983,28.067
86.618,44.275,22.069,28.239
87.328,45.477,22.063,28.414
87.465,44.440,22.234,28.476
87.739,46.254,22.128,28.572
87.725,44.979,22.260,28.793
87.404,45.782,22.474,28.930
88.190,45.643,22.647,29.217
88.128,44.497,22.934,29.311
88.768,43.069,23.109,29.514
88.350,44.428,23.166,29.726
89.450,43.270,23.353,29.948
89.171,42.833,23.445,30.096
90.311,42.849,23.607,30.282
90.696,42.493,23.711,30.416
90.828,42.454,23.937,30.475
91.777,40.536,24.048,30.579
90.959,41.132,24.261,30.560
92.544,39.779,24.454,30.614
91.755,39.097,24.561,30.673
93.095,40.519,24.585,30.850
93.168,39.925,24.780,31.014
95.113,38.870,24.842,31.160
95.759,40.679,24.959,31.230
97.396,39.498,25.265,31.547
98.298,41.891,25.396,31.583
100.082,41.720,25.494,31.985
104.595,42.386,26.319,32.099
104.459,43.288,26.795,32.210
108.346,43.027,27.569,32.398
111.540,44.646,28.047,32.332
112.095,45.403,28.026,32.676
116.294,44.941,28.493,32.949
119.495,45.158,29.037,33.005
122.805,45.458,29.678,33.080
125.684,44.411,30.316,33.211
128.616,44.232,30.952,33.388
129.589,43.249,31.154,33.603
132.429,43.022,31.676,33.721
132.182,41.851,31.770,34.022
134.483,41.002,32.010,34.297
136.214,40.036,32.079,34.446
138.213,40.477,31.964,34.552
139.304,38.440,32.139,34.662
140.983,38.797,32.124,34.549
141.658,39.088,32.177,34.494
143.298,39.209,32.450,34.517
145.500,39.309,32.796,34.528
148.143,39.766,33.105,34.296
150.462,39.872,33.422,34.103
153.423,40.232,33.796,33.856
156.930,40.721,34.014,33.676
160.032,40.633,34.178,33.412
164.045,42.006,34.291,33.065
167.024,42.955,34.341,32.889
171.377,43.472,34.426,32.677
175.993,44.410,34.498,32.283
180.524,44.562,34.445,32.226
184.636,44.681,34.430,32.081
188.834,45.568,34.304,31.841
193.708,44.976,34.393,31.730
197.618,45.306,34.358,31.676
201.052,44.257,34.167,31.795
204.485,44.247,34.200,31.667
207.788,42.726,34.042,31.752
210.817,42.077,33.919,31.688
213.762,42.019,33.893,31.625
216.436,41.823,33.801,31.547
219.003,41.838,33.689,31.373
221.702,42.349,33.633,31.227
224.674,42.544,33.484,31.068
227.577,42.962,33.378,31.017
230.432,43.698,33.193,30.920
233.774,44.266,33.084,30.852
237.464,44.856,32.973,30.724
240.156,46.423,32.790,30.722
243.184,46.870,32.699,30.719
246.161,47.329,32.323,30.845
249.087,48.204,31.967,30.923
252.684,47.493,31.629,31.026
255.382,47.544,31.270,31.230
258.505,47.316,30.996,31.346
261.052,46.407,30.609,31.462
263.407,46.723,30.185,31.447
266.129,45.859,29.854,31.447
268.138,45.177,29.286,31.646
270.927,45.219,28.784,31.862
274.131,45.207,28.570,31.975
275.894,45.504,28.298,32.241
279.111,45.770,28.023,32.280
280.666,46.800,27.865,32.338
283.944,46.429,27.980,32.221
285.636,47.267,28.018,32.322
288.277,47.445,28.340,32.241
289.138,46.556,28.420,32.451
291.196,45.992,28.483,32.642
291.437,45.011,28.206,33.023
292.785,44.376,28.035,33.170
294.507,43.393,27.879,33.301
295.174,42.583,27.665,33.443
295.731,41.742,27.697,33.470
296.671,40.620,27.674,33.594
297.241,39.818,27.759,33.607
297.351,39.036,27.813,33.751
298.094,37.817,27.956,33.828
299.141,36.783,27.940,33.887
299.834,35.313,28.061,33.974
300.018,34.933,28.228,34.020
301.463,34.681,28.323,34.083
303.063,36.279,28.490,34.044
304.793,37.238,28.777,33.940
307.188,39.019,29.057,33.761
309.007,40.481,29.300,33.570
311.145,41.992,29.249,33.790
313.390,42.504,29.111,33.931
315.674,42.511,29.472,34.022
317.391,41.791,29.531,34.440
319.999,41.585,30.062,34.394
322.058,39.951,30.140,34.881
324.300,37.416,30.318,35.468
325.876,35.886,30.616,36.023
326.378,33.428,30.734,37.003
326.110,32.294,30.983,37.529
327.097,30.594,31.393,37.907
326.141,29.111,31.726,38.369
324.860,28.575,32.428,38.672
323.665,27.986,33.290,38.897
320.737,28.337,34.107,39.265
319.520,28.149,34.752,39.719
317.250,28.465,35.189,40.215
315.877,29.159,35.624,40.323
313.879,30.193,35.982,40.638
311.300,31.225,36.476,40.565
309.162,32.137,37.033,40.615
304.973,34.188,37.774,40.282
301.532,34.860,38.823,40.301
298.210,35.235,40.029,40.438
294.391,35.618,40.786,40.951
290.996,35.846,41.698,41.455
288.510,34.575,42.262,42.041
286.438,33.279,42.989,42.341
283.705,31.689,43.555,42.680
281.469,30.019,44.227,43.092
278.907,29.098,45.025,43.394
275.857,28.451,45.700,43.776
272.055,28.450,46.134,44.149
269.461,28.695,46.557,44.424
266.291,29.451,46.982,44.621
262.100,29.397,47.675,44.736
259.350,30.065,48.373,45.061
256.153,29.630,49.012,45.382
253.249,28.909,49.555,45.768
250.602,29.272,50.062,45.992
248.506,28.140,50.443,46.631
246.185,27.606,50.912,46.872
243.626,27.571,51.435,47.016
240.260,27.053,52.294,47.180
237.702,26.714,52.827,47.435
235.156,26.598,53.534,47.659
232.309,26.952,54.131,47.911
228.911,27.289,54.717,48.147
226.777,27.692,55.085,48.635
223.897,28.067,55.616,48.935
220.702,29.628,56.057,49.221
220.053,28.841,56.094,49.761
218.371,29.856,56.547,50.208
217.578,28.605,56.672,50.721
216.983,27.274,56.771,51.253
216.680,27.265,57.026,51.655
218.341,25.734,56.995,52.266
218.552,25.133,57.254,52.611
219.494,23.169,57.430,52.924
219.209,22.168,57.560,53.212
219.739,20.395,57.593,53.406
220.130,18.886,57.722,53.696
220.276,16.514,57.614,54.224
220.310,14.416,57.333,54.892
220.346,12.289,56.487,55.882
221.883,11.449,55.811,56.476
222.125,10.891,54.963,57.053
223.927,9.073,54.344,57.531
223.465,8.952,53.892,57.660
222.975,8.799,53.478,57.787
221.132,9.850,53.163,58.046
219.451,9.763,52.856,58.310
216.635,11.976,52.550,58.467
212.941,11.200,52.527,58.702
206.423,13.460,52.733,58.395
203.463,14.499,52.588,58.226
195.233,16.736,53.395,57.871
188.847,18.354,53.476,57.811
180.320,20.270,54.060,57.445
172.225,22.783,54.466,57.343
161.445,25.370,54.572,57.312
150.846,26.691,54.541,57.137
139.547,29.039,54.407,56.837
128.734,29.978,54.106,56.653
114.318,28.574,54.623,56.386
104.150,30.060,55.241,55.806
94.798,30.795,55.621,55.773
85.651,27.395,55.414,55.915
77.223,27.902,55.461,55.424
69.923,27.363,56.028,54.831
62.893,26.706,56.154,54.538
58.257,25.522,55.693,54.780
53.935,25.068,55.196,54.852
49.524,24.684,55.109,54.448
45.861,25.197,55.371,53.843
42.973,25.921,55.646,53.116
40.931,25.475,55.715,52.526
39.801,25.933,55.703,51.957
37.928,24.820,55.782,51.345
37.506,23.854,55.623,51.100
37.137,22.839,55.384,51.051
36.263,21.641,54.925,51.256
36.510,19.326,54.286,51.562
36.257,18.058,53.460,51.808
35.984,16.014,52.777,52.203
35.390,13.860,52.304,52.466
35.356,13.136,51.930,52.423
34.863,11.274,51.614,52.398
33.942,10.778,51.546,52.296
33.627,8.967,51.221,52.442
31.183,9.086,51.122,52.695
29.204,7.613,51.042,52.971
27.376,7.263,50.849,53.201
24.121,9.358,50.730,53.257
21.501,8.247,50.379,53.514
17.501,9.107,50.658,53.406
12.120,9.595,51.399,53.260
6.515,9.037,52.171,53.007
0.829,7.857,53.058,52.945
