294.000,135.000,44.000,171.000
293.490,137.184,47.757,166.635
292.473,138.677,50.271,163.476
292.907,141.124,51.988,161.383
293.192,140.890,52.973,160.692
293.525,141.052,53.899,160.033
293.551,142.368,54.193,160.491
293.761,141.571,54.334,160.772
293.797,142.835,54.571,160.465
293.445,142.321,54.691,160.166
292.787,140.611,54.710,159.655
293.332,141.877,54.600,159.161
289.284,139.959,54.555,158.909
290.220,141.520,54.159,159.647
286.497,141.501,54.057,159.358
283.092,143.073,53.744,158.790
281.424,142.110,53.753,158.277
278.431,142.049,53.897,157.795
276.940,145.644,54.010,156.816
274.727,147.662,54.227,155.871
273.778,146.362,54.405,155.071
271.612,145.399,54.598,154.630
270.357,148.286,54.729,154.554
270.015,145.600,55.180,153.443
268.750,150.636,55.251,152.662
269.334,150.495,55.350,152.057
268.813,149.168,55.092,151.867
268.839,150.352,54.869,152.296
268.324,151.976,54.496,152.776
267.021,153.428,54.442,152.491
266.336,155.826,54.309,151.698
264.528,155.713,53.670,151.879
263.052,157.742,53.530,150.990
262.591,157.956,53.372,150.066
260.330,158.540,52.733,150.120
258.901,158.941,52.878,149.245
256.317,159.506,53.337,147.856
254.654,157.207,53.440,148.162
253.974,155.066,53.796,147.379
252.993,155.797,53.019,148.914
250.743,155.738,52.519,149.734
249.139,154.929,52.200,149.932
248.763,158.623,51.672,149.653
248.710,157.769,51.371,148.907
249.056,160.318,51.147,148.899
249.221,160.685,51.268,148.009
248.601,161.161,51.701,146.847
247.816,160.965,51.981,146.293
249.155,165.284,52.094,145.678
248.523,171.082,51.992,145.209
247.484,163.858,52.325,144.585
245.543,159.658,52.766,144.317
244.713,156.452,53.026,144.429
243.956,155.892,53.003,145.225
241.736,154.685,53.231,144.946
241.282,154.559,53.210,146.107
240.828,149.183,53.521,148.171
237.835,144.753,54.674,150.083
236.831,140.436,55.721,154.248
235.506,138.678,57.260,156.950
236.452,135.285,58.902,158.988
241.591,136.950,60.110,161.548
242.180,128.749,60.760,162.823
243.803,132.047,62.085,164.840
244.720,125.280,63.869,164.200
246.634,128.692,64.785,164.371
249.124,125.571,65.399,163.758
251.437,130.117,66.339,162.386
251.981,126.780,66.683,162.569
269.058,125.704,67.177,162.793
270.183,125.278,68.001,163.539
272.594,128.991,68.443,163.929
291.914,123.314,68.280,165.149
298.421,129.757,68.210,166.173
304.406,123.158,68.187,166.221
310.466,125.232,68.428,166.060
317.067,121.627,68.388,166.446
322.854,123.002,68.436,166.143
328.037,120.606,68.674,166.071
333.038,122.037,68.931,165.717
336.826,120.321,69.011,165.671
341.363,121.055,69.397,165.002
345.290,122.683,69.786,164.598
348.413,119.440,70.290,164.438
353.253,124.483,70.760,164.158
356.922,120.146,71.051,164.670
361.639,122.151,71.554,163.445
366.130,119.187,72.101,162.896
370.882,120.850,72.237,162.340
375.059,117.239,72.561,161.891
380.586,120.013,72.201,161.321
384.880,115.397,72.332,161.577
389.991,119.798,72.073,161.598
395.014,116.507,72.230,162.335
398.845,118.856,72.369,162.297
403.014,115.155,72.310,162.673
408.148,119.557,72.137,162.471
412.827,112.281,72.069,162.643
417.562,116.785,71.882,162.432
421.902,113.404,72.243,162.228
426.538,115.602,72.144,161.886
430.602,118.761,71.953,161.455
434.637,117.103,72.365,161.314
438.319,121.191,72.172,161.239
443.727,118.421,72.148,161.588
447.076,120.556,72.274,161.476
450.939,118.519,72.733,161.385
454.715,120.122,72.687,161.190
456.609,122.674,72.837,161.184
458.653,120.437,72.733,161.236
459.556,124.478,72.987,161.537
459.768,122.596,73.618,161.777
460.705,124.548,73.657,161.413
461.099,127.317,73.972,161.237
461.802,122.602,74.253,160.877
462.342,126.440,73.628,161.542
463.428,127.158,73.941,161.885
464.864,126.214,74.191,162.361
465.707,124.634,74.277,162.108
467.714,125.965,74.035,162.407
468.646,122.363,74.113,162.346
468.965,123.308,73.452,162.691
471.554,122.176,73.107,163.000
472.672,120.406,72.523,162.912
473.050,120.399,72.292,162.552
473.633,117.445,71.640,162.693
474.771,118.922,69.972,164.676
474.979,116.827,68.993,165.604
474.732,119.614,67.755,167.268
473.740,119.980,67.514,167.757
474.381,113.267,66.426,169.123
474.604,114.573,65.099,170.878
473.355,109.524,64.208,172.531
471.027,109.905,63.212,175.138
469.164,105.332,63.207,175.449
466.661,106.178,63.057,176.712
465.187,106.962,62.799,178.040
463.544,105.700,63.389,178.344
463.533,101.996,64.419,176.841
465.222,100.548,65.091,175.216
466.350,101.096,64.793,174.808
467.501,100.697,64.775,174.090
468.782,111.473,64.121,175.702
470.815,115.784,63.499,177.609
469.697,109.383,63.770,177.859
452.715,87.513,67.653,174.697
449.588,82.261,67.995,175.206
448.799,72.685,67.815,178.190
451.541,70.921,67.778,180.202
454.059,68.722,68.508,181.295
454.708,68.033,70.387,181.720
455.695,70.345,71.869,182.325
458.301,71.804,72.938,183.382
458.960,76.541,77.221,180.018
457.970,76.401,80.834,177.768
474.326,66.207,81.250,177.875
488.058,58.711,77.969,181.574
488.977,62.594,75.265,183.693
491.765,63.528,73.498,184.986
495.264,62.522,71.680,186.786
497.810,56.494,70.391,188.069
501.379,59.772,70.493,187.399
503.997,61.927,70.557,187.379
504.804,64.290,71.134,187.168
506.702,66.809,71.156,187.136
510.506,65.167,70.660,186.574
515.096,73.345,71.229,183.809
517.050,79.163,71.916,182.387
518.515,86.241,72.731,180.760
522.764,88.645,72.285,181.416
526.958,88.589,72.333,182.245
531.133,85.018,72.289,183.390
534.234,84.579,72.958,181.889
537.359,83.932,72.520,180.580
541.009,80.173,72.518,179.724
542.844,79.706,72.624,177.721
546.735,79.320,72.028,176.581
547.428,76.321,71.812,176.455
548.498,75.026,72.053,175.606
552.226,78.635,71.816,174.722
554.016,72.331,71.602,175.223
556.683,76.183,71.978,175.071
560.643,79.817,72.031,175.162
562.964,74.992,72.552,175.957
566.262,78.651,73.182,176.106
567.213,77.659,73.438,177.310
568.146,81.197,74.128,177.339
570.221,84.134,73.359,178.519
572.230,75.936,72.477,181.168
575.080,72.952,71.434,183.360
576.006,74.382,71.243,183.944
577.434,79.236,70.652,184.876
579.551,79.492,70.071,186.021
580.988,80.914,69.642,185.982
583.101,83.625,68.554,185.806
584.780,85.579,67.686,185.859
584.619,90.097,66.624,186.876
584.918,93.400,66.059,186.666
584.916,97.766,65.408,186.963
587.163,101.773,63.983,188.164
589.050,98.763,63.376,188.607
590.537,100.628,62.190,188.970
591.838,105.650,61.211,188.669
592.776,104.897,60.200,188.744
593.564,106.006,59.201,188.619
593.857,115.478,58.722,188.414
594.345,115.013,58.584,187.839
574.407,183.295,63.731,181.974
573.773,190.235,69.157,174.686
572.408,195.762,72.689,167.955
570.435,200.751,74.757,163.700
570.994,205.502,76.318,159.974
572.640,198.151,77.532,157.454
574.577,194.070,77.949,154.641
575.881,191.303,77.908,152.222
578.857,186.554,76.617,151.497
580.104,178.359,74.279,153.153
581.875,174.571,72.725,153.095
583.484,173.000,71.104,153.282
584.206,171.836,69.493,153.926
584.940,167.936,68.540,152.856
586.779,165.317,67.337,151.346
589.997,162.046,65.775,150.170
592.447,161.486,64.232,148.717
593.511,164.427,63.198,145.205
595.617,165.027,61.795,142.793
597.840,163.111,59.719,142.044
599.726,161.210,56.809,142.722
600.903,154.078,54.137,144.381
600.477,150.632,52.710,145.830
600.068,145.708,51.381,147.391
597.386,95.724,50.540,148.479
595.323,94.917,49.968,149.194
593.531,95.819,49.738,149.794
592.338,92.481,49.957,149.981
591.616,95.197,50.026,150.129
590.271,95.804,50.335,150.210
589.386,96.190,50.793,150.440
587.713,95.407,51.170,150.452
587.214,55.249,52.166,149.938
587.859,44.245,53.611,148.469
587.045,47.423,54.476,147.332
587.265,50.726,54.937,146.135
586.261,53.743,55.447,144.703
585.976,53.163,55.480,143.814
585.333,54.829,55.405,143.257
584.487,54.555,55.244,143.044
583.589,53.911,55.065,142.943
580.158,43.223,56.295,140.574
578.153,44.493,57.260,139.024
577.009,46.384,58.339,137.066
576.380,57.012,59.074,135.692
576.111,56.623,59.887,134.149
575.150,57.752,60.496,132.615
574.441,58.285,60.817,131.444
574.042,57.913,61.010,130.714
574.263,58.136,61.115,130.238
574.358,66.878,61.293,129.655
574.943,63.865,61.225,129.464
560.403,38.781,64.003,125.711
559.585,38.903,67.594,120.694
557.053,40.109,70.524,116.401
555.372,41.318,73.116,112.442
553.128,42.241,75.117,109.125
551.379,43.481,77.029,106.015
541.758,43.890,78.653,103.741
543.640,45.405,80.275,100.637
534.976,46.929,81.558,98.444
537.319,48.721,82.265,96.542
528.032,48.989,82.961,95.117
529.728,50.330,83.247,93.837
527.262,40.503,83.769,92.221
524.218,42.170,83.911,90.807
522.061,43.494,83.715,89.676
521.140,44.075,83.268,88.479
519.529,44.642,82.582,87.112
517.981,44.957,82.145,85.595
516.880,45.992,81.342,84.266
516.033,46.535,80.316,82.878
515.069,46.836,79.438,81.408
512.680,47.651,78.571,79.884
510.329,47.907,77.588,78.571
507.629,49.456,76.799,77.413
504.497,49.971,76.216,76.077
502.761,50.577,75.396,74.859
498.018,50.683,74.647,73.769
495.141,51.638,73.986,72.549
491.300,52.370,73.440,71.373
487.652,53.566,72.616,70.397
483.794,54.424,72.023,69.430
479.729,54.213,71.210,68.672
476.059,54.879,70.476,67.905
472.444,54.651,69.373,67.413
468.858,54.709,68.089,67.004
458.838,56.520,67.905,65.761
456.003,55.744,67.037,64.987
454.090,55.129,65.427,64.872
444.904,55.910,64.614,64.258
443.195,54.397,62.934,64.133
434.668,54.592,62.187,63.513
431.767,53.607,60.556,63.691
422.299,54.801,59.555,63.438
412.815,54.920,58.854,63.005
410.671,54.398,57.723,62.583
402.240,55.786,56.979,62.085
394.813,56.147,57.221,60.555
388.327,56.842,57.581,58.876
386.924,55.170,56.096,59.159
380.959,56.425,55.727,58.485
380.004,54.790,54.353,58.782
374.534,55.682,53.775,58.186
373.223,54.578,52.698,58.256
370.411,53.777,51.600,58.549
367.144,53.486,50.488,58.789
364.150,52.732,49.916,58.544
360.930,52.440,49.063,58.950
357.593,51.080,48.377,58.669
354.912,51.084,47.748,58.616
354.852,50.400,45.522,60.056
347.950,51.210,45.987,58.757
344.176,51.288,45.828,58.398
339.696,51.710,45.692,58.069
333.217,52.757,46.341,56.723
330.305,53.284,45.832,56.805
325.104,53.386,46.208,55.732
320.940,53.024,45.671,55.802
314.046,52.338,45.825,54.969
308.461,52.875,45.909,54.024
303.920,53.003,46.282,52.762
299.406,52.825,45.942,52.081
312.452,56.209,51.729,46.910
309.861,56.704,56.191,43.052
308.560,52.678,59.715,40.215
302.169,54.784,62.471,38.168
296.045,55.524,64.196,36.823
291.310,56.674,64.972,36.189
291.272,55.988,65.157,36.017
275.458,31.995,68.533,33.242
278.328,29.947,68.326,32.865
268.018,29.562,69.441,31.948
254.987,30.654,72.116,30.306
237.887,29.797,72.331,30.138
220.843,29.113,72.421,30.196
203.751,29.529,72.375,30.354
191.834,28.605,72.509,30.330
186.453,28.206,72.512,30.335
178.066,27.892,72.448,30.393
177.317,27.992,72.598,30.332
176.949,27.661,72.608,30.315
201.849,22.930,74.735,28.844
188.026,24.591,76.478,27.678
178.624,25.063,77.944,26.730
161.394,24.726,79.117,25.669
167.454,50.758,78.253,26.350
151.000,50.644,77.047,27.034
134.336,50.898,75.428,27.810
118.010,56.091,74.558,28.158
120.896,52.385,68.283,33.170
116.518,49.216,62.767,37.575
110.392,46.910,58.312,41.475
104.969,46.424,55.140,44.095
102.867,44.010,51.887,46.694
94.607,42.872,49.552,48.714
90.769,41.652,47.695,49.883
81.439,40.358,46.626,50.432
75.966,40.299,46.003,50.636
71.457,39.419,45.224,50.693
66.194,38.290,44.704,50.443
58.811,38.367,44.387,50.055
55.071,36.712,43.750,49.749
50.557,36.349,43.159,49.660
45.940,34.706,42.477,49.833
41.577,34.685,42.045,49.787
36.879,34.871,41.755,49.554
32.080,34.613,41.501,49.280
27.095,34.563,41.162,48.884
22.316,34.868,40.953,48.296
14.624,34.651,40.928,47.912
10.174,34.674,40.746,47.639
5.097,35.638,40.847,47.022
0.537,35.489,40.480,47.047
-2.907,34.784,39.851,47.646
-4.252,33.406,37.600,49.855
-4.799,32.390,34.860,52.690
-5.328,29.280,32.025,55.802
-5.640,26.372,29.185,59.254
-5.497,24.558,26.970,61.670
-4.361,0.629,25.684,63.778
-4.026,-3.433,24.832,64.456
-4.064,-2.703,24.696,64.645
2.430,-8.961,24.927,64.526
1.985,-5.302,24.881,64.746
0.365,-6.551,24.736,65.056
-0.974,-7.410,24.590,65.314
-6.303,-8.238,24.146,65.862
-6.352,-6.773,23.982,66.007
-0.449,-7.914,23.902,66.185
-0.181,-7.982,23.875,66.284
-1.239,-7.296,23.836,66.425
-1.667,-7.742,23.754,66.841
-1.914,-6.018,23.476,67.465
-1.250,-6.140,23.281,68.104
15.744,-3.371,22.952,69.067
9.895,-5.181,22.494,71.243
3.213,-5.017,22.275,73.390
-2.239,-5.473,22.095,75.688
-2.215,-5.336,21.916,76.906
-1.735,-4.820,21.899,77.085
4.335,-4.393,22.113,77.611
-0.036,-5.449,22.499,79.097
-0.073,-5.829,22.664,80.019
-1.030,-5.987,22.793,80.862
-1.228,-6.988,22.969,81.704
-1.401,-6.613,23.172,82.348
-1.881,-7.317,23.480,83.330
4.113,-6.935,24.737,83.499
3.640,-8.502,25.444,84.454
2.138,-8.476,25.723,85.390
1.983,-7.359,25.812,86.263
1.341,-6.451,25.924,87.093
0.801,-6.986,26.021,88.406
0.645,-7.782,25.942,89.958
0.334,-7.318,26.150,90.826
-0.130,-7.670,26.434,92.142
0.132,-7.613,26.489,93.589
-0.388,-9.807,27.191,92.899
-1.320,-8.680,27.743,93.252
-1.768,-8.186,28.036,93.860
-2.533,-8.640,28.683,94.224
-2.118,-8.261,29.346,94.460
-1.929,-8.701,29.679,94.914
-1.595,-7.936,29.660,96.019
-0.420,-7.337,29.698,96.799
-0.284,-8.199,29.681,97.704
0.153,-7.697,29.765,98.077
0.514,-8.936,29.806,98.243
-6.213,-8.927,29.948,98.220
-5.719,-9.237,30.154,98.456
-5.490,-8.254,30.348,98.523
-5.322,-7.738,30.523,98.745
-5.082,-8.255,30.709,99.120
-5.046,-10.061,30.935,99.413
3.412,-10.010,32.686,96.867
3.326,-10.004,33.727,95.062
3.132,-8.118,35.108,92.760
3.510,-7.501,35.865,91.467
3.580,-6.540,36.558,90.264
3.658,-5.482,36.867,90.124
3.485,-4.838,37.265,89.409
3.143,-2.927,37.747,88.947
2.614,-3.899,38.376,87.883
2.684,-0.374,38.853,87.211
2.790,2.412,39.142,87.257
1.350,0.102,39.455,87.164
0.402,-1.907,40.177,86.522
-1.352,2.661,40.427,86.643
-1.978,0.252,40.586,86.704
-2.164,5.156,40.426,87.259
-2.345,8.321,39.153,89.893
-1.887,10.616,37.611,92.686
-1.948,12.984,36.531,94.314
-1.957,16.175,35.507,96.020
-1.686,19.396,34.366,98.085
-2.164,18.594,33.806,99.901
-3.241,19.246,33.579,101.003
-4.419,20.545,33.351,101.952
-5.977,20.594,33.115,102.862
-6.539,21.887,32.869,103.526
-6.080,24.356,32.433,104.498
-6.574,26.586,32.086,105.689
-7.024,26.708,31.630,107.072
-7.268,28.055,31.145,108.225
-7.486,28.984,30.947,108.954
-7.782,30.419,30.734,109.324
-8.238,31.134,30.587,110.021
0.463,37.500,30.675,110.093
0.308,36.886,30.709,110.100
-0.711,31.081,30.931,109.883
-1.999,33.955,31.100,109.907
-3.162,34.968,31.213,110.479
-4.313,34.255,31.425,111.333
-5.677,32.610,31.679,112.592
-6.436,32.016,31.614,113.421
-6.732,32.862,31.566,114.041
-7.560,33.546,31.604,114.354
-8.067,34.350,31.748,114.535
-8.094,34.671,31.614,115.489
-8.021,35.775,31.465,116.222
-8.109,37.321,31.267,116.247
-6.962,63.171,32.105,115.125
1.769,60.229,32.932,114.491
9.320,65.295,35.329,111.062
0.989,59.004,35.537,111.091
1.445,65.307,36.397,109.905
1.425,58.543,36.627,109.753
1.492,64.060,37.358,108.368
0.859,60.150,37.493,108.424
1.130,64.345,38.311,107.213
1.146,64.353,38.794,106.487
1.495,62.567,39.240,105.973
1.033,58.923,39.234,106.322
1.127,56.792,39.173,106.806
1.022,55.751,38.995,107.404
0.895,56.724,38.881,107.643
1.421,61.565,39.197,107.028
1.181,57.463,39.167,107.200
1.345,56.635,39.075,107.369
0.940,60.141,38.919,107.506
0.807,56.233,38.808,107.751
1.128,58.307,38.668,107.928
1.587,54.948,38.583,108.200
1.444,58.629,38.506,108.329
1.332,56.386,38.468,108.452
1.682,55.118,38.349,108.700
1.765,53.144,38.361,108.744
1.598,55.639,38.288,108.783
1.601,52.844,38.269,108.813
1.776,55.709,38.251,108.814
1.958,52.797,38.248,108.817
2.112,55.896,38.218,108.791
2.077,51.950,38.190,108.827
2.107,56.082,38.173,108.871
2.132,51.996,38.190,108.930
2.240,55.829,38.217,108.943
2.601,53.016,38.310,109.201
2.764,57.773,38.983,108.373
1.519,53.755,39.377,108.498
-5.068,49.089,38.453,109.747
-3.157,51.848,38.042,109.982
-1.805,49.063,37.778,110.486
-0.682,51.523,37.679,110.635
-0.374,55.348,38.081,109.888
0.259,50.495,38.582,109.371
-0.178,53.367,38.790,109.009
-0.137,49.933,38.831,108.944
0.411,53.007,39.041,108.626
1.044,54.275,39.176,108.300
1.702,52.601,39.651,107.774
2.291,55.036,39.863,107.393
2.155,51.634,40.532,106.559
0.881,49.421,40.635,106.631
1.257,51.405,40.853,106.283
1.038,49.945,41.245,105.853
-5.224,45.779,40.862,106.297
-2.387,48.264,40.815,106.249
-1.057,49.421,40.898,106.122
-1.202,48.846,40.869,106.179
18.336,57.113,42.998,103.745
15.487,65.635,48.122,97.594
13.950,63.689,50.836,94.430
12.269,62.163,53.526,91.182
8.822,69.620,56.621,87.254
8.598,68.338,58.893,84.352
6.960,65.282,60.409,82.476
7.586,63.648,61.489,81.376
4.612,69.711,63.095,79.160
4.070,67.087,63.960,77.927
4.526,64.199,64.834,76.736
3.644,61.728,65.038,76.346
3.553,59.896,65.164,76.216
2.874,66.522,66.093,74.819
2.297,63.008,66.284,74.281
0.848,69.685,67.221,72.454
2.251,67.088,67.367,71.882
1.858,63.854,67.257,71.766
2.095,60.983,66.562,72.218
1.946,57.983,65.273,73.395
2.461,63.443,65.334,72.793
2.279,61.090,64.640,73.212
2.205,58.591,63.803,74.194
2.196,63.179,63.757,73.994
1.403,60.994,63.394,74.344
0.979,67.805,63.721,73.678
0.989,64.437,63.713,73.302
2.341,62.047,63.462,73.451
2.710,66.902,63.732,72.619
2.252,63.661,63.568,72.794
2.024,61.277,63.252,73.343
1.807,58.287,62.715,74.236
2.198,64.168,63.014,73.786
3.781,62.500,62.939,73.814
2.396,67.597,63.604,72.583
3.074,64.361,63.682,72.535
3.615,70.054,63.945,71.811
2.942,66.315,64.097,71.368
3.760,63.693,63.638,71.763
3.754,69.849,64.235,70.562
3.324,67.567,63.837,70.801
3.309,73.923,64.318,69.907
3.788,71.631,64.760,69.129
2.550,68.743,64.648,69.148
2.868,75.364,64.911,68.342
3.040,73.128,64.673,68.356
3.545,71.074,64.307,68.622
-9.895,62.240,59.884,73.654
5.225,69.183,60.318,73.381
4.930,76.529,61.484,71.616
5.088,75.221,62.275,70.632
3.381,82.271,64.016,68.247
1.892,81.593,64.337,67.356
4.668,80.303,64.252,67.152
2.492,87.155,65.182,65.536
2.495,85.514,65.289,65.046
3.819,84.008,65.041,65.290
-10.220,74.018,60.618,70.204
-7.750,73.150,56.270,75.370
-11.643,68.911,51.289,81.062
-8.233,67.486,46.503,86.786
-5.468,66.989,43.277,90.978
-3.985,67.647,41.414,93.085
-3.235,69.920,39.964,94.937
-2.067,73.624,38.848,96.726
-1.787,77.515,38.085,98.131
-1.250,79.794,37.652,99.097
-0.617,82.034,37.440,99.722
0.904,87.206,37.688,99.779
2.092,90.151,38.036,99.441
2.459,94.598,38.601,98.751
2.097,96.602,38.921,98.298
1.768,99.876,39.294,97.380
1.608,103.030,39.776,96.444
1.445,105.780,40.748,95.009
1.715,108.629,41.406,93.571
7.623,112.361,42.725,91.248
6.382,115.614,43.576,89.216
13.281,124.723,45.230,86.890
4.608,118.934,45.286,86.303
-3.031,113.839,43.428,89.009
-10.110,112.072,40.446,93.418
-9.544,108.846,38.257,97.186
-9.546,108.200,36.656,100.462
-8.829,104.731,35.601,102.711
-8.016,103.124,35.022,104.707
-7.363,102.289,34.969,105.657
-7.073,70.571,34.306,108.738
-6.663,68.901,33.998,110.867
-0.085,72.322,34.098,111.541
-0.593,73.010,33.811,113.126
-0.757,74.686,33.794,114.576
-1.327,70.465,33.972,115.852
-1.238,70.317,34.340,116.703
-1.824,68.598,35.140,117.318
-0.600,64.533,35.933,118.368
-0.297,61.299,36.847,119.741
0.292,59.905,37.732,120.862
5.420,61.740,38.648,120.718
2.788,60.943,39.411,121.791
3.126,52.757,41.579,119.394
3.211,51.026,44.014,116.302
4.977,55.806,44.767,115.464
4.684,52.912,46.191,113.524
3.923,51.200,48.240,111.113
3.840,49.316,49.562,109.419
3.324,53.769,50.506,108.337
3.082,50.857,52.116,106.656
-3.122,52.271,51.756,106.773
-1.887,47.865,52.455,105.145
-0.236,53.877,53.064,104.028
0.408,51.389,53.557,103.338
0.637,52.990,53.990,103.146
0.432,50.379,54.278,102.626
-6.824,53.384,53.782,102.786
-4.069,51.001,53.273,102.491
-2.216,52.393,53.286,102.641
-0.515,57.304,53.526,102.485
-0.439,51.824,54.172,101.925
0.089,54.077,54.580,101.490
1.060,56.057,54.938,101.263
1.576,59.809,54.987,101.421
0.813,56.805,55.221,101.101
0.641,52.774,55.600,100.774
0.276,57.267,55.775,100.868
0.558,54.283,55.488,101.383
-0.056,60.682,54.923,102.002
0.166,56.802,54.523,102.405
-1.717,53.290,54.196,103.139
-1.003,56.071,53.474,104.083
-2.086,57.656,52.082,106.377
-3.049,50.954,51.563,107.318
-3.968,53.293,51.024,108.157
-3.448,54.745,49.840,109.823
-2.673,55.213,49.042,111.281
-3.540,57.329,47.552,113.751
-3.721,58.800,46.025,116.368
-3.396,61.468,44.656,118.934
-4.673,65.082,43.219,121.752
-3.906,69.387,41.419,124.457
-4.306,69.070,40.115,127.600
-4.835,68.106,39.203,130.425
-6.491,65.652,39.159,132.993
-7.392,66.963,39.415,133.688
-7.577,65.572,39.398,134.977
-7.557,65.051,39.381,136.067
-7.566,63.660,39.678,136.598
-7.975,63.417,40.002,137.337
-8.903,64.288,40.229,138.377
-8.830,65.635,40.569,139.034
-8.905,64.956,40.662,140.405
-8.897,66.603,40.726,141.542
-9.256,65.900,40.956,142.885
-9.451,67.668,41.061,144.372
-9.660,67.488,41.333,145.880
-9.480,68.836,41.738,147.026
-9.342,68.453,42.348,147.444
-9.531,66.972,42.735,147.745
-9.609,64.875,42.989,148.380
-10.531,67.557,43.217,148.780
-11.248,66.995,43.671,149.054
-11.018,67.017,43.842,149.115
-11.063,69.434,43.993,148.878
-10.846,69.610,44.081,148.635
-10.901,61.845,44.161,147.938
-11.365,69.819,44.523,147.632
-11.543,67.266,44.770,147.017
-12.271,66.780,44.740,146.840
-13.055,66.221,44.831,146.931
-13.865,64.029,44.852,147.542
-14.382,63.196,44.788,147.810
-14.457,63.160,44.769,147.324
-14.542,61.780,44.580,147.273
-14.333,60.864,44.511,146.924
-14.801,58.269,44.514,146.342
-15.227,56.844,44.389,145.982
-15.124,55.515,44.291,145.590
-14.650,53.713,44.175,145.198
-2.075,50.741,44.705,144.155
-14.208,50.919,44.429,143.704
-14.373,49.831,44.110,143.273
-14.472,41.373,43.561,143.894
-14.611,44.991,43.034,144.886
-14.608,44.935,42.854,145.110
-14.801,45.351,42.770,145.229
-15.339,38.459,42.655,145.243
-15.953,40.114,42.484,145.709
-4.065,40.969,42.868,145.613
-3.564,41.544,43.040,145.733
-15.327,41.233,43.032,146.847
-16.208,34.176,43.480,146.087
-16.101,36.361,43.598,145.954
-15.834,37.948,43.781,145.859
-14.727,42.463,43.800,146.305
-14.468,46.498,43.526,147.350
-14.126,46.811,43.268,147.806
-13.710,45.430,43.073,147.901
-12.818,47.235,42.908,148.166
-11.943,46.860,42.763,148.523
-11.945,44.981,42.843,148.906
-11.499,45.061,43.121,149.185
-11.200,44.323,43.438,149.853
-10.074,43.057,43.943,150.305
-9.857,43.778,44.430,150.556
-10.560,41.928,45.013,151.053
-10.723,42.423,45.654,151.651
-11.105,42.063,46.142,151.920
-11.126,41.548,46.726,152.025
-11.057,40.121,47.095,151.907
-9.733,39.648,46.922,152.705
-9.537,40.780,46.881,152.353
-9.620,41.612,46.822,152.087
-8.824,40.566,46.728,152.044
-8.852,40.575,46.784,151.669
-8.229,39.786,46.879,151.426
-7.846,42.165,46.950,150.325
-7.519,45.140,46.829,150.012
-7.648,41.543,46.803,151.051
-7.046,43.722,47.234,150.846
-7.078,42.544,47.515,151.189
-7.255,43.559,47.731,151.630
-7.577,39.573,47.893,152.721
-7.087,38.456,48.300,152.817
-6.564,40.729,48.495,152.951
-6.793,41.473,48.774,153.048
-7.502,39.302,49.165,153.309
-7.506,38.908,49.330,153.249
-7.196,39.994,49.399,153.493
-6.642,34.545,49.381,154.848
-6.120,33.061,49.931,154.921
-5.882,33.934,50.326,154.534
-5.604,33.620,50.666,154.700
-5.320,32.031,51.015,154.884
-5.667,32.006,51.568,155.034
-5.105,29.564,52.340,155.490
-5.040,29.152,52.544,156.265
-4.613,27.135,53.158,156.527
-5.397,26.647,53.744,156.829
-5.002,23.553,54.388,156.954
-5.481,23.747,55.463,156.443
-6.216,23.504,56.541,156.062
-6.510,22.422,57.407,156.012
-6.254,21.331,57.929,156.945
-6.900,21.200,58.737,156.830
-5.298,18.925,58.944,157.678
-4.605,17.014,59.385,158.232
-5.900,16.168,59.817,157.925
-5.703,14.752,59.973,158.319
-5.192,13.579,59.937,158.600
-4.917,11.446,59.993,158.679
-5.540,11.516,60.644,158.337
-5.445,11.611,60.689,158.853
-5.622,9.532,61.200,159.309
-5.281,10.008,61.507,159.450
-3.272,12.878,63.473,158.047
-5.004,10.495,65.229,157.658
-5.925,12.434,66.230,157.546
-4.470,9.986,67.520,157.655
-6.710,8.811,69.047,157.572
-6.058,9.497,69.860,158.234
-6.658,7.283,70.513,159.355
-5.706,8.912,70.760,159.806
-6.012,7.691,71.266,161.385
-5.923,8.665,72.083,161.666
-5.931,6.859,72.961,162.129
-6.194,10.954,73.679,161.946
-6.725,11.494,74.499,161.723
-5.497,11.358,75.588,161.877
-6.298,12.409,76.489,162.036
-5.540,14.218,77.065,162.625
-5.512,16.160,77.000,163.519
-4.904,16.274,77.170,164.533
-3.470,14.532,77.005,165.867
-3.740,16.520,77.754,165.952
-3.902,17.038,77.958,166.538
-2.933,13.599,78.623,166.921
-1.770,13.888,79.388,167.122
-1.919,15.776,79.947,167.251
-1.831,15.819,80.784,167.096
-1.560,17.192,81.837,166.479
-0.352,15.555,82.438,166.975
-0.178,16.950,83.159,166.768
0.500,20.328,83.394,166.685
1.608,21.505,84.004,166.124
3.045,23.334,83.711,166.553
3.705,22.419,83.691,167.112
5.009,19.720,83.811,167.845
5.924,16.756,83.782,168.740
6.336,18.524,84.880,167.991
6.970,20.144,86.207,166.407
7.708,19.960,86.695,165.913
8.746,23.346,87.197,165.254
10.525,25.610,87.151,164.479
12.564,25.985,87.024,164.307
23.975,22.033,86.691,163.617
20.765,23.666,87.652,162.126
23.142,23.568,86.852,161.917
24.363,23.724,86.475,161.530
25.693,23.265,86.124,161.331
25.296,23.929,86.460,160.302
27.099,22.258,85.803,160.644
27.836,23.506,85.662,160.247
28.668,23.070,85.609,160.095
30.903,23.671,85.019,159.947
32.587,21.366,84.993,159.590
34.449,22.297,84.820,159.124
36.610,22.949,84.308,158.923
39.125,25.020,84.292,158.561
41.880,24.101,83.690,159.136
44.274,21.946,82.688,159.764
47.478,24.932,82.470,159.759
47.413,26.224,82.389,159.984
49.854,23.246,82.080,159.525
52.176,20.708,81.958,159.605
51.410,25.275,82.022,158.563
52.715,25.010,81.940,158.613
54.570,24.680,81.725,158.892
53.985,26.113,81.908,158.627
54.538,26.584,81.916,159.026
55.402,26.591,82.005,158.783
56.061,27.530,81.715,159.002
57.850,26.424,81.378,159.197
58.770,26.473,80.697,159.162
57.099,23.302,81.076,157.016
58.678,24.510,80.955,156.939
61.091,28.090,80.457,157.400
60.160,25.037,79.845,158.170
60.929,26.476,79.348,159.198
59.116,22.342,79.048,159.575
58.440,20.862,79.176,159.960
58.017,20.747,79.117,159.695
56.823,20.771,79.043,159.853
55.607,20.816,79.028,159.695
55.032,20.569,78.781,159.565
54.277,19.018,78.516,159.535
54.464,20.653,78.674,158.501
50.324,19.493,79.445,157.000
49.849,21.072,79.449,156.318
47.418,19.992,79.777,155.987
46.420,22.260,79.813,155.729
44.905,22.726,79.682,156.279
43.929,23.504,79.492,156.419
44.014,26.732,79.677,155.501
44.114,26.473,79.511,156.298
44.658,28.991,79.301,156.741
42.401,25.133,79.443,156.522
41.549,26.051,79.457,156.361
41.626,29.167,79.971,155.806
40.131,24.014,80.206,153.889
40.324,27.747,80.206,153.357
40.358,28.475,80.173,154.136
39.456,29.253,80.257,154.623
40.709,30.163,80.225,154.733
41.486,30.603,79.993,155.348
42.027,31.788,79.623,155.767
41.339,26.366,79.917,153.908
41.314,28.773,79.833,153.359
42.598,29.253,79.981,153.477
41.979,31.010,79.789,153.947
41.687,31.382,79.761,154.458
41.840,32.022,79.683,154.636
40.450,25.963,80.074,153.024
39.564,27.978,80.266,152.375
40.546,30.093,80.220,152.202
39.747,29.008,79.958,152.924
38.478,27.835,79.531,153.741
37.744,27.443,79.248,154.312
35.124,25.114,79.474,154.532
32.640,23.947,79.369,155.063
30.084,25.579,79.432,155.051
28.566,29.647,80.208,153.709
27.200,29.776,80.100,154.331
23.970,26.797,80.818,154.337
20.421,24.990,81.265,154.271
18.099,25.910,81.861,153.707
15.150,25.957,82.468,152.843
11.695,26.939,83.428,152.297
7.067,26.641,84.502,151.837
5.581,28.426,83.841,152.441
2.468,30.632,84.310,152.544
0.229,29.326,84.146,153.593
-2.129,31.548,84.068,154.354
-4.653,33.918,83.440,155.287
-4.877,33.882,81.961,157.478
-7.293,34.465,81.861,158.207
-8.490,35.613,81.683,159.128
-8.766,38.701,81.342,159.528
-9.289,39.942,80.586,159.928
-9.553,42.340,79.758,159.559
-8.884,44.647,78.275,159.545
-8.815,52.878,75.184,162.214
-7.447,52.048,72.789,163.950
-5.669,51.897,71.989,163.227
-4.823,54.823,70.158,163.389
-4.695,57.800,70.159,162.902
-5.584,56.844,70.691,161.168
-8.023,54.801,71.070,160.322
-9.281,63.184,71.067,159.333
-9.509,63.905,71.037,158.754
-10.457,65.753,70.698,158.220
-11.842,67.132,70.478,157.279
-11.942,68.104,69.750,157.208
-11.285,68.470,69.058,156.531
-9.665,70.245,68.091,155.390
-10.684,68.747,65.881,156.707
-12.462,68.031,64.254,156.828
-10.793,69.923,64.473,155.361
-12.389,68.968,63.068,156.368
-10.038,68.966,61.016,157.879
-10.155,71.460,59.831,158.708
-9.228,70.365,58.910,160.257
-8.216,70.934,58.377,161.005
-8.924,70.050,58.724,160.540
-8.947,70.828,58.699,159.397
-8.711,72.661,58.691,158.279
-9.235,76.714,58.033,156.974
-9.750,82.463,57.156,156.211
-9.459,84.528,55.891,156.757
-8.495,86.459,54.753,156.586
-8.366,87.061,53.852,157.239
-9.469,87.439,53.735,156.697
-11.017,89.657,53.790,156.001
-12.738,90.456,53.912,155.875
-13.912,91.765,53.762,155.708
-15.268,94.878,53.610,155.340
-16.482,97.181,53.298,155.035
-17.483,100.563,53.122,154.682
-18.482,102.908,52.645,154.784
6.536,115.807,55.758,150.758
5.512,115.163,58.109,147.740
4.035,117.213,60.617,144.515
3.231,116.795,62.308,142.455
22.560,135.747,72.934,131.067
17.558,140.316,81.263,122.042
14.508,143.403,87.095,116.002
10.587,144.431,91.306,111.697
8.718,145.646,93.892,108.867
7.964,149.184,95.927,107.240
8.165,149.661,98.045,105.089
7.384,150.914,98.376,104.433
4.710,152.217,98.467,103.945
4.662,152.584,98.919,103.029
4.552,152.461,99.370,102.158
4.815,152.757,99.554,101.511
4.674,152.512,99.387,101.026
5.299,159.374,98.649,100.822
6.237,155.710,97.793,100.873
3.430,153.110,96.268,101.723
3.378,151.058,95.083,102.090
4.250,151.141,93.607,103.248
4.591,151.491,92.244,104.355
5.684,150.576,90.780,105.444
4.986,149.809,89.935,106.294
4.162,158.552,89.657,105.766
1.717,156.664,89.147,105.810
5.765,153.305,87.925,106.774
-1.845,148.463,83.420,112.868
-0.288,144.210,80.045,117.515
0.127,140.771,77.826,120.746
1.180,139.182,76.133,123.423
1.103,139.699,73.748,127.086
0.842,140.230,71.920,130.398
-0.760,138.922,69.881,133.587
-0.965,139.895,67.927,136.463
-4.279,136.433,66.384,138.425
-3.791,135.640,63.477,142.053
-3.098,134.929,60.919,145.341
-3.201,133.406,59.190,147.305
-4.850,131.216,57.415,149.007
-5.729,131.550,55.553,150.645
-5.918,132.794,54.148,152.261
-6.450,133.654,52.298,153.529
-8.770,131.916,50.847,153.805
-9.844,132.770,49.378,154.226
-10.602,134.910,47.942,155.156
-10.752,136.790,46.704,155.367
-10.634,137.051,45.840,154.775
-10.589,138.241,45.053,153.821
3.926,142.387,47.761,149.894
5.816,136.951,49.249,148.060
4.424,138.722,50.298,146.961
2.699,138.716,51.019,146.578
1.991,140.478,51.711,146.204
54.519,147.237,55.399,140.607
54.302,149.179,57.615,137.632
51.451,151.624,59.740,135.095
48.534,149.651,60.975,133.813
46.197,151.775,61.315,133.545
41.759,153.710,62.115,132.880
38.092,155.785,62.357,133.202
33.177,154.287,62.683,133.387
26.944,154.428,63.089,133.136
21.815,154.065,63.866,132.688
16.059,155.115,64.970,132.470
11.685,155.834,65.112,133.688
6.913,153.339,65.353,135.073
4.440,148.341,64.602,137.013
-6.770,148.146,61.432,141.333
-5.563,148.166,58.220,144.589
-4.770,147.245,56.002,147.291
-14.495,147.860,53.052,150.582
-12.361,146.703,51.006,152.171
-10.255,146.975,49.823,153.392
4.224,142.632,52.293,151.940
2.630,140.157,53.939,152.285
2.295,137.210,54.874,153.921
2.683,130.962,54.891,157.841
2.172,126.466,55.006,161.462
1.887,110.424,56.959,160.803
2.290,110.031,58.924,159.932
0.807,104.806,59.217,161.553
-0.600,105.556,61.145,160.534
-0.680,104.402,62.577,160.457
1.130,102.216,63.842,160.646
2.823,101.010,66.353,160.122
1.953,102.405,68.600,160.662
-0.066,120.925,69.945,161.183
-1.403,124.839,70.118,162.932
-2.345,140.576,70.051,164.609
-2.444,140.493,69.693,166.537
-3.536,142.779,69.307,168.540
-3.577,141.256,68.710,170.920
-4.439,141.679,68.370,171.626
-3.916,143.786,67.947,171.444
-4.064,143.267,67.706,170.713
-4.107,144.821,66.832,169.826
-3.541,142.375,66.596,169.296
-4.262,141.970,65.162,169.552
-5.495,140.531,63.667,170.273
-6.653,137.528,62.928,170.615
-7.792,136.992,61.666,171.206
-7.692,132.987,60.680,171.051
-8.305,128.428,60.051,171.142
-8.645,124.836,59.815,171.035
-7.884,122.499,59.627,170.611
-8.065,129.294,59.323,170.339
-7.661,126.566,59.181,169.883
-7.640,134.120,58.998,169.534
-6.785,139.092,58.924,169.390
-7.667,135.444,58.987,169.133
-8.164,142.157,58.908,168.850
-8.059,146.949,58.747,168.572
-7.483,143.536,58.987,167.810
-7.628,145.029,60.386,165.350
-6.908,146.768,61.109,164.007
-7.656,146.308,62.492,161.995
-17.807,163.838,60.474,164.583
-4.866,149.105,61.828,162.866
-14.532,168.974,60.065,164.513
-12.349,159.192,58.651,166.176
-9.641,163.318,57.323,167.462
-7.765,156.901,56.689,167.922
-6.711,160.200,55.938,168.743
-6.079,156.566,56.291,168.317
-4.368,159.818,56.220,168.923
-5.466,154.361,56.626,168.474
-4.091,157.347,56.331,168.936
-2.040,162.409,56.363,169.034
-1.756,155.046,56.691,169.210
-2.167,150.996,57.404,169.339
-1.840,158.221,57.841,168.725
-2.932,159.913,57.929,168.840
-1.580,165.433,57.902,168.802
-1.997,159.593,58.576,168.505
-1.579,165.009,58.468,167.952
-0.161,161.149,58.616,168.441
0.964,165.407,58.234,168.883
1.212,159.356,58.423,167.801
0.338,163.449,57.922,168.412
2.007,161.390,58.445,167.935
2.490,155.747,58.240,168.475
4.838,143.606,58.608,168.036
6.212,137.604,59.470,168.041
8.518,139.683,60.461,167.790
9.695,143.996,61.107,167.822
9.750,137.140,62.827,166.270
9.638,142.666,64.030,164.897
8.677,137.002,64.263,165.320
8.627,141.654,64.079,166.221
9.366,146.979,64.853,165.031
7.610,133.176,64.852,166.757
3.863,124.664,64.936,168.615
4.928,124.225,64.733,171.773
4.619,127.397,64.113,173.510
2.770,130.315,63.577,173.518
0.782,121.914,63.693,174.071
-1.868,123.215,64.042,174.003
-4.611,137.440,64.077,173.640
-4.821,141.898,63.487,174.232
-5.025,135.956,63.371,173.899
-4.693,131.170,62.974,173.896
-4.751,129.935,63.013,173.230
-3.393,127.127,62.457,173.923
-2.644,124.929,61.823,174.374
-2.172,122.666,61.288,174.072
-1.889,129.397,60.778,173.624
0.026,124.724,60.716,172.806
1.380,111.345,60.580,172.982
1.971,110.626,60.983,173.249
2.508,110.194,61.517,173.214
4.796,96.646,62.038,173.698
6.134,98.972,62.035,173.341
6.174,104.473,62.455,172.393
5.962,108.175,62.600,171.869
6.112,108.228,62.913,171.276
5.261,110.561,63.165,170.513
3.896,108.832,63.109,170.212
3.949,107.400,62.776,170.286
3.272,106.896,62.536,170.087
3.399,105.160,62.106,169.611
3.868,106.207,61.824,168.996
3.507,105.966,61.618,168.831
3.551,105.164,60.949,168.837
3.779,105.001,60.349,168.896
5.231,105.867,59.958,168.949
4.502,106.339,59.866,168.600
4.796,108.528,59.907,168.172
5.767,107.780,59.879,168.228
6.502,114.348,59.687,167.723
6.734,109.220,59.897,167.348
6.461,112.168,60.082,167.551
6.433,98.235,60.623,167.562
6.574,96.678,61.010,167.568
6.806,95.613,61.402,167.714
6.199,96.235,61.837,167.715
6.413,96.509,62.187,168.443
5.481,95.320,62.500,168.826
5.729,96.177,62.976,169.511
5.326,97.520,63.373,170.220
4.809,97.037,63.634,170.856
4.608,99.503,63.874,171.576
4.303,99.562,64.121,172.257
4.230,102.006,64.217,172.688
3.632,106.012,64.414,172.921
2.051,109.190,65.563,172.153
1.042,110.724,66.636,171.593
1.478,113.247,67.692,171.177
1.339,116.972,68.891,170.513
2.621,118.182,70.249,169.732
4.218,120.955,71.510,169.170
5.442,119.183,70.590,171.287
71.055,132.323,69.882,172.253
84.655,125.002,71.439,173.170
81.125,122.564,72.478,174.869
80.571,120.947,72.442,177.497
75.793,131.043,73.822,178.247
62.884,132.589,72.801,179.720
64.994,144.640,72.217,180.337
80.312,151.604,74.968,176.693
81.221,146.060,77.365,174.346
82.550,149.026,77.886,172.789
107.256,197.947,97.995,152.356
109.901,208.561,117.232,134.669
121.238,217.125,135.083,119.968
115.744,223.986,148.634,109.615
134.994,226.325,157.655,102.438
155.837,226.857,162.682,98.081
179.649,227.224,167.162,94.630
200.114,227.384,170.938,91.907
220.458,228.290,172.386,90.778
250.325,228.790,176.485,88.253
255.781,228.253,175.900,88.882
263.785,228.583,175.697,89.485
250.791,216.982,178.215,88.027
366.680,163.690,154.965,109.692
379.397,149.535,134.350,130.907
387.679,137.063,117.058,149.895
394.711,128.595,103.186,165.134
400.195,123.397,92.855,176.237
403.995,122.475,85.999,182.416
408.641,124.300,81.996,185.719
411.377,116.225,77.409,189.519
412.644,111.864,74.082,192.190
413.366,109.263,71.515,194.427
415.547,111.875,69.270,194.693
414.472,109.496,67.975,195.551
414.843,109.733,66.641,195.895
415.652,109.148,65.655,195.171
417.568,109.546,64.515,194.210
418.147,112.788,63.925,194.190
416.521,115.058,64.031,193.358
416.212,119.839,64.285,191.078
416.185,117.879,63.960,190.153
414.891,120.454,64.195,188.361
412.328,124.545,64.434,187.846
413.353,125.033,64.513,187.204
414.111,118.926,64.167,186.855
415.155,115.064,64.066,187.289
411.963,109.815,64.497,187.647
407.801,110.935,64.644,189.784
405.907,110.528,64.168,191.703
405.965,111.656,64.260,192.432
405.264,111.510,64.456,193.087
405.369,107.539,64.620,192.881
405.503,106.810,64.694,193.543
406.079,107.891,64.986,194.141
406.524,105.567,65.558,194.556
406.848,105.603,65.880,195.732
406.610,106.684,66.414,196.745
405.291,105.591,66.719,198.000
403.842,103.937,67.176,199.422
402.194,103.004,67.838,200.782
400.717,102.824,68.497,202.296
399.577,101.365,68.938,203.772
398.801,100.411,69.311,205.397
397.905,97.639,69.786,206.752
398.072,95.454,70.482,207.170
398.639,93.768,71.140,207.103
398.733,92.072,71.669,207.138
398.861,89.679,71.833,207.690
399.976,87.561,71.645,208.525
400.691,86.963,71.395,209.564
401.408,86.736,70.997,210.988
400.936,86.795,70.746,212.322
401.159,86.225,70.456,214.262
399.708,87.090,70.458,215.725
397.918,88.302,70.518,217.612
396.668,88.670,71.015,219.055
394.057,90.355,71.800,219.918
392.348,88.104,72.564,220.195
390.129,87.038,74.154,218.781
388.691,90.031,75.306,218.520
389.269,85.523,76.403,218.353
387.719,86.469,77.304,217.378
384.078,92.814,78.780,216.817
379.856,96.330,81.148,215.570
380.140,97.007,82.414,215.321
377.472,92.472,83.493,215.276
374.676,87.349,83.739,217.059
369.627,82.352,84.830,217.369
366.424,84.189,85.562,219.131
365.597,79.805,86.769,222.062
361.605,83.815,88.494,223.159
357.450,81.400,89.474,224.710
352.037,80.200,90.561,226.508
347.405,76.171,92.074,227.301
345.011,80.419,93.119,228.683
340.035,79.223,95.634,228.549
338.249,74.689,96.410,229.262
333.278,79.625,99.918,226.929
327.361,75.512,102.949,226.199
325.498,72.359,102.337,226.602
325.554,73.505,102.691,227.521
321.480,72.355,104.446,229.892
315.561,66.669,103.648,231.821
312.960,62.853,101.886,234.202
305.866,65.662,100.469,235.726
298.648,56.343,100.763,234.568
295.116,67.002,99.290,234.615
294.233,64.587,98.447,232.351
292.541,64.718,97.947,230.060
288.185,66.399,96.697,228.819
282.742,65.771,96.265,225.899
279.586,75.017,95.437,225.420
275.662,71.822,95.698,222.903
271.100,74.240,96.017,220.493
266.751,75.752,95.864,218.684
263.640,74.718,95.558,218.026
260.747,77.023,95.629,217.047
261.075,75.894,94.316,217.204
260.689,79.061,93.192,216.151
259.489,81.093,92.752,214.436
256.768,80.776,92.794,213.652
253.726,80.910,92.956,213.323
250.675,79.832,93.127,212.980
248.565,78.396,92.502,213.527
245.614,81.526,91.488,214.508
244.193,81.945,90.819,216.602
243.470,82.161,90.300,217.959
242.058,81.084,89.686,219.405
241.113,85.162,89.290,220.848
239.812,85.544,90.014,220.584
237.777,82.147,90.658,220.777
237.021,87.694,90.417,220.632
235.765,86.694,90.761,221.163
235.771,89.744,90.932,222.114
235.176,91.786,91.221,223.315
234.627,88.817,91.779,222.843
234.237,94.616,92.031,222.285
233.887,97.348,91.680,222.813
232.686,94.086,91.025,224.505
231.463,96.931,89.945,225.414
231.678,100.257,90.277,225.158
231.785,98.840,90.123,226.085
229.200,99.125,90.879,225.695
229.608,103.827,91.423,224.385
229.983,104.019,91.850,223.240
230.504,106.417,92.734,220.958
229.088,116.271,95.910,216.383
231.136,114.339,95.363,216.126
232.491,114.758,94.872,215.307
231.759,113.368,94.946,215.688
231.541,118.929,95.172,216.553
231.331,114.267,95.273,217.964
231.126,113.208,95.905,218.700
231.538,117.801,95.786,219.674
231.252,112.618,96.303,218.162
229.664,112.537,95.983,218.438
226.416,114.349,97.042,218.483
224.483,111.409,96.846,218.385
222.357,113.098,97.078,218.612
219.445,113.317,97.656,218.980
218.529,112.111,97.362,219.553
217.119,113.380,97.696,220.614
215.863,113.326,97.984,221.629
213.457,108.374,97.969,222.679
211.295,106.564,97.017,225.251
209.970,108.497,96.655,226.687
209.541,108.618,96.579,228.194
207.958,106.384,95.388,229.417
206.699,96.400,94.445,230.877
203.070,94.004,93.107,234.290
201.827,93.853,92.445,236.381
202.673,89.980,92.320,236.375
200.038,97.647,96.481,230.826
199.724,93.811,96.007,231.693
196.929,85.172,95.162,233.555
189.265,101.905,100.549,228.534
185.491,94.947,102.473,228.653
181.791,79.887,101.159,232.099
183.899,65.112,99.533,238.275
185.965,49.580,97.816,246.337
187.616,53.839,98.469,246.753
192.475,48.834,96.208,251.108
199.221,42.817,94.297,256.595
202.775,35.373,94.056,260.112
205.245,32.873,94.364,265.164
206.967,25.119,95.323,268.501
207.467,20.240,94.994,273.530
184.978,38.765,97.269,269.908
185.552,29.515,97.401,268.613
184.054,19.743,95.968,270.189
182.809,39.710,97.094,266.943
183.473,36.527,98.224,263.089
184.493,36.610,97.242,262.430
184.922,33.985,97.846,260.034
181.464,36.573,96.960,259.007
183.886,38.958,96.497,256.923
180.643,39.483,96.689,252.980
179.730,43.698,96.979,248.360
178.047,43.853,96.907,244.783
175.439,43.669,96.934,242.110
172.688,45.844,96.274,240.143
168.532,52.195,98.462,236.005
166.335,57.527,97.005,234.891
164.101,58.046,95.883,232.624
162.216,60.412,95.178,229.687
160.918,62.257,95.081,226.127
159.251,51.329,93.319,225.657
157.110,53.219,92.930,220.966
157.361,54.835,91.842,219.059
157.016,51.576,91.120,217.798
155.886,51.301,90.414,216.671
156.539,45.986,89.413,217.098
158.169,49.328,88.439,217.023
157.744,50.681,88.165,216.608
157.870,48.213,88.313,216.621
158.483,53.754,88.260,216.501
156.778,47.613,88.415,215.145
155.734,49.834,88.214,214.553
156.405,50.639,87.613,213.727
157.700,52.510,87.424,212.612
156.557,54.957,89.496,209.821
157.866,61.210,91.443,206.935
156.198,65.636,92.814,204.108
156.791,66.781,94.675,200.787
156.357,71.080,95.471,198.310
155.926,70.506,96.207,196.966
157.657,69.662,96.079,196.742
160.022,68.794,95.695,196.664
165.836,69.201,93.045,198.758
170.054,77.067,93.267,198.101
172.403,69.265,91.368,200.137
176.440,87.884,91.601,199.123
177.630,88.610,91.661,197.686
178.490,88.535,91.478,196.887
179.849,91.165,91.111,196.618
181.609,93.064,90.962,195.421
183.043,89.094,88.923,196.323
180.841,97.301,88.985,194.794
183.241,91.752,87.747,195.212
181.218,100.370,87.870,194.439
183.656,105.336,87.930,193.684
183.244,104.670,87.677,192.903
184.430,110.791,87.658,191.899
184.635,101.025,86.594,192.895
186.022,96.165,85.737,193.531
184.814,110.836,85.847,193.408
187.623,108.443,84.420,195.117
187.528,104.016,83.720,195.497
190.064,99.606,82.762,195.962
189.519,113.312,83.105,194.899
192.321,108.444,82.203,195.529
192.140,102.420,81.945,195.121
190.965,114.303,82.244,194.138
192.606,110.390,81.735,193.917
332.936,125.947,81.496,187.590
331.994,127.816,82.100,182.672
331.836,132.355,81.704,179.346
333.754,137.606,81.060,175.418
331.119,141.015,81.377,170.543
329.200,145.012,80.448,167.308
327.139,144.256,79.395,164.962
325.913,153.844,78.409,162.735
325.990,151.980,77.086,160.399
323.440,156.782,76.218,158.535
322.071,158.664,74.942,156.374
320.402,163.906,74.075,155.066
319.560,162.288,73.831,151.455
319.003,169.669,72.859,150.216
318.525,166.677,71.876,148.390
318.578,172.496,71.298,146.950
315.897,171.192,71.487,144.743
314.858,176.328,71.205,143.578
313.179,174.605,71.140,141.355
310.371,177.250,70.939,139.326
308.379,178.069,70.129,138.170
305.896,182.264,69.305,137.298
302.957,179.167,68.182,136.451
301.386,180.840,66.323,137.320
299.544,184.085,65.375,137.180
297.691,183.645,64.266,136.694
295.828,185.236,63.125,136.335
292.606,181.781,62.294,135.655
290.310,186.069,61.808,135.276
286.177,183.850,61.322,134.548
285.788,187.509,60.806,134.350
281.320,184.988,60.544,133.833
281.355,186.770,59.984,134.161
277.867,182.410,59.342,134.474
277.462,187.691,58.656,135.389
274.416,183.269,58.536,134.441
271.804,188.961,58.536,133.642
269.990,182.154,57.533,132.875
269.032,189.805,57.718,131.890
264.566,187.205,57.624,130.558
263.018,194.253,57.902,128.780
259.710,190.539,57.711,126.733
258.328,197.798,57.737,125.196
254.120,193.734,57.074,124.663
252.797,197.766,56.559,124.501
250.028,197.234,56.261,123.934
248.466,196.321,55.693,123.773
247.238,197.499,55.356,124.335
243.940,197.516,55.289,124.881
241.829,201.288,55.282,124.905
239.376,199.955,55.643,124.032
236.369,202.715,55.669,124.060
234.518,200.814,56.184,122.913
230.780,199.893,56.259,123.082
227.745,200.307,56.681,122.740
225.874,197.726,56.763,122.740
224.811,199.714,56.740,122.904
