167.000,69.000,24.000,127.000
164.261,72.457,27.738,122.804
162.234,74.108,30.613,120.247
164.297,78.434,31.963,119.553
165.530,76.655,32.937,119.250
166.384,76.912,33.732,118.065
167.727,78.102,34.124,117.865
169.057,77.167,34.406,118.051
170.127,78.775,34.754,118.052
170.973,79.040,34.951,118.156
171.180,80.109,35.205,118.112
171.579,79.656,35.309,118.047
172.069,78.942,35.526,118.217
173.648,79.368,35.670,118.546
174.004,79.147,35.820,118.717
174.974,79.477,35.973,118.881
174.582,79.350,36.154,119.143
174.720,79.730,36.126,119.797
173.350,80.369,36.322,120.004
172.861,80.985,36.604,120.421
171.784,82.462,36.865,120.531
171.472,83.838,37.257,120.127
169.570,92.390,37.904,119.376
169.004,91.501,38.280,118.683
178.107,77.675,38.178,118.778
178.220,84.200,38.104,118.591
178.989,82.541,37.890,119.117
180.418,82.304,37.662,119.268
181.375,74.729,37.868,118.443
180.261,76.009,38.057,117.824
178.181,74.734,38.375,117.775
178.288,69.886,38.436,117.954
178.009,70.697,38.814,117.499
177.837,71.418,38.954,117.318
178.627,70.765,38.983,117.596
179.891,71.117,38.849,118.419
179.085,70.347,39.040,119.062
180.538,71.143,39.141,119.403
180.949,71.023,39.153,119.994
181.835,70.345,39.221,120.831
182.153,69.573,39.408,121.738
182.693,69.405,39.556,122.610
182.894,69.722,39.677,123.460
183.607,70.107,39.853,123.935
184.139,69.687,40.003,124.359
184.347,70.393,40.348,124.486
184.961,69.630,40.590,124.758
185.013,69.902,40.689,125.203
185.694,70.133,40.703,125.729
184.963,68.912,40.811,126.277
186.179,69.048,40.828,126.539
185.916,68.920,41.135,126.023
185.091,70.699,41.460,125.312
184.529,69.632,41.650,125.296
184.640,67.703,41.773,125.374
185.017,69.090,41.982,125.067
186.215,71.679,41.459,126.330
186.575,73.779,40.834,127.073
187.423,76.317,40.594,127.184
189.244,71.302,40.526,127.680
190.056,73.248,40.506,127.627
189.950,74.858,40.464,127.531
189.400,75.401,40.597,126.989
188.656,78.750,40.615,126.521
187.328,76.750,40.619,125.425
186.456,80.618,40.492,124.685
185.093,81.265,40.260,123.942
183.298,77.675,40.136,123.156
181.590,79.769,40.003,122.263
179.192,79.000,40.071,121.049
177.163,79.765,39.822,121.088
176.787,79.760,39.637,120.719
175.850,81.292,39.554,120.181
175.414,81.099,39.037,120.745
175.224,82.612,38.613,121.505
174.978,89.746,38.509,120.760
174.319,88.903,38.354,120.573
174.933,88.066,38.203,120.836
175.452,87.334,38.581,120.575
175.785,85.957,38.586,120.152
176.418,90.739,38.833,118.057
176.269,87.736,38.691,117.206
176.297,83.990,38.380,116.882
176.572,81.242,38.106,116.596
176.405,77.148,37.894,116.573
177.545,74.131,37.784,116.050
179.237,70.475,37.763,115.423
180.753,69.396,38.103,114.140
181.896,68.854,37.889,113.716
183.201,69.358,37.764,113.148
183.996,66.003,37.211,113.591
183.837,66.546,36.841,113.658
184.694,64.924,36.325,114.199
185.207,62.731,35.781,114.912
185.231,60.717,35.530,115.208
185.375,62.123,35.339,114.857
185.660,61.944,35.231,114.883
185.851,63.924,35.317,114.379
186.842,64.891,35.213,114.605
186.463,63.999,35.142,114.615
187.113,66.757,35.112,114.379
187.185,70.127,35.291,113.919
187.218,69.056,35.457,113.651
185.956,69.684,35.805,112.851
184.752,67.737,35.834,112.656
184.620,70.273,35.912,112.294
184.670,70.263,35.905,112.189
183.959,70.816,36.027,111.824
183.644,69.449,36.028,111.522
182.874,70.370,36.180,110.517
183.532,69.423,35.685,110.769
183.221,70.811,35.636,110.590
182.818,70.982,35.348,110.788
183.196,71.986,35.200,110.761
183.942,72.616,35.175,110.659
183.276,73.933,35.079,110.646
183.259,70.434,34.927,111.117
182.930,69.159,34.872,110.994
183.253,70.253,34.851,110.567
183.919,71.209,34.654,110.339
184.102,72.611,34.531,110.234
183.796,74.051,34.337,110.194
184.433,72.169,34.048,110.273
184.698,71.947,33.929,109.871
185.044,72.595,33.802,109.834
185.133,73.624,34.000,109.578
185.901,74.627,33.866,109.675
186.161,74.211,33.846,109.724
185.878,74.526,34.025,109.539
185.463,74.608,34.270,109.279
184.499,73.584,34.600,109.278
184.188,71.733,34.813,109.495
183.882,72.714,35.162,108.923
184.195,72.953,35.299,109.115
184.078,72.092,35.440,109.151
183.045,75.845,35.819,108.726
182.443,73.448,35.829,109.120
181.724,70.631,36.025,109.400
182.061,71.088,36.344,109.264
181.510,71.935,36.798,108.724
188.540,72.029,36.456,109.043
186.463,70.068,36.472,109.376
185.107,69.379,36.838,109.675
192.087,69.443,36.533,109.776
190.342,68.544,36.388,109.812
189.162,69.842,36.465,109.869
197.284,69.892,36.184,109.700
172.206,65.439,41.864,102.396
169.741,69.704,44.708,99.028
196.517,71.473,42.862,100.489
196.477,80.215,41.346,102.013
197.265,79.570,39.831,103.466
198.698,78.470,38.292,104.846
199.282,76.278,37.382,105.082
200.275,75.479,36.576,104.961
199.515,78.865,37.495,102.263
198.471,80.637,38.530,99.842
195.731,81.077,39.625,97.608
193.049,81.993,40.858,95.826
191.342,83.311,41.895,94.428
186.881,86.437,47.150,88.952
185.344,87.930,49.922,85.681
184.241,78.299,49.321,86.295
183.606,88.133,51.919,83.134
183.169,90.783,54.928,79.673
182.089,93.330,58.105,76.554
180.820,96.284,60.889,73.757
174.907,98.497,62.088,71.322
174.454,100.040,63.334,68.917
174.045,96.751,64.342,66.775
174.870,93.091,64.945,65.356
175.586,89.603,65.349,64.311
173.993,87.204,66.130,63.097
194.803,113.436,61.611,66.605
197.884,111.212,57.643,69.906
199.433,109.063,53.085,74.229
202.729,103.631,48.099,79.529
205.537,95.686,44.331,83.949
208.714,92.336,41.176,87.754
211.795,90.145,38.715,90.750
213.966,87.620,36.935,93.111
216.532,85.798,35.236,95.689
218.039,84.019,34.250,96.995
218.859,82.784,33.459,98.167
219.760,82.382,32.789,99.277
220.118,82.002,32.501,99.763
220.230,80.689,32.244,100.413
220.447,79.158,32.214,100.516
220.909,76.813,32.365,100.554
220.676,75.692,32.665,100.211
220.182,74.977,33.069,99.543
218.934,75.256,33.706,97.983
218.264,77.033,34.331,95.876
217.817,79.586,34.646,94.151
216.385,82.054,35.649,91.431
214.385,83.279,36.352,89.274
213.278,83.777,35.946,88.847
212.567,83.992,35.513,88.617
211.818,85.549,35.161,88.421
211.304,85.667,34.895,88.098
210.695,86.385,34.705,87.719
210.135,88.462,35.282,86.251
210.243,90.332,35.521,85.028
210.563,91.824,34.645,85.685
209.686,85.953,33.960,86.130
209.669,88.096,33.239,86.844
208.833,90.427,32.588,87.341
208.813,90.479,31.832,87.858
208.128,91.703,31.223,88.007
207.309,92.040,30.623,88.461
205.308,86.956,30.332,88.822
204.538,88.989,30.046,89.156
203.060,90.160,29.819,89.441
201.775,91.062,29.581,90.209
199.941,85.027,29.514,91.110
199.085,86.032,29.531,91.638
198.214,88.227,29.511,92.146
197.048,89.780,29.423,92.847
196.602,83.005,29.563,93.388
195.567,83.347,29.703,93.990
194.926,83.673,29.918,94.294
194.827,85.770,30.065,94.533
193.510,87.847,30.230,94.732
192.872,87.446,30.148,95.166
192.424,88.250,30.266,95.724
191.009,88.264,30.485,96.284
189.899,88.129,30.718,96.977
188.718,87.971,30.962,97.775
187.982,82.814,31.814,97.033
186.947,85.056,32.346,96.781
186.290,86.933,32.780,96.702
185.795,88.570,32.970,97.424
186.845,88.785,33.004,98.668
186.564,88.781,33.176,98.387
186.856,88.782,33.144,98.849
187.631,88.049,32.951,99.616
188.267,87.161,32.859,100.755
188.868,86.826,33.069,100.750
190.074,88.207,33.294,101.128
190.354,86.739,33.551,101.357
190.854,86.979,34.028,101.490
191.553,87.569,34.363,101.747
193.179,85.831,34.616,102.129
193.683,85.979,34.921,102.265
193.854,87.641,35.305,102.558
195.137,86.812,35.739,102.851
195.025,90.161,36.258,103.977
195.851,89.456,35.937,106.284
196.800,88.865,35.377,108.222
197.922,88.435,34.871,109.445
199.621,87.194,34.424,110.167
199.147,86.308,34.110,110.174
200.140,84.811,33.715,110.501
201.147,79.811,33.891,109.939
202.163,79.155,33.924,110.019
202.307,80.755,34.063,110.222
202.083,81.442,34.377,109.845
202.536,81.560,34.581,109.493
202.880,80.959,34.452,109.786
203.105,79.487,34.412,110.345
203.365,79.125,34.358,111.056
203.474,79.895,34.325,111.641
203.272,80.083,34.326,112.189
203.435,80.520,34.395,112.412
202.363,79.216,34.190,112.517
202.605,79.319,33.989,112.309
202.734,78.963,33.954,112.058
203.105,78.933,33.966,112.262
202.169,79.045,34.108,112.081
201.434,79.467,34.382,111.518
201.441,81.125,34.516,111.235
200.576,83.971,34.516,111.017
199.794,84.261,34.549,110.765
199.333,84.972,34.794,110.032
199.218,86.192,34.684,110.405
198.981,85.094,34.525,110.722
198.251,82.476,34.468,111.569
198.239,78.416,34.377,112.569
197.247,79.712,34.835,113.004
196.678,81.546,35.166,113.428
197.041,82.405,35.517,113.941
197.169,79.714,35.998,114.323
196.698,78.531,36.542,114.751
195.265,78.450,37.012,115.403
195.215,76.496,37.150,115.779
195.738,77.257,37.195,115.894
195.317,75.985,36.977,116.280
196.143,77.956,36.829,116.673
196.204,76.715,36.597,117.380
196.243,75.145,36.455,118.074
196.606,73.256,36.355,118.844
197.281,73.452,36.267,119.498
197.608,72.065,36.215,119.392
197.612,73.419,36.380,119.248
198.803,71.552,36.564,119.308
199.102,74.558,37.002,118.902
199.490,75.091,37.578,118.174
200.739,74.696,37.954,117.505
200.969,73.614,38.365,117.281
201.701,73.917,38.659,116.868
202.908,74.068,38.634,117.284
203.480,72.087,38.393,118.121
203.818,71.637,38.421,118.112
205.029,70.253,38.338,118.375
204.915,73.275,38.490,118.156
206.280,73.394,38.129,119.295
206.587,73.264,37.914,120.651
206.492,73.056,37.892,121.280
206.101,73.940,38.043,121.524
206.007,76.209,38.172,121.340
207.086,78.122,38.041,121.007
207.683,80.424,37.887,121.044
208.215,80.349,37.723,120.785
208.112,80.872,37.899,119.817
208.992,81.508,37.903,118.950
210.382,81.451,38.080,118.092
211.418,80.208,38.488,117.418
211.799,79.672,38.592,117.703
212.863,79.348,38.567,117.331
215.266,80.257,38.521,116.792
217.761,77.626,38.246,116.800
219.452,76.562,38.158,116.253
219.191,76.719,37.916,116.695
219.451,73.872,37.443,117.684
217.984,71.611,37.175,118.685
217.736,68.413,37.119,119.115
220.407,67.393,36.893,119.481
222.942,65.400,37.020,119.029
223.517,67.484,37.514,117.314
223.666,67.545,37.980,115.962
224.148,67.710,38.465,113.492
223.072,65.815,38.432,112.173
223.813,69.431,38.580,110.395
225.581,67.093,38.513,108.951
226.570,69.857,38.326,107.772
227.533,71.618,38.196,106.874
227.491,75.245,38.300,105.937
226.610,78.911,38.643,104.930
227.110,76.487,38.762,103.703
228.859,76.520,38.952,102.775
231.509,76.573,38.904,101.880
233.462,79.616,38.837,100.662
235.823,81.282,38.471,100.715
237.326,81.375,37.639,101.667
239.385,84.162,37.307,102.068
240.081,86.776,37.214,102.397
240.343,87.846,37.203,102.850
241.169,87.182,37.272,103.019
241.934,87.796,37.762,102.729
242.307,90.861,39.894,99.769
243.170,92.472,41.447,97.766
243.376,94.953,42.601,96.425
244.001,95.550,43.895,95.091
243.956,95.815,44.533,94.472
243.649,96.753,44.862,94.199
243.553,105.949,45.178,94.012
242.395,107.396,45.196,94.014
241.706,108.956,45.231,93.768
240.586,107.881,45.250,92.951
239.416,104.505,44.643,92.809
237.059,105.442,44.147,92.636
235.488,101.999,43.286,93.057
229.505,99.396,41.461,95.830
230.398,94.460,39.734,98.489
228.857,86.074,38.529,100.187
228.210,81.383,37.632,100.473
226.312,81.167,36.671,101.710
223.901,80.013,36.033,102.637
221.145,79.296,35.648,103.398
215.052,78.107,35.072,104.263
214.874,74.810,34.704,104.957
213.189,77.012,34.758,104.390
211.808,76.376,34.512,104.489
209.961,76.289,34.367,104.745
208.104,77.078,34.399,104.617
206.287,76.972,34.361,104.955
204.497,76.200,34.479,105.331
202.648,77.235,34.829,105.123
200.895,76.066,35.263,104.730
198.795,77.674,35.980,103.248
197.623,78.339,36.263,102.353
195.273,81.397,36.600,101.360
194.505,81.678,36.725,100.919
193.405,80.755,36.875,100.224
192.373,80.010,37.061,99.028
190.054,82.035,38.040,96.448
188.570,81.550,37.709,95.681
186.803,81.885,37.140,95.448
185.433,83.287,36.666,95.356
182.801,83.483,36.447,95.278
182.422,82.941,36.032,95.945
181.229,83.960,35.747,96.514
172.505,88.864,35.586,97.845
171.707,87.442,35.110,100.522
170.944,86.186,35.436,101.169
171.201,84.546,35.159,101.815
172.842,86.994,34.583,102.618
172.355,88.454,34.053,104.452
172.118,87.141,33.987,105.970
172.181,88.130,34.363,106.644
170.519,87.573,34.983,106.907
170.006,89.627,35.694,107.020
170.461,91.293,36.234,107.405
169.736,93.631,36.645,107.417
170.011,92.816,36.746,107.490
169.922,92.603,36.882,107.662
169.734,91.804,36.849,107.857
169.744,89.569,37.084,107.974
169.889,88.546,37.131,108.924
170.527,89.099,37.193,109.554
171.286,91.731,37.309,110.183
172.981,91.724,37.160,110.583
173.441,90.856,37.161,110.797
174.062,88.537,36.943,111.109
174.944,85.367,36.659,111.651
175.565,84.422,36.603,112.202
176.446,82.845,36.261,113.272
175.832,82.312,36.120,114.261
176.702,81.319,35.788,115.181
177.436,80.945,35.545,115.863
177.255,79.776,35.605,115.995
177.212,78.446,35.706,116.304
177.399,79.953,36.117,116.639
177.639,80.458,36.241,117.341
177.845,80.860,36.293,117.991
177.309,80.063,36.654,117.901
178.493,79.659,36.882,117.992
178.809,79.153,37.053,118.012
178.840,78.699,37.100,118.012
178.993,78.574,37.088,118.094
179.312,78.786,37.088,117.819
179.973,79.022,36.939,117.676
180.532,78.302,36.691,117.900
181.296,77.688,36.469,117.701
182.020,76.156,36.159,118.072
182.333,76.390,36.135,117.314
183.057,76.554,36.091,116.693
183.643,78.540,36.151,116.514
184.193,81.225,36.312,116.621
185.674,82.129,36.407,117.235
186.267,81.551,36.575,117.266
185.589,84.151,36.732,117.197
185.748,82.916,36.481,116.649
186.180,82.928,36.293,116.409
186.470,84.289,36.043,116.226
187.177,85.671,35.972,115.326
186.953,87.433,35.936,114.330
187.210,85.716,35.690,113.779
188.345,84.522,35.318,113.366
188.381,84.797,35.151,112.675
189.342,84.605,34.814,112.343
190.160,83.435,34.453,112.440
190.614,82.643,34.224,112.422
191.405,84.218,34.060,112.715
192.386,85.278,34.044,112.752
193.135,86.267,34.016,112.609
194.293,86.991,33.889,112.587
194.789,87.368,33.801,112.592
196.221,87.283,33.676,112.666
196.763,87.231,33.620,112.691
197.863,85.912,33.645,112.444
199.082,84.156,33.460,112.351
200.340,85.567,33.352,112.654
201.047,86.372,33.323,112.797
200.933,86.948,33.340,112.451
201.965,88.122,33.374,112.024
202.617,86.834,33.315,111.835
202.921,87.349,33.363,111.648
203.718,88.078,33.267,111.564
204.529,87.348,33.228,111.426
205.366,88.238,33.105,111.785
205.627,88.046,33.180,111.852
206.183,87.381,33.137,111.917
206.644,88.485,33.142,111.781
207.257,88.341,33.121,111.903
207.720,88.946,33.203,111.951
207.887,88.670,33.254,111.705
208.606,87.422,33.177,111.941
209.236,87.467,33.075,112.425
210.091,88.585,33.034,112.439
209.982,89.022,33.170,112.116
210.303,88.623,33.126,111.890
210.788,89.569,33.103,111.932
211.147,89.146,33.167,111.878
210.921,90.382,33.204,111.769
210.919,89.479,33.139,111.379
210.895,89.254,33.036,111.322
210.457,88.128,32.945,110.916
209.994,85.927,32.827,110.822
209.874,83.703,33.075,110.165
209.421,81.801,33.435,109.758
208.935,78.908,33.808,108.796
209.648,76.450,34.069,107.997
210.874,74.399,34.153,107.138
212.587,72.911,33.972,106.607
212.546,75.056,33.962,106.129
212.967,75.144,33.561,106.519
212.984,76.474,33.271,106.687
212.979,77.254,33.126,106.793
212.871,76.594,33.073,106.852
212.679,75.282,33.031,107.003
211.481,74.992,33.200,106.454
210.456,74.801,33.569,105.789
209.775,72.742,33.804,105.347
209.692,72.185,34.073,104.915
210.212,70.439,33.987,104.794
211.234,69.257,33.814,104.968
211.816,70.946,33.476,105.634
212.309,70.538,33.263,105.796
212.276,70.072,32.961,106.134
213.203,69.669,32.874,106.310
213.134,69.994,32.832,106.397
213.256,70.284,32.804,106.605
212.547,70.973,32.795,106.500
212.826,72.068,32.893,106.202
212.859,72.881,33.007,106.037
212.789,72.686,33.101,105.932
213.107,73.535,33.186,105.767
213.836,73.320,33.250,105.540
213.444,73.454,33.296,105.442
213.383,73.114,33.371,105.299
213.173,73.645,33.584,104.480
213.864,74.404,33.719,103.997
213.538,74.633,33.669,104.203
212.869,73.796,33.818,103.856
212.764,72.702,33.949,103.184
211.918,72.724,33.995,102.755
212.351,72.010,33.976,102.276
212.014,71.338,33.872,102.315
212.267,70.838,33.919,102.267
211.954,73.134,34.157,101.959
212.254,74.772,34.210,101.770
211.879,74.905,34.284,101.949
211.408,75.559,34.412,101.810
211.913,76.309,34.503,101.840
211.595,77.489,34.717,101.565
211.549,77.786,34.632,101.625
212.169,78.701,34.792,101.190
211.990,79.122,34.840,101.099
211.646,79.516,34.807,101.306
210.902,79.060,34.789,101.657
211.525,81.230,34.721,101.906
210.794,80.213,34.522,102.893
210.712,78.375,34.183,104.016
210.590,77.118,34.116,104.852
210.674,75.335,33.989,105.342
211.087,74.806,33.979,105.284
211.078,76.044,34.025,105.303
210.418,77.382,34.235,105.076
210.200,76.199,34.274,105.134
209.884,75.004,34.396,104.892
210.400,75.599,34.389,104.920
210.384,74.272,34.359,104.953
210.272,74.797,34.323,104.926
210.051,73.581,34.192,104.992
210.592,73.836,33.925,105.218
210.083,73.269,33.710,105.157
210.281,71.872,33.366,105.143
210.873,69.621,33.116,105.312
211.539,70.147,33.062,105.008
211.992,70.326,32.894,104.982
211.595,63.125,32.695,104.691
212.342,65.256,32.735,103.484
211.666,67.068,32.648,102.740
211.946,67.499,32.698,102.246
211.983,67.407,32.705,101.866
211.389,69.372,32.711,101.807
210.878,69.482,32.707,101.931
210.321,73.791,33.059,101.167
210.096,73.441,33.215,101.287
210.005,74.068,33.189,101.533
209.381,73.060,33.084,101.715
209.556,71.269,33.077,101.777
209.946,72.405,33.072,102.138
209.905,73.628,33.242,102.100
209.885,74.546,33.392,102.001
209.846,75.694,33.326,102.312
209.865,76.817,33.363,103.103
209.942,77.612,33.438,103.647
209.693,79.303,33.565,103.773
209.951,79.700,33.462,104.479
210.255,79.344,33.368,105.127
210.274,79.227,33.367,105.615
210.625,78.772,33.293,106.383
210.185,77.622,33.220,106.853
210.952,75.886,33.147,107.734
210.928,73.835,33.137,107.839
210.479,71.576,33.178,107.501
210.476,71.384,33.200,107.419
210.576,71.145,33.106,107.276
210.657,70.839,33.111,107.262
210.467,70.139,33.049,107.264
209.929,70.745,33.101,107.128
209.537,70.703,33.137,106.905
209.833,70.316,33.157,106.453
209.508,69.217,33.238,105.790
210.604,68.629,33.058,106.044
210.324,70.456,33.103,105.787
210.225,70.410,33.302,105.389
210.536,71.061,33.296,105.496
210.270,72.243,33.568,105.220
210.882,72.716,33.790,104.848
211.162,71.874,34.059,104.389
210.413,72.983,34.374,104.056
210.737,72.956,34.560,103.732
210.761,75.014,34.708,103.303
211.277,76.868,34.854,102.871
210.874,79.295,34.905,102.196
210.937,79.395,34.951,102.108
211.502,79.632,34.915,102.212
211.530,80.287,34.780,102.309
211.362,79.228,34.672,102.529
211.670,79.385,34.535,102.870
211.764,78.750,34.354,103.106
211.500,78.253,34.239,103.074
211.171,77.976,34.072,103.333
210.412,78.518,34.031,103.386
210.478,78.212,34.113,103.511
209.732,79.341,34.165,103.339
209.338,79.984,34.324,103.329
208.922,81.879,34.326,103.254
209.193,81.332,34.224,103.878
208.811,82.476,34.235,104.436
207.831,83.640,34.455,104.850
207.703,88.995,34.439,105.976
207.354,85.869,34.776,106.574
205.803,90.995,35.236,106.688
204.186,88.826,35.835,106.639
202.687,88.934,36.272,106.631
201.236,90.474,36.402,106.506
201.004,93.403,36.602,105.336
201.159,96.239,36.594,104.490
201.435,97.632,36.619,103.954
201.836,99.461,37.737,101.919
201.890,101.709,38.831,99.896
201.968,100.806,39.512,98.709
202.227,103.138,40.132,97.144
201.706,103.191,40.576,96.056
201.265,104.600,40.956,95.017
200.479,105.065,41.054,94.406
200.693,104.225,40.829,94.258
200.314,104.692,40.543,94.092
200.403,102.643,40.128,94.184
200.244,102.038,39.825,93.793
199.841,102.249,39.403,93.612
199.552,100.895,38.084,94.902
200.145,100.934,36.964,96.110
200.223,100.938,36.107,96.869
201.158,98.604,35.419,97.955
202.104,96.437,35.119,98.717
203.364,94.512,35.004,99.066
204.457,93.425,34.963,99.493
204.930,90.719,35.073,100.062
204.731,90.415,35.076,100.746
205.139,88.745,34.988,101.473
205.050,87.114,34.824,102.068
206.203,87.846,34.538,102.609
207.094,84.936,34.123,103.414
207.928,83.753,34.054,103.720
208.183,82.140,33.846,103.775
208.357,81.056,33.801,103.888
208.683,79.584,33.582,104.024
209.051,79.731,33.446,104.025
208.876,79.172,33.501,104.013
207.601,77.679,33.624,104.048
206.042,78.580,33.786,103.627
204.392,78.572,33.917,103.193
203.053,77.370,34.222,102.476
201.745,77.523,34.408,101.842
200.265,76.918,34.612,101.161
198.192,77.121,34.829,100.777
191.912,76.305,35.218,100.044
191.850,79.042,35.300,99.676
188.983,79.549,36.615,97.104
182.414,80.126,36.565,96.629
182.883,80.649,36.457,96.276
176.253,79.448,36.297,96.507
176.374,79.632,36.306,96.170
174.025,81.078,36.186,96.114
172.379,81.690,35.843,97.135
171.194,82.333,35.458,98.114
169.685,81.109,35.007,99.045
168.577,81.605,34.804,99.347
168.249,82.020,34.823,99.617
175.724,77.328,37.089,94.927
174.059,79.147,37.970,92.116
173.118,80.605,37.915,90.628
173.600,81.500,36.678,90.730
173.541,82.211,35.757,90.999
174.050,79.518,34.940,91.537
175.148,84.008,34.350,92.423
175.585,84.352,34.183,92.507
176.100,85.785,33.996,92.760
175.412,86.490,34.070,92.972
175.910,84.917,33.842,93.340
176.004,82.844,33.686,94.092
176.562,81.226,33.417,94.448
176.946,80.203,33.014,94.883
177.515,78.301,32.652,95.271
178.147,77.201,32.447,96.129
179.422,73.789,32.184,97.481
180.035,72.420,31.914,99.047
181.036,72.783,31.964,99.782
181.543,71.902,31.924,100.511
182.461,71.451,31.803,101.500
183.220,72.006,31.775,102.419
184.819,72.360,31.802,103.272
185.786,71.951,31.852,104.059
186.386,72.607,31.996,104.493
187.960,71.248,32.057,104.546
188.953,71.814,32.252,104.591
189.921,72.491,32.520,104.150
191.502,73.681,32.867,103.488
192.167,74.147,33.298,103.064
193.519,75.338,33.478,102.918
193.794,74.571,33.602,103.062
194.460,74.908,33.759,103.178
195.485,75.669,33.813,103.231
195.837,76.873,34.108,102.981
196.416,75.457,33.975,103.994
197.657,75.202,34.017,104.143
197.642,76.209,34.141,104.165
198.818,74.031,33.989,104.946
198.967,73.302,33.914,105.152
199.504,70.953,33.994,104.841
200.050,74.396,33.937,104.082
200.554,73.901,34.150,103.007
200.935,75.002,34.164,102.422
200.643,74.968,34.220,102.167
201.800,75.144,34.622,101.305
202.491,76.194,34.748,100.821
202.486,77.484,34.710,101.018
201.911,76.703,34.595,101.108
202.278,76.064,34.522,101.305
202.094,77.017,34.420,101.593
201.866,78.646,34.358,101.892
202.284,79.750,34.171,102.191
203.373,81.746,33.886,102.850
204.107,81.845,33.491,104.744
205.161,82.057,33.233,106.379
205.503,83.514,33.220,107.566
205.677,85.121,33.304,108.004
205.583,86.181,33.473,108.413
205.304,87.832,33.531,108.813
205.884,89.875,33.395,109.963
207.029,88.561,33.436,110.212
206.936,89.262,33.429,110.818
207.293,90.526,33.441,111.238
207.571,92.928,33.672,111.149
207.327,92.548,33.658,111.422
207.195,96.583,33.479,111.527
206.638,95.517,33.408,112.028
206.625,94.906,33.344,112.386
207.139,93.895,33.296,112.946
206.643,93.972,33.562,112.698
206.194,93.947,33.612,112.996
206.068,94.802,33.625,113.431
205.621,95.632,33.647,113.735
205.185,94.575,33.584,114.128
205.321,93.942,33.451,114.278
205.131,91.848,33.349,114.593
205.092,90.007,33.398,114.696
204.677,89.902,33.683,115.050
204.905,89.464,33.819,115.131
203.822,89.995,33.973,115.427
203.736,90.248,34.153,115.635
203.785,88.865,34.236,116.406
