264.000,311.000,37.000,69.000
265.812,306.410,36.207,69.902
266.565,302.341,34.607,71.807
267.591,299.559,33.268,73.270
268.863,295.805,33.033,73.062
270.007,292.326,31.916,74.085
271.187,290.997,31.088,75.000
272.136,289.377,30.270,75.726
272.600,287.938,29.584,76.146
272.507,287.624,29.075,76.559
271.534,288.566,28.736,76.822
269.818,290.632,28.503,76.989
267.765,291.456,28.511,77.190
267.405,289.284,28.597,76.982
267.096,285.972,28.698,76.558
265.667,286.004,28.920,76.155
262.901,287.140,30.257,74.196
260.451,286.171,30.998,73.000
258.542,285.474,31.542,72.127
258.203,284.584,30.798,72.750
253.954,283.973,29.965,73.787
254.504,282.224,29.387,74.446
254.129,282.155,28.938,74.644
253.556,280.672,28.568,74.928
252.853,279.136,28.027,75.299
247.546,278.232,27.669,75.564
249.004,279.457,27.399,75.156
249.129,281.150,27.209,74.992
247.879,281.495,27.089,74.869
240.250,289.104,28.874,72.455
241.156,291.997,29.127,71.721
242.253,290.188,29.239,71.064
247.595,291.200,29.142,70.758
241.881,278.902,28.654,71.905
237.119,278.539,28.265,72.478
236.773,278.805,27.747,72.868
236.568,277.346,27.397,73.131
235.740,277.353,27.058,73.364
235.545,276.127,26.782,73.774
234.710,274.767,26.498,74.173
234.204,274.105,26.515,74.457
233.957,275.538,26.448,75.062
232.913,276.382,26.481,75.447
219.947,277.413,26.562,75.530
219.455,278.846,26.720,75.664
219.389,279.801,26.687,75.763
219.861,278.726,26.640,75.857
221.898,277.480,26.364,76.312
223.118,276.177,26.290,76.479
224.382,275.103,26.218,76.395
225.688,275.646,26.251,76.306
227.348,275.691,26.159,76.457
228.704,277.343,26.239,76.505
230.633,275.559,26.047,77.095
235.946,276.502,26.268,77.130
237.179,274.652,26.033,78.079
238.231,271.877,25.882,78.740
238.799,272.665,25.992,78.622
239.733,272.603,26.147,78.840
240.529,273.735,26.633,78.502
240.755,272.816,27.109,78.204
240.286,272.867,27.653,77.465
238.035,274.236,29.104,75.962
236.397,272.533,29.009,75.783
235.650,273.682,28.744,75.512
234.370,274.920,28.678,75.425
233.111,275.381,28.613,75.340
232.224,274.621,28.517,75.172
232.200,271.891,28.286,75.108
231.840,271.836,28.064,75.112
231.914,270.005,27.710,74.956
231.233,267.382,27.555,74.659
229.516,266.709,27.236,74.352
229.647,267.598,26.679,74.180
230.031,265.757,25.996,74.279
229.993,266.976,25.413,74.774
230.454,268.129,24.967,74.864
230.576,266.406,24.968,74.434
230.113,267.366,24.955,74.461
228.294,268.759,25.053,74.382
226.508,270.841,25.454,74.254
225.463,271.911,25.759,74.311
218.250,274.805,27.739,72.393
218.910,277.536,27.875,73.302
219.836,279.805,27.662,74.554
221.332,282.433,27.230,76.101
223.369,284.883,26.726,77.760
224.940,284.591,26.689,78.074
226.652,283.606,26.923,78.171
228.272,283.510,27.525,77.818
229.454,284.757,27.864,77.490
228.639,280.541,27.930,77.769
227.088,274.185,27.740,77.935
227.009,274.725,27.292,78.440
227.364,275.861,27.102,78.270
228.507,275.396,27.232,77.142
230.503,279.368,27.499,76.178
232.685,279.932,27.745,75.020
235.071,279.175,27.765,74.053
236.379,279.991,27.768,73.136
237.488,282.166,27.656,72.624
239.791,282.075,27.231,72.422
241.160,280.713,26.687,72.547
242.366,282.122,26.180,72.606
242.945,282.126,25.725,72.800
243.374,281.840,25.526,72.436
244.111,280.889,25.368,72.226
245.403,282.531,25.218,72.683
249.724,282.340,24.841,72.998
250.709,283.318,24.634,73.498
251.153,284.267,24.475,74.135
251.731,284.669,24.722,74.332
252.321,285.988,25.156,74.275
253.562,285.799,25.382,74.799
253.868,287.767,25.699,75.110
254.925,293.729,26.045,74.885
259.820,295.247,26.382,74.566
259.132,298.823,27.757,72.550
265.477,297.014,28.501,71.519
265.724,299.644,30.014,69.501
271.403,300.518,31.126,67.966
275.974,302.654,31.749,66.657
276.365,303.833,32.519,65.551
281.597,304.224,32.436,64.732
286.699,306.114,32.032,64.298
291.613,306.700,31.304,63.954
293.436,305.339,30.908,63.063
298.681,305.222,29.575,63.107
301.317,307.745,28.181,63.711
306.869,306.853,27.154,64.031
312.250,306.856,26.164,64.574
317.555,309.475,25.361,65.184
320.286,309.935,24.733,65.392
325.814,311.326,24.388,65.714
328.533,312.956,24.431,65.127
333.282,316.179,24.703,64.397
335.806,317.193,24.959,63.617
340.186,318.793,25.369,62.760
343.769,319.807,26.127,61.565
347.664,321.278,26.329,61.171
352.110,320.624,25.857,61.232
356.110,319.865,25.166,61.577
358.419,321.465,24.506,61.822
363.036,321.758,23.906,62.354
364.392,321.423,23.501,62.170
368.665,322.085,23.049,62.420
369.739,320.428,22.772,62.454
372.210,320.365,22.806,62.247
374.302,321.733,22.837,62.139
376.271,322.538,23.021,61.851
378.276,326.102,23.204,61.362
380.385,327.990,23.521,60.672
385.747,325.960,23.817,59.992
389.726,325.803,23.723,60.240
393.886,326.576,23.484,60.406
397.603,326.626,23.170,60.426
401.704,326.898,22.903,60.210
405.722,326.606,22.617,60.100
409.659,326.352,22.422,59.979
414.003,327.102,22.089,59.965
418.514,331.316,21.813,59.944
422.638,330.133,21.677,60.305
427.064,330.575,21.577,60.449
429.161,330.523,21.644,60.553
434.016,332.212,21.908,60.253
438.939,333.625,22.312,60.053
443.325,335.394,22.482,60.011
448.484,334.516,23.326,59.173
452.759,334.600,24.418,58.452
457.281,333.596,23.984,59.439
460.920,333.239,23.457,60.143
461.269,336.516,22.831,60.937
465.665,337.073,22.267,61.625
465.144,335.103,22.210,61.674
464.613,333.015,22.191,61.694
464.272,331.999,22.179,61.703
463.892,331.642,22.169,61.709
463.439,331.660,22.158,61.711
463.366,331.348,22.153,61.712
463.584,331.155,22.150,61.713
463.728,330.802,22.149,61.713
463.613,330.343,22.146,61.714
463.305,329.880,22.144,61.714
463.094,329.277,22.140,61.712
462.934,328.498,22.137,61.711
462.673,327.483,22.134,61.709
462.295,325.766,22.131,61.708
461.838,325.516,22.129,61.709
461.271,325.870,22.125,61.709
461.217,325.385,22.122,61.709
461.365,325.533,22.120,61.709
461.240,325.919,22.116,61.709
461.151,326.356,22.114,61.710
460.993,326.951,22.111,61.709
460.887,327.350,22.109,61.708
460.893,327.615,22.107,61.708
460.861,328.148,22.104,61.707
460.812,328.546,22.103,61.707
460.935,328.765,22.101,61.706
461.057,329.267,22.100,61.706
461.305,329.660,22.099,61.706
461.228,329.507,22.097,61.704
461.244,329.668,22.095,61.704
460.965,329.782,22.093,61.704
461.179,330.171,22.092,61.703
461.072,329.973,22.091,61.702
460.878,329.768,22.089,61.700
460.892,329.554,22.086,61.699
460.550,329.443,22.084,61.697
460.628,328.742,22.081,61.693
460.931,327.369,22.079,61.691
460.600,325.954,22.077,61.690
458.617,324.930,22.080,61.684
457.598,324.370,22.086,61.671
456.872,324.193,22.092,61.660
456.506,323.643,22.095,61.655
456.667,322.889,22.100,61.646
446.563,296.611,21.753,61.959
447.209,296.125,21.567,62.168
452.690,296.526,21.460,62.366
457.267,302.574,21.488,62.296
457.946,302.576,21.262,62.660
458.927,301.327,21.095,63.046
463.230,300.093,20.822,63.642
463.118,299.480,20.485,64.130
463.314,299.180,20.339,64.575
463.325,297.678,20.253,64.821
467.782,296.988,20.130,65.018
467.101,294.795,20.044,65.179
466.576,294.914,20.018,65.189
466.039,295.271,19.997,65.151
465.627,299.553,19.977,65.139
465.039,297.660,19.973,65.120
464.605,296.266,19.973,65.114
464.013,295.212,19.972,65.113
463.427,293.930,19.972,65.112
462.703,292.295,19.974,65.107
462.377,290.406,19.975,65.106
462.061,288.422,19.976,65.105
461.970,287.302,19.977,65.104
461.662,286.093,19.979,65.102
461.234,284.042,19.987,65.092
460.853,281.724,19.992,65.086
460.948,278.418,19.998,65.078
458.977,304.185,20.970,63.392
458.798,303.187,21.643,62.252
452.954,304.410,23.095,60.455
451.388,305.762,24.746,58.329
450.057,307.678,26.117,56.620
449.000,308.381,27.148,55.400
448.843,304.041,29.042,53.272
453.525,303.437,28.862,53.113
453.098,302.917,28.693,52.972
452.605,304.382,28.479,52.746
456.230,307.941,28.021,52.847
455.767,306.335,27.832,52.736
455.573,305.280,27.670,52.694
455.555,305.797,27.553,52.474
455.596,305.993,27.476,52.312
455.961,305.504,27.355,52.218
456.011,304.715,27.237,52.131
456.488,303.924,27.101,52.037
456.432,303.617,26.929,51.923
460.654,305.381,26.300,52.512
460.216,306.499,25.930,52.837
449.237,307.172,27.128,51.477
449.724,311.078,28.160,50.296
449.699,310.774,28.819,49.521
449.530,311.128,29.377,48.774
449.582,310.838,30.166,47.838
449.601,306.104,30.665,47.148
449.388,311.347,31.175,46.471
449.705,315.246,31.833,45.645
454.730,313.648,31.378,46.028
454.058,312.653,31.044,46.323
453.553,311.300,30.753,46.551
453.343,311.984,30.482,46.758
453.679,311.606,30.139,47.005
453.618,312.190,29.860,47.189
454.292,315.418,29.559,47.420
454.689,314.900,29.371,47.535
455.043,314.301,29.132,47.702
455.164,313.825,28.847,47.902
455.602,313.470,28.783,47.928
459.959,314.109,28.505,48.192
460.154,312.955,28.300,48.394
460.407,312.653,28.109,48.571
460.652,310.661,27.831,48.825
461.276,309.394,27.586,49.059
461.658,309.123,27.553,49.089
461.886,308.584,27.519,49.122
462.070,307.731,27.504,49.136
462.045,306.686,27.487,49.152
452.263,301.629,27.945,48.608
456.492,294.682,27.891,48.660
456.232,293.707,27.762,48.771
456.789,294.096,27.672,48.803
457.838,295.184,27.235,49.280
462.411,294.525,26.686,49.922
462.198,294.572,26.364,50.270
462.534,292.994,26.266,50.366
462.035,290.929,26.244,50.389
461.754,289.024,26.181,50.445
461.359,287.228,26.128,50.483
449.510,263.407,28.376,47.745
448.122,267.187,30.373,45.157
447.094,267.176,31.458,43.542
446.332,270.519,32.317,42.279
445.069,271.890,33.684,40.324
436.130,277.049,36.482,37.630
434.793,273.951,40.165,34.629
434.763,275.305,42.522,32.598
440.787,274.177,41.733,33.309
441.648,277.193,41.198,33.891
442.274,280.251,40.598,34.351
443.268,278.593,40.090,34.927
444.141,277.223,39.251,35.536
445.433,280.694,38.334,36.202
446.046,283.979,37.602,36.527
451.265,276.923,35.273,38.728
450.339,280.840,34.789,38.864
454.404,279.126,32.378,41.061
455.583,283.009,31.115,41.876
456.702,276.853,29.773,43.023
457.083,275.601,28.948,43.746
461.430,278.718,27.324,45.171
461.226,276.987,25.817,46.598
461.486,275.274,24.834,47.496
461.612,273.614,24.117,48.212
462.231,276.221,23.474,48.747
462.770,275.261,22.818,49.336
462.953,269.878,22.467,49.641
463.184,273.323,22.056,49.954
463.455,272.691,21.678,50.275
463.581,271.384,21.363,50.486
463.996,270.336,20.885,50.740
464.319,274.812,20.359,51.187
464.681,282.716,20.037,51.497
464.753,286.613,19.891,51.648
464.607,287.655,19.875,51.663
459.086,288.826,19.946,51.554
459.349,290.440,19.989,51.470
457.323,291.643,20.108,51.314
456.772,292.712,20.188,51.207
455.498,292.770,20.294,51.074
454.972,287.966,20.484,50.838
455.157,287.311,20.572,50.728
454.695,287.532,20.737,50.530
454.484,288.130,20.935,50.308
454.544,288.516,21.129,50.096
463.713,282.259,20.892,50.264
463.989,285.533,20.622,50.528
467.745,288.258,20.188,50.861
467.247,287.380,20.022,51.019
466.726,290.628,19.916,51.118
466.206,293.727,19.795,51.192
465.975,293.266,19.566,51.489
465.696,295.973,19.497,51.555
465.398,296.737,19.461,51.591
465.026,297.172,19.448,51.602
464.693,298.503,19.437,51.611
464.338,299.371,19.427,51.622
464.121,300.528,19.414,51.632
464.099,302.395,19.405,51.641
464.012,302.506,19.398,51.647
463.909,302.297,19.391,51.650
464.194,302.745,19.374,51.669
464.381,302.942,19.344,51.695
468.005,301.728,19.045,51.902
467.155,305.282,18.862,51.870
462.807,305.664,19.498,50.741
461.614,305.713,20.456,49.173
461.146,306.449,21.411,47.724
460.307,310.248,22.055,46.493
459.876,310.743,22.490,45.600
460.296,315.222,22.680,45.096
460.020,319.730,22.683,44.792
460.392,325.012,22.802,44.409
460.647,329.518,22.862,44.105
460.941,333.588,22.826,43.644
460.962,332.208,22.776,43.274
460.577,332.957,22.671,43.033
460.154,333.205,22.786,42.644
459.525,333.667,23.170,41.900
456.974,337.844,24.524,40.005
453.641,341.387,25.978,38.121
453.092,341.073,27.268,36.573
452.618,345.401,28.079,35.468
451.477,349.786,29.250,34.224
451.310,349.420,30.041,33.393
452.769,352.454,30.287,33.023
452.315,352.021,30.509,32.757
451.204,355.048,30.468,32.475
450.578,355.140,30.790,31.876
450.721,358.463,31.089,31.437
451.268,358.180,31.394,31.088
450.042,361.631,31.546,30.705
449.796,361.656,31.840,30.360
449.513,364.706,32.134,30.077
448.893,367.157,32.309,29.859
448.551,366.005,32.368,29.671
448.669,369.261,32.579,29.483
448.942,369.370,32.753,29.242
449.612,372.227,32.387,29.333
451.836,375.037,31.794,29.721
452.463,374.384,31.258,30.061
453.387,376.811,30.482,30.616
458.007,373.566,28.345,32.659
459.256,371.289,26.656,34.160
460.592,369.664,24.978,35.638
461.778,371.920,23.813,36.471
462.957,369.936,22.745,37.469
466.615,364.542,21.486,38.763
466.331,362.724,21.078,39.137
465.887,362.047,21.014,39.212
465.402,361.592,20.963,39.268
461.001,357.001,20.929,39.315
464.556,356.651,20.600,39.620
465.071,356.113,20.331,39.845
465.117,355.326,20.238,39.923
465.128,353.971,20.199,39.955
465.099,353.039,20.168,39.983
465.068,352.546,20.143,40.004
464.982,351.762,20.113,40.030
465.068,351.253,20.103,40.039
464.904,351.245,20.092,40.049
464.870,350.684,20.086,40.056
464.836,350.181,20.082,40.060
464.622,349.651,20.078,40.064
464.490,349.355,20.070,40.072
464.206,349.357,20.063,40.079
463.919,349.513,20.053,40.087
462.884,349.065,20.048,40.079
462.249,348.412,20.046,40.060
461.670,348.752,20.043,40.051
461.605,348.317,20.042,40.021
461.526,347.613,20.040,39.992
461.370,347.824,20.037,39.980
461.226,348.200,20.035,39.966
444.696,345.518,22.054,37.942
443.238,347.048,24.562,35.556
442.946,351.253,26.745,33.446
442.116,351.807,29.109,31.236
443.427,352.620,31.612,28.828
442.436,353.058,33.734,26.973
442.768,353.589,35.168,25.695
442.731,354.189,36.704,24.268
442.110,354.863,38.103,23.024
440.731,358.600,39.413,21.956
442.033,358.363,39.999,21.512
441.443,358.635,40.847,20.808
432.010,344.562,35.562,26.179
434.716,343.102,31.137,30.777
439.515,342.326,27.540,34.664
441.278,338.112,25.072,37.456
445.292,337.104,23.075,39.675
446.402,337.587,21.403,41.506
447.788,335.907,20.319,42.780
449.052,333.897,19.544,43.655
449.979,335.514,18.838,44.459
453.411,334.175,18.321,45.020
454.117,331.952,17.848,45.454
457.856,333.227,17.662,45.702
461.512,331.619,17.532,46.045
465.052,329.027,17.332,46.582
465.650,328.297,17.075,47.037
466.082,328.754,16.667,47.730
466.878,328.109,16.377,48.145
467.344,327.156,16.083,48.839
468.074,326.405,15.841,49.339
468.218,328.512,15.646,49.604
468.364,328.674,15.586,49.682
468.494,329.046,15.520,49.680
468.769,327.877,15.478,49.727
468.973,326.605,15.452,49.760
468.841,329.219,15.427,49.834
468.879,331.395,15.424,49.776
468.571,329.728,15.419,49.777
468.583,328.179,15.416,49.782
468.298,326.643,15.413,49.789
468.012,324.752,15.412,49.793
467.812,322.837,15.410,49.798
467.632,320.886,15.410,49.799
467.430,318.975,15.411,49.794
467.323,317.033,15.411,49.789
467.035,311.463,15.415,49.763
466.689,310.408,15.415,49.760
466.692,309.236,15.410,49.774
466.504,307.294,15.409,49.777
466.307,304.553,15.410,49.778
465.812,296.857,15.421,49.795
465.505,294.722,15.433,49.844
465.850,292.623,15.450,49.896
466.082,290.199,15.450,49.934
466.251,288.473,15.449,49.974
466.449,286.810,15.448,50.001
466.434,285.930,15.441,50.055
454.463,285.650,15.574,49.992
457.814,287.499,15.654,49.972
457.579,286.695,15.774,49.978
457.605,288.986,15.900,49.936
457.961,291.448,15.988,49.969
461.369,293.901,16.084,49.876
461.415,293.398,16.169,49.997
464.798,293.176,16.199,50.106
463.736,295.182,16.367,50.184
463.773,293.591,16.396,50.299
463.961,295.852,16.441,50.441
463.438,295.386,16.541,50.577
462.879,298.249,16.730,50.664
462.832,296.530,16.745,50.707
462.592,296.153,16.847,50.919
462.296,296.012,16.912,51.067
462.201,294.649,17.011,51.253
465.525,293.295,16.979,51.476
464.514,295.228,16.992,51.636
464.645,294.012,16.984,51.833
464.584,295.688,16.989,51.979
464.566,294.459,16.990,52.126
464.727,293.728,16.998,52.343
464.917,292.700,16.970,52.437
465.046,294.646,16.936,52.588
465.270,277.390,16.851,52.928
464.695,273.795,16.842,53.137
451.577,277.438,17.030,52.992
450.539,280.161,17.147,53.178
449.798,278.405,17.164,53.312
449.554,281.224,17.183,53.548
449.095,280.241,17.262,53.653
449.007,279.695,17.408,53.649
448.988,282.271,17.414,53.990
449.220,281.190,17.489,54.234
448.902,281.073,17.631,54.061
449.203,283.267,17.701,54.367
449.328,283.644,17.719,54.653
449.257,282.383,17.747,54.837
453.002,280.709,17.864,54.880
453.150,277.719,17.913,55.178
457.007,276.749,18.117,55.474
457.028,275.201,18.295,55.782
456.922,276.576,18.400,56.041
456.311,274.433,18.460,56.467
455.835,273.035,18.522,56.622
455.973,274.921,18.573,57.206
455.331,273.811,18.817,57.444
454.803,275.841,18.907,57.802
454.944,274.361,18.942,58.254
454.922,276.182,19.027,58.615
450.739,276.531,19.079,59.153
454.745,275.664,19.329,59.178
450.139,275.320,19.498,59.009
449.651,273.657,19.565,58.947
449.181,275.499,19.574,59.072
449.193,274.215,19.620,59.068
448.973,275.967,19.681,59.666
449.301,274.779,19.702,59.895
449.045,276.543,19.696,60.170
449.938,274.747,19.701,60.361
450.617,276.148,19.829,60.867
455.096,274.457,20.052,61.024
455.098,275.728,20.267,61.381
454.999,274.803,20.439,61.463
450.650,277.619,20.531,61.653
451.005,277.569,20.517,61.995
451.800,279.412,20.611,62.248
451.153,281.465,20.593,62.818
451.738,280.535,20.670,62.811
447.054,283.321,20.658,63.109
447.409,283.263,20.672,63.150
447.861,284.489,20.778,63.636
447.855,282.454,20.849,63.790
448.316,281.657,20.841,63.925
448.245,281.627,20.927,63.829
448.278,280.275,21.167,63.702
449.170,278.320,21.360,63.641
448.669,279.223,21.398,63.879
448.946,277.845,21.467,63.981
449.887,276.280,21.451,64.217
450.571,275.527,21.613,64.173
455.062,272.734,21.711,64.344
454.646,270.912,21.782,64.543
453.568,273.475,21.925,64.728
448.859,271.855,21.999,64.506
449.316,271.984,21.955,64.860
454.074,272.485,21.916,65.320
448.950,271.424,21.884,65.865
454.397,269.800,21.991,65.933
453.789,269.003,22.125,65.870
448.845,270.835,22.199,65.952
453.815,271.680,22.283,66.264
447.788,271.067,22.344,66.087
447.632,272.905,22.258,66.371
447.140,272.624,22.246,66.513
442.052,273.917,22.242,66.514
442.767,274.500,22.143,66.857
443.347,273.892,22.105,67.169
443.493,274.299,22.250,66.825
443.511,273.841,22.182,67.562
443.674,273.283,22.307,67.411
443.509,272.321,22.353,67.838
443.694,274.076,22.464,67.927
443.673,274.059,22.461,68.334
443.646,274.422,22.592,68.470
443.855,273.838,22.722,68.751
443.355,273.457,22.680,69.198
443.155,272.001,22.639,69.633
443.549,273.194,22.764,69.702
443.801,274.274,22.939,69.786
444.247,276.224,23.160,69.862
443.913,275.331,23.251,70.421
443.512,275.356,23.324,70.728
443.526,276.724,23.429,70.816
438.138,275.534,23.439,71.119
438.681,275.211,23.491,71.150
438.857,275.107,23.491,71.219
439.217,277.490,23.579,71.189
439.940,279.545,23.590,71.349
440.239,278.299,23.591,71.577
445.005,280.963,23.798,71.377
445.838,280.956,23.746,71.824
451.031,280.977,23.895,71.983
455.815,281.919,23.904,72.224
455.626,281.456,23.917,72.495
455.967,279.756,23.972,72.692
460.529,278.454,23.707,73.237
460.254,277.147,23.524,73.675
460.412,277.376,23.362,73.968
460.160,276.104,23.295,74.416
460.256,275.256,23.301,74.546
460.052,275.029,23.157,74.742
460.080,273.884,23.108,75.062
458.866,272.278,23.087,75.478
458.691,271.418,23.143,75.558
459.072,269.980,23.183,75.953
459.836,267.886,23.150,76.631
458.562,260.574,23.139,76.756
457.161,259.418,23.440,76.794
455.576,257.368,23.608,77.091
454.256,256.568,23.996,76.998
447.855,256.917,24.331,76.807
447.108,262.789,24.920,76.568
446.314,262.837,25.248,76.497
445.954,266.486,25.508,76.233
440.374,265.378,25.646,76.271
446.223,265.962,25.858,76.374
445.877,264.968,25.993,76.638
444.923,266.888,26.232,76.514
444.561,269.969,26.288,76.310
444.462,269.269,26.266,76.563
445.171,269.454,26.304,76.802
445.245,268.392,26.439,76.861
445.833,268.656,26.528,76.923
451.252,269.650,26.694,76.833
450.345,271.971,26.819,76.814
449.205,273.241,26.984,76.824
448.502,274.258,26.977,77.029
447.933,275.017,27.088,77.365
442.544,277.505,27.019,77.160
436.996,276.178,26.891,77.241
436.766,278.862,26.962,76.883
431.110,278.916,27.050,76.612
430.247,277.900,27.091,76.342
429.284,276.755,27.888,75.138
421.733,278.289,28.652,73.536
420.925,276.864,29.397,72.251
414.616,274.092,28.957,72.731
413.475,272.979,29.463,71.687
407.371,276.277,29.823,70.390
407.030,274.313,30.082,69.087
401.401,274.451,30.104,68.314
400.825,272.917,30.232,67.698
395.156,277.111,30.454,66.440
394.696,277.593,30.586,65.728
388.299,282.268,30.559,65.329
387.574,285.094,30.554,64.349
387.439,287.450,30.513,63.649
386.096,294.551,30.621,63.040
379.045,300.106,30.588,62.574
372.435,302.583,30.651,61.856
365.654,301.319,30.493,61.351
360.133,301.716,30.319,61.026
359.401,298.381,30.174,60.759
353.790,297.074,30.122,60.384
354.203,296.128,29.886,59.913
353.992,295.101,29.630,59.606
359.210,296.357,29.393,59.123
364.009,293.497,29.202,59.109
369.245,290.488,28.876,58.705
370.019,292.541,28.671,58.267
375.187,291.742,28.388,58.185
380.365,294.552,28.287,57.739
385.114,293.404,28.184,57.653
385.163,292.741,27.256,58.610
385.937,292.148,26.343,59.598
391.255,290.288,25.949,60.114
392.027,289.342,25.328,60.765
397.091,288.493,24.721,61.452
398.185,284.347,24.235,61.915
399.017,281.604,23.900,62.527
404.675,281.851,23.628,62.864
409.393,280.189,23.419,63.338
410.122,277.189,23.231,63.700
415.749,275.937,23.047,63.813
416.242,275.763,22.894,64.065
422.114,275.422,22.756,64.512
427.759,274.557,22.677,64.801
438.435,275.349,22.538,65.386
443.486,275.654,22.475,65.668
443.649,275.093,22.336,66.281
449.929,275.724,22.292,66.623
455.024,273.799,22.395,66.772
454.939,273.044,22.490,67.377
455.715,271.829,22.535,68.059
460.238,269.856,22.228,68.997
460.492,269.288,22.068,69.841
460.307,263.505,21.949,70.746
459.956,257.809,21.917,71.485
460.113,254.621,21.901,71.818
464.745,249.239,21.692,72.351
463.959,247.972,21.557,72.868
457.402,246.267,21.630,73.003
457.611,243.617,21.615,73.127
462.136,242.318,21.623,73.335
454.915,291.399,23.911,69.824
460.078,289.124,23.957,69.112
460.235,290.070,23.903,68.586
444.362,282.768,24.250,68.454
452.254,280.471,24.406,68.634
459.213,273.843,23.899,70.213
464.282,272.362,23.651,70.645
445.481,267.009,24.205,70.366
457.337,265.462,24.254,70.497
461.968,249.554,24.128,70.567
461.756,248.396,23.955,70.891
454.161,248.663,24.385,70.610
448.510,247.462,25.024,69.746
452.649,248.155,25.293,69.667
447.255,255.504,25.853,69.490
440.769,260.376,26.353,68.919
439.429,265.515,26.624,68.613
440.404,270.648,27.066,67.917
440.310,270.741,27.197,68.043
445.574,276.419,27.553,67.632
445.536,275.596,27.916,67.268
445.881,276.691,28.055,67.408
446.191,276.288,28.474,66.941
446.396,275.186,28.834,66.558
446.808,276.499,28.745,66.868
446.284,276.473,28.781,66.986
447.380,275.218,29.026,66.653
446.328,274.110,29.341,66.396
445.019,273.956,29.266,66.602
443.309,278.338,29.427,66.455
442.467,277.749,29.584,66.364
441.352,279.398,29.467,66.757
440.259,280.184,29.378,66.997
440.464,280.733,29.340,67.286
440.903,280.524,29.304,67.434
440.969,280.511,29.313,67.625
440.855,280.597,29.338,67.745
441.241,280.176,29.262,68.052
442.799,281.260,29.212,68.229
444.826,282.053,29.110,68.499
446.032,281.875,29.050,68.702
446.826,280.912,29.030,68.817
448.605,281.685,29.196,68.644
449.841,283.162,29.142,68.946
450.265,282.790,29.082,69.106
451.382,282.064,28.981,69.247
455.468,283.465,28.668,69.844
454.495,287.492,28.320,70.326
453.884,288.997,28.074,70.919
454.521,292.803,27.875,71.237
453.438,293.571,27.790,71.502
453.388,297.300,27.776,71.525
452.994,300.436,27.746,71.517
456.689,298.312,27.502,71.818
455.523,294.662,27.374,72.161
454.119,289.223,27.323,72.417
452.490,286.365,27.439,72.331
450.987,281.059,27.498,72.365
450.228,279.220,27.946,71.794
448.079,272.702,28.019,71.903
441.225,271.885,28.604,71.255
436.565,269.973,28.878,70.734
442.063,263.447,28.933,70.801
446.582,261.488,28.949,70.896
446.216,256.428,29.077,71.031
450.902,256.237,29.046,71.167
450.784,254.844,29.045,71.330
451.053,252.629,29.038,71.521
443.916,245.979,29.059,71.578
444.033,251.605,29.311,71.249
443.955,256.494,29.673,70.769
448.400,256.136,29.638,70.962
447.611,256.415,29.660,71.130
445.867,256.474,29.589,71.345
441.084,260.090,29.541,71.345
440.269,259.494,29.575,71.574
438.080,258.889,29.799,71.359
437.846,258.106,30.140,70.933
432.601,263.130,30.450,70.376
431.754,260.597,30.374,70.580
430.282,261.337,30.273,70.960
428.973,265.297,30.415,70.750
428.970,264.219,30.374,70.995
429.514,263.504,30.301,71.149
428.466,267.470,30.623,70.802
427.338,267.556,30.501,71.099
426.417,271.930,30.757,70.808
425.061,271.123,30.647,71.309
424.240,274.523,30.566,71.529
423.922,274.096,30.507,71.815
424.675,275.223,30.455,72.118
425.572,280.642,30.401,72.169
426.436,279.628,30.378,72.247
426.231,278.651,30.656,71.971
426.434,278.549,30.659,72.209
426.877,277.729,30.624,72.373
427.032,277.953,30.563,72.587
425.350,278.193,30.471,72.993
425.621,279.271,30.403,73.208
425.430,277.073,30.483,73.333
424.976,276.863,30.548,73.823
425.390,280.979,30.801,73.353
426.286,280.952,30.802,73.421
425.876,279.710,30.869,73.582
426.127,277.417,30.803,73.636
426.779,275.662,30.788,73.667
425.530,274.151,30.719,73.752
426.152,270.763,30.695,73.792
424.824,271.780,30.619,74.065
423.802,270.995,30.859,73.802
424.518,269.286,30.812,73.872
425.147,267.647,30.851,73.920
425.959,267.706,30.818,74.146
426.364,267.570,30.844,74.271
426.326,268.965,30.827,74.448
427.596,268.793,30.798,74.505
431.697,267.713,30.693,74.637
430.727,268.201,30.642,74.894
430.035,271.615,30.650,74.933
429.874,272.537,30.607,75.544
428.552,271.260,30.544,75.618
430.084,271.731,30.523,75.761
430.750,275.842,30.504,75.797
432.144,274.368,30.514,75.824
436.694,274.209,30.496,75.991
437.383,277.381,30.488,75.927
438.584,282.905,30.758,75.488
443.377,280.728,30.695,75.571
444.686,277.653,30.668,75.487
449.381,278.291,30.593,75.744
448.608,276.781,30.586,75.760
448.508,274.585,30.578,75.781
447.950,272.862,30.577,75.873
446.125,270.450,30.558,75.797
444.645,269.019,30.884,75.361
443.129,267.161,30.820,75.454
440.786,269.700,30.738,75.654
441.255,274.051,30.678,75.689
440.707,278.542,30.718,75.664
438.689,286.529,30.621,75.901
436.572,292.084,30.634,75.982
435.665,290.712,30.624,76.136
434.154,285.938,30.549,76.366
434.803,283.287,30.556,76.353
436.165,280.981,30.525,76.344
437.094,280.461,30.582,76.374
436.860,282.010,30.591,76.485
437.636,282.400,30.603,76.581
438.985,283.970,30.613,76.662
443.620,288.992,30.557,76.789
444.395,289.008,30.675,76.922
448.667,290.681,30.604,77.189
450.395,294.037,30.484,77.297
455.385,299.540,30.193,77.643
455.382,303.987,29.934,77.910
456.164,308.812,29.598,78.364
456.753,312.269,29.180,78.997
456.071,317.759,29.033,79.189
454.998,319.562,28.854,79.611
453.639,319.094,28.907,79.562
451.265,317.749,28.957,79.535
445.178,322.255,29.159,79.273
443.660,322.888,29.326,79.320
442.227,327.870,29.849,78.561
440.878,328.841,30.040,78.580
435.160,330.092,30.083,78.558
433.907,337.524,30.211,78.641
433.223,343.547,30.202,78.707
434.750,349.309,30.248,78.724
434.412,355.544,30.793,77.972
439.532,353.896,31.083,77.586
444.428,344.711,31.054,77.592
449.595,342.954,31.016,77.657
449.172,342.204,30.936,77.928
453.283,341.200,30.770,78.185
454.228,335.667,30.332,78.937
459.110,335.429,30.092,79.277
458.534,333.743,29.862,79.663
451.891,332.406,29.609,80.261
452.076,331.558,29.352,80.975
457.927,329.952,29.135,81.522
451.809,328.632,28.972,81.964
451.976,333.043,28.835,82.447
452.180,332.043,28.680,83.064
458.479,331.641,28.536,83.389
457.717,330.712,28.411,83.717
451.004,328.476,28.323,84.169
456.960,326.423,28.160,84.645
450.612,330.969,28.156,84.671
450.844,329.014,28.106,84.979
450.941,326.447,28.033,85.393
451.770,326.357,27.970,85.757
457.606,331.077,27.894,85.856
457.051,328.953,27.793,85.858
435.500,320.218,28.205,85.484
440.466,317.407,28.624,85.094
446.463,313.620,29.228,84.570
451.841,310.413,29.321,84.478
452.536,308.368,29.293,84.607
453.761,310.372,29.256,84.721
460.232,314.344,29.077,85.015
452.611,319.706,28.973,85.541
452.047,318.585,28.923,85.714
417.088,307.950,29.247,86.065
416.922,317.849,29.522,86.629
421.966,320.475,29.480,86.984
428.910,314.944,29.534,87.861
436.970,309.527,29.575,88.546
444.392,307.853,29.573,89.658
450.071,306.313,29.631,90.521
455.015,307.261,29.541,91.000
455.997,300.166,29.311,91.620
455.813,293.150,29.184,91.911
448.667,297.379,29.280,92.403
449.446,293.925,29.270,92.477
456.875,296.400,29.162,92.859
462.446,292.682,29.049,93.111
461.276,288.350,28.948,93.502
460.062,285.729,28.814,94.010
459.240,282.213,28.757,94.362
457.709,279.135,28.720,94.799
450.969,282.407,28.796,94.916
448.466,279.625,28.987,95.221
446.899,277.969,29.079,95.437
437.955,282.614,29.160,95.623
453.977,276.478,29.102,95.841
454.561,275.427,29.011,96.779
453.118,275.523,29.046,97.323
450.411,277.488,29.386,97.418
448.697,276.225,29.779,98.127
447.503,278.560,30.438,98.183
446.727,280.443,30.803,98.494
445.890,283.575,31.232,98.904
444.897,284.023,31.838,99.685
444.713,284.426,32.084,100.859
444.806,285.724,32.500,101.445
445.015,285.694,32.723,102.380
451.177,283.280,32.609,103.348
450.103,281.781,32.577,104.618
450.436,281.972,32.562,105.700
450.535,279.237,32.461,106.830
450.746,276.805,32.484,107.715
450.742,276.572,32.520,108.483
450.612,276.662,32.550,109.042
450.083,277.642,32.854,109.227
449.711,277.433,33.079,109.512
450.352,276.377,33.037,110.890
450.741,274.437,32.965,111.851
450.258,275.578,33.079,112.367
450.974,273.551,33.180,113.072
451.970,280.705,33.138,113.796
453.318,278.141,33.119,114.198
454.469,274.735,33.078,114.427
454.833,272.778,33.025,114.757
443.069,262.709,33.437,114.643
441.170,262.404,34.256,114.320
443.050,258.971,34.520,114.736
444.127,257.937,35.088,114.515
444.514,259.112,35.547,114.308
444.545,258.991,35.736,114.297
443.285,258.697,35.981,114.510
440.449,264.384,36.508,114.011
437.321,266.219,37.109,113.481
435.683,260.993,37.364,113.315
433.744,260.495,37.524,113.469
432.795,259.259,37.626,113.734
432.311,258.432,37.665,113.994
431.579,257.687,37.684,114.045
433.013,257.789,37.752,114.191
434.257,255.647,37.725,114.522
432.772,255.923,37.832,114.540
450.936,264.144,37.325,115.557
450.433,262.437,36.994,116.025
450.614,261.951,36.720,116.496
450.996,268.090,36.554,116.850
451.536,265.140,36.240,117.689
451.615,261.792,36.010,118.397
450.362,261.476,35.883,118.670
448.629,262.913,35.876,118.705
448.558,261.143,35.788,119.430
448.825,262.076,35.851,119.469
447.919,264.782,35.954,119.454
447.360,270.441,35.911,120.574
448.762,267.562,35.966,121.534
447.491,266.621,36.112,122.423
447.403,265.993,36.129,123.326
449.278,262.077,36.368,123.722
450.178,269.282,36.438,123.854
450.649,264.397,36.499,123.849
451.533,267.361,36.663,123.682
452.157,268.858,36.678,123.688
433.685,246.853,37.161,123.198
433.963,251.311,37.528,122.625
433.722,252.714,37.922,122.195
432.948,251.547,38.315,122.015
432.903,249.037,38.684,121.806
432.526,247.525,39.000,121.883
433.143,245.978,39.201,121.960
432.332,247.152,39.388,121.796
452.085,252.853,39.107,122.222
451.964,249.922,38.770,122.941
452.363,254.746,38.415,123.474
451.921,252.112,38.091,124.200
451.514,250.020,37.974,124.465
451.146,255.467,37.724,124.783
451.056,251.066,37.603,125.100
450.950,256.351,37.527,125.170
450.884,252.136,37.519,125.192
451.397,254.004,37.594,125.050
433.209,236.120,38.007,124.398
434.304,235.521,38.462,123.764
434.233,234.463,38.918,123.357
435.256,233.839,39.090,123.279
434.144,233.662,39.321,123.207
432.852,234.070,39.555,122.968
424.516,229.390,39.714,122.136
426.172,228.792,39.706,122.164
446.288,230.253,39.492,122.429
447.381,229.399,39.248,122.866
447.374,235.774,38.903,124.158
444.351,242.656,38.923,124.519
436.239,241.024,38.878,125.260
433.158,241.732,39.047,126.310
430.722,249.547,39.510,126.954
428.221,248.314,39.943,127.527
425.925,249.721,40.279,128.201
423.730,251.572,40.563,128.656
421.554,253.152,40.798,129.376
421.092,252.440,40.937,129.967
420.945,252.588,41.036,130.435
421.207,253.017,41.212,130.927
420.715,252.547,41.356,131.521
421.433,248.346,41.500,131.911
424.124,245.806,41.745,132.103
425.260,241.794,41.977,132.445
426.428,240.116,42.332,132.499
428.594,235.823,42.389,133.064
429.626,233.026,42.466,133.779
430.854,231.385,42.688,134.267
432.255,226.727,42.640,135.069
433.496,224.097,42.708,135.702
433.773,225.555,42.948,135.838
433.203,222.965,42.919,136.362
433.815,221.373,42.988,136.612
434.438,222.079,42.973,136.975
432.961,224.949,43.303,136.927
432.377,221.985,43.532,137.033
432.478,219.013,43.645,137.422
430.648,219.607,44.025,137.869
428.980,215.566,44.858,137.338
427.477,212.425,45.090,137.564
428.345,213.374,45.328,137.926
427.853,213.863,45.472,138.234
428.037,212.436,45.558,138.387
427.446,213.911,46.044,138.092
428.802,213.677,45.903,138.523
428.490,210.814,45.932,138.958
428.098,213.481,45.944,139.127
428.927,211.750,45.848,139.466
429.197,213.544,45.910,140.098
429.433,214.193,45.871,140.302
429.391,213.648,45.727,141.079
429.707,215.516,45.834,141.357
428.732,216.618,46.465,140.719
428.750,218.022,46.921,140.157
428.048,221.510,47.351,139.635
428.178,222.551,47.826,139.158
427.147,225.211,48.270,138.629
425.658,225.020,48.371,138.507
415.665,226.042,48.238,138.534
417.523,226.595,47.985,138.648
417.829,223.838,47.926,138.894
416.243,228.246,48.179,138.496
415.790,226.497,48.198,138.404
414.873,225.369,48.389,137.885
414.030,226.903,48.114,138.149
413.727,224.952,48.214,137.890
414.329,224.144,47.935,138.379
414.310,222.024,47.847,138.424
414.385,222.239,47.924,138.212
413.460,223.439,47.911,138.132
414.180,221.492,47.982,137.968
414.957,221.695,47.705,138.500
414.695,220.540,47.734,138.369
415.501,220.157,47.542,138.373
416.056,219.820,47.331,138.956
414.712,223.834,47.563,138.316
414.812,224.017,47.417,138.528
415.040,220.964,47.367,138.596
415.883,223.330,47.269,138.805
416.817,221.636,47.176,138.771
418.505,222.305,47.188,138.528
420.202,221.215,47.075,138.967
420.622,219.523,47.072,139.040
421.150,219.153,46.958,139.684
422.575,217.620,47.031,139.574
423.438,215.677,47.142,139.817
433.448,216.141,47.606,140.340
430.927,215.687,48.157,140.394
421.274,218.851,48.147,140.317
431.817,217.343,48.146,140.876
430.730,220.286,48.385,140.965
419.910,216.688,48.491,140.783
420.260,221.829,48.773,140.110
422.633,219.915,48.632,140.297
424.495,216.641,48.778,139.974
426.755,218.427,48.748,140.209
427.565,214.852,48.598,140.584
427.131,211.100,48.418,140.719
427.849,207.165,48.473,140.762
428.258,207.765,48.419,140.871
436.934,210.069,47.785,141.477
437.452,206.929,47.700,141.099
438.964,209.209,47.781,140.674
438.657,213.873,47.845,140.568
426.293,214.310,48.830,138.604
437.159,215.765,48.581,138.567
435.924,215.603,48.374,138.064
445.327,219.139,48.011,138.344
444.823,215.477,47.912,138.347
442.713,217.586,47.833,138.392
442.173,213.877,47.776,138.390
440.573,219.228,47.723,138.403
439.452,222.605,47.708,138.382
438.191,221.932,47.651,138.434
427.628,219.574,47.646,138.312
430.156,218.973,47.590,138.245
438.849,225.049,47.493,138.235
438.584,224.110,47.326,138.325
439.250,228.758,47.225,138.415
439.448,229.586,46.928,138.565
440.410,226.743,46.724,138.660
441.146,225.591,46.631,138.722
451.053,231.054,46.165,139.401
450.781,229.299,45.947,139.530
450.023,233.307,45.675,139.783
448.371,228.218,45.535,139.839
436.186,228.566,45.616,139.635
436.656,224.534,45.630,139.599
437.538,221.694,45.636,139.584
438.372,221.364,45.625,139.580
439.849,227.076,45.643,139.517
440.678,223.785,45.645,139.493
441.050,221.109,45.636,139.496
441.644,221.716,45.633,139.492
441.892,227.627,45.646,139.469
442.709,225.174,45.656,139.433
443.345,222.528,45.644,139.447
429.083,223.490,45.719,139.366
427.110,224.171,45.792,139.286
427.016,222.834,45.950,139.253
426.325,221.640,46.131,139.187
426.487,224.154,46.195,139.206
427.735,222.928,46.343,139.033
428.517,222.100,46.553,138.901
429.958,220.635,46.610,138.924
431.406,220.637,46.615,139.011
440.537,220.531,46.490,139.261
440.699,221.183,46.443,139.328
440.678,221.438,46.054,140.285
441.258,219.738,45.619,141.392
442.145,225.946,45.411,141.928
441.105,276.709,45.585,141.615
440.733,279.079,45.779,140.960
440.655,278.923,45.928,140.774
441.473,272.870,45.749,141.329
441.465,240.790,45.630,141.490
441.951,233.899,45.600,141.352
427.268,174.136,48.134,138.666
426.317,176.337,49.066,137.770
434.715,175.945,49.108,137.974
434.252,174.429,49.486,137.391
433.528,174.516,49.508,137.478
434.583,173.609,49.480,137.613
434.626,166.699,49.107,139.149
434.297,158.775,48.714,140.656
433.603,161.372,48.229,142.516
436.107,157.397,47.807,143.895
438.854,161.680,47.105,146.187
440.737,155.292,47.044,146.359
442.428,154.119,46.982,146.541
443.032,152.540,46.942,146.639
441.773,147.612,46.904,146.754
441.426,145.355,46.860,146.874
441.994,142.437,46.838,146.930
443.822,140.267,46.815,146.983
445.113,137.977,46.792,147.034
446.254,137.983,46.783,147.052
445.995,136.016,46.778,147.063
445.763,132.819,46.776,147.068
443.479,131.953,46.772,147.077
429.935,130.555,46.761,147.135
430.714,129.811,46.751,147.184
430.923,129.819,46.728,147.292
431.160,128.164,46.702,147.358
431.350,126.671,46.686,147.369
431.199,123.405,46.668,147.392
431.713,120.955,46.662,147.403
431.449,119.130,46.649,147.427
431.170,117.581,46.630,147.463
431.781,115.802,46.621,147.478
431.483,113.112,46.613,147.496
431.245,111.675,46.597,147.523
431.843,110.254,46.580,147.551
432.041,108.164,46.569,147.564
432.743,105.445,46.558,147.560
433.681,103.147,46.554,147.556
434.400,99.594,46.550,147.548
434.734,96.499,46.545,147.545
436.114,93.701,46.539,147.543
437.513,91.520,46.522,147.573
438.829,89.844,46.498,147.613
440.576,87.481,46.478,147.652
440.195,84.135,46.455,147.686
439.515,80.101,46.442,147.718
437.924,77.408,46.431,147.751
437.288,74.703,46.408,147.810
437.479,72.093,46.382,147.890
438.081,70.707,46.347,147.992
438.686,69.222,46.321,148.072
440.458,67.166,46.300,148.123
441.555,64.902,46.286,148.143
443.042,61.981,46.266,148.169
443.072,59.749,46.242,148.188
441.035,59.314,46.232,148.206
439.359,60.168,46.226,148.207
436.520,66.052,46.336,147.976
436.107,70.264,46.405,147.697
435.400,116.753,47.044,147.648
434.421,121.502,47.800,146.904
432.655,126.598,48.037,145.926
432.636,121.998,47.999,145.901
431.928,127.201,48.081,144.970
433.402,132.667,47.952,144.129
434.470,125.158,47.739,143.703
435.684,128.154,47.432,143.340
436.646,130.027,47.208,142.825
436.634,126.614,47.086,143.373
435.881,123.948,47.286,143.873
435.741,126.377,47.663,144.073
434.783,127.469,47.982,144.152
434.388,130.589,48.235,144.442
433.502,126.402,48.532,144.242
432.601,131.329,48.437,143.940
432.889,134.923,48.240,143.400
434.485,137.490,47.916,142.642
443.192,141.204,47.557,142.609
442.688,146.017,47.122,142.503
442.061,141.365,46.773,142.879
441.948,147.124,46.643,142.851
442.222,139.018,46.556,142.872
440.556,133.418,46.518,142.923
439.877,124.744,46.492,142.979
449.318,123.099,46.306,143.040
448.410,119.749,46.185,142.747
446.875,93.739,46.090,142.863
445.690,93.735,46.071,142.880
434.658,92.943,46.128,142.864
436.227,93.052,46.166,142.878
437.475,93.155,46.167,142.909
438.211,89.915,46.172,142.914
439.066,87.911,46.148,142.900
440.051,88.249,46.150,142.838
440.316,87.513,46.150,142.761
415.029,88.303,47.323,140.558
414.135,85.334,48.020,139.355
413.808,86.872,48.588,138.175
412.445,87.742,49.018,137.216
410.988,86.904,49.664,135.896
408.610,86.187,50.282,134.647
405.515,85.546,50.667,133.729
395.388,86.114,51.235,132.576
395.484,85.479,51.735,131.601
396.414,83.740,52.459,129.959
395.054,83.857,52.869,128.934
395.163,85.432,53.436,127.557
396.752,95.438,54.018,126.282
398.376,93.284,54.302,125.565
401.100,92.065,54.508,125.006
403.564,88.926,54.695,124.496
414.032,89.192,54.880,123.695
417.121,87.620,55.286,122.681
426.499,87.414,55.640,121.443
425.780,85.719,55.886,120.462
427.504,85.036,55.895,119.744
428.514,84.114,55.811,119.377
436.832,81.282,55.326,119.662
436.937,97.297,54.261,121.334
438.221,99.173,52.699,123.738
437.391,92.985,51.709,125.006
437.310,96.596,50.816,126.474
437.079,100.906,50.140,127.776
436.911,95.898,49.793,128.381
437.288,100.401,49.536,128.926
435.873,95.794,49.329,129.075
434.774,73.057,49.137,129.025
433.175,73.663,49.054,128.845
430.390,84.395,49.880,126.856
427.416,84.157,50.734,124.717
425.190,80.998,51.226,123.556
423.456,81.315,51.365,123.110
413.209,81.503,51.829,122.128
411.602,81.885,52.083,121.456
409.381,82.812,52.242,120.777
408.035,83.102,52.503,119.880
406.121,82.162,52.631,119.387
405.072,80.759,52.817,118.837
405.093,81.043,52.933,118.374
406.340,83.857,53.066,117.764
407.697,85.023,53.185,117.212
408.767,85.350,53.507,116.178
409.314,85.980,53.630,115.531
410.237,85.633,53.712,115.119
411.279,86.200,53.769,114.499
410.015,86.368,53.641,114.174
408.596,87.469,53.636,113.892
410.896,89.078,53.666,113.524
409.499,90.850,53.562,113.212
408.971,92.834,53.536,112.970
409.542,101.976,53.619,112.577
407.474,103.323,53.683,111.850
406.392,104.334,53.632,111.344
406.814,106.218,53.661,110.948
407.892,108.105,53.609,110.693
408.816,107.723,53.610,110.449
410.412,108.542,53.609,110.151
412.700,108.250,53.556,109.836
415.020,107.476,53.442,109.646
417.365,107.930,53.436,109.470
425.977,107.490,53.414,109.029
428.266,107.805,53.395,108.661
435.364,105.836,52.670,109.110
436.542,103.980,51.767,109.698
437.539,116.673,50.730,111.391
437.425,109.738,49.960,112.717
437.279,100.855,49.051,114.474
438.212,96.486,48.549,115.332
438.172,98.534,48.213,116.026
427.792,91.276,47.886,116.693
437.145,93.803,47.362,117.615
437.337,96.140,47.097,118.090
437.833,87.134,46.879,118.500
439.250,79.443,46.724,118.794
441.285,65.967,46.403,119.427
442.128,61.845,46.071,120.108
441.243,48.062,45.747,120.746
431.661,47.894,45.541,121.283
433.494,48.004,45.330,121.997
441.998,47.106,45.069,122.523
441.472,48.283,44.781,123.139
442.121,47.344,44.497,123.755
442.739,46.889,44.181,124.566
442.942,47.202,43.973,125.158
443.263,46.657,43.823,125.565
443.138,46.852,43.602,126.235
443.533,47.127,43.454,126.606
443.505,48.465,43.338,126.910
443.611,48.886,43.246,127.198
443.376,48.244,43.088,127.700
443.153,47.660,42.897,128.364
442.621,48.113,42.842,128.648
441.822,46.769,42.820,128.754
441.634,46.256,42.792,128.845
441.234,45.062,42.780,128.907
440.317,42.722,42.764,129.028
439.940,40.102,42.746,129.156
440.612,37.340,42.700,129.318
441.182,34.769,42.604,129.728
440.575,30.342,42.611,129.822
430.671,28.130,42.634,130.072
430.591,34.349,42.806,130.299
430.885,30.420,42.860,130.797
432.002,16.072,42.956,131.371
432.374,4.946,42.953,132.245
441.774,-3.601,42.811,133.302
441.229,3.915,42.776,133.817
430.045,-7.151,42.844,134.169
439.740,-5.783,43.044,135.389
439.021,-6.240,43.141,136.659
428.908,-7.487,42.884,137.534
429.307,-9.446,42.790,138.017
430.125,-10.753,42.749,138.424
440.412,-9.588,42.751,138.817
441.095,-11.839,42.394,140.472
440.851,-13.991,42.150,141.431
450.763,-14.001,42.253,141.772
449.764,-12.605,42.054,142.750
449.040,-14.982,41.708,143.471
449.828,-17.718,41.453,143.752
450.075,-18.714,41.297,143.679
449.438,-21.111,41.311,143.580
396.710,80.000,55.012,128.486
394.347,89.945,67.213,116.023
397.836,98.816,75.305,106.868
398.820,104.534,82.031,99.848
401.146,105.587,85.508,95.331
401.860,94.280,86.033,94.097
403.817,90.788,84.882,94.153
414.054,81.139,78.807,99.312
417.129,74.978,74.998,102.317
427.551,67.669,69.190,108.656
430.542,71.621,64.201,113.234
431.697,68.031,60.718,116.527
390.335,49.923,70.340,106.441
374.299,54.613,82.303,95.559
373.180,57.695,91.750,87.123
373.158,61.948,95.682,83.132
373.491,63.118,98.883,80.015
375.099,62.348,101.551,77.481
376.827,64.921,102.469,76.370
378.285,67.246,103.200,75.643
379.655,64.902,102.813,75.828
382.121,61.906,102.609,75.796
380.324,61.689,103.192,75.370
382.106,62.068,102.396,75.581
382.879,60.379,102.522,75.153
385.683,58.994,101.048,75.758
386.558,58.038,99.739,76.196
386.723,57.069,99.394,76.079
389.029,55.233,98.381,76.506
389.262,53.042,97.069,77.178
390.669,54.390,96.195,77.160
388.204,56.784,95.649,76.903
391.858,58.833,94.524,76.783
395.412,58.489,93.416,76.947
397.766,57.540,92.676,76.764
398.668,57.600,90.536,77.531
399.853,59.071,88.620,77.854
404.561,58.358,87.262,78.051
405.514,60.151,84.964,78.646
410.614,59.229,82.989,79.208
413.173,56.408,80.355,80.573
413.913,55.857,78.448,81.337
422.881,68.149,73.280,86.004
424.569,67.702,70.458,88.518
425.948,67.194,69.466,89.263
434.099,80.250,67.487,91.309
434.539,79.865,65.524,93.221
435.602,81.251,63.959,94.698
437.317,90.849,62.639,96.210
439.006,88.632,61.211,97.903
440.204,85.923,59.820,99.497
440.383,85.900,58.757,100.695
441.237,85.505,57.997,101.552
441.222,84.948,57.475,102.155
440.870,86.417,57.120,102.526
441.117,88.549,56.581,103.111
441.288,90.002,55.932,103.841
441.015,91.918,55.514,104.265
441.426,92.747,55.084,104.702
441.799,94.633,54.561,105.216
442.662,95.079,53.575,106.136
443.042,96.652,52.721,106.947
442.663,96.582,52.502,107.147
442.586,96.817,52.321,107.317
442.630,95.291,52.179,107.451
442.788,94.170,52.106,107.524
356.479,15.524,64.375,95.170
350.709,8.772,71.136,87.579
350.683,9.038,76.211,82.096
352.443,7.213,79.163,78.348
360.981,8.323,82.175,75.171
361.600,8.173,83.960,73.019
364.266,8.832,84.054,72.509
365.712,10.472,83.662,72.327
368.442,9.767,83.826,71.563
377.451,10.390,84.640,70.027
378.702,10.327,85.157,69.137
380.358,10.758,84.610,69.579
383.062,11.558,83.984,70.133
385.708,10.978,84.520,69.362
387.174,11.296,85.330,69.058
389.264,11.791,86.109,68.447
390.620,11.417,86.999,67.535
388.835,12.966,86.909,67.515
387.450,13.690,86.692,67.573
389.164,12.303,87.135,66.951
387.853,12.957,87.376,66.765
387.617,12.025,87.914,66.167
387.469,11.949,87.245,66.661
386.625,11.522,86.942,67.052
389.086,11.580,87.035,66.934
392.515,10.822,86.027,67.562
398.709,8.479,84.630,68.748
402.220,6.995,83.034,69.932
407.213,5.444,81.483,70.815
410.632,4.386,79.505,71.892
411.476,3.175,77.929,72.289
423.203,3.427,72.970,75.766
426.823,2.902,68.310,79.119
429.494,1.459,64.197,81.915
416.981,-5.806,66.512,78.939
413.888,-4.731,69.112,75.780
397.381,-10.033,75.294,69.792
392.660,-7.407,80.779,64.713
391.570,-6.801,84.608,60.961
390.516,-5.367,87.250,58.311
389.353,-3.149,89.186,56.326
388.833,-3.119,90.208,55.043
388.374,-3.607,91.710,53.525
388.185,-3.442,93.074,52.349
388.101,-2.512,93.634,51.583
387.811,-3.011,94.390,50.740
388.715,-2.634,94.386,50.346
388.249,-1.512,94.382,49.924
387.174,-1.286,94.318,49.823
389.088,-1.560,94.061,49.800
389.323,-1.597,93.941,49.642
388.347,-1.154,94.154,49.287
386.876,0.048,94.193,49.222
385.584,1.063,94.216,49.231
383.432,2.663,94.501,49.091
384.493,1.682,94.375,49.315
384.315,2.352,93.954,49.708
383.975,2.642,93.690,49.987
382.465,3.185,93.851,50.052
379.331,3.827,94.223,49.987
379.868,4.371,93.915,50.118
379.046,3.700,93.917,50.293
379.221,3.075,93.945,50.352
377.515,3.995,94.088,50.377
401.433,11.990,88.743,55.156
416.562,13.405,79.448,63.786
419.088,7.807,72.722,69.645
414.489,7.965,70.208,71.614
413.564,8.549,69.208,72.557
415.002,8.123,68.735,72.885
415.000,9.584,68.473,72.908
415.389,9.407,68.600,72.287
415.467,10.011,69.004,71.065
416.479,9.562,68.978,70.114
417.061,8.017,68.756,69.579
416.800,7.979,68.445,69.064
415.437,8.433,68.149,68.630
415.216,8.886,68.180,67.891
415.710,9.364,67.619,68.124
415.164,9.983,67.258,68.192
415.499,9.812,67.408,67.502
415.393,10.288,67.413,67.338
414.533,10.620,66.437,68.186
413.196,11.007,65.846,68.706
412.278,12.048,66.533,68.286
412.767,12.912,66.916,68.233
411.490,13.068,67.491,68.155
411.000,14.393,67.979,67.740
410.540,15.496,68.532,67.450
411.462,16.311,69.330,66.751
409.554,18.122,69.313,66.871
409.400,19.210,69.466,66.910
409.405,20.167,69.477,67.144
410.339,20.827,69.590,67.218
409.993,22.300,69.551,67.342
410.588,23.091,69.488,67.485
412.576,23.438,69.315,67.351
416.496,22.667,68.616,67.708
418.123,22.179,68.509,67.168
421.047,18.948,67.685,67.599
424.202,6.655,63.418,71.695
427.995,4.052,59.444,75.209
430.993,2.365,56.079,77.976
439.531,1.656,51.607,82.323
440.230,-1.918,49.024,84.142
448.973,-3.707,45.837,86.573
425.815,-8.805,50.568,81.046
421.588,-6.397,55.944,75.058
418.918,-4.406,59.598,70.516
419.100,-3.566,63.153,66.605
417.731,-3.080,65.123,63.873
417.135,-2.799,66.341,61.850
416.610,-2.092,66.641,60.711
415.951,0.093,66.523,59.989
416.093,0.286,66.775,59.207
415.248,0.047,67.034,58.400
416.487,-1.170,66.499,58.010
416.133,-1.443,66.130,57.433
416.424,-0.790,66.375,56.452
417.240,-0.600,66.346,55.755
417.711,-0.087,66.371,55.142
418.082,0.685,65.762,54.938
420.232,1.349,64.829,54.986
420.441,0.894,64.050,54.894
419.226,1.785,63.712,54.736
417.172,2.452,64.221,54.002
406.324,-2.336,67.463,51.034
405.204,-0.528,70.350,48.447
402.313,1.046,72.480,46.641
402.087,1.616,74.406,45.137
401.542,1.542,76.335,43.690
400.476,2.051,77.576,42.751
399.398,2.916,78.455,42.078
403.255,3.287,78.537,42.118
401.621,2.870,79.120,41.582
400.912,2.961,79.471,41.234
401.054,3.283,79.575,41.115
401.227,3.945,79.308,41.254
401.183,4.251,79.152,41.373
402.254,4.714,78.970,41.475
403.483,3.605,78.975,41.490
403.246,4.360,78.616,41.999
403.464,3.467,78.149,42.477
403.636,3.083,77.637,42.868
404.045,2.666,78.088,42.511
403.129,2.030,78.271,42.261
403.376,2.076,78.118,42.373
404.080,3.103,78.010,42.619
403.272,3.013,77.806,42.655
403.090,2.194,78.138,42.383
403.418,2.117,78.380,42.090
403.564,0.840,78.639,41.703
403.595,-0.402,78.657,41.486
403.433,-0.212,78.857,41.351
402.726,-0.973,78.989,41.144
403.351,-1.378,79.462,40.560
403.171,-0.612,79.578,40.273
403.711,-0.115,79.402,40.162
403.885,0.300,79.210,40.097
404.533,1.611,79.183,40.118
403.754,2.679,78.919,40.156
402.696,3.146,78.725,40.259
402.497,3.919,78.376,40.526
400.615,4.333,78.375,40.735
401.097,4.861,78.715,40.796
401.685,4.470,78.765,41.099
400.737,4.858,78.787,41.455
400.824,5.208,78.920,41.699
398.848,5.230,79.026,42.040
398.737,4.957,79.098,42.230
400.318,4.567,79.456,41.910
399.957,4.049,79.684,41.722
400.402,2.907,79.752,41.599
400.174,2.524,79.668,41.520
400.591,1.919,79.821,41.331
400.786,-0.014,79.913,41.142
401.675,-0.757,80.022,40.729
401.915,-0.885,80.157,40.264
402.406,-0.697,80.176,39.905
401.870,-2.946,80.211,39.528
402.013,-3.306,80.350,39.044
401.533,-2.249,80.603,38.571
401.093,-1.538,80.656,38.282
401.913,-1.648,80.430,38.143
402.312,-1.170,80.377,37.950
401.885,-0.377,80.189,37.901
402.331,-0.801,79.891,37.821
401.650,-0.336,79.690,37.803
402.049,1.375,79.483,37.872
402.901,1.722,79.125,37.964
404.854,1.381,78.605,38.072
405.485,2.438,78.204,38.187
413.722,8.454,74.565,41.308
404.376,2.329,74.664,41.001
413.829,3.734,71.632,43.516
414.919,3.920,69.290,45.328
415.766,3.908,67.298,46.898
416.157,3.789,65.912,48.116
415.857,3.571,65.087,48.669
417.652,2.985,64.012,49.242
417.786,2.753,63.353,49.399
417.613,3.145,63.211,49.153
417.613,3.553,63.140,49.011
409.288,-1.713,65.195,47.041
410.240,-1.044,66.612,45.613
409.804,-0.005,67.815,44.400
408.861,0.965,69.315,42.949
408.534,1.320,70.281,42.031
406.700,0.985,71.285,41.210
406.114,0.610,72.428,40.362
406.336,1.321,73.219,39.713
406.257,0.206,74.156,38.838
406.496,-0.558,74.800,38.301
406.918,-0.541,75.600,37.559
406.566,0.203,76.225,36.991
406.817,0.376,76.598,36.662
407.219,0.585,77.056,36.283
406.868,0.347,77.062,36.127
