110.000,101.000,30.000,91.000
110.591,101.356,31.005,90.194
111.419,100.830,31.692,89.659
112.722,100.996,31.725,89.721
113.454,100.336,31.872,90.500
114.023,105.367,31.952,90.716
114.339,108.197,33.146,88.528
114.767,106.753,34.167,86.834
115.989,106.951,35.099,85.201
116.425,106.081,35.661,83.797
117.170,107.876,35.683,83.040
122.096,105.998,36.082,81.793
121.989,106.652,35.908,81.702
122.531,105.626,35.676,81.782
123.830,106.588,35.546,81.644
124.878,102.262,34.597,82.251
126.519,104.815,33.254,83.147
126.398,103.475,32.743,83.165
126.300,100.699,32.236,83.120
127.769,102.789,31.617,83.118
129.440,102.320,31.518,81.838
130.626,104.137,31.076,81.162
130.951,103.575,31.799,78.926
132.432,104.971,32.121,77.459
133.818,105.511,32.060,76.579
135.238,104.332,31.918,76.167
137.590,104.366,31.019,76.888
139.499,104.764,30.265,77.256
140.735,104.591,29.828,77.298
142.073,104.546,29.532,77.114
147.156,94.622,29.298,77.027
146.462,94.485,28.780,77.598
146.640,94.062,28.707,77.488
147.331,93.830,28.699,77.329
147.665,89.100,28.426,77.443
148.702,89.362,28.157,77.765
148.457,89.697,28.729,76.820
148.384,91.100,28.319,76.625
148.211,92.646,28.130,75.882
148.233,93.785,27.779,75.481
147.238,93.679,28.222,74.182
153.066,99.944,27.579,74.604
153.035,97.671,27.108,74.836
153.549,96.157,26.684,74.869
155.054,100.391,26.358,74.692
156.356,100.754,26.025,74.502
157.547,99.835,25.670,74.544
159.631,96.231,25.435,74.436
161.294,97.153,25.052,74.663
163.567,97.000,24.607,74.896
164.913,96.779,24.450,74.670
170.941,97.552,24.327,74.423
171.898,101.668,24.222,73.947
173.152,100.322,24.231,73.453
174.240,98.236,24.024,73.548
175.192,96.168,23.941,73.254
175.590,93.341,23.820,73.169
176.751,91.585,23.344,73.675
177.940,90.780,23.087,73.895
178.158,89.287,23.151,73.794
178.088,89.404,23.145,73.658
179.660,93.592,23.284,73.176
180.280,92.897,23.375,72.774
181.363,95.996,23.686,72.235
182.955,95.042,23.713,71.931
183.911,98.587,23.919,71.685
184.328,94.512,24.055,71.515
184.504,93.524,24.058,71.385
183.965,92.754,24.055,71.294
183.811,93.252,24.073,71.025
183.426,91.543,24.156,70.637
183.338,91.310,24.161,70.206
183.440,93.865,24.525,69.405
183.599,93.252,25.138,68.417
183.946,94.052,25.106,68.391
184.568,92.851,25.648,67.649
185.900,96.842,25.946,67.083
187.104,96.271,25.727,67.254
187.991,95.165,25.534,67.363
187.882,95.244,25.952,66.589
188.462,94.046,25.704,66.833
189.083,94.380,25.525,66.967
194.571,95.665,25.312,67.179
193.821,95.269,25.504,66.751
194.671,95.836,25.127,67.123
195.510,96.175,24.866,67.431
196.546,98.678,24.644,67.629
197.052,96.351,24.442,67.827
197.849,96.118,24.171,68.075
197.571,95.210,23.922,68.301
197.310,94.312,23.752,68.347
197.688,93.731,23.582,68.428
198.388,93.979,23.360,68.763
199.014,94.574,23.200,68.832
200.203,94.261,23.120,68.823
200.899,94.746,23.145,68.614
201.446,96.893,23.198,67.997
201.314,96.875,23.306,67.320
200.889,97.812,23.160,66.720
200.904,97.186,23.011,66.186
199.986,97.280,22.883,65.557
200.601,96.429,22.831,64.812
201.654,99.016,22.636,64.250
202.017,97.866,22.447,64.043
202.617,97.973,22.337,63.612
206.560,97.771,21.947,63.569
206.452,99.470,21.648,63.120
206.957,100.562,21.571,62.455
207.639,101.086,21.403,61.941
208.525,100.594,21.223,61.438
208.139,97.989,20.899,61.574
208.125,99.302,20.593,61.357
207.147,98.853,20.445,61.266
206.224,98.451,20.270,61.061
206.097,97.953,20.068,60.859
205.563,96.225,19.942,60.633
205.227,95.822,19.931,60.169
204.902,94.046,19.855,59.994
205.030,94.038,19.838,59.708
205.129,94.196,19.775,59.245
205.065,93.564,19.738,58.976
205.626,94.732,19.675,58.441
206.485,96.903,19.517,57.934
207.622,96.857,19.549,57.452
208.604,95.949,19.591,57.102
209.814,96.631,19.516,56.691
211.370,98.316,19.424,56.295
213.227,99.917,19.441,55.784
