198.000,249.000,95.000,325.000
191.080,255.992,96.588,320.443
191.226,255.579,97.963,317.798
192.823,258.589,98.771,317.470
191.756,258.955,98.785,317.303
191.193,260.542,99.695,317.716
193.671,261.392,100.203,317.403
197.955,258.411,100.129,318.655
201.882,265.464,100.431,318.352
202.335,267.721,101.151,318.260
202.448,264.449,101.531,316.929
207.020,266.816,102.184,315.950
209.060,266.909,102.008,317.459
210.723,267.792,102.414,317.770
211.374,264.671,102.248,319.503
213.274,265.692,103.406,320.394
215.120,261.249,103.016,323.258
219.044,255.664,104.218,324.082
223.596,249.460,104.148,327.498
222.678,250.970,104.306,330.341
219.267,251.939,105.039,331.282
212.290,243.111,105.953,332.393
211.198,239.935,107.601,330.352
206.317,237.551,108.276,330.127
204.853,232.994,108.861,329.952
201.229,232.805,109.396,331.604
201.482,225.911,110.983,334.026
201.352,209.994,111.825,337.096
206.151,206.274,112.374,339.476
211.723,206.986,112.335,345.055
214.147,219.056,112.735,350.400
213.870,229.978,113.202,352.936
213.632,226.386,113.726,356.403
213.283,226.979,114.071,358.380
213.162,235.185,114.388,359.557
211.186,241.941,115.755,360.466
209.293,242.535,116.765,362.550
204.342,238.688,118.108,368.085
203.694,220.508,119.124,373.524
202.773,211.494,120.132,378.160
198.961,206.931,121.240,381.009
199.838,192.693,123.125,384.797
198.698,185.191,124.490,389.201
199.368,176.804,126.353,390.171
200.672,173.200,128.833,388.381
205.285,172.153,130.001,389.179
210.208,173.041,130.481,389.544
211.478,172.451,131.508,388.430
214.483,177.333,132.201,388.919
222.211,173.189,131.946,389.832
224.722,184.753,133.221,388.397
222.310,181.479,134.883,383.384
217.484,189.031,136.639,378.062
221.044,192.421,137.712,373.913
226.578,195.732,137.401,371.469
229.487,184.732,137.317,369.670
228.401,191.976,137.322,367.066
228.439,200.541,137.410,364.793
227.068,209.984,137.924,361.343
216.049,191.800,137.940,360.900
200.374,170.541,137.727,364.656
184.612,142.515,137.812,368.526
173.847,135.610,135.987,373.915
169.253,123.877,135.113,377.214
172.037,132.176,134.465,379.229
172.836,139.528,133.830,380.046
171.801,135.014,133.305,379.884
171.182,156.627,133.383,378.264
176.699,144.006,133.200,377.191
182.886,160.667,132.271,377.682
187.307,148.017,130.896,380.868
194.225,167.557,131.781,379.457
203.452,142.776,131.645,381.010
208.222,161.603,130.310,384.027
212.450,181.364,129.791,388.014
210.373,194.093,130.744,384.779
209.269,187.478,130.059,383.245
207.401,184.443,129.385,381.642
207.002,179.146,128.091,381.909
203.583,162.250,127.578,383.113
202.888,152.946,126.309,383.917
206.121,160.563,125.930,380.317
207.492,140.235,125.271,378.477
210.849,150.702,125.084,374.473
214.218,146.916,125.414,371.311
224.790,158.070,124.268,370.902
233.352,172.465,123.426,370.818
240.095,182.324,123.061,369.954
252.872,189.659,123.161,368.952
264.008,195.030,123.117,369.208
278.862,196.273,122.350,370.608
306.122,187.461,121.818,373.586
319.579,189.990,121.269,374.195
332.721,188.189,120.456,375.935
344.575,184.630,121.259,377.829
350.135,183.850,122.708,379.006
350.426,166.207,124.274,384.791
344.608,150.791,126.447,384.669
349.816,145.338,126.766,385.228
346.767,148.242,126.770,386.393
353.434,142.035,127.846,384.417
359.629,140.408,128.090,385.048
363.057,137.035,127.562,386.700
362.362,139.961,128.160,385.235
365.848,141.470,127.836,387.841
369.473,145.890,127.042,389.543
371.469,150.673,126.010,390.604
374.337,163.987,124.608,392.263
375.359,171.705,124.239,392.915
377.286,175.529,124.399,393.033
377.165,179.217,123.735,392.104
377.091,179.123,122.957,393.800
376.299,177.077,122.637,394.318
372.181,186.342,123.188,393.028
369.995,189.516,123.959,392.079
364.153,197.918,124.191,391.810
361.986,185.510,125.455,394.527
356.503,166.672,127.275,397.300
350.890,160.099,129.027,396.800
347.613,156.901,131.125,395.640
342.783,160.792,132.989,397.415
337.316,171.678,133.749,400.126
331.826,183.651,134.875,400.930
321.457,185.492,136.824,401.892
313.567,189.935,138.465,401.463
305.708,196.195,139.606,398.620
301.329,200.568,140.104,394.962
296.762,207.541,139.581,393.244
295.791,218.677,139.371,391.885
292.192,226.327,138.279,390.272
289.321,231.543,138.195,389.143
285.162,228.293,137.897,388.539
283.324,232.438,137.852,387.849
283.400,230.179,137.724,387.460
285.624,222.443,136.155,389.692
282.356,217.660,135.446,390.901
282.913,213.474,134.576,392.274
282.482,202.734,133.349,395.320
280.874,189.604,131.922,395.656
276.599,175.386,131.123,394.327
276.046,173.359,130.630,393.101
275.670,169.292,129.846,391.326
281.079,168.862,130.032,388.780
284.518,169.595,128.683,389.605
287.803,168.257,127.491,391.160
290.147,171.531,126.698,390.355
289.635,182.587,126.459,388.374
292.711,187.029,125.718,386.049
295.190,187.840,124.599,384.565
299.520,186.014,123.497,382.441
300.351,183.521,123.262,379.532
300.097,185.814,122.261,379.266
302.114,185.721,120.738,380.014
302.638,200.122,119.488,378.459
302.780,196.992,118.756,373.299
301.810,191.281,118.052,367.533
302.096,185.381,117.236,362.450
300.251,185.301,116.151,358.379
297.265,176.360,114.835,355.452
299.056,169.184,113.083,352.639
300.990,167.954,111.226,348.667
300.367,176.951,110.060,341.960
300.055,173.241,109.062,337.993
296.337,170.414,107.356,336.714
291.743,176.351,106.362,334.384
291.873,169.954,106.618,329.753
293.955,184.914,105.797,329.327
293.954,179.236,105.617,327.326
293.304,193.872,105.543,326.188
292.981,198.802,105.384,325.321
292.553,209.175,106.339,321.758
294.184,215.690,107.750,319.937
297.649,215.535,108.166,320.037
298.720,221.131,109.120,317.856
299.055,221.777,110.133,315.792
301.197,231.050,110.685,312.377
302.587,217.612,110.820,310.518
303.621,227.649,111.247,306.586
307.323,227.267,111.017,304.013
308.670,227.048,109.892,303.489
311.029,225.901,108.351,304.665
313.833,209.005,106.269,305.806
313.711,210.854,106.467,306.044
317.290,203.400,104.010,305.541
318.163,203.526,104.090,304.128
320.960,202.682,101.901,302.252
323.019,197.100,99.911,301.122
324.791,199.647,98.174,299.103
326.530,198.587,97.368,295.226
330.654,205.914,96.152,289.498
333.983,216.573,94.233,284.882
335.636,221.954,92.608,283.030
336.942,222.364,91.352,281.588
337.418,225.925,90.947,279.279
336.021,225.434,90.912,277.600
333.879,234.190,90.768,274.231
331.445,236.911,90.831,272.105
329.034,236.795,90.392,269.199
326.431,247.735,90.219,265.176
322.501,243.715,89.906,262.044
317.790,244.654,89.612,258.828
315.405,242.624,89.290,255.390
295.078,243.017,89.506,252.446
296.532,236.185,88.359,251.292
296.730,230.154,87.127,251.104
294.531,226.479,87.018,248.614
293.435,226.327,86.606,247.907
291.820,230.561,86.265,247.071
293.983,229.009,85.277,245.915
298.989,230.791,84.122,245.342
302.129,224.827,84.351,241.994
307.293,230.068,83.812,239.862
312.533,235.074,83.250,239.092
314.623,236.948,82.746,237.339
316.918,238.475,82.888,236.145
319.343,241.576,82.718,235.706
321.178,248.233,82.498,234.952
324.507,256.241,82.249,234.753
326.951,263.024,82.337,234.971
328.993,269.178,81.746,235.935
329.981,269.432,81.213,239.843
330.938,265.453,81.188,242.957
336.835,259.889,81.124,245.306
338.704,261.183,80.848,248.062
338.023,255.367,80.163,251.782
339.688,243.939,80.037,252.710
342.193,237.672,79.824,252.441
346.461,236.567,80.112,252.525
351.493,231.059,80.816,254.468
353.878,227.623,81.706,256.786
355.344,221.515,81.728,260.144
356.982,212.760,82.832,260.720
360.355,207.409,83.999,259.951
364.374,211.930,85.492,259.358
366.860,215.911,86.880,259.208
368.255,217.538,87.752,259.319
367.667,220.452,88.897,259.972
366.854,215.221,89.690,262.030
365.391,225.373,90.080,262.294
361.158,226.959,90.479,263.554
358.630,238.695,89.880,265.389
357.494,242.397,88.999,268.338
355.659,234.219,87.007,273.537
353.126,234.708,86.500,277.977
352.106,234.360,85.956,279.346
349.197,234.720,86.674,279.489
343.911,236.966,87.567,279.905
340.181,234.852,88.378,280.331
339.178,226.200,88.834,280.888
337.138,206.081,89.483,283.072
333.585,201.873,90.655,285.277
329.223,200.731,92.033,286.069
325.927,195.871,92.954,287.070
323.687,200.872,94.277,285.291
318.610,201.675,96.080,284.782
297.342,201.964,95.913,284.458
298.291,200.611,95.517,283.142
299.207,197.652,95.431,278.940
303.651,193.454,96.219,272.877
309.225,195.070,99.374,265.082
316.109,204.595,101.098,258.867
321.423,212.131,101.767,254.452
327.408,218.221,101.113,251.954
333.219,224.124,100.360,248.937
338.530,224.586,99.745,245.715
343.770,229.976,98.992,243.364
348.754,236.736,98.327,240.887
354.107,240.920,98.767,237.230
358.809,246.082,98.941,235.130
363.933,247.662,98.846,232.474
368.094,248.407,98.553,230.338
368.733,252.297,97.654,231.162
367.728,245.570,97.131,232.107
365.789,244.781,96.708,231.010
367.727,243.923,96.259,230.506
368.756,241.746,95.694,230.253
367.129,240.112,95.566,229.794
367.359,241.202,95.751,229.629
364.583,239.307,95.504,230.488
364.476,247.582,95.140,231.465
362.138,245.424,94.661,233.422
358.870,246.307,95.002,233.318
355.113,243.313,94.420,234.728
352.307,238.118,93.912,236.141
345.860,235.201,93.639,238.314
341.085,236.630,93.735,238.778
335.218,233.884,94.038,240.002
329.111,233.539,94.381,240.163
322.199,234.719,95.250,239.606
315.000,231.458,94.862,240.297
306.594,235.441,95.074,240.434
301.376,230.069,93.422,241.061
292.546,229.926,93.130,242.015
286.297,232.950,91.893,243.768
279.506,232.886,91.257,245.242
271.871,234.680,91.249,245.869
263.901,232.389,91.134,246.359
257.064,230.913,91.178,245.880
240.533,234.612,90.141,246.687
235.989,229.980,89.923,246.673
231.577,232.532,89.696,247.312
225.862,232.873,89.851,248.432
218.899,236.940,90.101,248.750
204.616,243.025,88.160,250.869
197.080,235.356,87.587,252.280
191.272,228.498,86.988,255.033
187.786,229.772,86.572,256.406
183.619,225.375,86.935,257.332
180.122,222.684,87.029,257.909
176.554,218.945,87.066,258.570
174.636,216.804,86.835,259.577
174.559,212.227,86.878,261.477
173.180,210.452,87.467,263.935
173.338,211.137,88.466,263.330
174.214,208.808,89.774,263.247
173.185,210.099,91.474,263.289
191.537,207.039,91.810,265.875
188.996,211.380,92.282,266.105
189.351,211.003,92.638,266.632
190.537,216.736,93.258,266.983
210.013,218.881,93.234,266.744
227.773,219.814,93.296,266.208
225.211,217.803,93.667,266.781
242.235,217.932,93.188,267.553
243.196,213.235,92.765,268.255
258.871,222.798,92.641,269.483
260.133,217.630,91.353,273.535
261.934,224.978,90.846,276.375
267.051,225.190,90.333,280.726
269.174,215.025,89.398,287.270
269.184,206.011,89.296,290.485
275.716,209.485,89.566,292.159
279.659,206.765,89.307,293.159
281.989,214.769,89.243,292.829
281.605,219.826,89.991,293.026
280.876,219.587,90.236,294.564
280.882,225.388,90.649,295.425
277.421,219.500,91.852,296.926
273.602,213.795,93.300,297.857
270.205,221.666,94.318,299.606
265.777,218.800,96.220,300.180
263.417,222.085,97.425,299.677
264.255,215.182,98.190,299.725
264.910,210.861,98.159,302.064
264.086,209.624,97.923,306.744
264.727,229.504,97.924,310.120
267.695,236.033,99.125,306.688
267.592,237.165,100.574,303.698
268.288,240.653,100.656,303.252
267.540,242.898,101.085,301.026
267.530,244.086,100.901,300.921
267.307,247.962,100.850,301.887
265.863,240.560,101.294,304.165
311.077,229.415,104.861,299.231
284.353,230.053,105.411,299.723
332.018,240.966,109.644,293.736
328.175,249.480,112.740,290.139
306.954,248.694,111.190,291.901
326.249,229.105,113.537,288.335
326.383,250.150,111.533,291.457
347.017,249.953,113.814,291.770
344.606,227.619,113.987,293.348
345.053,227.293,112.438,296.292
368.631,231.053,111.202,300.617
368.508,205.603,110.418,302.557
368.797,203.715,110.367,303.377
367.798,200.468,110.214,306.544
366.374,193.986,110.938,307.828
364.284,192.644,111.502,308.275
364.477,193.495,112.055,309.405
360.778,194.805,112.381,310.623
361.112,193.249,113.441,310.189
333.462,167.676,113.386,306.796
332.106,178.564,114.008,303.137
309.015,190.420,113.378,300.623
307.740,194.557,112.433,298.542
282.370,221.973,112.224,295.841
277.583,219.625,116.463,289.732
256.598,220.023,113.895,289.704
252.733,218.410,113.424,288.832
232.899,215.364,111.491,286.798
225.385,209.805,111.089,284.514
205.686,211.605,109.329,280.483
205.038,207.038,107.403,280.588
198.908,196.192,105.890,281.280
192.305,188.865,104.918,281.481
186.286,190.337,103.821,279.271
180.509,190.818,101.964,277.518
175.576,196.805,100.208,276.053
169.799,199.246,98.863,273.996
167.653,201.468,96.818,271.039
163.753,203.319,94.929,269.362
160.029,203.939,93.513,267.029
154.981,206.094,92.386,264.633
151.704,209.205,90.557,263.020
149.858,209.993,89.066,262.085
150.489,218.574,87.407,262.397
150.420,216.767,86.653,262.123
152.848,226.275,86.357,262.097
155.444,230.327,86.092,262.063
159.517,236.001,85.999,262.389
160.074,238.679,85.514,263.660
161.962,242.076,85.343,264.962
162.759,239.868,85.441,266.667
164.072,234.982,85.482,268.856
166.518,225.277,85.904,268.268
168.595,217.066,85.750,268.385
171.443,218.464,85.631,268.330
174.997,214.857,86.161,267.702
180.560,206.856,85.668,269.322
178.965,198.819,86.359,271.176
180.220,183.196,85.644,273.143
180.162,180.262,86.412,271.688
185.405,179.424,87.229,272.013
186.978,181.313,87.538,273.038
185.064,188.037,87.721,272.217
185.222,194.128,87.581,273.558
185.108,195.621,87.544,273.656
183.589,197.052,87.674,273.903
182.408,197.301,87.943,273.213
182.740,197.354,87.719,272.359
179.993,197.975,87.822,272.422
181.302,199.562,87.899,271.310
177.696,209.259,87.897,270.851
175.815,205.181,87.460,270.189
173.735,203.251,86.794,270.301
168.687,202.883,87.179,270.581
165.420,198.190,87.114,271.958
157.280,192.742,87.680,273.395
156.500,187.947,87.863,273.184
156.192,181.957,87.822,272.887
157.171,184.707,87.647,272.911
154.886,180.116,88.112,272.549
153.128,172.057,88.024,273.718
155.273,167.058,87.364,274.427
158.312,172.844,86.591,275.755
157.479,177.195,86.906,276.495
159.429,187.202,86.257,278.639
158.157,191.840,86.554,278.207
158.611,199.345,86.171,278.613
159.735,200.139,86.641,277.303
161.508,203.875,86.550,277.282
163.149,208.836,86.848,276.501
162.369,212.500,87.263,275.238
160.255,215.966,87.558,274.895
157.217,217.899,88.330,272.545
157.443,218.793,88.238,272.121
157.247,219.764,88.233,271.351
155.897,215.921,87.798,272.249
156.415,212.362,87.066,273.358
155.773,211.339,86.606,274.302
153.829,206.155,86.459,275.713
151.372,201.593,86.563,277.533
150.311,186.632,86.453,278.962
152.845,186.621,86.447,281.057
151.497,178.212,86.474,282.773
151.319,174.389,86.403,284.813
150.092,161.258,87.392,285.799
151.734,161.748,87.463,285.401
150.794,161.559,87.822,284.812
152.235,165.826,88.554,285.042
153.331,168.440,89.226,284.762
153.830,173.342,90.232,284.947
152.976,178.498,91.283,284.862
150.051,181.956,91.848,285.125
150.482,184.468,92.286,285.930
148.527,191.940,92.890,287.142
146.046,199.106,93.110,289.085
143.720,200.238,93.586,289.415
135.996,202.915,94.281,289.481
134.371,210.169,94.134,289.779
131.114,203.703,94.054,292.262
127.079,198.270,94.185,294.328
124.590,187.467,93.776,298.117
123.776,184.165,92.915,301.811
122.812,184.093,92.454,303.626
119.829,182.345,91.717,305.303
118.007,183.284,91.287,307.286
118.340,185.506,90.989,308.069
116.706,182.147,90.604,310.217
115.701,175.830,90.824,310.062
116.325,173.853,90.967,309.629
117.293,173.392,91.086,309.702
120.461,183.472,91.417,308.525
119.879,184.327,91.672,307.621
117.758,187.630,91.942,308.428
119.415,186.043,91.922,307.490
120.735,183.986,92.932,306.156
122.516,193.144,94.205,304.736
124.400,202.709,95.029,303.905
127.100,202.908,95.715,303.515
126.037,201.581,96.603,303.809
126.931,204.203,97.646,303.707
127.988,203.311,98.946,302.743
127.798,210.814,100.131,302.008
127.599,210.687,101.537,300.550
128.892,211.745,102.430,298.875
126.619,217.263,103.481,298.274
126.084,208.105,103.540,297.882
130.189,211.136,102.749,299.567
132.635,212.081,102.494,300.213
134.187,207.842,102.060,301.219
137.637,206.918,101.582,300.701
140.656,208.919,101.735,299.873
141.964,209.782,101.199,298.817
144.630,211.690,100.608,298.091
147.210,211.683,100.350,297.444
149.520,215.887,99.949,296.720
150.144,216.870,99.743,295.504
153.219,214.346,100.058,294.372
155.447,212.522,99.463,292.684
154.910,215.759,99.561,291.555
157.391,219.263,99.144,291.123
159.977,219.779,98.669,291.214
158.452,225.266,98.907,290.175
161.554,226.226,98.829,289.258
162.516,231.568,98.614,288.360
165.076,223.234,98.143,288.105
166.596,228.137,97.855,288.323
166.576,224.029,97.585,289.485
170.086,222.631,97.185,289.412
170.885,219.974,97.062,288.702
170.931,222.427,96.464,288.388
176.658,218.430,95.566,288.157
179.699,222.286,94.397,288.516
185.000,220.477,93.189,287.562
189.287,219.956,92.675,285.874
194.666,219.716,92.014,284.319
197.519,220.792,91.079,282.450
200.917,214.575,90.333,280.469
205.204,215.168,89.387,279.407
207.479,213.879,89.214,277.766
210.024,214.918,88.924,276.484
210.157,213.454,88.825,275.119
211.588,214.782,88.040,274.323
210.332,214.916,87.449,273.342
210.395,210.453,86.797,272.890
209.368,210.476,86.480,271.457
206.878,210.530,85.937,271.364
205.129,207.198,85.235,271.533
203.276,206.452,84.913,271.192
199.243,209.598,85.127,270.120
196.011,210.451,85.438,269.434
190.639,207.503,85.801,268.749
186.733,205.801,85.355,268.777
181.563,206.962,85.317,268.116
176.853,214.657,84.826,269.365
173.742,212.989,84.836,269.838
171.054,211.487,84.758,269.707
163.985,214.550,85.411,268.373
158.642,209.138,85.819,267.320
153.266,205.276,86.302,266.507
148.333,205.508,86.761,265.685
142.723,205.851,87.491,264.456
136.973,208.551,88.308,262.830
128.150,211.085,88.967,262.242
122.074,213.930,89.473,261.209
115.313,213.163,89.150,260.879
108.960,217.213,89.360,259.302
107.613,216.842,88.484,258.628
101.523,222.352,88.532,257.890
99.842,223.506,88.184,255.642
97.336,223.601,87.596,253.866
92.995,221.787,87.311,251.728
93.655,218.960,86.944,249.410
92.389,219.494,86.695,247.963
90.891,220.421,85.991,248.182
90.883,219.386,85.352,247.636
90.681,220.832,84.969,247.461
87.245,219.564,84.920,245.992
90.167,220.028,84.068,247.933
87.511,219.487,83.745,247.053
88.160,219.269,83.356,248.563
87.378,218.192,83.370,248.494
89.317,221.338,83.403,249.209
90.481,221.823,83.193,249.540
91.833,221.395,83.345,248.910
93.370,223.210,83.577,248.517
96.291,220.281,83.365,247.754
99.196,220.717,83.086,247.080
100.271,221.439,82.464,245.996
102.495,218.902,81.642,245.641
103.743,217.254,80.775,244.051
104.639,221.785,80.286,242.230
105.585,219.905,79.340,241.280
105.503,219.646,79.542,239.277
104.569,223.860,79.278,239.092
100.844,215.191,78.948,240.735
98.614,218.078,78.817,241.721
95.654,214.594,79.036,241.649
92.506,211.847,79.216,241.944
91.299,209.497,79.526,241.867
89.318,211.317,79.330,241.563
87.180,211.678,79.500,240.908
83.321,209.000,79.530,240.679
79.092,204.564,79.423,241.554
78.419,202.734,79.141,241.625
78.224,202.233,78.682,242.150
78.413,205.295,78.379,242.738
80.322,206.000,77.731,242.715
80.306,201.634,77.372,242.229
80.853,204.271,77.130,240.557
82.988,205.675,76.915,239.529
84.479,209.560,76.928,238.428
87.891,211.776,76.726,237.977
89.989,216.070,76.442,238.433
93.463,218.575,76.053,239.460
96.054,222.739,75.765,240.242
99.354,223.749,75.515,239.560
100.986,223.534,75.565,239.326
101.929,222.886,75.656,237.653
101.856,221.669,75.214,237.068
100.681,222.373,74.793,235.390
101.144,224.466,74.304,234.297
102.011,232.278,73.901,232.098
105.064,233.387,72.502,231.511
105.686,232.870,71.616,230.829
104.773,232.104,71.454,229.239
101.954,225.165,70.989,228.743
99.497,220.816,70.184,229.341
98.043,215.084,70.120,229.318
98.009,213.356,69.736,229.468
99.571,212.223,69.420,228.614
97.473,211.143,69.654,225.988
94.225,210.587,70.596,221.565
91.206,212.356,71.521,217.709
88.268,214.662,72.524,214.614
85.999,208.550,72.843,213.549
84.311,203.565,73.304,212.326
82.612,201.973,73.797,210.180
79.339,200.179,74.414,208.015
78.938,198.494,74.484,207.105
78.234,205.488,74.524,206.645
77.136,206.758,74.229,206.339
74.322,209.530,73.610,206.080
71.786,210.516,72.592,205.344
70.716,212.739,71.943,203.465
69.500,214.290,71.402,201.809
66.168,219.495,73.624,198.003
64.649,222.149,73.238,197.525
61.647,219.269,73.114,195.724
60.295,223.584,71.978,197.449
59.998,227.168,70.866,198.650
59.182,233.209,69.608,200.513
58.595,230.569,68.916,199.560
59.539,237.169,67.991,199.656
60.027,237.175,67.229,199.618
59.004,243.243,66.699,200.251
58.025,236.311,66.778,199.141
57.405,238.006,66.002,200.253
57.259,237.407,65.741,200.094
59.533,234.508,65.470,200.839
60.160,224.953,65.977,200.868
60.204,220.797,65.817,202.125
59.606,215.020,66.165,201.512
55.762,221.683,67.980,198.610
70.613,220.851,67.844,199.082
69.675,222.253,67.901,199.182
86.587,226.625,67.533,200.309
88.658,232.926,67.387,200.306
89.835,229.475,67.091,201.309
93.413,226.914,66.759,202.668
94.960,224.788,66.076,204.728
94.536,224.209,65.070,206.724
96.774,222.980,63.868,209.737
101.116,226.991,62.904,213.210
102.588,228.427,62.365,215.168
104.308,230.985,61.740,216.781
103.189,231.899,61.902,220.676
101.771,233.866,63.091,224.721
97.633,232.800,64.437,227.664
94.461,232.298,65.873,229.156
94.748,233.101,66.432,231.773
95.079,213.885,66.840,234.648
93.654,212.682,67.353,237.468
93.651,213.790,67.858,240.776
92.563,209.132,68.951,243.025
92.193,204.226,69.797,245.351
89.947,200.328,71.462,246.565
87.618,196.671,73.346,246.569
82.916,195.862,74.745,245.563
76.813,189.024,76.306,245.828
69.566,194.781,77.578,246.241
61.898,194.431,78.616,248.582
55.909,198.521,79.617,251.643
47.394,215.216,81.509,252.350
44.021,222.025,82.136,254.426
39.165,229.485,83.629,256.900
38.707,230.879,84.854,260.305
36.383,232.882,86.046,262.247
33.597,238.627,86.843,263.855
32.316,244.276,87.364,267.935
29.469,241.250,88.286,272.029
28.332,240.362,90.260,273.099
28.492,238.314,92.106,274.702
49.115,240.246,93.244,274.900
50.432,236.661,94.405,276.426
71.272,237.428,94.695,276.555
70.465,233.782,94.785,278.345
73.750,232.256,94.900,279.080
77.441,224.037,95.774,279.101
84.528,225.436,95.729,280.531
88.856,224.738,95.986,281.125
93.282,222.695,96.367,281.025
98.926,220.243,96.746,280.618
104.332,221.570,96.682,281.713
109.191,222.983,97.079,281.950
115.555,219.863,97.459,282.299
118.813,215.495,97.594,283.810
123.332,218.521,98.185,284.129
126.425,223.905,98.233,284.455
128.204,229.482,98.401,285.987
127.010,220.896,98.733,286.448
131.866,224.671,98.802,288.292
134.212,225.992,99.153,288.665
137.355,226.711,99.954,288.212
139.735,225.590,100.527,288.029
142.909,223.714,101.044,288.463
145.610,229.298,101.568,287.206
148.953,229.263,101.359,287.134
152.774,231.366,101.113,287.211
155.580,230.999,100.981,287.824
158.549,233.093,100.744,288.185
160.798,231.991,100.451,289.671
163.322,233.165,100.421,290.319
165.998,230.075,99.699,291.819
167.302,225.081,99.257,294.246
168.486,221.985,99.398,295.542
169.171,223.172,99.303,295.014
168.289,224.487,99.572,295.721
165.229,222.207,100.239,295.894
166.557,217.303,100.464,296.889
166.455,218.829,100.904,295.836
167.185,212.319,101.111,296.183
169.810,216.177,100.969,295.651
171.014,211.227,101.595,296.514
170.863,222.527,102.205,296.662
171.577,212.194,102.958,297.846
172.015,219.023,103.928,298.730
172.045,215.933,104.157,299.343
171.475,211.092,103.907,300.142
169.090,212.860,104.543,299.608
167.725,219.551,104.644,299.719
166.104,215.399,104.747,300.592
166.185,216.454,104.171,301.865
163.443,217.044,103.497,302.756
162.011,217.019,103.097,304.863
162.597,217.916,102.851,306.280
161.037,218.630,103.453,307.650
160.145,215.361,103.580,309.024
161.643,218.361,103.797,308.303
162.110,219.747,103.591,310.150
162.890,219.664,103.407,313.525
162.039,221.101,103.642,315.935
161.288,219.465,104.412,316.675
160.640,220.931,105.401,317.456
161.891,216.119,106.129,318.821
161.630,219.323,106.438,320.010
161.509,219.791,107.621,321.762
162.654,217.898,108.312,323.762
163.567,219.325,109.663,323.654
166.901,214.808,109.858,325.629
167.989,218.873,110.566,326.852
169.763,217.883,111.292,328.669
171.330,218.665,111.899,330.164
173.583,216.150,111.884,333.501
173.792,211.398,112.215,335.660
176.145,210.582,112.350,338.207
176.351,213.788,113.555,339.936
174.751,209.702,113.711,342.055
172.402,210.681,115.170,343.563
170.727,210.681,115.838,346.301
168.962,210.627,116.661,348.429
166.758,210.113,117.260,350.489
163.686,210.052,118.225,352.688
158.767,205.265,118.785,355.476
156.474,202.658,119.175,358.400
155.892,188.294,119.289,363.087
162.119,195.296,119.762,364.647
166.954,194.367,120.094,366.375
170.810,208.152,121.111,365.279
172.839,209.934,121.509,366.165
177.049,207.489,121.448,368.428
181.825,218.519,122.317,367.127
186.532,217.199,122.658,367.139
190.043,216.816,123.029,367.590
192.629,208.995,123.710,367.966
196.574,204.613,124.739,367.091
199.717,205.383,125.939,366.631
202.582,194.935,125.908,367.242
202.683,191.823,125.714,369.032
201.150,182.536,126.254,369.266
199.592,174.200,126.624,369.094
198.964,168.989,126.726,369.230
198.133,161.811,126.659,368.710
195.442,152.970,126.929,367.639
193.807,165.687,127.888,364.493
193.029,155.278,127.953,363.591
193.460,164.951,128.489,362.337
193.036,163.677,128.452,361.881
195.351,164.124,127.935,363.169
195.547,179.253,127.677,365.747
196.567,192.831,126.860,368.331
194.547,194.445,127.184,366.879
191.974,200.778,127.950,363.877
187.605,205.320,128.425,362.410
183.225,203.635,128.214,360.710
177.127,197.385,128.095,358.248
172.064,202.291,127.542,357.038
167.239,187.536,126.925,356.311
161.883,189.876,125.492,355.830
158.071,183.446,123.966,357.144
154.769,173.121,123.031,357.882
153.759,170.355,122.486,355.601
153.267,171.217,122.523,351.041
152.872,174.157,122.581,348.833
155.958,166.196,122.264,346.726
161.009,163.431,121.100,344.740
159.617,162.981,120.576,342.937
161.626,167.479,120.415,340.679
166.869,171.237,119.254,341.205
167.714,173.493,118.802,340.803
170.491,172.133,117.676,340.490
169.717,180.888,117.522,338.142
170.320,184.842,116.545,336.890
172.028,182.293,116.354,334.239
175.576,198.463,115.894,334.239
178.094,186.607,115.536,332.150
181.205,203.838,115.377,331.292
181.363,202.026,115.237,329.366
184.853,203.523,114.831,329.151
187.736,201.974,114.695,328.836
188.025,207.947,114.523,327.975
188.761,204.229,114.995,325.975
188.219,208.183,114.931,325.258
188.241,201.148,114.276,326.170
189.909,190.057,113.186,329.933
190.436,180.087,113.138,333.052
189.743,173.807,113.938,333.532
192.618,160.853,115.095,332.384
193.872,168.922,117.334,330.062
196.017,166.997,119.053,328.432
200.092,172.318,120.287,330.094
204.064,168.279,121.787,328.738
208.546,175.531,121.226,328.263
212.527,178.727,120.833,329.382
215.641,186.820,120.247,329.331
215.556,193.434,118.988,329.317
216.819,191.618,117.667,329.920
217.650,199.645,116.788,328.491
215.032,198.634,115.958,326.098
212.495,207.607,114.856,323.844
209.474,205.679,113.726,322.615
206.631,209.245,112.875,321.370
203.194,210.808,112.303,319.015
203.768,202.795,111.777,319.155
203.626,210.590,111.896,317.015
205.439,205.532,111.237,316.776
205.696,207.755,110.202,316.968
208.966,212.696,109.467,316.874
209.616,209.304,108.594,318.039
209.364,203.693,108.064,319.243
208.700,204.524,107.538,319.483
210.861,201.169,107.044,321.954
209.079,210.541,106.721,321.863
207.361,207.056,106.829,321.928
206.255,214.584,106.607,322.967
203.313,208.979,106.462,324.693
201.866,214.732,106.963,324.599
198.790,213.976,107.052,326.051
196.959,213.276,107.144,327.969
193.255,214.172,107.810,328.516
189.614,211.852,108.835,329.155
183.962,214.793,110.382,329.702
179.222,211.414,111.326,332.127
173.963,211.658,113.405,332.068
169.486,208.579,115.066,333.506
164.631,208.760,117.018,334.414
158.263,205.730,119.494,336.184
156.982,202.019,121.887,337.756
156.591,196.566,122.957,340.452
151.802,195.886,124.336,341.781
152.566,186.663,125.489,343.384
153.861,186.647,125.633,344.811
152.478,194.099,126.669,345.762
150.388,192.170,128.041,347.121
149.544,188.498,129.266,348.482
148.906,185.253,130.058,350.024
145.521,189.268,130.410,350.648
145.451,188.713,131.353,351.203
145.501,187.858,132.057,352.307
144.093,188.566,133.044,352.728
143.770,191.846,133.670,352.946
144.453,191.498,133.692,355.378
144.096,192.912,133.980,356.334
143.154,194.655,134.701,356.786
142.678,188.285,134.901,358.469
143.684,184.720,135.087,359.508
146.050,187.946,134.537,360.570
142.659,191.821,135.616,361.114
142.337,191.741,136.863,360.886
143.078,185.911,137.108,361.694
142.499,190.420,137.207,363.275
144.806,183.465,136.616,364.328
145.441,194.124,135.965,364.615
146.151,188.922,135.615,365.724
146.500,189.308,135.371,366.562
148.024,186.322,134.963,367.234
147.368,187.208,135.291,368.505
146.932,185.606,135.921,370.199
148.708,188.089,135.823,371.941
147.400,189.519,135.920,372.987
144.780,190.600,136.764,371.937
142.908,184.840,137.555,372.788
142.816,189.860,139.099,370.943
138.237,192.034,139.364,370.404
137.914,190.248,140.347,368.841
138.412,189.692,141.369,368.032
136.015,192.460,140.528,367.878
136.201,190.816,141.281,366.110
136.031,197.483,140.263,365.846
135.254,198.073,139.082,364.621
136.118,197.715,137.522,364.610
135.201,198.101,137.556,362.920
134.212,201.112,137.415,362.633
131.511,199.246,137.818,362.947
128.940,196.558,137.830,363.503
126.775,196.407,139.218,361.171
124.912,188.169,139.651,360.831
128.046,184.718,139.577,360.735
128.365,188.693,138.936,362.664
130.592,186.250,137.802,365.610
129.857,190.795,138.396,365.704
131.560,188.214,137.721,367.851
134.505,195.225,136.493,368.791
136.431,191.560,136.501,369.278
138.014,202.186,135.174,369.038
141.782,199.578,135.676,367.682
144.742,212.622,134.709,366.554
146.258,210.889,133.795,367.292
148.800,207.978,132.993,367.420
152.269,208.839,132.196,367.224
153.378,207.162,130.525,369.230
152.277,200.590,130.193,370.069
152.424,206.364,129.807,371.863
149.898,200.671,129.967,376.292
146.842,188.843,130.189,379.170
148.478,175.138,130.353,383.676
148.355,170.977,131.454,385.154
149.386,168.617,132.847,384.430
151.820,164.497,134.056,383.695
151.915,158.880,134.300,384.114
153.567,152.503,134.153,385.000
155.668,148.206,133.454,384.446
157.195,153.312,133.265,383.131
157.473,157.613,134.113,381.851
158.904,152.094,134.715,379.946
162.585,153.172,135.303,377.888
161.656,163.855,134.824,376.971
163.129,159.428,134.953,375.323
162.528,154.901,134.263,374.294
164.817,158.168,133.132,374.035
168.064,168.498,131.896,374.432
169.657,172.931,130.618,374.595
168.178,182.994,129.605,372.814
166.766,193.162,129.609,368.368
167.767,199.763,129.392,364.592
167.852,214.994,129.555,360.470
166.981,194.076,129.334,359.711
168.560,209.893,128.229,357.297
167.642,226.354,128.829,349.299
165.004,226.668,127.907,344.665
164.455,230.334,126.902,340.699
165.559,232.970,126.018,336.953
166.784,235.558,124.572,333.795
166.665,239.783,123.538,330.515
167.513,240.848,122.799,328.782
168.168,240.050,122.055,327.767
168.956,241.517,121.184,326.951
170.519,235.957,119.342,327.956
171.046,232.843,118.258,328.251
169.735,239.910,116.933,328.499
170.677,221.258,115.452,331.052
170.294,237.505,114.487,331.998
170.076,230.180,113.812,334.824
168.132,237.611,113.286,336.926
168.701,228.141,113.472,339.909
167.763,227.224,113.510,343.999
165.523,218.425,114.479,346.448
164.216,225.055,115.522,346.503
161.596,218.490,116.041,350.215
159.983,219.409,116.785,351.462
157.672,211.767,116.257,355.504
154.881,202.912,117.186,357.064
154.831,205.588,118.245,356.281
151.357,205.539,119.982,355.935
150.961,212.593,121.775,355.630
148.627,210.772,122.890,356.133
149.894,217.468,124.548,356.715
148.776,215.388,125.558,358.583
149.570,211.296,126.735,357.329
149.389,205.614,128.831,356.366
150.907,207.246,130.466,356.650
147.592,213.089,131.700,357.321
144.873,214.984,132.040,358.190
139.588,217.561,136.072,356.668
135.228,215.327,141.253,351.022
130.843,216.951,145.256,346.806
131.579,221.321,147.293,345.555
133.433,231.874,149.195,341.807
133.601,235.583,149.973,337.686
139.765,238.393,150.549,334.902
139.480,244.430,149.400,334.439
141.203,241.213,148.107,334.922
139.809,244.999,147.242,334.596
137.594,247.734,146.699,334.135
140.847,244.221,142.212,337.211
143.312,241.575,138.557,339.543
143.679,240.497,135.856,341.715
145.299,241.016,135.015,343.259
143.730,239.841,138.149,340.357
141.729,239.375,140.632,338.223
139.167,238.935,142.903,335.390
137.100,237.346,143.983,336.460
136.961,235.321,143.947,339.609
136.177,238.197,144.690,341.995
134.497,241.370,145.032,344.824
132.366,240.135,142.229,354.301
134.982,230.451,139.663,359.774
132.611,229.785,138.132,364.901
134.096,227.453,136.584,369.528
130.200,220.990,135.264,374.612
130.224,224.064,135.626,373.521
128.309,226.538,135.340,375.421
125.842,231.070,135.125,375.146
120.733,226.306,135.388,377.823
115.484,228.026,135.497,379.315
113.625,222.471,135.855,382.484
111.490,225.722,136.235,384.289
108.593,216.710,138.025,385.929
108.248,217.369,139.829,389.373
107.160,215.091,141.765,391.619
104.157,210.409,144.688,393.160
101.617,207.526,146.731,393.358
101.031,206.350,149.539,391.385
101.119,201.560,150.962,391.272
106.133,198.029,150.287,393.178
110.086,208.040,150.576,391.644
114.495,208.002,150.073,391.193
117.596,206.165,150.136,391.508
117.519,218.025,149.840,390.313
118.182,218.956,149.407,390.241
122.849,208.977,149.098,390.553
124.169,213.974,148.383,389.958
125.786,206.928,148.298,390.300
123.768,211.366,151.649,386.200
121.959,207.224,153.715,384.571
119.019,211.364,155.249,382.863
124.868,200.071,155.431,382.445
119.386,206.772,156.715,381.031
119.120,203.755,157.127,379.626
119.756,205.748,157.393,379.266
119.065,208.242,158.600,377.731
114.181,203.580,159.978,376.712
110.365,201.250,160.311,377.512
107.057,198.307,159.924,378.550
102.845,202.148,160.406,377.969
100.436,206.115,160.674,377.343
98.423,208.229,161.069,377.751
95.318,216.098,162.259,376.007
93.135,213.259,163.726,373.873
90.582,212.453,164.806,375.574
88.056,221.711,165.327,375.671
87.664,219.532,166.226,376.199
81.067,222.138,169.578,374.211
74.615,220.724,171.286,373.021
70.947,230.573,171.808,371.327
65.577,233.563,174.058,368.508
58.961,235.061,177.615,365.039
56.170,238.844,179.783,361.812
59.384,234.491,179.573,360.582
57.841,234.314,180.506,361.199
55.978,236.257,181.471,360.469
54.109,234.088,181.573,362.796
50.952,232.635,181.621,365.471
47.178,243.761,182.800,365.169
41.281,253.373,185.606,363.716
37.023,260.702,186.770,364.967
33.355,253.568,187.053,369.638
27.618,247.687,186.636,373.408
23.017,238.094,187.220,375.743
18.572,233.420,190.038,373.376
16.424,224.262,190.201,372.689
11.549,211.395,190.168,372.658
8.604,201.230,190.396,371.472
8.192,197.236,190.449,366.887
3.976,195.300,188.903,364.915
2.266,194.972,186.898,365.089
3.432,192.503,183.322,366.551
2.572,191.039,179.650,368.745
4.466,192.166,176.055,370.932
4.675,185.837,173.094,373.182
4.951,182.059,170.096,374.756
5.214,180.217,170.440,372.464
9.983,183.728,167.947,375.198
8.165,187.441,167.869,375.560
13.259,187.754,167.185,377.199
18.836,192.987,167.603,376.804
24.532,201.519,166.822,377.405
26.718,203.909,167.021,376.594
31.035,195.139,167.800,374.743
34.556,200.417,168.967,370.374
40.054,196.272,169.432,368.205
44.645,204.455,170.326,365.535
50.061,210.661,169.767,362.578
57.889,216.574,170.529,357.600
86.996,219.811,168.210,357.453
86.777,230.726,165.934,358.312
116.459,240.633,165.516,354.711
122.848,238.650,164.507,352.685
125.296,247.511,163.677,350.967
128.888,240.679,161.291,352.747
136.243,244.379,157.607,354.299
141.082,233.819,154.453,355.659
148.008,233.986,151.051,356.574
153.174,231.447,148.797,356.172
159.633,224.205,147.026,354.032
162.060,235.302,145.355,352.613
