326.000,414.000,15.000,42.000
326.796,417.349,14.585,42.452
325.874,416.048,14.357,42.688
325.841,416.432,14.093,43.030
326.093,415.766,13.915,43.359
325.201,416.282,13.844,43.404
323.969,418.279,13.856,43.501
322.279,420.439,13.989,43.482
320.126,419.120,14.105,43.557
319.369,418.870,13.959,43.973
318.852,418.480,13.959,44.003
316.802,419.105,14.164,43.757
315.550,420.192,14.126,43.841
315.679,420.291,14.009,43.993
316.539,420.285,14.043,43.900
316.350,420.686,14.048,43.963
316.953,421.787,14.103,44.065
317.161,421.817,14.190,44.110
316.981,422.984,14.279,43.995
317.148,422.829,14.244,44.243
316.770,422.724,14.236,44.354
315.617,422.988,14.297,44.295
316.760,422.937,14.353,44.501
318.254,422.229,14.265,44.845
318.784,422.373,14.197,45.213
319.211,423.181,14.298,45.312
319.439,423.816,14.409,45.251
322.642,427.599,14.514,44.837
324.107,431.566,14.616,44.643
322.461,431.084,14.673,44.480
321.861,429.301,14.600,44.790
320.687,427.333,14.475,44.980
321.177,427.225,14.375,45.428
320.880,425.631,14.433,45.548
319.711,424.439,14.551,45.585
318.269,425.754,14.754,45.428
316.257,427.036,14.892,45.287
315.105,429.900,14.865,45.188
314.587,432.299,14.886,45.139
313.561,435.201,14.765,45.054
312.786,438.189,14.811,44.805
311.971,439.462,14.724,45.044
309.930,437.626,14.720,45.343
308.256,433.524,14.712,45.464
309.667,430.598,14.607,45.792
308.224,426.373,14.524,45.840
304.800,423.147,14.447,46.026
300.780,418.588,14.444,45.920
301.205,420.371,14.423,45.843
299.462,420.773,14.541,45.725
299.479,422.072,14.544,45.755
301.625,426.669,14.566,45.680
301.937,424.127,14.557,45.809
300.607,423.618,14.737,45.691
299.499,422.749,14.676,45.879
298.902,422.378,14.706,45.821
297.467,422.175,14.864,45.677
294.475,422.562,15.247,45.183
292.908,422.656,15.235,45.189
292.350,421.120,15.071,45.576
290.842,419.118,15.079,45.567
287.466,416.359,14.918,45.867
286.606,416.233,14.808,46.162
286.289,415.219,14.772,46.294
285.976,415.798,14.805,46.438
285.073,416.491,14.754,46.524
286.123,419.962,14.655,46.761
287.824,420.049,14.672,47.029
288.494,419.736,14.642,47.186
288.740,420.005,14.643,47.453
288.708,418.460,14.600,47.745
288.971,419.141,14.749,47.648
288.224,418.415,14.768,47.716
287.521,415.902,14.850,47.711
286.641,414.119,14.945,47.593
286.742,410.535,15.026,47.586
285.760,410.585,15.080,47.449
285.672,407.695,14.996,47.643
285.759,404.822,15.075,47.530
283.841,403.614,15.126,47.571
282.971,400.448,15.088,47.642
282.328,396.969,15.042,47.866
281.866,392.137,14.918,48.139
281.732,388.170,14.865,48.299
280.316,385.059,14.873,48.315
279.147,381.807,14.913,48.267
279.561,381.158,14.894,48.238
278.605,380.003,14.891,48.350
277.631,377.719,14.824,48.523
277.835,373.673,14.852,48.583
277.598,374.323,14.890,48.460
277.762,374.095,14.961,48.509
279.116,373.252,15.031,48.740
279.815,374.554,15.035,48.814
279.746,374.029,15.042,48.931
280.541,375.600,14.958,49.202
280.035,377.305,15.138,48.920
279.248,379.160,15.151,48.877
279.616,382.129,15.133,48.884
279.854,382.754,15.129,48.917
279.714,382.643,15.203,48.802
279.793,382.448,15.161,48.916
279.058,381.602,15.223,48.871
277.306,381.679,15.410,48.604
276.369,381.854,15.472,48.503
274.254,381.639,15.618,48.354
272.997,382.731,15.612,48.343
269.077,381.567,15.562,48.490
267.027,381.672,15.623,48.470
265.538,381.119,15.582,48.627
263.383,380.422,15.697,48.587
263.299,382.900,15.591,48.719
262.875,382.898,15.648,48.575
262.846,384.173,15.627,48.687
261.970,383.194,15.658,48.861
262.379,383.995,15.550,48.980
261.737,383.113,15.579,48.872
261.161,384.052,15.499,49.177
260.644,383.877,15.379,49.415
260.236,383.392,15.384,49.335
260.059,382.453,15.396,49.456
259.976,384.136,15.405,49.553
259.109,383.749,15.415,49.802
259.185,384.404,15.568,49.769
259.444,385.987,15.551,49.737
260.999,389.110,15.556,49.620
261.423,391.979,15.535,49.423
262.434,394.793,15.654,49.313
262.564,395.400,15.667,49.338
262.608,395.286,15.701,49.398
262.750,395.187,15.594,49.539
262.703,395.431,15.628,49.452
262.675,394.754,15.561,49.478
263.129,393.577,15.571,49.685
263.423,391.917,15.620,49.651
263.780,390.877,15.678,49.621
263.289,389.594,15.714,49.785
263.141,390.551,15.690,49.909
262.655,390.464,15.702,49.986
262.508,391.713,15.716,50.014
261.357,392.332,15.876,49.877
260.343,392.401,15.902,49.750
260.171,393.091,15.863,49.807
259.936,392.972,15.976,49.783
258.839,392.219,16.122,49.799
258.321,391.745,16.206,49.716
258.642,389.652,16.173,49.855
257.250,389.252,16.279,49.990
255.743,388.442,16.380,50.069
255.124,386.507,16.358,50.354
252.827,384.499,16.593,50.213
250.720,384.677,16.828,50.048
249.416,383.967,16.836,50.179
246.884,381.393,16.914,50.426
243.062,379.065,16.780,50.922
240.928,376.566,16.960,50.977
239.080,374.329,17.133,50.926
236.975,375.906,17.142,51.012
236.402,381.544,17.057,51.197
234.658,386.100,17.107,51.223
233.484,387.558,16.967,51.337
236.937,389.525,16.893,51.481
242.633,396.275,16.905,51.319
249.280,399.129,17.027,50.927
255.866,398.147,17.134,50.426
265.544,397.285,17.144,50.035
273.994,394.112,17.129,49.856
278.726,395.700,16.898,50.200
277.995,393.171,16.785,50.521
276.215,389.602,16.931,50.845
275.863,381.256,16.902,50.940
276.112,378.218,17.001,50.764
270.887,382.075,17.177,50.641
262.631,389.848,17.385,50.310
252.746,393.197,17.692,49.929
242.640,391.436,17.831,50.195
237.900,388.272,17.702,50.554
233.617,384.358,17.541,50.484
228.334,379.376,17.617,49.890
223.260,378.512,17.641,50.048
218.733,380.892,17.377,50.784
214.725,382.844,17.245,51.246
210.244,383.330,17.234,51.533
206.120,385.027,17.101,52.159
201.495,388.033,17.134,52.330
197.176,391.707,17.223,52.214
195.348,390.721,17.381,52.386
191.200,390.576,17.346,52.581
190.647,392.108,17.291,52.857
189.250,392.302,17.426,53.152
187.606,396.460,17.570,53.382
186.250,397.451,17.667,53.480
185.388,397.176,17.665,53.582
186.245,397.210,17.535,53.745
187.198,397.175,17.380,53.932
188.537,396.996,17.278,54.200
192.930,396.890,17.344,53.942
195.017,394.934,17.303,53.808
199.454,391.586,17.323,53.545
201.384,388.573,17.327,53.160
203.193,386.071,17.350,52.972
207.179,385.457,17.309,53.412
208.100,385.454,17.205,53.890
209.588,389.893,17.198,54.159
214.615,391.356,17.240,54.169
218.687,392.123,17.340,54.286
218.794,391.752,17.535,53.945
219.912,390.988,17.512,54.052
219.609,390.963,17.504,53.937
215.028,391.414,17.633,53.702
210.512,393.069,17.593,54.033
208.756,395.670,17.681,53.738
207.324,397.130,17.656,53.643
206.908,399.710,17.666,53.279
205.203,401.893,17.818,52.900
204.326,400.887,17.670,53.123
205.287,401.467,17.358,53.495
206.304,403.182,17.278,53.611
205.247,402.340,17.380,53.774
206.463,404.022,17.261,54.086
210.364,403.316,17.159,54.259
211.026,401.031,17.122,54.486
211.274,399.773,17.085,54.609
212.301,399.842,17.155,54.639
213.725,402.628,17.354,54.221
215.354,401.832,17.319,54.425
216.235,402.138,17.334,54.523
217.320,403.792,17.351,54.470
219.062,404.704,17.316,54.875
218.635,407.881,17.306,55.036
218.739,414.276,17.387,55.373
219.651,416.756,17.624,55.048
219.697,419.814,17.772,54.680
217.671,422.706,18.040,54.120
213.960,424.774,18.185,53.932
213.169,427.267,18.265,53.719
212.557,430.117,18.219,53.390
210.764,430.150,18.272,54.008
206.264,429.146,18.196,54.637
207.932,428.800,18.185,55.013
208.588,427.499,18.143,55.597
208.950,424.583,18.111,56.594
209.996,424.008,17.948,57.614
209.417,421.036,18.008,58.704
209.984,421.117,18.070,59.869
210.121,417.749,18.158,61.215
210.289,416.809,18.372,62.389
210.524,420.557,18.736,62.781
211.247,420.220,19.058,63.651
211.943,421.737,19.671,63.517
213.067,424.364,20.265,63.489
217.425,426.054,20.701,63.513
218.280,426.312,21.220,63.901
219.066,429.715,21.335,64.691
220.413,428.307,21.640,65.710
225.730,428.468,22.006,66.177
226.500,433.436,22.503,65.804
225.755,434.538,22.587,66.446
224.459,436.447,22.709,67.313
223.708,437.291,22.662,69.009
221.597,437.776,22.841,70.153
219.284,437.957,23.082,71.093
213.522,438.419,23.288,71.858
213.327,438.652,23.773,72.243
214.271,438.924,24.189,72.273
214.302,432.710,24.466,72.253
213.973,433.137,24.319,72.157
209.341,433.975,24.317,71.798
210.151,434.887,24.068,72.044
210.403,434.105,23.844,73.014
210.156,435.406,23.526,74.112
208.679,437.263,23.806,74.216
204.035,439.124,23.371,75.898
202.490,439.785,23.414,76.018
201.148,440.709,23.451,75.629
198.302,436.993,23.805,74.935
198.097,435.745,23.959,74.342
198.136,434.408,24.124,73.542
199.528,433.557,24.291,73.189
201.479,434.784,24.356,73.016
203.887,435.189,24.362,72.802
204.579,437.340,24.542,72.373
205.292,439.171,24.747,71.732
204.797,439.085,24.697,71.511
204.793,439.721,24.790,71.095
204.324,440.131,24.796,70.906
203.487,438.314,24.906,70.676
196.848,440.192,25.170,69.838
187.256,441.067,25.312,69.416
184.803,442.383,25.151,69.809
177.319,442.651,24.983,70.658
171.391,443.552,24.572,72.332
165.857,445.728,24.568,73.363
158.751,445.866,25.010,73.813
153.196,438.085,25.203,75.305
152.589,436.264,25.455,77.025
153.201,435.242,25.927,78.082
154.484,435.307,26.138,79.035
155.100,435.818,26.598,79.421
161.287,440.018,26.798,80.345
163.216,440.567,26.892,81.540
171.059,442.165,26.863,83.692
172.878,439.516,26.779,86.246
175.342,440.809,27.042,87.991
177.837,442.798,27.546,89.082
178.533,443.694,28.038,90.388
179.417,446.395,28.578,91.651
180.098,445.690,29.036,92.743
178.921,444.415,29.239,93.946
180.653,445.846,29.722,94.918
180.690,444.096,29.899,96.173
178.614,439.137,30.292,97.263
175.957,435.167,30.457,98.298
167.670,429.819,30.388,99.020
164.809,423.554,30.565,99.741
165.720,419.555,30.941,100.122
165.577,413.029,31.363,100.412
173.498,412.015,31.777,100.844
181.952,415.116,32.056,101.615
190.967,419.928,32.427,101.907
198.904,417.755,32.644,102.773
207.317,421.620,32.877,103.582
216.240,429.014,33.377,103.494
220.169,432.424,33.983,102.860
228.115,437.492,34.339,102.783
231.530,438.417,35.014,102.204
236.736,437.048,35.433,101.871
241.565,436.011,35.950,101.427
245.328,433.099,35.984,102.160
248.365,425.099,35.939,103.046
250.650,421.739,35.967,103.625
254.357,418.622,36.090,104.064
257.242,416.796,35.809,105.502
257.578,411.448,35.879,105.985
257.802,415.018,36.028,106.456
258.095,414.405,35.863,107.424
259.501,420.539,36.011,107.407
259.037,417.644,35.898,108.149
256.014,414.975,36.047,108.508
255.202,414.134,35.884,109.367
252.924,410.543,35.805,109.923
251.020,409.272,35.692,111.091
252.273,409.924,35.837,111.740
254.176,404.706,36.046,112.129
257.763,404.295,36.340,112.087
255.688,403.981,36.242,112.408
253.721,405.224,36.235,112.603
254.424,403.183,36.095,113.014
251.987,396.710,36.216,113.188
252.696,396.131,36.069,113.809
252.914,391.217,35.804,114.938
249.986,385.868,36.303,114.661
248.726,387.760,36.670,114.493
249.178,386.455,37.059,114.273
250.347,383.434,36.919,115.366
252.056,375.764,37.241,115.809
255.602,371.019,37.717,115.452
257.932,368.493,38.294,115.116
259.030,366.937,38.319,115.691
258.496,365.994,38.430,116.040
258.985,364.325,38.175,116.902
261.135,366.741,38.169,117.324
262.987,371.045,38.197,117.698
263.961,367.941,38.217,117.940
263.662,370.365,38.239,118.204
263.905,372.668,38.340,118.648
262.234,380.811,38.413,118.178
262.098,389.837,38.683,117.602
258.599,391.534,39.018,116.843
256.566,399.375,39.113,116.843
255.181,396.159,38.858,118.196
253.580,396.737,38.883,119.232
255.058,397.836,38.618,120.836
257.839,396.996,38.799,121.338
259.125,398.778,39.139,122.085
259.014,394.795,39.393,123.150
260.384,396.237,39.844,124.129
261.539,396.119,39.924,125.946
262.904,390.460,40.360,126.847
266.380,388.449,41.007,127.776
265.479,395.736,41.351,129.250
264.160,396.167,41.673,131.355
264.442,393.871,41.981,133.206
264.067,390.642,42.317,135.518
259.063,387.450,42.998,136.583
258.551,388.240,43.599,138.621
259.644,388.803,44.008,140.879
257.451,387.242,44.573,142.346
256.459,389.091,45.175,144.281
256.663,391.008,45.695,146.265
253.548,391.086,45.926,148.293
252.464,388.347,46.263,150.779
252.242,389.826,46.827,153.515
250.354,384.994,47.160,155.836
250.352,389.491,48.056,157.797
252.318,398.373,49.116,159.075
253.564,406.933,50.102,160.424
252.138,406.383,50.868,162.339
252.640,412.463,51.763,163.386
252.789,420.457,52.610,163.859
252.768,430.378,53.523,163.367
252.345,431.286,53.713,164.611
249.493,426.008,53.783,166.407
245.101,420.688,54.091,167.650
240.484,415.883,54.393,168.932
236.847,409.129,54.445,170.302
232.024,403.240,54.290,172.359
225.772,392.570,54.306,174.589
221.834,381.119,54.183,176.095
223.969,371.364,54.027,177.947
224.867,371.702,54.444,178.834
225.433,369.539,54.795,179.735
228.436,372.594,55.638,179.161
228.746,369.694,55.808,180.287
229.033,376.919,56.498,178.843
230.847,375.639,56.948,178.775
232.708,376.673,57.166,179.228
233.670,375.066,57.429,179.927
234.255,374.567,57.372,181.354
235.557,370.972,57.566,182.860
235.555,369.487,57.753,184.046
233.165,369.483,58.060,185.205
235.027,368.392,58.801,186.242
234.621,370.309,59.271,187.126
237.939,380.677,60.093,186.721
242.268,394.986,60.869,186.684
243.655,412.295,61.392,186.178
244.578,411.067,61.624,187.420
244.130,407.144,61.667,189.062
246.076,414.920,62.030,189.678
242.732,411.080,61.981,191.753
237.399,409.117,62.332,192.542
229.189,404.436,62.557,193.715
223.387,394.593,62.295,195.952
219.826,388.080,62.482,197.712
220.105,386.839,63.104,198.386
220.107,383.062,63.450,199.468
217.513,381.088,63.763,199.483
218.967,379.215,63.822,200.424
220.423,381.477,63.527,202.157
220.006,383.450,63.578,202.357
221.506,397.762,63.719,201.801
220.525,400.265,63.326,203.078
222.832,401.840,63.580,204.649
228.447,402.961,64.318,206.663
231.119,403.910,64.765,208.265
232.965,400.280,65.063,209.790
230.931,402.134,65.479,210.557
228.668,396.000,66.371,209.007
226.541,387.796,66.887,207.194
225.344,389.780,66.589,208.652
222.443,383.555,67.133,206.103
219.212,387.170,66.292,207.558
215.815,380.088,66.968,204.623
210.618,383.935,66.434,204.025
206.617,387.749,65.757,205.325
203.326,390.920,65.101,206.872
200.948,392.697,64.788,208.558
199.017,391.732,64.236,211.219
199.027,391.613,63.896,213.512
198.309,391.275,63.535,215.846
197.400,380.771,63.990,216.460
196.448,382.549,63.833,219.238
196.358,381.672,63.463,222.321
197.220,381.586,63.383,224.785
198.020,382.185,63.363,227.285
197.515,381.955,63.461,229.258
198.426,380.641,63.469,231.348
200.044,379.065,63.570,233.351
201.276,375.957,63.836,234.751
202.889,373.435,64.464,235.015
204.706,371.379,65.195,234.962
205.417,371.523,66.083,233.821
205.607,367.311,66.608,233.082
208.150,370.640,66.859,232.755
210.896,369.868,67.085,232.001
214.759,367.296,67.537,230.399
217.882,374.113,67.999,228.086
220.043,374.564,68.317,226.368
222.280,374.409,68.265,224.980
223.204,378.972,68.063,223.679
225.095,380.250,67.600,222.705
226.568,380.842,67.106,222.021
226.028,382.787,66.853,220.943
227.208,384.336,66.337,220.580
228.578,386.700,66.121,219.562
229.403,385.937,65.848,219.180
229.317,390.084,65.622,217.953
231.629,392.724,65.026,217.591
231.795,388.605,64.477,217.755
230.376,391.782,64.017,217.050
229.559,393.581,63.643,216.474
229.380,395.780,63.268,215.535
230.629,395.117,63.052,215.133
231.039,393.638,62.942,214.545
231.473,391.506,62.792,214.077
232.705,387.463,62.795,213.335
230.552,374.481,62.559,213.067
229.764,374.408,62.442,212.162
231.711,375.441,62.592,211.034
232.034,364.542,62.756,209.461
232.970,367.848,62.903,207.024
234.876,370.595,62.807,205.126
236.662,370.539,62.774,203.222
238.455,371.527,62.843,200.890
239.963,372.577,62.567,199.200
240.842,372.315,62.179,197.710
242.727,372.949,61.973,196.153
243.325,376.107,61.653,194.476
243.445,376.190,61.191,193.750
244.839,378.687,60.938,192.113
245.337,380.846,60.681,190.608
245.726,384.520,60.418,189.772
244.872,388.150,60.056,188.826
243.199,389.730,59.908,187.152
241.335,391.418,59.585,185.708
238.775,399.822,59.280,184.466
226.763,396.551,59.513,182.520
225.342,408.641,59.323,180.583
221.796,408.148,59.150,178.528
219.263,417.567,58.527,177.558
216.932,417.698,57.973,176.054
214.176,419.220,57.567,174.359
214.314,420.786,57.536,172.510
212.837,423.827,57.453,170.701
211.479,422.868,57.495,168.170
211.833,422.400,57.273,166.303
213.102,430.560,56.697,165.417
215.556,426.296,56.669,163.194
216.431,427.474,56.091,161.561
217.747,428.524,55.516,160.551
218.021,432.723,55.231,159.493
217.903,434.300,54.633,159.083
220.538,434.810,54.442,158.662
221.707,433.166,54.036,158.745
222.051,435.785,53.738,158.623
223.448,434.863,53.666,158.098
224.210,434.056,53.335,157.947
225.446,434.123,53.350,157.197
225.680,433.701,53.119,155.857
225.457,434.997,53.027,154.457
226.668,438.280,53.008,153.452
226.431,437.342,52.923,152.859
226.822,439.311,52.928,152.515
227.127,443.409,52.651,152.794
227.520,444.490,52.581,153.560
229.732,445.816,52.397,154.714
231.533,447.014,52.364,155.637
232.963,446.714,52.237,156.430
233.010,445.509,52.200,156.997
230.823,442.546,51.916,157.260
225.594,440.744,51.966,156.632
221.981,440.869,51.860,156.772
223.720,443.141,52.489,157.201
234.984,430.102,53.028,155.619
236.006,428.053,53.621,154.657
236.368,428.048,53.781,153.504
236.496,430.928,53.742,152.803
237.820,435.959,53.756,152.968
237.747,440.179,53.682,153.107
237.584,442.943,53.314,153.798
236.471,444.679,52.632,155.306
236.007,437.925,52.385,157.125
237.761,434.828,53.039,158.006
239.266,429.868,53.617,158.108
241.615,430.149,54.104,159.081
242.798,425.371,54.705,158.876
245.007,424.749,55.160,158.839
247.167,422.838,55.453,158.913
248.613,421.358,55.697,158.609
250.537,422.194,55.870,158.123
252.352,417.728,55.499,158.388
252.560,417.985,55.436,158.553
252.071,417.097,55.132,159.067
254.619,417.042,55.073,159.523
256.042,415.619,55.128,159.759
258.409,419.003,55.373,159.734
256.855,420.824,54.980,160.601
255.267,422.389,54.620,161.680
254.905,424.528,54.333,162.764
254.508,423.427,54.227,164.122
252.208,425.846,54.122,164.601
249.306,425.076,53.896,165.321
245.194,424.924,54.319,164.627
241.719,419.854,55.058,161.600
237.604,415.006,55.474,159.669
234.147,416.622,55.986,157.064
232.351,416.579,55.572,157.360
230.887,416.877,54.839,158.503
231.315,420.171,54.210,160.375
231.518,418.608,53.579,162.364
231.872,417.215,53.395,164.108
233.098,417.160,53.386,165.348
235.267,416.735,53.530,166.522
237.475,417.220,53.714,167.953
239.431,414.518,53.876,168.973
240.315,414.286,54.110,169.357
240.749,413.995,54.631,168.683
239.715,413.529,55.266,166.774
239.160,418.117,55.704,164.947
237.472,419.346,55.871,163.423
236.968,422.479,55.711,163.233
236.433,427.565,55.866,162.814
236.085,429.832,56.013,162.621
235.125,434.784,55.751,162.478
233.885,438.562,55.851,161.556
233.727,443.095,55.914,160.843
234.314,445.366,56.113,160.564
234.736,446.254,56.347,159.738
234.042,449.032,56.620,159.025
234.469,446.839,56.576,158.804
234.771,446.181,56.416,157.956
236.093,444.395,56.620,157.082
238.225,445.021,56.929,155.691
239.334,448.724,57.220,154.383
239.209,446.611,57.330,153.466
239.254,451.453,57.041,152.401
240.719,453.365,56.324,153.286
240.632,456.530,55.973,153.399
240.790,460.783,55.549,153.324
240.377,466.707,54.972,153.102
240.792,469.648,54.182,154.716
241.140,472.895,53.343,156.707
242.319,477.268,52.948,157.544
242.040,476.745,52.901,157.915
242.518,480.697,52.941,157.987
242.182,480.934,53.196,157.605
242.225,480.919,53.361,156.997
241.502,483.781,53.588,155.897
241.163,483.571,53.880,155.085
238.935,482.071,54.369,153.834
236.089,483.572,54.599,152.776
232.775,484.505,54.753,152.217
230.207,482.923,54.724,152.204
228.586,483.404,54.540,152.634
227.926,484.825,54.481,153.842
229.065,478.363,54.073,155.149
230.787,481.571,54.215,156.067
232.113,478.701,54.119,157.294
234.161,477.155,54.159,158.512
234.992,474.913,54.312,158.556
235.566,479.473,55.051,157.308
235.183,480.516,55.838,156.233
234.893,483.940,56.258,155.220
235.269,481.974,56.530,153.906
235.710,481.637,56.808,152.192
237.034,483.999,56.372,151.946
237.933,489.371,56.071,151.900
237.245,490.740,55.608,152.252
239.055,492.270,55.053,152.854
240.113,491.263,54.301,154.144
240.213,492.148,54.229,153.900
240.007,493.739,53.998,153.529
241.449,493.277,53.935,153.444
240.794,492.843,53.981,152.511
240.909,493.427,53.556,152.361
241.949,494.022,53.435,151.852
241.599,496.286,53.446,150.873
241.660,498.439,53.369,150.491
241.021,497.619,53.343,149.880
240.130,497.793,53.509,149.738
240.249,499.209,53.787,149.347
240.501,497.346,54.137,148.244
240.109,498.091,54.251,147.513
240.488,498.994,54.506,146.844
240.373,501.059,54.705,145.955
238.604,499.405,54.737,145.429
238.273,499.862,54.733,145.803
238.379,499.133,54.730,146.048
237.701,499.032,54.216,147.490
236.556,487.830,53.782,149.023
237.648,491.357,54.267,149.605
237.666,484.503,53.773,151.583
237.233,476.164,53.723,153.050
236.842,473.487,54.100,153.066
237.746,470.065,54.279,153.571
238.064,471.019,54.232,155.257
240.060,473.804,53.861,157.766
241.908,472.465,53.469,161.066
244.573,473.461,53.388,163.628
247.523,470.148,53.563,165.988
250.246,469.928,53.500,168.605
252.356,469.445,54.198,169.774
254.004,466.191,55.034,170.322
255.627,467.696,55.875,170.526
256.062,468.072,56.776,170.312
255.963,467.383,57.255,170.483
257.696,465.536,57.890,170.181
258.387,463.296,58.628,169.485
260.312,461.511,59.289,168.387
260.456,462.197,59.841,166.941
260.398,460.822,60.257,165.303
260.750,462.029,60.586,163.402
260.272,463.011,61.082,160.735
259.052,464.821,61.255,158.483
259.588,467.405,60.992,156.838
259.913,469.442,60.580,154.979
259.604,476.505,60.523,153.295
260.728,472.851,61.909,149.507
258.211,474.292,63.361,145.128
255.777,476.437,64.654,140.709
255.170,474.660,65.541,137.111
253.461,473.759,66.271,133.592
252.454,472.324,66.753,130.509
252.591,473.443,67.087,128.015
251.947,472.559,67.397,125.399
251.949,471.594,67.513,123.132
251.895,469.564,67.604,120.625
252.348,467.742,67.201,118.533
251.994,470.674,66.869,116.685
249.090,472.181,70.145,111.359
248.426,475.236,73.086,106.537
246.776,477.703,74.891,103.423
