110.000,111.000,37.000,116.000
113.585,107.785,38.279,114.895
113.742,107.742,38.743,114.761
115.077,110.309,39.049,114.244
114.420,103.490,39.547,113.527
114.542,110.865,39.160,114.670
111.773,108.808,39.259,113.974
112.726,110.351,39.347,113.269
111.832,106.189,39.757,112.501
114.060,111.181,39.448,112.902
115.425,107.920,39.803,111.879
117.804,111.840,39.678,111.589
119.492,117.617,39.500,111.079
121.015,111.230,39.448,110.566
123.355,114.689,39.083,111.188
123.285,112.657,38.568,111.088
123.687,111.950,38.044,111.540
121.956,114.129,37.823,110.750
121.055,111.881,37.834,109.166
118.139,114.835,37.568,108.651
114.192,112.958,37.291,107.838
111.223,115.387,37.173,107.267
108.852,113.224,37.024,106.381
106.473,114.608,36.465,106.656
105.616,112.830,36.154,106.073
104.462,113.504,35.768,106.133
104.450,113.166,35.214,105.876
103.126,115.257,34.738,105.791
102.405,109.745,34.579,105.082
100.745,107.024,34.228,104.612
98.289,104.382,33.955,103.806
97.657,103.000,33.829,103.296
97.386,101.139,33.717,103.008
95.016,100.408,33.622,102.579
94.715,99.740,33.319,102.366
96.989,98.726,33.498,101.541
97.052,96.632,33.555,100.559
97.016,93.444,33.332,99.210
94.511,90.309,33.140,98.346
94.464,89.298,32.974,98.044
86.045,91.317,33.060,97.152
78.210,91.711,32.814,97.263
75.090,90.412,32.942,95.963
73.710,88.765,32.768,95.357
74.025,94.130,32.305,95.926
74.181,100.731,31.896,96.142
62.668,99.261,32.697,94.187
65.334,98.279,33.329,92.235
66.411,90.629,33.068,90.837
68.456,78.733,32.562,90.734
70.374,74.584,32.044,90.130
72.361,73.689,31.501,89.950
81.873,76.938,30.559,91.308
83.788,88.388,29.570,93.373
93.750,103.900,29.362,93.570
103.621,115.628,29.327,93.237
106.333,120.286,29.288,92.545
114.097,112.712,29.504,90.758
122.939,97.059,29.874,88.605
131.982,89.399,29.967,87.664
132.810,93.731,29.701,87.698
131.195,96.366,29.583,87.975
131.529,107.263,29.562,87.786
118.241,138.633,29.920,86.782
100.796,140.313,29.823,86.473
102.719,129.145,29.390,85.433
95.319,111.312,29.130,83.821
92.898,107.030,29.228,82.581
91.888,106.881,29.307,82.125
89.016,114.507,29.411,81.444
91.144,115.822,28.537,82.647
106.253,125.972,28.254,82.928
108.633,123.032,28.493,81.723
122.796,105.912,28.540,79.765
131.451,99.237,28.813,78.011
139.933,87.248,28.470,76.986
137.908,88.417,28.559,76.894
135.282,97.415,28.231,77.392
129.452,109.289,27.534,78.694
122.218,118.808,27.531,78.687
99.007,119.848,27.430,79.201
98.878,111.581,27.457,77.906
89.239,104.333,27.793,76.263
90.924,105.617,27.603,76.422
94.294,112.662,27.032,77.486
94.184,114.377,26.409,78.584
109.908,121.456,26.156,78.805
120.281,120.827,26.104,79.156
122.905,117.398,26.698,77.939
131.862,110.195,27.167,76.086
139.057,104.676,27.080,75.646
140.120,103.866,26.544,77.076
139.486,112.893,26.028,78.675
140.785,126.428,25.811,79.443
137.103,134.833,26.169,78.824
125.519,131.805,27.201,77.027
123.200,124.495,27.230,75.114
119.609,120.365,27.506,74.100
117.133,117.221,27.381,73.875
114.281,117.116,27.071,74.581
113.206,119.825,26.515,75.781
115.537,121.796,26.279,76.181
122.463,126.858,25.700,77.620
120.968,129.225,25.709,78.091
117.148,127.584,26.393,76.917
114.420,115.131,26.575,75.446
116.654,112.359,26.668,74.451
114.911,112.019,26.412,74.468
113.344,114.626,26.273,74.778
114.995,120.369,25.688,75.731
107.281,123.365,25.758,75.713
92.150,116.105,26.162,74.339
98.115,102.435,26.154,73.054
78.441,88.274,26.223,71.741
71.304,81.599,26.238,71.336
68.639,81.503,26.004,72.140
67.637,92.378,25.633,73.254
75.546,99.026,25.216,74.003
107.816,111.881,25.102,74.816
118.178,112.485,25.463,74.078
131.518,108.312,25.384,73.352
162.538,96.062,25.411,71.518
179.032,99.695,25.165,71.711
184.498,103.429,25.052,72.784
190.160,115.293,25.101,73.564
184.937,125.397,24.872,74.865
179.609,130.042,24.872,75.254
166.673,129.568,24.881,75.176
145.530,125.528,25.210,75.093
136.954,115.749,25.714,74.130
128.714,114.088,26.386,73.175
121.212,115.491,26.258,73.471
118.881,116.767,26.157,73.721
120.365,122.054,26.001,74.157
126.967,127.291,26.120,74.358
128.799,128.765,25.462,75.822
135.837,114.372,25.649,74.561
136.454,105.866,25.688,73.401
149.355,92.751,25.639,71.960
150.513,87.294,25.338,71.657
151.106,88.906,24.998,72.801
151.430,92.736,25.008,73.607
145.308,107.473,25.978,73.167
131.947,108.367,27.066,71.731
117.475,103.016,26.987,71.496
115.595,90.312,27.022,71.304
109.490,85.280,26.713,71.169
118.070,86.100,25.913,73.120
124.589,89.097,25.917,73.883
126.318,93.522,25.510,74.454
135.659,102.834,25.296,74.752
142.275,107.454,25.297,75.347
145.404,112.230,25.209,75.361
153.319,98.389,25.406,74.080
159.515,91.691,25.256,73.809
157.539,89.874,25.726,73.288
151.963,94.969,25.405,74.501
147.224,107.305,24.820,75.595
138.996,116.486,25.743,74.569
118.558,118.735,26.144,74.450
113.507,108.938,25.872,73.692
108.071,100.311,25.639,72.947
106.016,92.746,25.694,72.634
119.200,92.478,25.191,73.829
126.149,95.361,24.974,74.522
140.666,106.259,24.799,74.548
148.971,109.214,24.431,75.285
158.079,116.456,24.377,75.278
165.510,104.814,24.427,74.715
178.706,91.979,24.519,73.251
186.653,85.730,24.392,72.781
180.423,89.274,24.575,72.937
178.729,95.286,25.204,72.918
173.949,101.036,24.852,73.602
161.329,109.891,26.233,72.635
154.321,110.217,27.077,71.936
141.644,98.204,27.872,71.208
122.542,90.855,28.379,70.614
115.325,89.372,28.021,71.125
115.427,96.134,27.548,71.537
120.875,104.000,27.079,72.022
133.773,111.681,26.943,72.394
152.938,119.244,26.715,72.438
160.408,110.367,26.321,72.064
166.966,102.879,25.856,71.757
181.796,92.391,25.506,71.329
181.411,94.400,25.303,71.761
173.614,97.553,25.443,71.286
169.209,107.281,25.111,71.973
157.917,117.944,25.031,72.018
139.915,119.008,24.924,72.070
139.250,117.002,25.922,71.439
120.810,97.553,26.937,70.941
114.177,85.061,26.490,72.375
114.222,86.594,26.126,73.862
114.273,88.184,26.208,74.636
105.802,87.619,26.216,74.426
114.873,98.620,25.956,74.803
125.129,94.349,25.999,74.213
138.265,84.120,25.761,73.940
150.403,70.027,25.527,73.266
157.674,67.521,25.741,72.404
158.130,65.775,25.402,72.566
153.789,69.365,25.199,73.244
146.321,82.261,24.992,73.878
128.682,101.466,25.131,73.570
104.887,110.347,25.229,73.275
102.663,106.186,25.173,73.002
88.434,98.458,25.327,72.663
93.509,96.528,25.228,73.362
79.368,97.019,25.045,74.365
77.856,99.416,25.104,74.401
90.669,104.042,25.196,73.732
93.830,104.466,25.046,73.762
100.299,103.235,25.107,73.406
114.311,91.533,25.003,72.867
134.348,71.079,25.007,71.797
148.268,66.890,24.787,71.575
147.381,72.226,24.517,72.429
149.389,77.338,24.415,72.620
139.660,95.061,24.467,72.541
115.303,95.769,24.651,72.058
103.692,95.686,24.565,71.858
84.882,86.293,24.621,71.281
74.057,83.333,24.298,70.565
65.932,81.979,24.532,70.614
64.619,84.887,24.351,71.338
66.189,95.382,24.096,71.733
85.228,99.611,23.732,72.217
97.912,96.189,23.638,71.489
103.843,96.018,23.440,71.148
127.035,87.969,23.794,69.999
146.477,77.179,23.770,69.276
152.115,73.362,23.208,69.756
146.592,82.417,22.754,71.101
134.768,97.080,22.747,71.021
123.266,105.639,22.770,70.810
111.761,122.818,23.409,70.786
106.456,118.112,23.655,71.658
94.587,106.558,24.023,72.423
93.493,100.148,24.296,72.699
99.721,98.656,24.985,72.568
105.770,98.568,25.237,73.003
99.817,95.926,24.859,73.373
114.433,95.353,24.392,73.466
115.752,90.939,24.039,73.321
122.722,88.354,23.712,73.440
134.763,80.282,23.547,73.678
151.841,75.902,24.170,73.318
152.393,72.440,24.692,73.603
