206.000,85.000,49.000,57.000
200.641,89.999,49.887,54.653
200.608,92.755,50.145,52.685
203.216,93.175,50.370,51.245
209.089,90.007,50.289,49.561
216.359,86.126,49.340,49.178
218.366,81.528,47.840,49.488
213.749,76.367,46.709,49.844
209.764,73.878,45.763,50.123
210.874,74.844,45.098,49.450
214.783,78.858,44.404,48.616
219.173,82.127,43.788,47.870
220.602,87.699,43.268,47.089
222.793,92.654,42.535,46.392
221.021,92.823,42.717,45.648
219.303,89.819,42.847,45.257
216.956,86.774,43.618,44.611
218.506,81.604,42.454,45.734
221.547,73.318,41.719,46.189
219.151,68.723,42.112,45.495
211.642,65.732,42.830,44.772
208.613,62.172,43.206,44.939
206.097,57.628,42.992,45.031
201.287,54.313,42.567,45.952
200.924,43.463,41.936,46.363
202.625,42.041,41.422,46.529
197.197,35.779,41.194,46.096
196.324,36.271,41.013,46.061
190.377,28.546,41.301,45.763
182.340,25.492,41.054,46.161
175.250,26.434,42.151,44.386
172.367,31.193,42.801,42.979
172.863,36.689,43.446,41.234
173.333,41.836,43.922,39.828
175.395,41.898,43.626,39.917
180.784,36.594,43.379,39.752
183.995,37.462,42.870,40.050
191.478,37.308,43.335,39.472
199.881,44.494,42.985,39.560
213.405,52.771,43.002,39.090
215.479,57.163,42.831,38.295
218.650,63.017,42.360,37.701
219.842,70.061,41.421,37.255
221.396,71.837,40.717,36.608
223.239,72.887,39.683,36.622
223.256,70.622,39.408,36.366
226.296,66.511,38.493,36.960
228.176,60.110,38.183,37.025
226.673,51.628,38.175,36.591
230.890,48.168,37.423,37.217
239.377,43.171,37.613,37.495
253.683,43.200,38.031,37.346
271.694,43.404,38.808,36.894
284.821,46.094,39.357,36.629
287.364,44.861,39.953,36.632
294.270,44.226,40.618,36.299
297.083,41.661,39.536,37.858
310.784,35.930,38.331,39.460
318.875,30.481,38.404,39.834
327.420,28.229,38.488,39.325
332.743,28.831,38.939,38.863
337.400,25.161,39.196,38.164
339.779,24.109,38.678,38.440
340.115,20.548,38.433,38.369
340.397,22.300,38.401,38.815
345.635,21.253,37.912,39.849
354.202,20.810,37.505,40.673
355.990,23.093,37.656,40.347
357.905,29.637,37.511,40.513
356.698,33.383,37.402,40.241
357.815,37.942,37.966,39.247
360.421,38.414,37.919,39.030
358.619,40.943,37.671,38.343
352.236,41.219,37.332,37.836
350.125,43.538,37.362,37.053
347.069,45.870,37.730,36.055
345.362,48.240,37.600,35.876
341.329,50.598,37.821,35.594
341.452,49.660,37.484,36.140
342.473,46.807,36.346,37.661
342.187,45.610,35.547,38.872
342.698,47.876,35.163,39.476
343.605,49.685,34.521,40.145
344.481,52.025,34.725,40.131
345.358,54.214,35.179,39.729
347.866,52.498,34.850,40.690
350.171,49.073,34.880,41.069
353.123,48.789,35.276,40.887
352.086,47.242,35.442,40.616
353.781,48.392,35.788,40.243
354.872,47.735,35.985,39.983
357.110,48.562,36.658,39.549
356.913,47.726,36.157,39.867
356.336,50.148,36.751,39.042
353.287,51.004,37.033,38.548
349.752,53.526,38.561,37.348
345.292,53.499,39.398,36.764
343.570,54.434,39.274,36.921
343.833,53.675,38.916,36.962
347.515,56.415,38.936,36.596
360.758,61.425,39.155,36.108
370.725,70.153,40.353,34.748
369.921,82.100,39.532,35.029
374.666,87.976,39.093,35.348
373.383,97.894,39.376,35.065
372.635,112.678,39.130,35.368
358.221,94.612,41.406,32.982
355.608,99.864,42.866,31.246
351.843,109.473,44.001,29.940
347.465,114.934,44.930,28.807
342.483,115.968,45.803,27.973
340.234,116.636,46.403,27.365
331.594,111.503,45.131,28.630
322.687,104.739,42.758,30.921
334.470,97.603,39.459,34.695
340.464,96.890,37.700,36.523
329.953,95.774,36.841,37.568
319.460,76.419,36.696,37.798
328.655,83.902,36.869,37.494
343.149,96.162,36.721,37.315
341.148,102.257,36.720,37.284
335.904,98.273,37.054,36.621
331.700,93.360,35.805,37.942
318.599,71.602,34.987,38.030
305.155,42.545,34.525,38.093
287.289,7.956,34.060,37.823
287.407,-1.326,34.198,37.516
278.257,3.784,34.222,37.473
269.122,0.232,34.377,36.991
262.710,-2.627,37.356,33.670
260.811,-0.831,40.205,31.024
259.571,-0.358,41.605,29.343
263.830,0.202,42.719,28.119
260.381,-0.017,43.213,27.507
275.373,3.973,42.407,28.345
279.868,1.111,43.236,27.528
273.205,1.359,43.443,27.045
267.675,2.062,42.291,27.776
263.019,3.129,41.323,28.445
257.898,1.936,40.018,29.533
247.667,2.507,39.186,30.502
238.547,3.413,38.321,31.047
231.550,-0.411,39.716,29.656
225.650,-0.911,41.341,28.299
219.128,-1.391,42.176,27.495
201.290,-1.355,42.815,26.702
188.498,-1.643,43.105,26.155
187.999,-1.916,43.129,26.119
197.096,2.451,43.680,25.786
204.816,2.854,42.226,26.959
200.931,4.136,41.460,27.474
204.968,0.057,41.846,26.598
204.941,3.429,40.377,27.656
195.441,3.576,39.163,28.483
187.174,3.119,37.929,29.653
174.510,2.149,37.213,30.474
170.198,2.406,36.813,30.760
169.747,1.083,36.274,31.159
169.637,1.761,35.962,31.231
170.859,1.210,35.900,31.378
175.027,-0.617,38.048,29.156
179.404,0.657,39.613,28.047
175.449,1.117,40.510,27.068
185.449,2.200,39.519,27.786
159.734,3.147,37.930,28.971
168.683,7.651,37.744,29.003
