147.000,110.000,34.000,33.000
150.231,113.344,33.035,34.232
153.172,114.391,32.371,35.315
156.226,115.641,31.940,36.014
159.833,116.225,31.892,36.621
161.944,116.737,31.759,37.153
160.955,116.928,31.875,37.431
163.029,118.168,31.819,37.979
161.822,118.423,31.866,38.361
164.133,117.872,31.947,38.675
167.023,117.094,31.814,39.010
165.800,114.478,31.626,39.061
161.564,113.034,31.653,38.555
156.949,111.629,31.431,38.321
156.765,105.356,31.394,38.191
155.924,94.860,31.325,37.995
152.168,83.851,31.399,37.622
147.606,77.243,31.219,37.629
143.912,71.698,31.106,37.306
137.118,66.429,31.482,36.512
129.698,64.655,31.378,36.269
130.412,63.570,31.427,36.020
130.287,63.472,31.375,35.858
130.074,62.216,31.394,35.673
131.872,61.552,31.090,35.997
142.669,65.834,31.258,35.946
148.915,70.136,31.247,36.200
155.158,65.116,31.242,36.211
160.937,73.452,31.215,36.106
164.964,86.493,30.914,36.133
169.039,105.761,30.979,35.910
168.272,112.429,31.316,35.201
168.896,122.532,30.379,36.384
166.724,113.492,30.412,36.345
161.694,117.825,30.480,36.181
163.044,117.385,30.480,36.181
163.066,117.073,30.481,36.180
162.821,116.833,30.481,36.180
161.801,116.816,30.481,36.180
161.304,116.468,30.481,36.180
161.233,114.670,30.514,36.150
164.068,114.569,30.637,35.744
161.856,113.844,30.506,35.617
164.788,116.159,29.536,36.884
163.201,121.342,29.719,37.077
162.025,126.480,29.843,36.564
162.234,117.553,29.937,36.043
160.887,94.180,30.283,35.673
159.084,93.337,30.428,35.592
158.705,92.861,29.165,37.238
157.630,108.621,28.161,38.665
157.535,119.460,27.576,39.656
158.734,131.565,27.466,40.078
160.837,145.000,27.874,39.669
161.343,161.781,27.207,40.810
161.274,155.663,27.024,40.798
157.579,165.358,28.015,39.503
157.766,152.798,29.019,37.957
158.411,149.058,30.623,36.091
154.645,145.619,32.190,34.251
152.263,146.536,33.749,32.727
149.627,141.478,33.728,32.544
147.137,121.299,31.551,34.957
146.737,127.625,30.039,36.996
146.733,138.749,28.825,38.446
145.089,141.687,28.239,39.070
140.305,127.326,28.756,38.422
136.557,109.139,28.160,38.832
136.188,109.363,28.463,38.392
132.519,110.947,30.642,36.059
128.474,106.905,32.842,33.746
128.509,106.538,32.873,33.411
120.946,95.947,31.298,34.907
120.899,99.256,30.860,35.411
121.395,112.931,30.523,35.825
122.567,136.059,30.689,35.985
124.019,138.662,29.955,36.892
127.687,151.315,30.265,36.406
128.271,142.132,31.135,35.555
126.465,143.821,31.136,35.554
121.333,142.869,30.937,35.783
116.880,147.296,30.084,36.819
122.261,149.966,28.523,38.779
126.866,150.630,27.410,40.076
127.403,157.516,26.863,40.695
127.290,159.140,26.875,40.683
127.099,158.837,26.903,40.656
127.267,159.310,26.935,40.625
125.983,161.435,26.944,40.614
124.163,163.181,26.953,40.604
125.060,163.019,26.974,40.578
125.934,175.744,27.279,40.100
129.490,175.753,27.387,39.848
128.990,179.025,27.250,39.905
128.586,179.121,27.194,39.937
129.113,180.938,27.199,39.930
129.258,181.841,27.208,39.918
128.452,182.586,27.259,39.865
128.856,184.458,27.263,39.859
134.423,185.359,27.100,40.065
131.410,179.463,26.156,41.352
132.378,172.223,24.687,43.280
132.128,168.571,23.928,44.206
128.910,174.152,23.405,44.742
128.637,180.432,23.241,44.908
127.093,180.435,23.265,44.878
126.739,181.910,23.232,44.922
121.783,182.856,23.143,45.020
116.619,177.697,22.960,45.266
116.237,176.668,22.954,45.273
115.948,176.834,22.958,45.269
116.624,176.170,22.962,45.263
117.947,176.260,22.971,45.252
118.452,175.931,22.976,45.245
117.984,175.374,22.981,45.238
126.177,155.479,25.104,42.408
124.736,154.041,27.455,39.269
123.524,140.354,28.563,37.753
126.786,131.882,30.246,35.923
128.126,128.767,33.059,32.882
134.339,125.885,34.728,30.979
131.342,106.303,33.101,32.352
135.888,102.835,30.904,34.924
141.014,107.550,30.711,35.287
147.475,117.294,30.671,35.198
159.915,139.908,30.381,36.044
164.702,139.504,30.315,36.040
169.966,120.302,28.804,37.354
173.695,108.202,27.633,38.185
174.990,100.682,26.919,38.844
176.452,94.541,27.716,37.897
176.488,93.915,28.015,37.573
173.988,92.488,27.282,38.841
170.905,98.104,27.787,38.599
169.172,112.723,27.241,38.969
166.010,130.276,26.728,39.960
165.996,124.139,26.201,40.213
164.853,132.739,27.117,38.565
164.839,123.893,28.071,37.049
164.828,119.379,29.334,35.322
161.580,120.345,31.764,32.734
161.943,119.526,31.980,32.078
157.009,105.523,31.145,32.724
154.961,103.595,29.419,34.900
154.148,108.229,29.286,35.110
154.503,122.256,28.183,36.231
153.437,113.761,28.210,35.734
152.287,103.668,28.123,35.331
146.470,93.150,28.190,34.734
140.837,89.013,28.790,33.831
128.578,87.876,27.553,35.518
124.632,93.168,27.885,35.544
123.424,106.629,28.141,35.539
121.661,123.300,28.255,35.427
120.821,139.775,27.387,36.332
121.752,149.780,26.596,37.648
123.471,145.478,27.004,36.900
123.830,135.254,27.276,36.217
126.857,129.714,27.657,35.372
132.110,123.970,28.290,34.547
141.955,123.571,28.822,34.236
145.405,126.602,28.781,34.475
153.263,130.229,27.815,35.829
159.931,139.876,27.985,35.540
165.086,156.273,27.957,35.754
173.522,162.324,27.071,36.593
177.391,153.175,27.215,35.885
179.840,140.519,27.321,35.195
185.671,131.436,28.158,34.206
191.623,121.992,28.485,33.949
195.193,120.767,28.579,33.723
195.870,120.761,28.259,34.347
195.029,124.280,27.107,36.055
190.173,135.076,26.551,36.993
182.820,144.283,26.999,36.789
168.526,144.520,27.540,36.258
160.011,152.859,28.082,35.607
151.979,137.649,30.150,33.492
147.922,126.421,32.625,30.972
143.678,118.448,34.974,28.712
140.376,114.176,36.365,27.189
138.186,117.025,35.690,27.392
136.445,103.321,34.279,28.443
137.483,102.496,33.356,29.420
139.700,120.165,31.273,31.754
140.173,120.157,30.755,32.041
141.112,113.799,29.802,32.716
143.051,103.572,29.324,33.386
145.410,97.386,29.072,33.538
148.925,97.953,29.131,33.386
156.706,104.937,27.477,35.459
158.653,111.394,26.604,36.700
159.499,120.392,27.087,36.237
159.800,138.174,27.388,35.893
160.880,157.608,26.470,37.213
161.658,151.809,26.054,37.447
159.777,143.124,26.565,36.766
158.911,137.703,27.253,35.797
158.967,135.522,27.802,35.084
158.543,136.001,28.034,35.287
158.666,143.368,26.979,36.796
159.255,154.498,26.266,37.798
159.906,166.496,26.846,37.278
161.390,183.387,27.088,36.982
162.473,206.383,26.229,37.928
163.768,206.519,26.629,37.279
164.322,215.728,27.050,36.740
164.748,206.405,28.236,35.530
161.536,198.652,30.311,33.665
165.739,182.176,30.424,33.216
159.391,147.528,30.016,33.510
159.430,145.800,29.713,33.720
159.745,146.832,29.256,34.336
160.625,147.256,29.146,34.459
162.740,165.930,27.855,36.002
162.468,166.776,28.164,35.634
161.458,154.564,29.889,33.949
161.300,153.577,29.893,33.946
160.791,153.317,29.895,33.945
158.313,151.934,29.895,33.944
156.117,151.876,29.896,33.944
155.554,151.623,29.896,33.943
163.235,137.540,30.055,33.547
159.378,127.025,28.579,35.093
158.948,134.670,27.306,36.603
151.706,126.597,27.402,36.174
150.603,117.717,27.478,35.565
147.235,107.842,27.639,35.002
144.233,102.363,28.027,34.269
141.118,97.448,28.445,34.032
137.779,101.452,28.367,34.642
137.016,107.982,27.190,36.228
137.430,117.124,27.397,36.090
137.758,127.235,27.915,35.748
139.685,133.027,26.868,37.043
148.390,133.909,27.439,36.169
150.060,128.900,28.103,35.191
151.794,123.829,28.568,34.524
153.825,95.223,28.810,34.018
160.626,93.386,28.693,34.016
164.398,100.548,27.405,35.974
168.645,104.665,27.686,35.999
177.543,114.107,27.975,35.438
181.693,119.900,28.598,34.975
182.562,121.805,27.516,36.026
185.701,96.056,27.626,35.723
186.572,94.052,28.060,34.889
187.204,88.319,28.290,34.476
188.260,86.611,28.437,33.970
189.226,86.558,28.645,34.021
194.227,86.884,28.667,33.988
197.498,96.588,28.907,33.663
199.958,113.150,28.865,33.596
202.061,117.697,28.912,34.236
204.934,119.905,27.796,35.320
209.969,120.016,28.084,34.735
209.336,114.679,28.525,33.927
205.290,113.648,29.047,33.185
192.532,91.339,28.857,32.953
186.785,90.937,29.109,32.794
180.368,97.278,27.770,34.663
177.219,109.025,26.851,35.800
175.005,118.994,27.477,35.778
172.373,120.601,26.366,37.155
168.551,116.033,26.619,36.551
164.440,90.909,26.863,36.163
164.241,89.326,27.376,35.256
162.356,88.410,27.902,34.736
159.463,88.390,28.097,34.737
158.863,90.186,26.813,36.232
155.802,109.347,26.175,37.012
154.638,121.093,25.596,37.861
150.961,126.784,26.694,37.107
149.880,128.832,25.843,38.491
141.286,128.319,26.316,37.762
120.128,107.071,26.738,37.029
118.386,101.874,27.363,36.265
117.455,100.225,27.747,35.992
115.066,100.504,28.285,35.976
113.067,105.318,28.281,36.189
120.148,114.240,28.345,36.083
123.879,131.950,27.380,37.293
128.024,138.208,27.857,37.127
133.936,137.565,28.390,36.572
143.042,142.852,28.643,36.188
141.878,142.997,28.645,36.186
140.747,142.195,28.641,36.190
128.247,142.466,27.397,37.647
131.937,143.141,26.417,38.758
133.494,146.999,25.427,40.064
134.501,150.020,25.417,40.075
168.865,114.646,24.859,40.491
168.394,116.328,25.126,40.584
168.079,115.226,24.796,40.921
167.772,105.904,24.687,40.805
167.480,83.386,25.754,39.301
165.234,78.216,26.764,38.192
162.762,77.870,27.440,37.653
161.749,78.438,27.736,37.634
158.429,83.681,28.147,37.617
150.182,96.994,28.488,37.070
147.650,116.691,27.512,38.442
147.879,118.254,28.275,37.831
144.714,120.598,27.492,38.666
144.116,106.646,26.447,39.572
145.486,100.363,27.280,38.243
144.925,99.860,27.492,38.264
147.042,102.918,26.799,39.501
148.859,110.759,26.370,40.382
150.081,117.786,25.896,41.325
150.359,143.075,25.561,41.672
150.426,155.241,25.214,42.293
148.429,161.460,26.499,41.450
