69.000,48.000,26.000,39.000
70.608,48.159,25.778,38.946
71.085,48.237,25.639,38.907
71.925,48.556,25.561,38.853
72.067,48.526,25.328,38.927
71.695,48.641,25.198,38.947
72.600,48.772,25.237,38.851
72.795,48.907,25.162,38.819
72.369,49.365,25.168,38.731
72.872,48.661,25.141,38.781
73.033,49.312,25.078,38.766
73.199,49.425,25.019,38.738
73.785,49.581,25.025,38.605
73.839,50.162,25.248,38.413
74.645,49.934,25.597,38.087
75.472,50.162,25.833,38.016
76.871,50.668,26.047,37.954
76.812,49.967,26.181,37.951
78.551,50.677,26.161,37.930
80.080,49.890,26.814,37.167
82.586,52.068,27.628,36.179
85.687,53.011,28.343,35.463
88.713,53.523,28.595,35.110
88.697,53.788,28.439,35.041
93.052,55.032,28.434,34.767
97.171,56.066,28.526,34.312
102.259,57.686,28.616,33.933
106.594,58.202,28.694,33.635
111.719,58.466,28.829,33.812
111.877,58.444,28.748,33.999
116.887,58.543,28.352,34.428
121.529,57.670,27.951,35.145
124.000,57.262,27.707,35.735
126.675,56.180,27.759,36.147
128.105,56.413,27.681,36.412
128.787,56.580,27.708,36.530
131.207,55.855,27.624,36.792
133.276,55.263,27.541,36.939
135.787,55.680,27.476,36.858
138.320,55.880,27.295,36.971
139.063,56.377,27.289,36.815
138.750,55.845,27.212,36.703
140.119,57.255,27.122,36.502
139.997,57.066,27.014,36.405
139.858,56.789,26.883,36.339
139.343,56.753,26.740,36.206
139.254,56.578,26.622,36.170
139.612,56.586,26.522,36.163
139.444,56.597,26.411,36.025
139.667,56.903,26.303,36.010
140.015,56.836,26.189,35.963
139.922,56.824,26.244,35.866
139.904,57.063,26.250,35.773
139.886,57.288,26.255,35.708
140.365,57.637,26.338,35.598
139.931,57.730,26.341,35.542
140.810,57.876,26.250,35.508
140.365,57.713,26.197,35.454
140.603,57.756,26.069,35.589
140.821,57.820,25.979,35.685
140.427,57.595,25.945,35.679
140.679,57.610,25.925,35.715
141.164,57.748,25.834,35.761
141.434,57.793,25.838,35.749
141.006,57.939,25.885,35.694
141.325,58.158,25.944,35.669
140.771,57.670,25.959,35.700
141.337,58.344,25.643,35.916
141.436,57.551,25.619,35.884
141.468,57.684,25.638,35.955
141.805,57.703,25.633,36.003
142.142,57.728,25.629,36.037
142.158,57.910,25.614,36.018
142.435,57.565,25.665,36.150
142.949,57.921,25.627,36.120
142.030,58.100,25.714,36.199
142.309,58.526,25.609,36.321
142.833,57.800,25.587,36.348
142.487,57.948,25.539,36.465
143.133,58.185,25.441,36.519
142.969,58.330,25.497,36.552
142.453,57.896,25.468,36.496
142.622,57.760,25.436,36.509
142.786,57.625,25.413,36.519
141.241,58.483,25.481,36.491
140.692,57.673,25.475,36.529
139.925,57.756,25.493,36.467
138.181,57.156,25.394,36.439
136.691,57.234,25.134,36.474
136.189,57.541,25.145,36.362
134.882,58.335,25.161,36.325
132.462,57.840,25.492,36.029
127.779,57.790,25.854,35.819
126.774,56.961,26.146,35.681
122.795,56.051,26.339,35.805
122.334,56.469,26.590,35.672
121.088,56.614,26.901,35.635
116.281,56.995,27.128,35.591
112.282,56.959,27.627,35.459
107.673,56.979,27.824,35.375
103.039,57.140,27.896,35.353
102.477,57.431,27.930,35.345
98.160,56.414,27.953,35.526
94.192,55.983,28.099,35.663
90.168,55.357,28.040,35.962
85.274,54.282,27.998,35.975
82.291,53.652,27.998,35.979
81.532,53.540,28.022,35.918
79.257,53.553,28.271,35.883
75.562,53.624,28.450,35.836
73.473,53.765,28.376,35.867
71.267,53.190,27.898,36.190
69.924,53.280,27.512,36.398
69.384,54.058,27.059,36.704
68.731,52.909,26.532,37.049
67.655,52.831,26.663,36.719
67.107,52.305,26.751,36.489
66.951,52.358,26.806,36.236
68.048,52.485,26.900,36.151
67.776,52.297,26.833,36.203
67.738,52.052,26.890,36.124
68.395,53.024,26.847,36.042
68.861,52.424,26.674,36.236
69.785,52.291,26.534,36.318
70.015,52.362,26.402,36.184
69.367,52.232,26.277,36.155
70.055,53.878,26.147,36.178
71.185,52.847,25.980,36.204
71.169,53.148,25.955,36.087
71.341,53.687,25.986,35.956
71.719,53.026,25.962,35.950
70.972,53.718,25.882,35.920
71.633,52.902,25.967,35.905
71.251,52.901,25.863,35.880
