84.000,53.000,62.000,70.000
85.716,53.396,61.432,70.124
89.551,55.332,60.732,70.387
90.277,54.417,59.976,70.179
91.035,54.507,59.366,70.142
92.266,55.390,58.863,69.916
91.324,54.764,58.158,69.814
93.125,55.768,57.513,69.689
92.170,52.259,56.719,69.653
91.009,53.569,56.892,69.479
90.461,53.543,56.463,69.285
88.499,53.091,56.396,69.043
87.914,53.345,56.382,68.979
85.528,52.751,56.551,68.951
82.571,52.620,56.998,68.777
80.994,53.051,57.459,68.680
80.545,53.848,57.524,68.902
78.264,54.658,57.906,68.600
77.432,54.932,58.020,68.868
75.417,55.720,58.456,68.494
76.050,57.901,58.438,68.095
75.080,58.043,58.481,68.392
75.659,58.485,58.463,68.356
76.031,57.534,58.523,68.614
76.742,58.257,58.225,68.696
77.467,57.670,58.279,68.797
79.384,57.958,58.050,68.866
80.024,57.488,57.726,68.732
82.261,56.063,57.146,69.171
83.419,55.462,56.787,69.175
85.249,54.827,56.249,69.332
87.559,55.396,55.888,69.280
88.133,54.450,55.458,69.043
89.324,54.590,55.171,69.124
91.650,55.992,54.798,69.035
92.084,55.275,54.548,68.707
92.564,55.412,54.495,68.465
94.288,56.145,54.273,68.245
95.144,56.038,54.153,68.047
96.115,55.461,53.720,67.737
97.161,55.391,53.443,67.601
97.668,56.285,53.354,67.252
98.816,56.173,53.054,67.162
99.086,55.097,53.172,67.089
100.062,55.294,53.063,67.084
99.419,55.835,53.640,66.683
99.883,56.668,53.718,66.693
101.057,57.354,53.797,66.817
100.643,57.157,53.742,66.877
100.562,56.778,53.898,66.862
100.307,57.191,54.006,66.836
99.946,56.638,54.196,66.880
98.997,57.007,54.289,66.794
99.297,57.435,54.332,66.733
99.164,57.363,54.194,66.851
98.650,56.996,54.340,66.664
99.107,55.376,54.403,66.639
96.571,56.307,54.791,66.475
96.788,56.043,54.870,66.444
96.140,56.082,54.695,66.562
96.077,56.517,54.697,66.634
95.276,56.370,54.721,66.623
94.856,56.158,54.652,66.717
93.910,55.336,54.785,66.599
92.304,56.344,55.160,66.332
91.844,56.103,55.060,66.406
90.728,56.775,55.353,66.424
90.072,56.587,55.268,66.574
89.255,55.763,55.245,66.604
88.299,56.394,55.456,66.547
87.653,55.854,55.385,66.813
87.575,56.155,55.150,67.069
86.927,57.569,54.932,67.019
86.904,57.401,54.706,66.849
86.818,57.790,54.569,66.759
86.339,56.372,54.320,66.587
86.790,57.019,54.379,66.452
85.878,57.208,54.451,66.270
85.559,57.632,54.421,66.116
84.905,58.037,54.075,66.069
85.814,57.564,53.705,66.164
84.991,57.465,53.675,66.044
84.727,57.251,53.370,66.226
84.973,56.773,53.064,66.444
84.867,56.971,53.030,66.396
84.413,57.488,53.107,66.329
84.540,56.730,52.731,66.395
84.391,56.813,52.625,66.346
84.707,56.912,52.452,66.456
84.292,57.071,52.492,66.321
84.786,56.757,52.308,66.330
84.257,56.395,52.370,66.304
84.323,56.322,52.334,66.049
84.530,56.240,52.370,65.913
84.682,56.173,52.359,65.879
84.298,56.318,52.578,65.731
83.893,57.138,52.683,65.642
83.354,57.371,52.689,65.744
83.152,56.151,52.647,65.730
82.969,57.297,52.984,65.728
84.141,57.733,52.969,65.970
83.288,57.701,53.080,65.917
83.487,56.770,53.301,65.869
83.067,57.633,53.317,66.028
83.885,57.129,53.080,66.200
83.759,56.431,53.000,66.245
84.288,56.812,53.067,66.276
85.659,57.312,52.951,66.476
85.437,56.870,52.931,66.300
85.598,56.014,52.788,66.392
86.083,56.378,52.709,66.531
86.098,57.099,52.839,66.434
86.654,56.912,52.742,66.448
86.889,56.833,52.626,66.418
87.527,57.365,52.467,66.362
87.562,57.338,52.419,66.345
87.957,57.643,52.288,66.354
88.893,57.627,52.054,66.513
88.152,57.849,52.072,66.536
90.065,58.326,51.783,66.618
88.863,57.753,51.789,66.477
90.152,58.768,51.978,66.301
89.535,58.140,51.834,66.195
89.905,59.503,51.882,65.687
89.972,58.895,51.764,65.481
91.478,59.523,51.667,65.302
90.527,59.489,51.522,65.064
91.534,59.989,51.251,65.007
90.371,60.058,50.870,65.328
91.220,60.246,50.656,65.652
90.743,59.022,50.126,66.176
90.192,58.588,50.218,66.034
89.464,59.034,50.701,65.765
88.610,58.884,51.025,65.688
87.290,59.271,51.348,65.597
86.004,59.254,51.619,65.644
87.193,58.100,51.443,65.896
86.028,59.726,52.025,65.708
86.123,60.063,52.171,65.661
85.982,60.624,52.120,65.669
85.378,61.495,52.335,65.527
85.623,62.164,52.265,65.119
86.170,60.535,51.554,65.418
85.854,60.383,51.712,65.101
86.076,60.355,51.859,64.971
87.043,60.162,51.721,64.981
88.166,59.210,51.432,64.919
89.896,59.049,50.984,64.841
91.093,59.396,50.656,64.718
90.615,59.533,50.488,64.540
89.973,59.484,50.135,64.273
91.131,60.387,49.805,64.114
91.424,60.876,49.910,63.894
91.496,61.349,50.027,63.685
90.428,61.328,50.076,63.553
90.219,60.192,50.255,63.462
90.072,60.792,50.643,63.187
89.869,60.973,50.993,62.956
88.397,59.559,50.829,63.099
87.939,59.915,50.923,62.986
87.524,60.702,50.991,63.093
87.254,60.117,51.000,63.004
86.606,61.014,51.054,62.895
85.825,59.618,50.688,63.348
84.823,60.272,50.789,63.269
84.457,59.565,50.416,63.673
83.654,59.342,50.369,63.628
83.085,59.376,50.192,63.617
82.774,59.499,50.094,63.650
81.234,59.507,50.137,63.550
81.608,59.103,49.940,63.625
81.465,58.735,49.899,63.460
81.372,58.872,49.875,63.276
80.579,58.628,49.876,63.038
80.661,58.747,49.701,62.922
80.559,58.458,49.746,62.909
80.822,57.980,49.740,63.118
81.296,57.831,49.400,63.789
82.001,58.573,49.318,63.914
82.161,58.889,49.307,63.835
82.630,58.557,49.259,63.950
82.232,58.702,49.313,63.866
83.910,59.276,49.582,63.762
84.428,59.233,49.634,63.666
84.972,59.111,49.624,63.531
86.859,60.366,49.900,63.473
88.087,59.726,50.100,63.524
89.458,59.864,50.068,63.406
90.591,59.719,50.128,63.343
92.312,59.965,50.398,63.266
93.898,60.150,50.589,63.158
95.631,60.918,51.097,62.865
96.298,60.307,50.924,63.222
98.643,59.499,50.664,63.494
98.396,59.282,50.633,63.598
99.961,58.524,50.262,63.784
99.877,58.312,50.364,63.774
100.617,58.362,50.299,63.954
100.675,57.788,50.060,64.194
100.688,57.746,50.118,64.100
99.741,58.823,50.146,64.198
99.535,58.216,49.915,64.327
97.184,58.248,49.842,64.358
95.170,58.058,49.668,64.463
95.328,57.240,49.394,64.907
92.826,56.222,49.250,65.137
92.055,55.526,49.281,65.271
90.674,55.156,49.311,65.470
88.939,55.620,49.462,65.569
87.031,56.547,49.634,65.756
85.043,57.233,49.880,66.025
82.236,57.329,50.066,66.220
81.378,57.973,50.178,66.529
80.699,57.962,50.478,66.492
79.980,58.089,50.671,66.450
78.790,57.538,50.749,66.433
78.189,58.118,50.831,66.480
78.617,57.744,50.850,66.214
78.149,57.589,50.739,66.059
77.659,57.191,50.711,65.950
78.915,56.471,50.704,66.093
79.414,55.188,50.727,65.860
79.930,54.060,50.715,66.154
81.168,53.584,50.819,66.323
81.817,53.228,51.064,66.331
82.377,52.471,51.347,66.300
83.015,52.350,51.815,66.156
84.161,51.372,52.182,66.313
85.754,51.989,52.634,66.386
87.674,52.235,53.050,66.315
89.143,51.953,53.416,66.213
92.352,52.764,53.574,66.509
95.416,52.610,53.583,66.592
99.102,52.824,53.703,66.664
102.782,51.754,53.794,66.876
110.519,51.863,55.415,65.824
116.600,52.432,56.906,65.751
122.255,53.156,58.364,65.922
128.868,52.714,59.649,66.375
134.227,52.551,61.185,66.604
138.485,50.081,62.532,66.701
143.746,49.622,63.436,67.292
148.332,49.229,64.527,67.723
154.181,49.077,65.557,68.257
157.349,48.649,66.121,68.728
162.290,48.565,66.783,69.026
166.039,48.856,67.166,69.186
168.235,47.498,67.490,69.329
172.884,47.804,68.417,69.424
174.748,46.527,68.772,69.706
177.292,44.376,68.726,70.385
179.219,44.639,69.030,70.966
181.246,43.515,69.818,71.339
182.129,44.627,70.137,72.094
183.689,44.203,70.261,72.408
184.121,44.431,70.542,72.695
183.718,42.522,70.526,73.019
185.137,44.245,71.021,73.163
183.890,43.858,71.160,73.087
183.526,44.290,71.091,73.167
183.150,43.204,70.769,73.217
182.157,44.710,71.143,73.453
178.413,43.208,70.832,73.818
180.634,44.354,70.865,73.696
176.379,42.608,70.337,73.776
175.659,43.985,70.464,73.657
171.918,44.490,69.948,73.951
171.487,44.082,70.014,73.904
167.732,42.145,69.480,73.935
165.081,41.973,68.845,74.118
162.073,40.711,68.308,74.127
158.578,42.910,67.580,74.511
152.781,41.598,67.534,74.192
150.914,43.360,66.920,74.602
144.703,41.176,66.471,74.351
140.631,43.038,66.540,74.086
135.971,43.082,66.116,74.094
132.461,43.495,65.778,73.769
127.728,45.486,65.203,73.842
121.200,45.554,64.812,73.530
118.100,46.254,64.688,72.915
112.042,46.207,64.329,72.701
107.667,45.831,64.105,72.217
104.682,45.675,63.928,72.289
100.547,46.182,63.719,72.437
97.027,46.663,63.618,72.181
93.944,47.236,63.519,72.039
90.524,47.867,63.298,71.738
88.184,47.613,63.294,71.602
87.019,47.532,63.395,71.628
84.453,47.860,63.258,71.575
82.375,48.008,63.007,71.791
81.408,48.508,63.209,71.850
80.102,47.947,63.039,72.034
78.876,49.147,62.963,72.182
78.311,47.806,63.367,71.765
76.936,48.935,63.168,71.798
76.630,47.808,63.321,71.623
76.173,48.433,63.333,71.598
77.119,47.235,63.598,71.461
77.212,47.627,63.518,71.874
77.183,47.932,63.194,72.069
78.141,47.585,63.161,72.011
79.238,47.624,63.267,72.082
80.528,47.016,63.066,72.162
83.068,47.887,63.033,72.224
83.708,48.708,63.218,72.207
86.701,48.102,63.458,71.913
88.191,47.892,63.445,72.001
91.453,48.335,63.468,71.871
94.430,49.261,63.322,71.754
95.594,48.128,63.483,71.832
101.559,48.739,63.054,72.511
105.030,48.170,63.021,72.593
108.903,48.262,62.807,73.001
112.815,48.409,62.530,73.304
118.266,49.035,62.425,73.601
123.013,49.392,62.365,73.757
126.602,48.486,62.226,73.747
131.068,47.423,61.931,73.790
136.769,46.833,61.931,73.598
140.697,47.485,62.075,73.592
145.020,47.994,62.232,73.416
149.297,47.063,61.988,73.455
155.630,47.584,61.767,73.245
159.996,49.822,61.713,73.302
164.327,49.408,61.444,73.899
167.812,49.107,60.982,74.570
172.209,49.093,60.865,74.935
174.970,48.228,60.773,75.148
178.702,48.789,60.846,74.904
181.990,49.673,60.744,74.728
185.447,48.328,61.165,74.482
187.611,51.493,61.016,74.104
190.093,49.350,61.471,73.723
192.665,47.986,61.593,73.425
192.104,47.683,61.507,73.191
194.483,47.494,60.902,72.925
197.479,47.427,60.780,72.581
197.819,46.642,60.460,72.829
199.746,46.933,60.540,72.849
199.162,47.320,60.380,72.957
198.971,48.468,60.197,72.943
198.317,49.270,60.217,72.577
198.885,50.751,60.204,72.146
199.548,50.239,60.425,72.000
197.947,51.329,60.033,72.333
197.223,50.198,60.195,72.065
196.690,49.389,59.958,72.393
196.014,50.141,59.559,72.798
194.117,50.510,59.570,72.898
192.572,50.760,59.343,72.945
191.312,51.396,59.560,72.817
189.911,51.923,59.582,72.451
188.076,50.349,59.633,72.640
185.345,52.157,59.496,72.320
183.474,52.516,59.586,72.029
181.743,52.499,59.710,71.959
177.229,54.108,60.265,71.237
177.239,53.655,60.136,71.324
173.471,54.320,60.215,70.857
170.466,54.807,59.963,71.104
168.453,53.141,59.607,71.619
164.187,53.346,60.074,71.177
162.408,51.838,59.957,71.646
159.002,52.914,59.662,71.514
157.377,51.453,59.549,71.596
153.454,51.482,59.532,71.269
153.318,50.813,59.311,70.931
149.105,50.771,58.928,70.454
146.522,49.995,58.868,70.294
144.443,50.504,58.815,70.091
140.835,52.444,58.434,70.643
139.317,52.300,58.596,70.868
138.068,50.775,59.201,70.675
135.453,50.205,58.682,70.914
133.581,50.733,58.686,71.380
132.671,51.947,59.273,71.357
131.851,51.276,59.395,71.624
129.162,50.410,59.636,71.743
126.542,51.748,59.648,72.009
126.960,49.276,59.843,72.976
126.006,48.989,60.083,73.034
125.115,49.618,59.662,73.412
124.996,47.419,60.155,73.675
127.329,47.681,60.222,73.897
122.967,48.059,60.615,73.797
127.430,48.310,60.487,74.246
124.531,49.131,60.314,74.466
126.919,49.979,60.463,74.530
128.153,49.471,60.320,74.321
129.722,49.383,60.287,73.871
128.377,47.978,60.691,73.743
131.756,49.356,60.953,73.748
133.387,49.886,60.882,73.348
135.203,48.043,61.122,73.307
137.069,48.823,61.375,73.102
139.912,49.640,61.599,72.953
141.057,48.684,61.450,73.352
144.631,47.728,61.648,73.894
148.364,45.339,62.036,74.637
152.687,44.398,62.787,74.638
153.903,44.042,63.413,74.186
158.547,42.901,63.776,74.318
161.953,43.871,63.490,74.972
165.355,43.163,64.057,74.836
168.793,44.051,64.466,75.366
173.842,43.667,64.783,75.706
177.665,42.216,64.910,76.012
181.153,41.330,65.564,76.121
184.672,41.710,65.913,76.459
189.301,43.067,66.144,76.533
190.583,42.623,66.509,76.561
196.517,42.486,67.012,76.500
197.659,40.967,66.701,76.693
203.374,42.490,67.427,76.661
203.591,42.249,68.006,76.048
208.706,42.673,67.965,75.874
211.517,42.782,68.422,75.431
214.029,43.041,68.558,75.144
215.992,42.154,68.778,74.868
217.233,42.256,68.937,75.094
219.489,42.173,68.893,75.013
220.702,43.063,68.835,75.062
222.901,42.025,68.968,75.002
222.899,40.954,68.993,75.586
223.053,40.696,69.572,75.365
223.368,40.626,69.882,75.445
224.853,41.829,69.799,75.969
223.311,39.617,69.537,76.128
224.510,41.099,69.732,76.548
221.177,40.788,69.477,76.735
221.309,39.578,69.835,77.139
217.694,38.838,69.989,77.052
218.201,39.283,70.085,77.114
213.884,40.169,70.519,77.185
213.460,39.850,70.527,77.403
209.384,40.547,70.582,77.269
208.572,40.500,70.295,77.107
203.666,40.570,69.920,77.391
200.893,40.828,69.565,77.555
198.224,40.869,68.996,77.838
194.648,40.596,68.768,78.037
190.322,40.046,68.858,78.325
186.139,38.419,69.086,78.445
180.959,39.463,69.385,78.316
177.955,37.820,69.323,78.850
172.570,38.328,69.583,79.080
168.607,37.668,69.634,79.588
164.952,38.359,69.593,80.003
158.977,38.217,70.187,79.893
156.368,37.654,70.490,79.964
149.637,37.743,70.592,80.279
148.151,38.789,70.466,81.262
143.303,36.894,70.321,81.737
139.704,39.082,70.472,82.033
137.956,38.857,70.123,82.504
135.197,37.975,69.544,82.934
133.195,37.861,69.528,83.021
131.990,37.790,69.558,82.873
128.270,36.410,69.779,83.005
126.881,38.434,69.871,82.945
125.785,37.553,69.832,83.012
124.990,39.331,69.562,83.376
124.399,38.577,69.345,83.459
123.638,36.929,69.327,83.813
123.146,37.664,69.253,83.392
122.339,37.843,69.390,82.688
123.706,37.765,69.278,81.981
124.721,37.386,69.172,81.883
126.328,36.805,69.407,81.487
126.442,40.000,69.378,81.174
129.102,39.714,68.917,80.890
130.107,40.111,69.137,80.306
131.510,40.285,69.663,79.521
133.050,40.612,69.547,79.135
135.855,40.918,69.584,78.646
136.969,41.956,69.549,78.060
137.992,43.093,69.464,77.497
141.871,43.204,69.225,77.136
139.945,45.359,69.102,76.729
142.999,45.140,69.211,76.729
144.569,44.513,68.727,76.663
143.041,45.213,68.128,76.873
145.088,45.701,67.456,77.175
145.322,45.808,66.690,77.522
146.816,46.349,66.731,77.087
147.369,47.024,66.260,77.075
148.150,47.109,66.153,76.440
147.270,47.915,66.098,76.184
149.248,47.449,65.790,75.836
147.848,48.980,65.792,75.375
149.782,49.586,65.745,74.857
145.292,50.407,65.723,74.240
146.941,49.175,65.895,73.984
146.295,50.008,66.001,73.372
144.994,49.227,66.006,73.057
143.326,49.296,65.957,72.753
140.773,49.759,66.094,72.425
140.898,50.133,65.813,72.243
139.146,50.041,65.834,71.716
136.977,50.466,65.659,71.340
136.059,50.552,65.223,71.121
131.142,51.728,64.707,71.339
131.677,53.099,64.645,71.014
127.760,54.276,64.339,70.624
127.142,54.219,64.160,70.495
122.309,54.695,63.888,70.303
120.312,55.002,63.597,70.031
116.976,57.458,63.556,69.278
113.072,57.156,63.200,69.071
111.571,57.097,62.792,68.956
106.846,58.271,62.715,68.395
104.465,58.635,62.418,68.290
102.384,58.802,62.037,68.146
99.121,60.482,61.910,67.635
97.994,60.894,61.351,67.377
94.930,62.404,61.439,66.596
93.617,62.427,61.442,65.779
90.347,63.440,61.165,64.934
90.293,64.353,61.143,64.366
86.862,62.958,60.647,64.282
88.038,62.450,60.818,64.031
86.476,65.176,60.866,63.767
84.520,63.687,60.479,63.527
84.828,63.541,60.321,63.310
84.109,64.571,60.276,62.801
82.151,63.999,60.271,62.531
82.943,63.083,59.714,62.634
83.106,63.854,59.232,62.688
84.083,61.842,59.123,62.441
82.581,65.121,58.966,62.307
84.346,62.766,58.624,62.161
84.632,62.861,58.099,62.207
84.199,62.395,57.752,62.446
86.005,61.324,57.469,62.438
86.209,61.578,57.392,62.472
88.310,61.327,56.907,62.539
87.614,61.098,56.324,62.670
89.849,60.750,56.504,62.817
91.355,61.157,56.375,62.814
92.225,60.380,56.151,63.061
93.421,60.538,56.184,63.164
95.021,60.790,56.601,62.999
97.920,60.656,56.549,62.771
99.026,59.868,56.261,62.793
100.590,58.940,56.213,62.961
102.441,58.602,56.183,63.124
104.750,59.290,56.288,63.205
106.825,59.411,56.173,63.257
108.906,59.030,56.170,63.207
111.657,58.443,56.035,63.245
113.878,58.545,56.388,63.318
116.183,59.030,56.432,63.289
118.686,57.877,56.348,63.261
120.854,58.689,56.207,63.078
123.805,58.544,56.215,62.949
126.076,59.528,56.327,63.123
128.200,59.524,56.316,63.291
132.027,60.255,56.456,63.175
133.840,59.904,56.167,62.913
136.626,60.291,56.341,62.878
137.330,61.378,56.212,62.926
139.931,61.412,56.337,62.866
141.649,62.294,56.068,62.591
143.052,60.735,56.087,62.309
146.317,61.181,56.149,62.097
145.868,61.772,55.710,62.319
147.718,61.245,56.049,62.332
148.762,60.400,55.761,62.249
149.208,60.606,55.737,62.335
149.635,60.594,55.610,62.393
150.586,60.669,55.522,62.515
151.506,60.401,55.349,62.687
151.846,62.231,55.132,63.000
151.958,61.928,55.180,63.252
151.474,61.826,55.279,63.289
151.637,61.766,55.455,63.053
150.044,60.891,55.689,63.253
149.102,60.002,56.094,63.488
149.725,59.748,56.548,63.453
146.689,59.908,56.557,63.553
147.052,59.360,57.041,63.642
145.114,58.699,57.118,63.958
144.770,58.640,57.591,64.125
142.302,57.984,57.697,64.137
140.258,56.858,58.368,64.033
140.813,55.504,58.673,64.576
138.033,57.004,58.428,64.748
134.568,56.522,58.485,65.048
134.303,55.547,59.088,65.112
132.813,54.364,59.433,65.508
132.139,53.305,59.742,65.901
129.032,54.219,59.574,66.234
128.194,53.452,60.184,66.611
126.073,52.987,60.452,66.751
125.993,53.102,60.790,66.729
125.128,53.345,60.919,66.915
123.664,53.602,60.900,67.103
122.103,53.507,61.474,66.936
121.775,53.291,61.417,67.538
122.741,53.516,61.466,67.778
119.509,53.958,61.320,67.903
121.471,53.121,61.622,68.254
118.241,53.161,61.734,68.174
121.524,52.675,62.318,68.224
120.542,52.555,62.348,68.280
122.437,52.113,62.703,68.216
121.835,52.117,62.530,68.849
123.733,52.747,62.409,68.984
123.678,53.249,62.401,69.022
124.673,53.315,62.583,69.057
126.404,53.813,63.174,68.721
127.342,53.474,63.096,68.663
128.730,53.370,63.543,68.555
132.184,52.395,63.859,68.477
133.883,52.223,63.693,68.787
134.788,50.940,63.907,68.710
138.514,50.024,64.563,68.614
141.748,48.893,64.792,68.728
144.149,49.511,64.841,68.971
147.007,49.499,65.362,68.739
150.618,48.905,65.507,69.100
154.319,48.214,65.776,69.383
156.425,48.591,65.945,69.796
159.623,48.009,65.812,70.285
163.531,46.804,65.578,70.742
168.349,45.733,66.302,70.764
170.357,46.563,66.336,71.201
171.975,45.669,66.566,71.188
176.589,44.691,67.304,71.109
179.152,45.447,67.309,71.504
182.272,44.466,67.577,71.803
185.539,44.930,67.600,71.987
187.908,44.353,67.945,72.125
191.156,44.193,68.120,72.320
192.615,44.284,68.060,72.718
196.569,44.320,68.456,72.751
197.527,45.948,68.546,72.700
199.138,45.594,68.548,72.646
202.944,44.886,68.685,72.832
203.840,46.132,68.755,72.946
205.702,46.662,68.876,72.944
204.579,46.039,68.669,73.219
209.032,44.410,69.327,72.786
207.807,45.242,69.824,72.691
209.352,46.350,69.402,73.071
208.839,46.457,69.143,73.143
209.169,45.931,69.134,73.030
209.297,45.756,69.132,72.946
209.506,46.073,69.431,72.653
208.079,45.975,69.696,72.427
210.300,46.896,69.444,72.539
208.214,45.758,69.126,72.626
208.283,46.119,69.198,72.535
207.748,46.039,69.006,72.727
206.260,45.491,68.985,72.967
204.478,46.252,69.473,72.725
203.588,47.205,69.366,72.567
201.902,46.457,69.007,73.208
200.128,46.126,68.863,73.528
199.034,45.253,68.926,73.844
195.929,43.922,69.156,74.049
192.779,44.004,68.903,74.493
190.617,43.315,69.186,74.704
186.977,42.373,69.221,74.861
184.100,42.307,69.557,74.812
181.653,41.668,69.476,75.051
178.599,40.942,69.382,75.429
173.733,40.392,69.336,75.907
171.343,39.895,69.291,76.063
167.645,38.649,69.409,76.562
161.097,38.618,69.456,76.807
160.590,39.156,69.661,76.758
156.337,37.858,69.632,77.051
150.679,37.384,70.057,77.164
148.557,37.634,70.058,77.348
141.124,37.132,70.232,77.231
140.311,38.185,70.744,76.815
136.230,37.435,70.732,77.302
134.483,37.398,70.891,77.146
128.941,37.255,70.505,77.807
127.363,38.220,70.773,78.009
125.420,36.823,70.325,78.476
121.490,37.071,69.981,78.553
118.420,38.908,70.057,78.466
117.457,37.683,70.139,78.781
113.042,37.113,70.078,78.846
111.212,38.414,70.290,78.727
109.293,38.598,70.507,78.399
107.216,38.935,70.264,78.656
106.781,38.706,69.436,79.427
104.418,38.922,69.324,79.649
104.137,37.475,68.902,80.491
102.542,36.399,68.892,80.818
102.462,36.641,69.305,80.286
100.901,36.852,69.397,79.831
102.016,34.837,69.386,80.092
99.816,36.833,69.941,79.850
102.273,36.355,70.359,79.739
99.775,36.914,70.988,79.196
103.554,35.352,71.240,78.816
100.552,35.970,70.584,79.101
105.276,36.571,70.896,78.441
103.918,36.857,70.694,78.150
105.801,36.913,70.883,77.402
107.086,37.376,71.203,76.727
109.149,37.536,71.615,76.313
110.196,38.288,71.424,76.096
110.116,38.487,71.004,76.252
114.244,38.980,71.692,75.618
113.200,37.081,71.262,75.960
115.700,37.258,71.520,75.362
117.446,37.258,71.485,75.332
118.505,36.541,71.384,74.900
120.662,35.751,71.080,75.128
121.524,35.646,70.656,74.788
124.170,36.884,70.238,74.324
124.668,37.751,69.857,73.398
126.219,38.770,69.385,72.910
126.371,39.974,69.163,72.225
127.003,40.913,69.295,71.559
128.324,39.986,69.031,71.074
128.494,40.817,68.544,70.887
128.181,43.198,68.315,70.583
129.078,43.473,67.751,70.580
129.868,43.010,67.550,70.226
128.972,43.750,66.992,70.445
128.171,45.538,66.674,70.628
127.736,44.406,66.575,70.410
125.347,45.782,65.748,70.364
125.827,44.954,65.544,70.240
124.661,46.240,64.673,70.123
122.346,44.472,64.180,70.220
120.948,45.854,63.811,69.609
117.989,45.099,63.432,69.417
116.252,45.364,63.241,69.232
112.408,47.392,63.406,68.762
109.456,45.735,63.256,68.832
105.604,47.332,62.710,68.940
101.959,48.310,62.749,68.809
97.932,48.459,62.592,68.869
94.955,49.666,62.006,69.055
89.207,49.613,61.752,69.099
86.664,50.712,61.448,69.329
79.825,49.563,60.937,69.627
79.254,50.498,60.909,69.253
71.980,50.568,60.437,69.354
70.831,51.626,60.008,69.518
63.856,52.393,59.525,68.983
63.466,51.670,59.236,69.067
59.036,53.431,59.000,68.943
58.571,52.304,58.523,68.396
54.695,53.201,59.041,67.887
53.382,53.887,58.479,68.152
50.924,53.260,58.317,68.540
50.575,51.861,58.888,68.081
49.521,52.912,58.977,67.937
48.520,52.450,59.036,67.874
48.221,52.736,59.747,67.471
47.691,52.261,60.215,67.232
47.542,52.304,59.799,67.820
48.455,53.266,59.974,67.533
49.142,53.854,59.901,67.896
48.579,52.961,59.817,68.287
50.441,51.589,60.634,68.019
49.459,54.493,60.822,67.988
51.233,52.641,61.424,68.046
54.435,52.175,61.130,68.442
56.703,53.417,60.781,68.796
58.986,52.781,60.968,68.356
62.484,52.977,60.960,68.452
62.938,53.723,61.184,67.872
66.781,52.666,61.565,67.900
69.577,52.198,61.739,68.076
71.223,51.856,62.055,68.298
75.442,52.564,62.204,68.098
77.460,52.911,62.394,68.110
80.502,52.919,62.213,68.040
85.005,52.204,62.452,68.014
87.612,53.585,62.559,67.560
92.273,54.150,62.832,67.233
94.729,55.533,62.639,66.976
97.830,54.566,62.516,66.701
99.776,54.741,62.564,66.242
103.582,54.467,61.987,66.299
106.020,54.783,62.689,65.761
106.730,54.363,62.135,66.033
111.519,55.307,62.771,65.480
111.729,56.067,62.143,65.772
113.913,55.450,61.960,65.659
115.510,56.507,61.424,65.970
116.896,57.316,61.522,65.890
117.075,57.939,61.313,65.837
118.597,59.105,61.030,65.170
119.276,60.596,60.979,64.800
120.552,58.290,60.182,65.102
121.414,59.909,60.232,64.998
121.844,60.595,60.142,64.642
122.121,61.003,59.679,64.284
122.090,61.795,59.546,63.891
121.866,62.180,59.250,63.643
120.914,62.129,58.660,63.810
121.763,62.665,58.433,63.843
120.452,63.490,58.052,63.589
120.105,63.642,57.828,63.506
119.869,65.004,57.949,63.001
119.632,65.872,57.600,62.749
117.664,66.614,57.697,62.087
117.474,66.892,57.496,61.801
118.408,66.613,57.227,61.552
118.206,67.594,57.226,61.246
117.934,68.454,57.218,61.000
118.335,67.522,57.187,60.740
117.357,68.949,57.237,60.133
118.721,69.318,56.778,60.471
119.098,69.197,56.604,60.444
120.854,68.361,56.522,60.487
121.361,69.140,56.290,60.553
122.756,67.925,56.263,60.716
125.299,68.507,56.110,60.923
126.370,69.135,55.844,60.984
127.462,68.189,55.917,60.936
129.357,67.966,55.873,61.088
131.715,67.973,55.888,61.157
133.692,67.835,55.881,61.128
135.984,67.547,56.106,60.988
137.624,66.577,56.224,61.142
142.442,66.934,55.898,61.165
143.759,66.831,56.160,61.045
148.283,65.674,55.994,61.176
151.412,65.561,55.614,61.434
155.330,65.567,55.527,61.763
159.729,65.558,55.494,61.786
162.552,65.672,55.508,61.914
166.817,64.893,55.846,61.496
168.510,64.868,56.144,61.185
173.110,63.587,56.377,61.088
176.248,63.731,56.747,60.907
177.778,64.312,56.957,60.961
181.288,64.612,57.433,61.041
184.466,64.236,57.352,61.117
187.670,64.336,57.279,61.167
189.905,64.699,57.626,60.777
191.542,65.030,57.649,60.659
193.583,65.014,57.575,60.917
197.114,64.126,57.492,60.740
196.413,65.792,57.126,60.953
199.030,63.994,57.363,60.665
200.470,65.249,57.761,60.713
202.279,65.252,58.058,60.407
202.711,66.771,57.820,60.656
201.199,66.186,58.017,60.619
203.660,65.312,58.412,60.390
202.056,66.786,58.195,60.684
203.939,66.033,58.584,60.252
201.231,67.577,58.433,60.430
202.597,65.521,58.876,60.368
200.912,67.079,58.497,60.704
201.212,65.607,58.402,60.738
198.073,66.508,58.692,60.731
198.252,64.460,59.069,60.862
194.835,66.414,59.342,61.031
194.349,64.433,59.509,61.090
192.410,63.929,59.436,61.336
189.368,63.282,59.409,61.459
188.041,62.582,59.691,61.803
183.150,62.429,59.620,61.982
182.753,62.026,60.089,62.049
179.601,61.908,60.342,62.427
176.314,62.328,60.193,62.495
174.616,60.392,60.026,62.828
170.131,60.078,60.102,63.051
168.432,59.493,60.217,63.167
165.835,58.836,60.371,63.403
162.235,59.375,60.563,63.527
160.150,57.926,60.359,63.925
156.011,58.525,60.267,64.263
156.943,57.130,60.391,64.336
151.587,58.006,60.809,64.501
151.471,57.512,60.672,64.638
148.928,56.909,60.615,64.716
147.068,56.799,60.750,64.903
146.455,56.630,60.879,64.932
143.231,56.141,60.947,64.835
145.315,56.424,61.657,64.597
141.876,56.985,62.039,64.629
142.460,56.791,61.978,64.856
140.844,55.726,61.769,64.895
141.626,56.459,62.388,64.887
139.870,56.141,62.618,64.983
141.843,56.061,62.918,65.008
140.275,57.039,63.484,64.942
141.721,56.259,63.333,65.083
142.252,56.538,63.480,65.258
142.164,56.819,63.594,65.444
145.045,56.056,63.527,65.870
144.149,55.577,63.546,66.243
146.728,55.505,63.724,66.485
146.209,55.237,64.071,66.444
149.400,55.016,64.212,66.764
148.208,52.341,64.597,67.122
151.559,52.972,64.967,67.242
151.816,52.280,65.191,67.519
155.209,52.190,65.247,67.870
154.992,50.387,65.546,68.218
157.558,50.157,65.817,68.526
158.777,48.662,65.810,69.213
161.351,48.709,65.920,69.708
164.197,47.627,66.643,69.809
164.392,45.141,67.229,70.137
167.062,45.856,67.630,70.602
167.982,45.008,68.023,70.680
169.714,44.417,68.434,70.937
171.625,44.097,69.085,71.094
174.309,44.016,69.469,71.357
174.036,44.640,69.372,72.006
176.703,42.835,69.360,72.293
175.954,43.646,69.555,72.554
178.899,42.059,69.899,72.887
177.042,42.005,70.117,73.501
180.086,41.031,70.267,73.508
178.849,41.281,70.880,73.961
180.983,39.207,70.771,74.325
178.940,40.158,71.430,74.607
180.994,39.903,71.361,74.946
177.398,39.544,71.756,74.967
179.587,38.384,71.873,75.146
176.461,39.507,72.666,75.428
177.498,37.270,72.692,75.874
172.215,38.743,73.311,76.027
173.537,35.784,73.283,76.538
167.122,38.145,74.660,76.235
168.717,36.536,74.868,76.782
162.760,37.469,75.949,76.977
159.580,37.122,76.306,77.612
155.736,35.901,76.715,78.257
149.814,34.013,77.391,79.169
147.813,31.618,77.841,79.975
142.151,32.962,78.878,80.587
138.343,30.439,79.354,81.065
133.642,30.936,80.021,81.990
130.579,29.208,80.481,83.001
123.885,29.837,80.814,83.733
124.634,29.317,81.234,84.464
116.977,29.405,81.590,85.124
118.192,28.500,81.560,85.864
110.986,29.865,82.067,86.397
112.765,27.238,81.630,87.018
106.411,28.458,82.201,87.199
107.417,26.922,82.212,87.771
104.150,27.591,82.293,88.198
102.839,26.972,82.262,88.294
101.272,27.720,82.170,88.803
100.531,25.718,82.012,89.048
102.296,26.231,81.350,89.058
101.001,27.473,80.786,89.016
102.696,28.419,80.229,88.433
100.981,29.389,80.071,88.320
103.897,30.761,80.061,87.863
103.577,31.822,79.477,87.314
104.983,33.123,78.852,86.878
106.299,34.768,78.116,86.585
107.421,36.131,77.556,86.012
109.446,37.337,77.420,85.175
109.291,38.904,76.238,85.105
112.326,38.615,75.721,84.328
110.941,39.678,74.924,84.096
113.318,40.030,74.600,83.379
112.285,39.586,73.822,82.862
113.473,39.956,73.093,82.405
113.682,39.958,72.551,82.008
113.826,40.158,71.937,81.534
112.541,39.661,71.745,80.793
112.238,41.153,71.282,80.419
111.918,40.096,70.962,79.713
109.494,41.330,70.611,79.354
110.629,40.505,70.459,78.749
106.629,42.660,70.933,78.188
108.457,42.411,70.473,77.614
104.145,44.852,70.216,77.177
105.049,42.616,69.405,77.118
99.234,46.063,69.444,76.444
101.465,43.913,69.176,76.130
95.312,47.732,68.578,76.117
97.377,45.457,68.130,75.609
90.809,48.723,67.827,75.251
91.747,46.410,67.371,74.768
86.154,51.217,66.931,74.379
87.688,48.940,66.273,73.970
80.592,51.118,66.299,73.558
83.003,50.291,66.010,73.324
75.493,53.352,65.918,72.878
78.223,52.300,65.541,72.647
72.178,55.245,65.391,72.249
72.993,53.534,64.936,72.261
69.673,56.058,64.951,71.631
69.794,54.437,64.517,71.600
67.128,54.492,64.203,71.440
67.509,55.228,63.999,71.106
64.955,56.429,63.783,70.835
66.122,54.320,63.284,70.780
63.257,56.249,63.364,70.198
64.791,54.758,63.179,70.142
62.827,55.931,63.318,69.631
63.980,54.589,63.032,69.497
64.129,56.597,63.049,69.064
64.555,53.553,62.505,68.989
64.836,56.286,62.401,68.685
65.832,54.454,62.197,68.489
67.260,54.682,62.352,68.147
68.584,55.038,62.372,67.960
68.875,55.375,62.441,67.957
71.876,55.453,62.383,67.787
73.221,54.757,62.267,67.677
74.599,56.406,62.255,67.418
78.705,55.301,62.468,67.341
81.081,55.754,62.481,67.004
85.236,56.289,62.619,66.901
87.575,57.271,62.336,66.970
90.860,56.288,62.476,67.114
95.281,56.365,62.487,67.121
98.435,56.534,62.424,67.119
101.790,57.122,62.432,67.173
108.284,56.868,62.235,67.213
110.841,57.241,62.288,66.957
115.662,57.635,62.157,66.755
119.759,57.176,61.978,66.755
122.802,57.352,61.912,66.661
126.930,56.984,61.462,66.639
132.756,57.968,61.133,66.498
134.354,58.513,61.040,66.201
139.167,58.852,60.748,66.128
140.412,59.714,60.469,65.649
146.126,60.992,60.270,65.375
147.022,58.776,59.794,65.384
148.832,59.980,59.684,65.139
154.412,61.106,59.778,64.796
153.986,60.114,59.415,64.855
156.941,61.357,59.620,64.678
158.757,60.581,59.369,64.600
160.922,61.541,59.139,64.680
163.658,60.200,58.747,64.825
165.872,60.859,58.672,64.565
164.652,59.972,58.784,64.604
168.293,60.328,58.208,64.759
167.531,59.808,58.129,64.927
169.133,60.203,58.074,65.156
169.563,60.617,58.016,65.169
171.324,60.485,58.120,65.251
171.826,59.934,58.149,65.319
173.602,61.494,57.901,65.194
173.385,60.615,57.718,65.509
173.826,60.793,57.819,65.392
174.097,61.387,57.937,65.370
175.880,61.030,57.655,65.766
175.512,61.831,58.024,65.239
174.720,59.993,57.929,65.708
175.600,60.026,57.837,66.083
174.872,59.977,57.619,66.733
175.110,59.832,57.614,67.117
174.838,58.426,57.583,67.779
174.838,58.293,57.372,68.513
174.364,57.660,57.098,69.309
173.882,55.851,56.785,70.019
172.911,56.085,57.018,70.326
172.097,53.075,56.734,71.036
171.069,52.241,56.729,71.323
169.641,51.933,56.622,71.544
168.996,52.578,56.823,71.616
166.400,49.726,56.814,71.641
162.796,52.762,58.203,70.566
160.684,52.666,58.894,70.438
159.549,52.709,59.779,70.312
156.613,52.754,60.534,70.167
156.153,52.482,61.083,70.170
153.800,51.430,61.338,70.472
152.985,50.316,61.347,71.443
151.540,50.995,61.657,71.712
150.556,51.041,62.396,71.608
151.327,49.824,62.973,71.764
149.812,50.970,62.895,71.704
149.826,51.092,62.752,72.197
147.606,50.668,63.137,72.043
148.345,49.481,63.834,71.922
147.023,48.956,63.948,72.552
148.519,47.696,64.212,72.869
146.991,49.515,63.975,73.293
148.838,47.956,64.619,73.456
147.106,47.712,64.141,74.174
150.669,46.329,64.480,74.512
150.110,48.038,64.272,74.874
151.134,46.585,64.806,75.011
153.082,46.368,64.951,75.080
155.070,45.704,65.038,75.335
155.201,46.692,64.681,75.844
156.671,45.578,65.319,75.924
159.816,44.376,65.723,76.328
161.479,42.022,65.512,77.099
163.994,40.873,65.516,77.594
167.597,41.074,65.701,78.196
168.957,40.861,65.821,78.441
171.285,39.689,66.586,78.669
173.968,38.587,67.065,78.866
177.022,38.743,67.160,79.071
179.252,36.806,67.998,78.787
182.092,37.122,68.565,78.632
184.075,36.612,68.588,78.752
187.518,35.814,69.010,78.603
189.175,35.919,69.605,77.933
192.106,35.968,70.318,77.351
193.955,34.829,70.719,77.137
197.150,35.031,71.205,76.543
199.930,36.490,71.406,76.405
199.860,36.330,72.118,76.017
201.177,38.036,73.148,75.504
202.634,37.141,73.289,75.630
205.500,35.635,73.368,75.647
205.777,34.126,73.470,75.623
208.678,34.513,73.665,75.263
206.881,35.277,73.014,75.270
208.641,34.647,73.216,74.757
206.920,35.884,73.192,74.089
206.761,36.767,73.359,73.542
205.644,37.502,73.473,73.118
203.586,38.948,73.452,72.846
203.888,38.189,73.946,72.350
199.043,39.603,73.953,72.107
199.065,39.933,74.015,71.863
194.839,39.083,74.340,71.220
192.684,40.937,74.485,70.862
190.030,40.967,74.582,70.751
188.109,42.363,74.604,70.849
184.579,40.045,74.176,71.283
179.174,40.183,73.966,71.467
177.591,42.740,74.029,71.168
174.430,41.067,73.598,71.898
169.963,39.943,73.362,72.327
165.749,40.552,73.198,72.248
163.253,39.755,73.266,72.668
156.999,39.428,72.713,73.062
152.468,40.461,72.091,73.655
149.613,38.667,71.228,75.267
144.135,38.266,70.578,75.768
139.121,37.245,70.164,76.615
133.278,37.710,70.086,77.220
131.860,36.939,69.695,78.156
124.945,35.874,69.409,78.466
121.773,37.395,68.672,79.095
118.184,36.375,68.237,79.312
113.402,35.934,67.935,79.646
109.983,35.938,68.038,79.626
106.685,37.457,67.664,79.449
104.009,39.030,67.309,79.268
98.720,40.448,66.722,79.278
98.507,40.303,66.217,79.642
94.962,40.907,65.706,79.336
93.191,42.573,65.413,79.227
91.899,43.868,65.405,78.726
88.871,44.369,65.041,78.760
85.977,45.228,65.027,78.365
85.539,44.632,64.675,78.346
84.031,46.676,64.616,78.306
81.872,47.437,64.474,78.324
81.411,47.826,64.364,78.771
82.100,47.079,63.942,78.818
81.360,45.642,63.668,79.468
80.817,46.594,63.613,79.054
81.032,46.771,63.973,78.661
81.669,47.725,64.422,78.341
82.063,47.986,64.921,77.641
81.407,46.845,65.498,77.362
82.599,48.705,66.481,76.486
83.662,48.693,66.852,76.250
85.882,49.469,67.324,75.564
86.993,49.457,67.672,74.799
87.985,50.042,68.099,73.987
89.295,50.668,68.676,73.280
91.050,51.959,68.198,73.492
92.950,53.906,68.015,73.146
93.878,54.735,67.185,73.441
94.222,53.573,66.734,73.748
93.951,54.557,66.372,73.274
95.532,54.014,65.643,73.583
95.351,53.593,65.501,73.187
95.914,53.201,65.042,72.964
95.065,53.764,64.686,72.711
94.479,54.110,64.699,72.092
93.250,54.108,64.557,72.126
94.006,54.922,64.122,71.544
93.400,54.412,63.365,71.589
92.450,55.650,62.478,71.976
91.635,55.678,61.891,71.751
89.291,56.379,61.166,71.658
87.940,58.079,60.751,71.207
84.625,56.503,60.251,71.124
83.783,58.251,60.064,70.722
78.820,58.246,58.721,70.853
78.457,57.566,58.611,70.117
72.799,59.844,57.954,69.455
72.995,59.940,57.742,68.691
67.205,61.787,57.197,68.522
63.964,60.495,56.986,67.945
62.873,62.230,57.122,67.072
57.389,64.043,56.397,66.876
56.888,62.662,56.463,66.720
52.120,64.188,55.879,66.498
53.662,64.738,55.422,65.991
48.684,66.382,54.957,65.449
49.557,65.541,54.928,64.737
48.476,65.866,54.399,64.469
47.812,66.512,54.324,63.863
46.378,64.725,54.153,63.649
46.464,66.892,54.018,63.503
46.632,64.154,54.333,62.924
46.861,65.517,54.290,62.607
47.571,63.667,54.216,62.612
47.428,64.373,54.031,62.403
48.389,64.175,54.056,62.039
50.049,64.909,53.989,61.782
51.994,63.817,54.281,61.781
53.124,64.514,54.403,61.336
56.186,63.348,54.610,61.302
57.197,63.944,54.674,61.147
60.596,62.422,55.138,61.201
63.323,62.354,55.391,61.388
66.533,63.186,55.974,61.312
70.013,63.265,56.398,61.517
73.738,62.956,56.693,61.621
79.589,62.906,56.900,61.816
82.999,62.703,56.764,62.313
87.843,63.098,56.768,62.496
92.841,61.676,56.975,62.415
98.603,61.908,56.903,62.711
102.144,63.490,56.624,62.898
107.354,62.315,56.876,62.776
110.713,62.223,56.755,62.780
115.157,62.401,57.011,62.626
117.186,62.906,56.931,62.738
121.938,62.611,57.307,62.823
124.119,62.843,57.117,62.886
126.849,61.885,56.892,62.932
128.884,61.649,56.517,62.796
130.294,63.271,56.690,62.498
133.515,61.884,56.598,62.190
134.241,65.000,56.478,61.925
136.853,63.259,56.816,61.602
137.063,64.953,56.331,61.173
138.486,65.157,56.365,60.758
138.305,65.574,56.146,60.422
138.897,64.717,56.210,60.280
136.499,63.935,55.466,60.775
136.654,64.008,55.579,60.652
135.319,64.608,55.813,60.376
134.062,64.736,55.732,60.358
133.980,65.747,56.166,60.120
130.517,65.597,56.456,59.798
128.855,67.332,56.044,59.590
125.692,65.465,55.918,59.329
124.158,67.320,55.671,59.491
119.906,65.440,55.562,59.610
117.524,65.906,55.319,59.806
112.232,65.783,55.424,59.616
110.658,64.843,55.440,59.929
104.303,64.126,55.039,59.995
102.137,63.511,54.973,60.306
95.909,63.540,55.028,60.277
92.928,61.429,55.183,60.570
87.404,60.420,55.153,60.703
83.485,60.231,55.494,60.892
78.852,60.068,55.546,60.915
74.736,59.769,55.403,60.966
70.619,58.967,55.805,60.874
67.379,58.365,55.932,61.052
62.701,58.319,56.361,60.958
59.240,56.747,56.938,61.388
57.597,56.584,57.021,61.781
53.681,54.864,57.391,62.461
50.521,54.159,57.888,62.916
49.586,53.181,58.172,63.497
45.583,53.254,58.413,64.207
44.985,53.557,58.133,65.095
45.494,53.347,57.919,65.399
43.111,53.149,58.168,65.290
45.062,52.913,58.266,65.319
43.343,54.126,58.501,65.203
43.348,53.401,58.879,65.358
43.794,52.391,59.420,65.726
44.263,52.128,59.986,66.316
44.681,52.879,60.466,66.601
45.121,53.378,60.818,66.183
46.640,54.071,60.899,65.731
48.294,54.123,60.783,65.704
48.965,53.511,60.637,65.793
52.221,53.123,60.987,65.488
53.199,52.927,60.600,66.123
56.032,49.533,60.476,66.112
59.319,48.539,60.635,66.893
59.458,47.271,60.993,67.450
62.337,46.068,60.985,68.240
66.189,46.329,60.797,68.548
70.127,45.066,60.880,68.877
72.805,42.810,61.437,69.431
75.572,43.138,61.533,69.804
78.630,41.788,61.785,70.162
82.964,42.710,61.516,70.227
87.255,42.017,61.690,70.365
89.931,41.645,61.995,70.394
92.849,41.335,62.598,70.382
95.255,42.878,62.685,70.521
100.811,42.976,63.196,70.603
100.906,43.064,63.628,70.374
106.203,43.321,63.810,70.589
108.155,42.506,64.228,70.740
109.000,43.207,64.560,70.796
112.726,44.027,65.090,70.804
111.788,44.953,65.246,70.895
115.465,45.627,65.535,70.766
116.254,45.583,66.520,70.709
117.438,44.840,67.427,70.933
117.774,44.689,67.621,71.876
116.987,44.998,67.415,72.840
119.224,45.768,67.610,73.326
117.387,43.850,67.599,74.230
118.512,42.407,67.685,75.367
119.804,41.973,68.167,76.057
118.343,42.140,68.511,76.799
119.610,41.426,69.298,76.930
116.503,41.044,69.983,76.987
116.869,40.966,70.416,77.456
115.291,41.060,71.163,77.490
114.002,41.444,71.342,77.608
114.726,41.244,70.792,78.157
111.615,42.456,70.485,78.109
111.864,40.855,69.951,79.222
111.090,43.112,69.603,79.508
109.234,42.449,69.493,79.622
109.018,40.965,69.684,79.678
107.465,41.590,70.194,79.495
106.352,42.810,70.075,79.583
104.932,42.493,70.028,79.802
103.683,43.061,70.474,79.631
104.036,43.012,70.708,79.625
103.163,41.545,71.052,79.955
103.556,42.584,71.001,80.124
103.555,41.758,71.041,80.172
103.544,41.214,70.873,80.652
103.266,41.368,71.331,80.655
102.315,40.849,71.573,80.787
101.604,38.790,72.018,80.689
103.927,37.809,72.194,80.333
106.721,38.063,71.762,80.500
110.286,37.865,71.541,80.307
113.204,37.254,71.336,80.276
117.636,37.207,71.240,80.377
124.365,37.471,71.260,80.558
130.888,35.862,71.342,81.284
134.881,32.681,72.147,81.965
139.004,31.051,73.631,81.710
144.444,31.659,74.667,82.481
149.437,31.929,76.289,82.135
150.733,33.160,76.908,81.806
156.922,32.433,77.836,81.068
160.389,33.944,78.274,81.276
162.341,34.253,78.851,81.127
167.401,34.936,79.136,81.028
170.769,34.041,78.495,81.554
174.053,35.155,78.108,81.643
176.355,35.692,77.552,81.438
179.421,36.661,76.889,81.274
181.719,37.333,75.780,81.537
184.675,36.947,74.737,81.643
186.958,35.965,73.884,81.422
188.881,36.168,72.623,81.630
191.488,36.559,71.515,81.421
191.386,37.695,70.528,81.292
193.705,38.960,69.652,80.748
193.773,41.565,69.331,80.092
193.957,42.220,68.695,79.402
195.258,42.841,68.018,78.904
194.915,44.073,67.446,78.705
195.754,44.058,66.776,78.174
196.147,46.532,66.301,77.754
196.197,46.807,65.895,77.418
195.457,48.623,65.332,77.030
195.849,50.192,64.958,76.302
196.762,51.081,64.549,75.721
196.927,52.180,64.244,75.149
196.941,53.123,63.868,74.497
197.108,54.256,63.035,74.063
197.102,55.831,62.674,73.372
197.207,55.749,61.896,73.070
196.915,58.036,61.144,72.778
197.084,58.772,60.945,71.783
197.612,59.330,60.668,70.532
198.061,59.217,60.143,69.844
199.546,58.380,59.510,69.212
201.218,58.651,58.919,68.574
202.360,59.679,58.415,68.094
204.619,59.001,58.208,67.092
205.334,60.973,57.730,66.604
207.637,61.875,57.490,65.524
209.213,63.191,57.066,65.021
212.291,63.436,56.650,64.384
213.485,65.013,56.598,63.674
215.998,63.829,56.376,63.164
217.150,66.750,55.980,62.803
220.068,66.713,55.246,62.271
222.447,67.030,54.800,61.832
225.068,66.631,54.389,61.400
227.554,66.426,53.951,61.070
228.838,67.978,53.491,61.016
230.225,69.489,53.121,60.589
231.265,70.670,52.991,60.070
231.844,71.886,52.686,59.841
231.956,72.409,52.719,59.281
231.568,73.182,52.551,58.773
231.540,72.927,52.493,58.198
230.619,73.114,52.673,57.727
230.009,73.771,52.843,57.295
228.655,74.483,52.718,57.003
227.124,74.025,52.679,56.641
225.510,75.535,52.670,56.403
222.823,75.969,52.883,56.026
219.975,75.817,53.025,55.874
216.961,76.119,53.219,56.036
213.210,76.651,53.590,56.182
210.057,75.952,53.889,56.230
206.036,76.050,54.062,56.591
201.460,76.383,54.220,57.094
196.886,75.981,54.612,57.455
191.490,76.496,54.977,57.823
186.484,75.789,55.423,58.060
181.223,75.551,55.815,58.117
175.555,74.512,56.166,58.133
170.365,73.828,56.308,58.330
165.506,73.483,56.380,58.503
160.162,72.825,56.387,58.749
155.208,72.185,56.317,58.872
150.455,72.178,56.297,59.195
146.049,71.706,56.279,59.235
141.482,72.640,56.259,59.318
136.479,71.368,56.302,59.597
132.883,70.484,56.218,59.949
128.978,70.273,56.141,60.101
125.914,69.677,55.950,60.239
123.024,69.624,56.029,60.110
120.091,69.110,55.956,60.138
116.308,68.240,56.299,60.261
113.926,68.605,56.254,60.255
111.014,68.005,56.266,60.431
109.108,67.912,56.250,60.534
107.875,67.035,56.177,60.608
105.667,66.542,56.132,60.705
104.812,66.541,55.980,60.835
102.084,66.504,55.951,61.256
101.361,64.027,56.228,61.499
97.875,62.953,56.545,61.736
96.021,62.720,56.918,62.136
93.337,63.204,57.129,62.584
92.245,62.143,57.656,62.925
89.317,61.993,57.801,63.419
86.678,61.669,58.241,63.631
85.449,60.605,58.640,64.065
82.091,59.512,59.092,64.368
80.711,56.899,59.508,64.796
78.175,55.857,59.692,65.123
76.738,54.962,59.825,65.480
73.157,56.193,60.322,65.789
71.794,55.331,60.251,66.400
67.780,55.005,60.506,67.109
66.138,53.914,60.948,67.448
63.606,53.147,61.182,67.711
60.706,52.758,61.550,67.840
58.544,51.495,61.514,68.233
56.902,52.143,61.483,68.531
55.662,53.521,61.339,68.846
52.074,53.452,61.525,69.046
49.389,55.283,61.519,69.059
47.092,56.187,61.533,68.916
43.316,57.630,61.524,68.886
41.359,59.142,61.210,68.860
39.062,59.276,60.961,68.794
36.584,59.707,60.877,68.595
34.311,61.102,60.745,68.436
32.852,61.971,60.397,68.277
29.594,63.102,60.251,68.239
27.774,63.600,60.013,68.224
26.510,64.490,59.620,68.159
24.304,65.603,59.744,68.038
