319.000,185.000,67.000,56.000
316.532,184.121,67.540,55.148
314.482,182.446,67.519,54.665
312.787,182.475,67.636,54.183
312.278,180.694,67.596,54.082
310.143,178.913,67.500,53.811
308.352,178.180,67.569,53.567
305.099,176.541,67.148,53.473
303.196,176.396,67.330,53.318
302.722,174.346,67.358,53.250
300.507,172.836,67.220,53.670
298.829,171.484,67.046,53.829
296.831,169.430,66.733,53.988
297.660,169.563,65.924,54.503
295.444,166.633,65.100,55.025
294.367,165.115,64.232,55.640
293.886,164.063,63.332,56.319
292.486,161.993,62.554,57.365
291.805,159.885,62.496,57.980
290.771,157.865,61.826,59.156
287.868,156.995,62.114,59.334
286.954,156.221,62.444,59.484
286.001,154.692,62.021,59.866
283.539,152.829,61.666,60.091
283.124,152.519,61.306,59.960
280.563,151.306,60.956,59.933
279.242,150.517,61.602,59.197
278.256,149.425,62.111,58.617
277.074,148.372,61.891,58.512
274.763,146.600,61.932,58.613
273.416,145.390,62.854,57.942
272.096,143.816,63.660,57.626
269.679,142.357,64.793,57.113
270.724,141.816,65.273,57.117
269.242,139.667,65.019,57.516
268.906,137.963,64.804,58.032
267.960,136.819,65.161,57.894
268.421,135.324,65.668,57.479
269.943,126.222,66.066,57.525
270.781,124.720,66.099,57.944
270.017,123.576,65.952,58.010
271.060,115.583,69.142,54.687
271.091,116.472,68.518,54.975
271.406,115.681,67.310,55.453
272.082,114.538,66.160,56.140
273.568,112.858,65.478,56.408
274.792,111.661,64.518,56.969
276.176,110.900,63.517,57.394
276.885,109.081,62.449,57.788
277.486,106.969,61.798,58.176
282.654,104.478,59.988,59.423
282.277,102.603,59.029,60.089
288.256,94.622,58.362,60.018
288.127,94.076,57.708,60.030
287.688,88.798,57.826,59.289
287.684,89.785,58.265,58.332
288.415,90.886,58.342,57.696
294.147,91.172,57.869,56.922
293.318,91.679,57.294,56.289
294.751,92.832,56.484,55.858
294.089,96.997,55.438,56.453
294.768,95.724,54.568,56.869
296.052,96.189,54.287,56.813
296.562,96.452,53.924,56.749
295.822,95.708,54.168,56.100
294.652,95.482,54.522,55.635
295.637,94.995,54.847,55.463
296.350,95.720,55.603,54.799
296.904,95.180,56.433,54.706
297.421,93.714,56.919,54.953
297.866,93.273,57.270,54.995
297.734,92.531,57.537,54.861
298.395,90.913,57.820,54.871
298.889,89.392,57.495,55.185
298.577,89.306,56.882,55.329
299.495,88.760,56.439,55.386
300.654,88.627,56.194,55.400
301.594,88.588,55.711,55.728
302.818,87.126,55.637,55.499
304.126,87.034,55.673,54.993
304.903,85.575,55.496,54.830
306.678,84.460,55.347,54.538
307.232,84.859,54.706,54.606
308.443,84.857,54.322,54.443
308.206,83.636,53.830,54.143
308.327,82.852,53.672,53.885
310.409,81.284,53.385,53.889
311.797,80.615,52.825,54.045
313.257,80.530,52.680,53.919
315.081,78.397,52.776,53.836
317.604,78.118,53.281,53.113
319.415,77.762,53.117,52.652
319.744,77.255,52.806,52.092
319.374,77.403,52.255,51.655
318.710,77.399,51.225,51.921
318.079,77.849,50.340,51.787
318.195,78.016,49.628,51.604
319.384,78.153,49.162,51.614
320.037,77.863,48.577,51.602
320.706,77.374,47.976,51.651
320.742,77.027,47.446,51.346
320.444,76.759,46.966,51.312
321.119,76.681,46.350,51.290
321.927,76.929,45.615,51.231
321.849,75.684,44.966,51.344
322.740,75.647,44.697,51.225
322.929,76.242,44.402,51.336
322.277,76.839,44.125,51.377
321.391,78.031,43.809,51.189
320.693,78.370,43.916,50.586
319.779,79.364,44.074,49.888
320.184,79.834,44.521,49.411
320.438,80.375,44.755,49.069
319.610,80.717,45.025,48.917
319.726,81.076,45.528,48.520
319.943,80.936,45.572,48.678
321.108,80.852,45.631,48.881
321.263,80.529,45.406,48.983
322.034,79.685,45.511,48.773
322.686,80.153,45.704,48.061
323.147,80.448,45.612,47.732
322.761,80.184,45.354,47.461
323.486,80.123,45.232,47.349
323.631,80.401,45.115,47.070
322.436,81.190,44.713,46.749
322.018,82.910,44.538,46.273
321.496,83.866,44.220,46.227
319.856,84.272,43.747,46.415
319.717,84.890,43.871,46.158
319.405,85.766,43.858,45.870
318.973,86.113,43.616,45.833
318.371,87.167,43.726,45.581
318.504,88.235,44.037,45.357
318.536,88.336,43.895,45.566
318.031,89.322,43.641,45.839
316.809,89.750,43.107,46.299
315.436,89.893,42.809,46.453
316.583,88.708,42.737,46.441
317.659,88.619,42.588,45.948
317.274,89.293,42.432,45.213
316.088,89.408,42.216,44.728
314.828,90.440,42.137,44.215
313.869,90.818,41.780,44.068
313.994,91.137,41.458,44.013
313.133,92.245,41.146,43.763
313.037,93.289,41.027,43.083
312.195,94.261,40.795,42.742
311.703,94.325,40.772,42.251
311.003,93.872,41.350,41.753
311.091,94.636,41.652,41.467
311.388,94.570,41.815,41.467
310.970,94.612,41.527,41.703
311.330,94.918,41.049,42.002
311.068,95.230,40.685,41.944
310.664,96.032,40.467,41.869
309.751,95.937,40.275,41.896
309.376,96.995,40.096,41.836
307.757,96.981,39.865,42.132
307.457,98.333,40.595,41.708
307.961,99.812,40.761,41.782
307.585,101.140,40.546,42.048
306.945,102.057,40.310,42.206
306.329,103.118,39.885,42.364
306.211,104.056,39.546,42.530
305.444,105.240,39.769,42.087
305.633,105.991,39.938,41.795
304.504,107.099,39.789,41.651
303.781,107.430,39.924,41.480
304.208,108.718,39.688,41.735
303.426,109.768,39.374,41.746
302.332,111.319,39.242,41.496
301.560,112.509,39.355,41.353
301.103,113.199,39.573,41.023
300.857,113.561,39.543,40.807
300.837,114.537,39.547,40.497
300.298,115.601,39.581,40.357
300.040,115.787,39.669,40.026
299.513,116.927,40.123,39.488
299.293,117.391,40.568,39.192
298.526,117.816,40.874,39.222
297.564,118.385,41.104,39.155
296.789,119.041,41.319,39.354
297.596,120.177,41.506,39.189
296.350,121.160,41.503,39.133
295.813,121.694,41.903,38.783
295.072,122.342,41.965,39.185
293.687,123.472,42.210,39.288
293.008,124.964,42.405,39.456
292.230,125.539,42.599,39.478
292.011,126.388,42.686,39.493
290.775,128.083,42.927,39.553
290.493,128.810,42.939,39.795
290.704,129.723,43.012,39.843
290.552,130.893,43.311,39.745
290.049,131.817,43.566,39.746
289.102,136.583,43.535,39.930
287.803,136.984,43.629,40.091
286.061,137.085,43.400,40.472
284.706,138.183,43.160,40.884
285.018,140.069,42.985,41.197
283.388,141.839,43.104,41.175
282.804,145.912,42.974,41.443
282.165,147.471,42.924,41.638
281.457,148.728,43.024,41.428
281.546,150.256,42.760,41.480
281.623,152.107,42.689,41.789
281.366,153.942,42.350,42.001
280.706,155.461,42.163,42.240
281.534,156.519,41.728,42.822
282.836,156.803,41.627,43.442
282.325,163.000,42.070,43.398
280.503,163.639,42.709,43.328
280.427,165.278,42.847,43.408
280.152,166.921,43.172,43.571
279.026,167.981,43.841,43.333
277.402,170.031,44.596,42.556
276.515,172.270,45.442,41.791
276.284,175.085,46.029,41.635
276.250,176.813,47.043,41.359
276.816,177.922,47.428,41.408
276.929,179.476,48.470,41.323
276.155,180.240,49.685,41.140
274.948,181.454,50.452,41.410
274.184,182.437,51.028,42.036
273.551,182.720,51.778,42.516
271.828,182.861,52.770,42.900
269.958,183.387,53.744,43.374
268.580,183.438,54.353,44.114
