58.000,100.000,28.000,23.000
58.530,100.383,28.724,22.673
59.335,100.978,29.448,22.344
60.425,101.062,30.038,22.205
60.519,101.479,30.355,22.016
61.824,101.789,30.568,21.975
62.533,102.843,30.739,22.056
63.696,102.259,31.128,22.348
64.978,102.516,31.545,22.443
66.000,102.525,31.894,22.496
67.184,103.686,32.066,22.680
68.486,103.216,32.210,22.885
68.369,104.207,31.702,22.823
68.159,104.455,31.168,22.757
67.371,105.231,30.383,22.734
67.262,105.340,30.152,22.683
67.288,105.159,29.688,22.700
67.117,105.785,29.097,22.586
66.883,106.750,28.861,22.401
67.104,106.719,28.562,22.234
67.355,107.412,28.329,22.179
67.557,108.217,28.546,21.934
68.423,108.518,28.917,21.584
68.675,109.344,29.019,21.549
68.329,109.792,29.785,21.263
68.511,110.212,30.260,21.123
70.517,108.563,30.540,21.418
72.747,108.647,30.377,21.733
75.973,107.722,30.173,22.090
81.103,108.450,30.069,22.111
86.446,108.689,30.342,22.017
87.928,109.375,30.767,21.848
89.629,109.305,30.861,21.702
90.259,109.518,30.652,21.548
90.839,110.862,30.403,21.506
92.143,109.810,30.574,21.345
92.804,110.950,30.329,21.143
93.300,110.797,30.118,21.033
93.593,111.237,29.986,20.860
94.925,110.356,30.286,20.785
95.522,110.998,31.321,20.060
94.981,111.833,31.920,19.500
95.544,112.218,32.741,18.933
96.363,112.428,33.173,18.575
98.305,112.600,33.336,18.423
101.359,113.003,33.227,18.301
102.001,113.422,33.216,18.172
104.049,111.293,33.205,18.328
107.388,109.075,33.028,18.458
105.891,109.997,32.762,18.364
108.237,107.135,32.679,18.452
109.348,104.417,32.801,18.475
109.240,101.928,32.933,18.557
109.874,100.128,33.270,18.406
111.767,98.491,33.722,18.283
111.628,99.228,34.197,17.941
112.549,98.474,34.820,17.993
113.404,98.332,34.933,18.059
116.343,98.359,34.778,18.297
117.625,98.924,34.996,18.421
117.472,99.634,35.052,18.571
118.338,99.297,34.981,18.752
118.248,99.770,34.895,18.875
119.958,98.847,35.023,19.162
120.318,99.348,35.237,18.922
120.713,99.356,35.412,18.898
122.686,99.414,35.524,18.978
123.993,100.119,35.566,18.820
125.104,100.203,35.576,18.728
126.459,100.046,35.634,18.748
127.688,100.482,35.718,18.640
127.575,100.283,35.768,18.593
129.127,100.127,35.229,18.689
130.759,99.940,34.932,18.634
132.461,100.445,34.861,18.606
134.918,99.539,34.826,18.706
136.358,100.489,34.728,18.766
137.007,100.361,34.486,18.879
138.237,100.499,34.570,18.903
139.129,100.895,34.715,18.944
139.308,100.977,35.099,19.067
139.417,101.002,35.381,19.051
139.541,101.021,35.538,19.199
139.785,101.084,35.732,19.305
139.991,101.003,35.800,19.330
139.942,101.053,35.957,19.305
140.361,100.512,36.254,19.404
140.668,100.651,36.473,19.381
141.548,100.819,36.745,19.454
148.611,103.263,36.790,19.595
152.268,102.763,36.622,19.858
152.477,102.120,36.548,20.106
155.181,102.358,36.385,20.347
155.579,101.997,36.557,20.525
160.319,102.092,34.658,22.013
158.905,103.012,35.138,21.705
158.688,102.262,35.293,21.707
158.870,102.119,35.402,21.743
160.204,101.929,34.075,22.761
164.972,102.237,33.391,23.104
165.431,102.941,33.204,23.072
165.973,103.011,32.972,23.071
167.436,102.458,32.714,23.288
168.635,103.490,32.181,23.728
169.666,103.670,31.977,23.912
171.356,103.501,31.918,23.908
172.971,104.282,31.632,24.055
174.068,105.095,31.875,23.808
175.101,106.080,32.036,23.593
176.231,106.325,32.096,23.420
176.006,106.626,31.890,23.275
176.421,107.137,31.561,23.316
177.780,107.213,31.200,23.374
178.402,108.262,30.734,23.193
179.195,108.343,30.433,23.073
179.425,109.547,30.048,22.997
180.022,109.616,29.819,22.854
180.976,110.051,29.780,22.665
181.383,110.517,29.499,22.573
182.947,110.138,28.872,22.655
183.616,110.541,28.070,23.005
184.233,110.696,27.404,23.135
185.583,110.330,26.574,23.457
186.893,111.016,25.509,23.839
188.405,111.369,24.578,24.406
188.173,111.265,23.749,24.940
188.554,111.661,23.093,25.130
188.098,111.754,22.470,25.427
189.235,112.253,22.190,25.636
189.598,112.675,21.738,25.803
189.879,114.234,20.906,26.370
190.030,114.202,20.187,26.850
190.292,114.191,19.612,27.163
190.595,114.186,19.064,27.573
189.994,114.373,18.819,27.611
190.036,114.026,18.463,27.714
189.899,114.590,18.416,27.594
189.024,115.844,19.351,26.767
187.923,117.282,20.250,25.881
187.446,117.938,21.062,24.994
186.291,118.808,21.762,24.395
185.393,119.891,22.185,23.930
184.766,120.017,22.742,23.532
184.116,120.554,23.311,23.187
183.497,121.187,23.890,22.775
182.371,122.029,24.229,22.346
181.676,122.516,24.738,21.852
181.246,123.022,25.023,21.467
183.785,122.820,24.846,21.576
183.450,122.641,24.688,21.686
183.256,122.589,24.593,21.882
183.054,122.430,24.338,22.212
182.165,122.705,24.481,22.052
181.643,125.064,24.708,22.020
181.015,124.746,24.911,22.010
180.504,124.391,25.178,21.934
177.837,125.367,26.876,20.633
175.071,126.336,28.155,19.787
174.953,125.898,27.862,20.428
171.606,122.654,27.695,20.868
171.209,122.398,27.788,21.263
170.158,121.133,27.464,21.842
169.509,119.150,27.431,22.029
167.884,115.290,27.247,22.426
167.460,114.587,27.088,22.726
167.313,113.070,27.144,22.602
166.530,112.435,27.167,22.599
165.509,109.458,27.095,22.646
164.718,108.238,27.125,22.528
163.282,107.359,26.948,22.621
162.323,107.314,27.045,22.662
160.758,106.346,26.931,22.622
157.085,105.866,27.176,22.360
155.985,104.509,27.299,22.188
155.322,104.152,27.458,22.046
154.885,102.920,27.496,21.901
153.114,103.322,28.850,20.764
150.087,103.133,30.084,19.990
149.252,103.640,30.922,19.456
149.027,103.593,31.554,19.167
147.879,102.794,31.899,19.047
144.060,102.233,32.145,19.051
140.103,102.176,32.401,19.169
136.347,101.998,33.446,19.374
133.480,101.412,34.484,19.635
130.000,100.279,35.193,20.009
129.550,99.829,35.963,20.237
128.905,99.290,36.456,20.579
127.563,99.052,36.671,20.671
125.066,99.066,37.071,20.810
124.253,98.552,37.477,21.002
122.024,98.611,37.910,21.230
121.568,98.350,38.335,21.452
118.898,98.489,38.737,21.337
117.339,98.309,39.025,21.330
116.139,97.671,39.255,21.404
115.656,97.575,39.562,21.525
113.117,97.326,39.492,21.480
110.611,96.351,39.530,21.527
107.053,96.177,39.809,21.721
107.285,94.533,39.883,22.030
105.835,94.404,40.168,22.137
106.120,94.058,40.367,22.230
105.176,94.039,40.451,22.175
104.389,93.777,40.519,22.145
104.103,93.368,40.439,22.193
101.018,92.283,40.614,22.238
100.629,92.310,40.679,22.335
98.351,91.591,40.429,22.487
97.834,91.281,40.003,22.439
97.367,90.435,39.875,22.362
96.742,90.578,39.557,22.144
96.561,90.456,39.321,22.132
96.989,89.896,39.205,22.127
95.725,89.876,38.974,22.168
95.411,89.464,38.853,22.190
95.076,89.354,38.741,22.166
93.363,89.435,38.615,22.185
92.835,89.361,38.287,22.255
91.574,89.119,37.887,22.038
91.021,87.958,37.534,21.787
90.585,87.867,37.405,21.591
89.484,87.794,37.207,21.255
88.240,86.793,35.639,22.311
87.458,85.647,34.221,23.134
86.909,84.644,32.667,24.037
86.958,84.160,31.247,24.614
86.119,83.507,30.261,24.874
86.079,82.595,29.364,25.012
85.861,81.459,28.549,25.062
85.445,81.328,27.996,24.848
85.803,80.220,27.384,24.797
84.382,79.983,27.019,24.652
83.147,79.128,26.673,24.471
82.759,78.169,26.298,24.310
82.071,77.102,25.709,24.330
81.050,76.692,25.356,24.363
80.952,76.068,25.096,24.394
81.094,74.994,24.741,24.510
80.018,75.118,24.593,24.401
78.721,75.001,24.691,24.218
77.329,74.477,24.741,23.936
76.909,73.882,24.605,23.731
76.261,74.187,24.636,23.386
75.875,74.047,24.596,23.116
75.819,74.108,24.267,22.903
74.870,73.984,24.026,22.717
74.846,73.783,23.579,22.700
74.656,72.770,23.143,22.753
73.986,72.075,22.612,22.876
73.680,71.590,22.174,22.855
73.051,70.801,21.876,23.030
72.953,69.912,21.569,23.255
73.420,68.791,21.366,23.357
73.314,68.226,21.215,23.284
73.027,67.573,21.044,23.250
73.048,67.268,20.879,23.241
72.925,66.759,20.663,23.000
73.025,66.694,20.491,22.770
72.485,66.328,20.166,22.654
72.258,65.350,19.831,22.768
72.496,65.008,19.465,22.707
71.793,64.722,19.266,22.712
71.831,64.375,18.980,22.658
71.676,64.347,18.653,22.579
71.610,63.189,17.690,23.567
71.452,62.452,16.947,24.081
71.045,61.955,16.636,24.364
70.952,61.747,16.530,24.311
70.843,61.532,16.454,24.273
70.663,61.209,16.222,24.350
70.958,60.044,15.981,24.617
70.808,59.518,15.789,24.844
70.469,59.556,15.699,24.931
70.540,58.978,15.490,25.292
70.800,58.515,15.262,25.586
71.000,57.234,14.985,26.090
71.108,56.741,14.856,26.479
71.199,56.261,14.711,26.822
71.724,55.863,14.575,27.044
71.254,55.240,14.622,26.907
71.046,54.905,14.676,26.842
70.931,54.403,14.664,26.811
71.117,54.186,14.601,26.718
71.326,53.175,14.497,26.769
70.427,53.018,14.356,26.839
70.579,53.425,14.248,26.823
70.240,52.733,14.312,26.708
69.449,52.936,14.541,26.277
69.772,52.231,14.612,26.058
68.888,53.011,15.011,25.350
68.842,53.004,16.134,23.948
68.547,52.484,16.914,22.897
68.181,52.244,17.554,22.132
67.945,52.017,17.928,21.546
67.934,52.017,18.288,21.124
66.991,52.252,18.498,20.648
67.387,51.502,18.415,20.682
68.374,51.013,18.200,20.696
68.189,51.397,18.223,20.590
68.742,50.806,18.133,20.507
68.692,50.305,18.079,20.453
68.875,49.411,17.886,20.371
68.628,48.676,17.705,20.362
68.315,48.193,17.502,20.303
68.143,47.833,17.459,20.106
67.825,47.563,17.551,19.938
67.590,47.083,17.572,19.694
67.017,46.907,17.384,19.580
66.855,46.509,17.222,19.500
66.325,46.198,17.181,19.283
65.741,46.328,17.374,18.937
65.206,46.395,17.600,18.472
64.569,46.153,17.886,18.118
64.069,46.067,17.862,17.815
63.332,45.756,17.849,17.564
62.948,45.743,17.824,17.322
62.797,45.330,17.910,17.064
61.828,45.311,17.828,16.871
61.584,44.763,17.621,16.840
61.610,44.250,17.357,16.918
61.315,44.284,17.235,16.859
61.618,44.150,17.249,16.730
61.714,44.029,17.383,16.567
61.478,44.168,17.357,16.346
60.950,43.552,17.300,16.119
60.542,43.500,17.360,15.899
59.654,43.161,17.368,15.857
59.820,42.707,17.302,15.811
59.002,42.479,17.514,15.727
58.530,42.266,17.654,15.670
58.078,42.045,17.753,15.630
57.527,42.405,17.878,15.506
56.795,41.841,18.148,15.269
55.776,42.374,18.550,14.937
54.935,42.721,18.774,14.762
54.066,42.774,19.184,14.539
53.842,42.439,19.486,14.439
52.644,42.218,19.430,14.330
51.452,42.524,19.270,14.272
50.427,42.569,19.249,14.152
48.842,42.807,20.196,13.530
47.663,42.581,20.832,13.127
46.507,42.443,21.422,12.845
46.200,42.115,21.962,12.687
44.855,42.350,22.234,12.666
43.912,42.220,22.351,12.704
42.713,41.858,22.383,12.794
42.309,41.735,22.564,12.853
42.130,41.596,22.604,12.862
40.905,41.501,22.546,12.815
41.008,41.700,22.663,12.779
39.966,41.969,22.667,12.755
39.232,42.192,22.990,12.717
39.158,42.348,23.223,12.696
38.103,42.683,23.339,12.694
37.110,42.923,23.376,12.724
36.302,43.514,23.629,12.673
35.615,43.508,23.664,12.645
35.789,43.491,23.707,12.659
35.030,43.414,23.674,12.664
33.164,43.189,22.772,13.543
33.492,43.231,22.096,14.173
33.597,43.184,21.444,14.778
33.611,43.220,20.972,15.216
33.022,42.747,20.475,15.599
32.727,42.959,20.209,15.885
31.597,45.045,20.186,15.837
30.441,44.864,20.200,15.797
30.155,44.923,20.165,15.834
29.919,44.790,19.953,15.992
29.165,44.914,19.741,16.157
28.875,45.339,19.361,16.485
27.847,45.820,19.139,16.579
28.418,46.510,18.776,16.766
28.108,47.121,18.525,16.964
27.079,47.949,18.174,17.079
26.723,48.668,17.809,17.276
27.337,48.555,17.376,17.596
27.467,48.646,16.986,17.791
27.302,48.800,16.591,17.964
27.702,49.485,16.357,17.946
27.867,49.822,16.255,17.925
27.481,50.309,16.045,18.161
27.513,50.896,15.877,18.332
27.319,50.904,15.654,18.368
27.323,50.920,15.496,18.425
27.359,51.300,15.387,18.411
27.752,51.952,14.625,18.901
27.680,52.575,13.999,19.419
27.758,53.196,13.593,19.769
27.852,53.287,13.203,20.022
27.449,53.780,13.031,20.165
27.033,53.891,12.999,20.180
27.341,54.527,12.876,20.271
27.047,54.464,12.886,20.212
27.215,54.910,12.868,20.145
26.696,55.469,12.761,20.137
27.117,56.427,12.639,20.164
27.285,57.045,12.519,20.131
27.348,57.422,12.454,20.100
27.705,57.691,12.484,20.052
27.741,58.131,12.549,20.034
27.685,58.580,12.434,20.207
28.600,58.508,12.285,20.539
28.920,58.588,12.148,20.770
29.304,58.765,12.109,20.995
29.902,58.959,12.248,21.029
30.323,59.269,12.361,21.117
30.494,59.267,12.376,20.994
30.790,59.504,12.465,20.743
31.067,60.448,12.558,20.635
31.964,61.277,12.497,20.710
32.442,62.015,12.448,20.635
32.169,63.124,12.527,20.417
32.459,63.914,12.562,20.238
32.802,63.887,12.495,20.301
32.832,63.812,13.145,19.521
32.908,64.184,13.738,18.889
32.986,64.935,14.148,18.412
33.038,65.170,14.391,18.110
32.789,65.828,14.656,17.710
32.998,66.527,15.036,17.278
33.612,66.459,15.203,17.410
34.223,66.776,15.426,17.466
34.732,66.820,15.548,17.514
34.446,67.397,15.727,17.511
34.865,67.210,15.858,17.607
35.820,67.473,15.917,17.711
35.745,68.171,16.123,17.649
36.229,68.253,16.413,17.488
36.756,68.311,16.619,17.373
37.170,69.028,16.748,17.259
37.938,69.124,16.847,17.265
38.500,69.430,16.937,17.310
41.280,71.590,16.821,17.635
41.769,71.676,17.072,17.881
41.687,72.002,17.533,17.729
41.445,73.352,17.896,17.504
41.968,73.155,18.061,17.536
41.829,73.739,18.385,17.509
41.734,74.173,18.586,17.463
42.331,74.665,18.592,17.361
42.436,75.710,18.543,17.223
42.932,75.972,18.444,17.206
44.159,76.219,18.283,17.221
44.510,77.147,18.277,17.134
45.560,77.066,18.148,17.342
46.121,77.398,18.118,17.520
46.446,77.478,18.203,17.711
46.949,77.757,18.228,17.890
47.516,77.566,18.331,18.104
48.076,77.709,18.495,18.246
48.490,77.500,18.653,18.437
48.588,78.204,18.954,18.482
50.167,78.531,19.059,18.695
51.048,79.144,19.094,18.855
52.681,78.957,19.282,19.080
53.525,79.070,19.425,19.154
54.353,79.989,19.639,19.120
55.742,80.358,19.671,19.128
56.361,81.011,20.072,18.945
56.800,81.548,20.439,18.874
57.116,82.206,20.675,18.868
57.419,82.965,20.909,18.941
57.602,83.827,21.327,18.754
58.177,83.776,21.628,18.729
59.425,83.956,21.837,18.890
60.356,84.489,21.996,19.007
60.929,84.752,22.136,19.046
61.557,85.149,22.365,19.217
61.865,85.790,22.446,19.288
62.737,85.957,22.373,19.538
63.650,85.951,22.492,19.785
64.163,86.860,22.685,19.971
65.136,86.512,22.938,20.335
65.125,86.785,22.961,20.592
65.609,87.056,23.183,20.867
66.660,86.980,23.356,21.113
67.437,87.829,23.637,20.984
69.300,87.268,23.871,20.712
70.012,88.406,23.857,20.779
72.029,88.379,23.888,20.935
72.971,88.840,23.956,20.756
74.085,89.870,23.992,20.774
77.511,91.455,24.214,20.722
77.852,91.730,24.347,20.709
78.212,92.004,24.441,20.699
78.752,92.442,24.741,20.992
79.182,92.552,25.251,20.985
80.130,93.039,25.699,20.917
81.255,93.116,26.056,20.932
84.860,93.988,26.094,20.994
86.047,94.531,25.947,21.037
87.192,95.101,25.836,20.964
89.083,94.814,25.692,21.031
90.371,95.844,25.507,21.017
91.858,96.127,25.275,20.993
93.460,96.827,25.028,20.993
94.997,96.844,25.173,20.677
96.381,97.603,25.603,20.449
97.861,97.605,25.813,20.364
98.818,97.610,25.936,20.410
98.161,98.103,27.375,19.622
98.171,97.763,28.449,19.338
97.740,98.160,29.329,19.066
98.061,98.383,30.341,18.823
99.073,97.922,30.976,18.978
99.547,97.828,31.700,18.964
99.417,98.449,32.314,18.806
100.299,98.841,32.812,19.024
100.875,98.897,33.142,19.348
101.044,99.253,33.724,19.475
104.024,100.071,34.258,19.541
106.480,101.221,34.421,19.608
109.993,101.913,34.743,19.983
110.491,102.154,34.993,20.374
111.600,101.818,35.421,20.658
112.761,101.790,35.950,20.993
113.561,100.945,36.180,21.358
113.711,101.382,36.746,21.602
113.912,101.424,37.145,21.817
114.760,100.400,37.470,22.087
115.220,100.972,37.971,22.208
116.364,101.446,38.632,22.460
117.420,101.211,39.220,22.684
118.426,100.888,39.774,22.720
119.492,100.509,40.004,23.061
122.166,100.619,40.294,23.261
123.628,101.155,40.474,23.315
125.667,101.265,40.728,23.477
128.003,100.422,40.874,23.395
128.260,100.627,41.153,23.464
129.064,99.657,41.352,23.562
129.177,99.728,41.438,23.661
130.560,99.481,41.935,23.624
130.854,99.956,42.743,23.623
131.247,99.543,43.740,23.605
132.945,100.143,44.535,23.410
133.739,100.574,45.280,23.385
136.205,100.748,45.505,23.420
137.799,99.977,45.607,23.644
139.279,100.008,45.541,23.771
140.501,99.753,45.415,23.777
140.806,99.833,45.346,23.765
141.150,99.479,45.246,23.852
141.925,98.178,45.260,24.000
142.312,98.084,45.176,24.189
144.535,97.686,45.209,24.345
146.655,96.731,45.287,24.337
147.620,97.250,45.209,24.215
150.098,96.936,45.061,24.342
152.133,96.515,44.379,24.374
153.618,96.341,43.879,24.251
155.135,95.355,43.301,24.378
155.607,95.231,42.981,24.309
156.356,95.621,42.682,24.034
157.928,94.353,42.779,23.856
159.283,94.064,43.000,23.593
161.456,94.146,42.933,23.361
161.692,94.157,42.911,23.241
163.428,94.287,42.843,23.117
166.038,94.081,42.271,22.930
166.764,93.705,41.667,22.711
166.718,93.080,41.354,22.557
166.864,92.772,41.158,22.435
166.295,92.335,41.257,22.087
171.352,91.369,39.243,23.315
174.093,90.703,37.371,24.279
175.384,90.028,36.066,24.974
176.019,88.926,35.070,25.519
175.690,90.953,34.275,25.751
176.242,88.972,33.488,26.134
178.390,87.457,32.371,26.660
178.639,86.579,31.227,27.081
178.523,85.771,30.305,27.464
178.696,85.442,29.656,27.574
179.075,84.637,29.044,27.822
179.572,86.547,28.595,28.054
180.311,84.845,28.091,28.025
180.269,83.769,27.598,28.308
180.352,82.433,27.231,28.481
179.849,81.447,27.044,28.523
179.932,81.058,26.982,28.361
180.647,80.395,26.907,28.200
180.527,80.243,26.909,27.793
181.080,80.247,26.893,27.301
181.132,80.054,26.616,26.892
181.380,79.652,26.323,26.532
181.156,79.467,25.971,26.308
180.792,79.385,25.891,25.740
180.371,79.298,25.839,25.208
179.426,79.349,25.860,24.640
178.405,79.850,26.309,23.864
178.010,79.957,26.802,23.223
177.542,80.282,27.246,22.515
176.850,80.006,27.527,21.838
175.954,81.214,27.632,21.373
174.301,80.844,27.114,21.283
174.154,80.408,26.690,21.278
171.847,79.966,26.875,21.233
172.126,80.144,27.027,21.264
171.301,79.497,26.908,21.470
168.700,78.708,27.207,21.493
166.999,77.821,27.313,21.579
167.050,77.155,27.229,21.668
165.339,76.601,26.992,22.165
166.742,78.116,26.812,22.426
163.957,76.494,26.288,22.790
160.529,75.030,26.035,23.054
157.513,73.386,26.073,23.367
157.365,72.725,26.305,23.656
156.805,72.564,26.533,23.920
155.866,73.076,27.060,23.897
155.313,72.531,27.471,24.097
154.535,72.645,27.673,24.240
156.594,72.010,27.593,24.281
154.962,72.385,27.702,24.225
150.472,72.188,27.954,24.143
142.899,71.372,30.490,22.606
142.637,72.258,32.376,21.363
140.187,73.015,33.551,20.375
138.614,73.453,34.561,19.755
137.766,73.776,35.291,19.346
136.799,73.683,36.004,19.067
135.864,73.449,36.334,18.856
134.840,73.177,36.512,18.839
131.670,72.417,36.652,18.885
127.890,72.353,37.033,18.839
127.965,72.510,37.400,18.938
125.533,70.844,37.297,19.365
123.805,71.279,37.100,19.478
122.865,70.898,37.027,19.563
122.349,70.382,36.729,19.595
121.484,70.632,36.709,19.643
120.984,70.194,36.292,19.670
120.750,69.964,36.205,19.640
119.574,70.573,36.189,19.523
116.080,69.964,36.317,19.422
115.085,69.885,36.542,19.208
114.375,68.974,36.467,19.052
112.552,68.553,37.041,18.791
111.795,68.321,37.404,18.514
110.370,68.696,37.507,18.326
109.612,68.246,37.490,18.401
109.039,68.042,37.322,18.547
108.712,67.886,37.177,18.524
108.953,67.357,36.684,18.579
106.416,66.692,36.053,18.563
107.075,66.327,35.480,18.534
106.076,66.328,35.178,18.506
105.268,66.613,34.988,18.417
102.902,66.133,34.674,18.349
102.904,65.326,34.156,18.332
102.298,64.298,33.794,18.379
101.845,63.771,33.455,18.229
101.219,63.509,32.982,18.275
100.581,63.553,32.755,18.472
101.023,63.175,32.675,18.693
101.060,62.903,32.726,18.976
100.284,62.541,31.628,20.182
98.483,62.297,32.126,19.967
95.702,62.293,32.850,19.678
94.718,61.985,33.482,19.290
93.842,62.048,34.073,19.007
92.020,61.970,34.245,18.833
91.293,61.182,34.103,18.676
90.594,60.464,34.110,18.641
90.684,60.142,34.121,18.645
90.776,59.820,34.129,18.647
90.549,59.619,34.113,18.597
88.909,59.349,33.430,18.708
89.950,59.334,33.217,18.713
87.329,58.434,31.622,19.709
86.790,58.322,30.580,20.284
86.769,57.697,29.438,20.994
85.918,56.620,28.602,21.458
85.571,56.773,28.103,21.565
84.978,56.037,27.783,21.291
85.060,55.142,27.396,21.231
84.943,55.455,27.346,21.222
83.754,55.216,27.157,21.282
83.504,55.282,26.897,21.362
83.119,55.110,26.717,21.443
82.577,54.298,26.735,21.409
81.220,54.316,27.032,21.146
79.966,54.285,27.435,20.808
78.246,54.483,27.757,20.384
77.719,54.233,27.965,20.049
76.339,54.199,27.914,19.732
75.747,53.237,27.711,19.594
75.490,52.319,26.914,19.702
74.899,51.848,26.223,19.827
74.498,51.353,25.629,19.950
74.322,51.127,25.115,19.984
73.839,51.134,24.959,19.791
74.150,50.771,24.706,19.678
73.566,50.389,24.464,19.612
73.205,50.380,24.221,19.485
72.951,49.950,23.882,19.376
73.012,49.456,23.500,19.389
72.785,49.258,23.237,19.322
72.010,48.848,23.192,19.250
71.862,48.579,22.979,19.188
71.530,48.645,22.795,19.155
71.072,48.444,22.695,18.998
70.103,47.772,22.794,18.820
68.603,47.977,23.055,18.470
68.302,47.093,23.020,18.315
67.133,47.037,23.092,18.237
66.387,47.152,23.417,17.962
65.081,46.974,23.568,17.668
64.367,46.433,23.401,17.503
64.298,46.557,23.283,17.400
64.044,45.797,22.854,17.388
63.480,45.704,22.588,17.294
62.545,45.962,22.167,17.326
62.963,45.181,21.957,17.318
62.273,45.378,21.805,17.240
62.193,45.052,21.588,17.162
61.592,44.852,21.293,17.170
60.507,43.832,20.998,17.249
59.824,43.724,21.020,17.026
59.496,43.026,21.003,16.884
58.846,43.213,20.996,16.728
58.474,43.098,20.772,16.657
58.332,42.248,20.646,16.791
57.445,42.584,20.522,16.896
56.912,41.718,20.548,16.870
55.951,41.757,20.601,16.815
55.525,41.402,20.861,16.550
55.061,42.103,21.141,16.379
54.725,41.887,21.272,16.108
53.624,42.028,21.393,15.733
53.409,41.828,21.609,15.462
51.611,41.884,21.605,15.262
50.528,41.919,21.443,15.226
49.485,42.013,21.087,15.342
49.478,41.833,21.118,15.311
49.094,41.645,21.247,15.246
48.299,41.287,21.194,15.198
47.874,41.551,21.246,15.095
47.704,41.162,21.256,15.061
46.785,41.607,21.183,15.051
46.553,41.043,20.929,15.117
45.751,39.875,20.512,15.293
44.411,40.135,20.223,15.229
43.416,40.346,20.223,15.104
43.095,39.894,20.294,15.000
42.036,39.936,20.397,14.975
41.493,40.128,20.638,14.863
41.269,39.976,20.641,14.886
40.099,40.322,21.474,14.283
39.165,40.554,22.069,13.853
37.988,40.707,22.538,13.453
36.719,40.832,22.847,13.121
35.166,40.841,23.120,12.805
34.079,40.645,23.526,12.597
32.751,40.652,23.930,12.461
31.307,40.500,24.068,12.518
28.527,40.312,24.278,12.658
27.858,40.043,24.186,12.744
27.289,39.950,24.053,12.915
26.259,40.098,23.867,13.210
26.870,39.777,23.491,13.504
26.876,39.828,23.197,13.725
26.900,39.766,22.934,13.942
26.598,39.745,22.752,14.052
26.377,39.287,21.783,14.887
25.892,38.364,21.037,15.484
26.236,37.228,20.253,16.142
26.034,36.846,19.573,16.798
26.149,36.905,19.201,16.875
26.598,36.453,18.728,17.278
26.928,36.278,18.330,17.365
27.460,36.812,18.035,17.255
28.237,39.601,17.665,17.417
28.147,40.263,17.792,17.122
28.317,41.024,17.616,16.978
27.715,41.771,17.316,17.114
27.097,42.464,17.099,17.173
27.451,43.106,16.808,17.271
26.996,43.599,16.640,17.240
27.163,44.400,16.326,17.294
27.054,44.988,16.074,17.324
26.813,45.261,15.807,17.348
27.596,45.384,14.690,18.194
27.561,46.120,13.853,18.604
27.533,46.808,13.988,18.172
27.516,47.420,13.903,17.973
27.546,48.728,13.308,18.394
28.425,49.038,12.979,18.643
28.535,49.299,12.718,18.708
29.417,49.568,12.561,18.726
29.726,49.781,12.318,18.883
29.699,50.135,12.171,18.965
29.691,49.955,12.001,19.115
29.868,50.539,12.060,19.146
30.352,51.277,12.053,19.264
30.428,51.437,12.011,19.361
30.133,52.510,12.022,19.297
30.303,53.043,12.111,19.240
30.136,53.702,12.188,19.258
30.057,53.935,12.201,19.305
29.789,54.279,12.181,19.440
30.773,54.475,12.106,19.858
30.403,55.029,11.925,20.055
30.386,55.251,11.910,20.203
30.728,55.601,11.871,20.365
30.078,56.351,11.968,20.330
30.494,56.446,12.257,20.217
31.024,57.183,12.304,20.304
30.752,57.549,12.396,20.211
31.683,57.444,12.263,20.415
31.993,57.360,12.140,20.644
32.361,57.389,12.081,20.745
32.331,57.512,12.043,20.835
32.415,57.403,12.044,20.985
32.627,57.953,12.224,20.928
32.637,58.565,12.299,20.951
32.993,59.200,12.456,20.872
33.440,60.196,12.584,20.754
33.106,60.841,12.722,20.666
33.502,61.988,12.702,20.582
33.542,62.998,12.763,20.395
33.747,63.620,12.743,20.378
33.693,64.040,12.716,20.338
33.896,64.660,12.764,20.326
34.100,64.920,12.721,20.431
33.954,65.756,12.656,20.491
34.291,66.773,12.786,20.507
34.462,67.402,12.807,20.536
33.906,67.915,12.939,20.642
34.761,67.753,12.824,20.856
34.971,67.659,12.738,21.077
35.491,68.149,12.731,21.245
36.187,68.767,12.720,21.419
36.100,69.457,12.684,21.538
37.053,69.990,12.677,21.607
37.574,70.392,12.700,21.701
37.570,71.332,12.903,21.558
38.089,71.676,12.943,21.561
38.180,71.895,13.077,21.659
37.930,73.194,13.189,21.638
37.746,74.566,13.281,21.734
38.553,74.838,13.221,21.676
38.347,75.410,13.242,21.522
38.192,75.972,13.272,21.202
38.321,76.372,13.164,21.402
38.697,77.220,13.010,21.515
38.394,80.454,12.943,21.334
38.592,81.400,12.795,21.467
38.912,81.940,12.693,21.631
39.389,82.277,12.701,21.606
39.019,82.721,12.803,21.482
39.501,82.628,12.908,21.706
40.268,82.851,12.939,21.854
40.583,83.507,12.992,21.930
40.655,84.010,13.027,22.011
40.899,85.282,13.144,22.123
41.526,86.015,13.257,22.026
42.399,86.540,13.369,21.995
42.655,86.906,13.592,22.086
42.535,87.536,13.759,22.274
43.140,87.805,13.806,22.487
42.816,88.293,13.953,22.391
42.584,88.913,14.073,22.405
43.053,89.131,14.096,22.436
42.851,89.525,14.095,22.398
43.475,89.993,14.112,22.500
43.573,90.901,14.052,22.496
44.563,94.047,14.011,22.568
44.884,94.661,13.973,22.582
45.670,95.818,13.884,22.644
45.442,96.951,13.930,22.612
45.491,97.498,13.964,22.726
45.989,98.113,13.980,22.803
46.361,98.598,14.056,22.885
46.298,98.720,14.287,22.816
47.180,98.963,14.245,23.021
47.420,99.431,14.387,23.118
48.117,100.285,14.296,23.295
48.675,101.545,14.293,23.527
49.144,102.460,14.373,23.690
51.050,103.699,14.397,23.876
51.224,103.507,14.430,24.035
50.983,103.528,14.568,24.108
51.625,103.667,14.451,24.326
52.531,104.508,14.421,24.575
52.329,105.026,14.476,24.620
52.783,106.292,14.636,24.631
53.462,107.516,14.692,24.593
53.832,109.050,14.876,24.495
54.433,109.141,15.941,23.735
54.807,111.500,16.688,23.413
54.911,112.343,17.513,22.865
55.078,112.897,17.961,22.586
55.688,113.352,18.259,22.532
55.615,113.631,18.369,22.709
55.664,113.821,18.677,22.717
56.254,114.638,19.123,22.623
56.290,115.936,19.547,22.601
57.252,116.458,19.833,22.792
58.625,117.209,20.236,22.813
58.652,118.458,20.315,23.012
59.561,118.873,20.574,23.049
59.897,119.653,20.661,23.090
61.475,120.169,20.950,23.060
62.151,121.252,20.857,23.335
62.576,121.633,20.637,23.763
63.871,121.564,20.525,24.111
63.943,121.946,20.403,24.234
64.644,122.636,20.478,24.316
64.792,123.122,20.497,24.525
65.696,124.105,19.571,25.819
66.986,127.242,19.755,25.602
67.907,128.002,20.111,25.493
67.630,130.732,20.153,25.606
67.397,130.545,20.193,25.695
67.475,131.265,20.302,25.644
67.541,131.843,20.594,25.410
68.237,132.000,21.247,25.166
68.834,132.403,21.547,25.066
70.581,134.759,21.700,25.456
70.262,135.105,21.953,25.555
70.558,135.062,22.238,25.551
70.519,135.348,22.494,25.434
71.411,135.692,22.729,25.439
73.145,136.572,22.984,25.460
73.241,137.435,22.913,25.558
74.046,137.863,22.997,25.501
74.827,138.990,23.072,25.434
75.726,139.896,23.003,25.448
76.399,141.108,23.191,25.353
76.857,141.934,23.287,25.599
78.811,144.803,23.397,25.875
79.483,145.534,23.519,25.923
81.225,147.986,23.614,26.183
82.393,148.749,23.678,26.191
82.983,149.036,23.641,26.326
84.666,151.445,23.600,26.652
86.247,153.776,23.432,26.943
86.532,153.509,23.118,27.123
87.444,154.451,23.263,26.923
87.896,154.786,23.349,26.818
88.543,155.016,23.401,26.885
90.807,157.576,23.508,27.345
92.131,158.550,23.738,27.253
95.704,161.521,23.468,28.017
95.798,161.299,23.316,28.648
97.034,160.893,23.433,28.879
98.302,161.668,24.108,28.591
99.200,162.292,24.926,28.023
99.494,163.522,25.334,27.692
101.057,163.449,25.900,27.672
102.053,164.321,26.073,27.533
102.909,165.001,26.222,27.576
103.835,166.079,26.472,27.444
104.811,166.680,26.462,27.582
111.729,170.974,26.525,27.729
113.379,173.888,26.345,28.326
114.398,174.166,26.295,28.518
117.970,178.061,26.051,28.795
118.453,177.804,25.904,29.162
119.360,178.427,25.910,29.269
120.428,179.532,26.050,29.029
122.250,180.140,26.159,29.098
123.154,181.084,26.399,29.068
124.710,181.328,26.614,29.256
126.860,183.704,26.702,29.968
129.148,183.335,26.854,30.738
130.516,184.030,27.312,30.800
131.431,184.982,27.815,30.972
131.873,185.671,28.070,31.255
133.762,186.067,28.966,31.190
135.859,188.783,29.581,31.741
141.101,188.493,29.638,32.400
142.138,188.067,29.823,33.211
142.032,188.634,30.009,33.874
142.080,189.193,30.285,34.554
141.968,189.514,31.011,35.035
142.466,190.559,31.990,34.902
148.439,193.399,32.506,35.289
148.891,193.815,32.588,35.662
150.899,194.748,33.444,35.628
152.113,195.822,33.779,35.590
156.753,199.393,34.759,34.723
156.669,198.843,35.984,33.769
155.760,199.222,36.766,33.041
156.320,198.407,37.253,32.637
155.410,198.432,37.612,32.355
141.863,195.372,37.717,32.820
142.019,193.768,37.756,33.401
143.168,193.987,38.023,33.739
145.191,196.130,38.361,33.675
147.522,195.670,38.641,33.807
153.357,196.680,38.837,33.972
158.999,197.079,40.990,32.642
177.028,203.582,42.896,30.969
176.190,203.087,44.008,30.054
