276.000,161.000,73.000,74.000
279.715,161.795,72.301,74.018
282.248,161.120,71.748,74.048
285.619,166.415,71.849,73.440
289.088,163.520,71.319,73.468
292.679,161.305,70.676,73.503
296.541,166.794,70.867,72.905
299.729,163.642,70.602,72.686
304.046,161.323,69.868,72.902
306.471,161.108,69.560,72.757
308.761,166.603,69.320,72.162
311.345,163.940,68.683,72.111
310.473,161.562,68.020,72.300
314.860,155.930,62.200,77.984
318.437,151.295,57.496,82.435
318.628,143.300,59.444,79.261
319.349,144.414,61.516,76.050
318.752,145.517,63.028,73.757
317.593,147.746,64.006,71.962
316.269,156.290,65.030,70.495
316.092,157.238,65.349,69.689
316.687,158.201,65.745,68.822
316.805,159.097,65.928,68.182
317.737,159.533,66.193,67.593
318.024,159.960,66.595,67.015
318.620,161.438,66.636,66.762
317.380,162.460,66.658,66.375
317.805,170.344,67.145,65.747
316.121,169.555,67.335,65.265
316.098,168.873,67.210,65.132
316.120,168.576,66.990,65.043
317.005,167.771,66.834,64.969
315.047,168.754,66.097,65.194
315.934,168.363,66.130,65.084
315.635,168.751,65.992,65.038
315.106,168.942,65.811,64.846
315.233,168.469,65.681,64.734
313.818,167.517,64.995,64.898
313.890,168.539,64.509,64.942
312.724,169.176,63.901,65.173
312.235,171.637,63.665,65.011
311.599,173.243,63.365,65.044
311.389,174.897,63.584,64.799
312.276,182.650,64.534,64.037
313.259,182.318,65.548,63.312
313.845,181.811,65.502,63.232
314.461,181.447,65.422,63.304
315.099,180.970,65.306,63.286
316.290,180.921,65.139,63.273
308.285,188.700,65.404,63.099
309.376,187.753,65.617,63.128
310.596,186.657,66.346,62.809
311.969,185.366,67.191,62.277
313.006,184.401,66.485,62.525
304.940,192.117,66.243,62.808
304.983,190.774,66.234,62.985
306.152,189.698,66.224,63.089
307.813,187.687,66.727,62.914
309.504,186.411,66.651,62.957
310.462,193.958,67.292,62.534
311.785,192.343,67.204,62.745
312.919,190.558,66.826,63.199
306.788,182.335,60.341,70.136
313.674,182.025,61.826,68.988
313.096,181.110,62.578,68.748
313.101,179.530,62.768,68.565
313.226,177.383,63.042,68.521
314.073,175.312,63.398,68.601
314.801,175.166,63.581,68.797
314.631,176.547,63.815,69.024
314.722,179.775,64.145,69.010
315.092,187.978,64.090,69.520
315.762,191.815,64.241,69.449
316.809,196.908,64.744,69.051
316.424,200.362,65.399,68.763
317.617,200.151,65.414,69.041
316.263,195.318,64.953,68.957
310.383,194.970,58.303,76.284
311.459,193.857,51.785,84.070
312.254,195.186,46.900,89.825
312.343,195.800,45.381,91.549
311.454,198.379,42.302,95.344
311.912,196.566,40.202,98.403
311.440,198.552,38.436,100.633
310.606,199.315,37.168,102.713
309.770,199.918,36.394,104.187
310.290,197.634,36.068,105.061
310.414,194.087,35.629,106.428
310.696,191.539,35.286,107.459
309.827,188.000,35.155,108.163
309.204,186.277,35.035,109.040
308.572,186.456,35.096,109.448
307.983,183.134,35.035,110.067
307.529,183.017,35.128,110.579
306.848,179.947,35.258,110.999
306.720,178.700,35.491,110.985
306.485,176.518,35.781,110.790
306.800,176.944,36.013,110.429
305.862,178.130,38.249,107.608
305.903,178.054,39.901,105.614
305.552,179.296,41.233,103.783
305.680,179.955,42.444,102.107
306.033,181.476,43.229,100.923
306.140,181.577,43.798,100.416
306.876,181.083,44.006,100.424
307.216,181.045,44.269,100.201
307.838,180.659,44.435,99.988
308.631,179.908,44.663,99.896
308.570,180.093,44.702,100.017
308.794,179.951,44.702,100.128
309.257,179.984,44.656,100.357
309.233,178.866,44.496,100.826
309.115,178.616,44.474,100.815
310.088,177.909,44.442,101.141
309.772,176.691,43.996,101.907
309.430,176.096,43.985,102.042
308.857,175.966,44.078,102.149
308.652,175.624,44.082,102.415
308.526,175.470,44.090,102.629
308.872,175.586,44.408,102.247
309.023,176.991,44.741,101.782
309.643,176.530,44.767,101.756
309.603,176.254,44.733,101.931
309.884,175.657,44.683,102.117
309.373,175.904,44.568,102.272
309.484,175.466,44.600,102.423
308.969,175.780,44.425,102.632
308.776,176.449,44.415,102.815
308.917,176.624,44.531,102.839
309.686,176.044,44.579,102.938
309.445,175.409,44.520,103.114
309.723,176.082,44.726,102.751
309.787,175.471,44.745,102.789
309.871,174.338,44.736,102.894
309.770,174.429,44.513,103.207
309.770,173.376,44.626,103.187
309.767,170.492,44.401,103.759
309.621,170.582,44.418,103.635
310.145,169.556,44.478,103.482
309.588,169.685,44.451,103.492
310.220,168.325,44.491,103.476
309.598,168.564,44.670,103.465
308.905,166.923,44.634,103.616
308.620,166.395,44.944,103.276
308.055,164.842,44.993,103.365
307.055,166.141,45.298,102.983
306.818,164.358,45.467,102.635
307.641,161.645,45.722,102.399
307.165,162.704,45.780,102.109
307.983,160.817,45.953,101.665
307.013,162.065,46.170,100.851
306.910,161.918,46.343,100.404
313.496,168.409,53.572,93.112
312.899,172.128,58.702,87.814
311.107,170.085,62.284,83.791
309.764,174.315,65.222,80.833
308.148,177.980,67.313,78.893
308.943,179.831,68.869,77.428
308.863,181.398,69.586,76.421
309.266,182.995,70.042,75.681
309.970,182.366,70.082,75.404
309.721,183.519,69.927,75.000
310.478,183.555,69.714,74.692
311.118,183.665,69.572,74.290
311.750,184.247,69.280,74.087
311.356,184.206,68.596,74.051
309.329,178.480,68.785,73.333
309.267,182.050,69.563,72.273
308.777,182.702,69.305,71.784
308.697,182.709,69.033,71.282
308.466,177.030,69.300,70.847
308.414,180.134,69.019,70.472
307.673,181.284,68.567,69.945
307.676,174.855,68.733,69.429
307.275,178.847,68.561,68.964
306.977,181.812,68.087,68.634
307.260,184.017,67.753,68.243
306.671,185.538,67.177,67.878
306.745,186.590,66.894,67.296
307.413,188.462,66.454,66.853
307.262,189.937,66.309,66.360
308.191,191.047,66.012,65.880
307.911,192.558,65.285,65.579
308.612,193.929,65.169,64.989
308.505,194.969,64.784,64.463
309.025,196.061,64.430,64.099
309.323,197.100,63.962,63.720
310.347,197.931,63.494,63.463
310.582,191.493,62.971,63.612
311.413,193.010,62.542,63.485
311.546,194.694,61.884,63.465
311.853,189.380,61.759,63.055
312.909,190.843,61.375,62.784
314.607,185.504,60.977,62.586
314.745,187.332,60.392,62.649
315.909,189.018,60.165,62.213
317.699,183.704,59.648,62.269
317.938,185.740,59.204,62.154
319.713,187.542,58.930,61.907
321.663,189.084,58.539,61.729
320.955,190.955,57.984,61.681
322.157,192.167,57.490,61.442
323.881,193.460,57.097,61.172
324.478,194.577,56.633,60.996
325.558,195.840,56.282,60.798
326.448,196.761,55.814,60.619
327.075,197.883,55.448,60.490
327.643,198.359,54.976,60.406
327.282,198.380,54.395,60.466
326.166,198.756,53.977,60.487
325.073,198.274,53.846,60.227
324.003,198.284,53.686,59.860
322.338,198.424,53.520,59.436
322.304,198.093,53.669,58.958
321.880,197.817,53.662,58.504
321.233,197.695,53.817,58.007
320.053,197.400,53.933,57.564
319.877,196.781,53.921,57.146
320.642,195.154,54.101,56.601
319.685,193.977,54.005,56.286
319.675,187.374,53.925,56.150
318.150,187.808,54.115,55.776
316.821,182.113,54.158,55.527
317.042,182.180,54.279,55.089
316.825,175.719,54.312,54.864
316.531,176.250,54.621,54.353
316.362,176.882,55.036,53.732
315.747,177.603,55.407,53.087
316.293,177.916,56.035,52.414
317.001,178.314,56.439,52.066
317.946,178.671,56.813,51.895
318.785,178.923,57.334,51.664
319.140,178.656,57.612,51.739
319.516,177.758,57.639,51.910
320.052,176.930,57.923,51.957
320.661,176.384,58.147,52.103
319.737,182.001,58.177,52.388
319.321,180.062,58.133,52.849
319.586,177.948,58.067,53.392
319.580,175.952,57.774,53.975
319.329,174.064,57.395,54.586
317.615,179.253,57.019,55.049
316.733,177.739,56.622,55.512
317.394,176.508,56.318,55.973
317.170,175.558,56.160,56.171
316.777,174.445,55.934,56.363
316.870,173.312,55.637,56.593
316.982,178.421,55.624,56.629
317.342,176.107,55.386,56.911
317.265,174.691,55.066,57.063
317.462,173.510,54.877,57.129
317.791,172.720,54.785,57.102
317.721,172.063,54.630,57.238
318.101,171.271,54.694,57.081
317.788,169.858,54.556,57.012
317.894,168.982,54.822,56.651
318.213,168.588,55.034,56.420
318.661,168.257,55.090,56.208
319.480,168.664,55.081,55.906
320.030,169.036,54.894,55.929
320.721,169.617,54.654,56.075
320.951,170.617,54.442,56.331
320.521,171.562,54.054,56.526
319.145,177.461,53.391,57.108
320.202,177.257,53.610,56.664
321.836,178.125,53.500,56.354
321.837,179.435,53.253,56.363
322.806,180.570,53.085,56.139
323.925,181.992,52.932,55.906
325.422,188.694,52.837,55.771
325.080,195.003,52.614,56.092
325.536,194.228,52.649,55.978
325.778,193.919,52.500,56.003
324.797,193.785,52.372,56.131
323.343,193.584,52.296,56.235
322.152,193.833,52.200,56.370
322.110,193.784,52.189,56.231
319.970,174.217,52.253,55.918
318.865,174.467,51.983,55.943
307.557,175.470,47.862,60.273
310.526,174.006,43.753,64.801
312.447,171.143,40.572,68.453
313.699,171.569,38.250,70.951
314.725,167.988,35.790,73.834
315.191,165.904,33.981,75.883
315.818,164.897,32.714,77.192
316.052,164.937,31.783,78.103
316.830,163.474,30.977,79.105
317.319,162.354,30.373,79.688
317.573,160.535,29.824,80.180
317.887,162.074,29.433,80.222
317.579,159.362,28.949,80.592
317.688,159.193,28.734,80.519
317.632,158.691,28.554,80.428
317.797,157.806,28.443,80.172
317.276,157.766,29.253,78.724
316.872,156.834,29.917,77.447
316.113,157.671,30.501,76.329
321.218,160.509,34.903,71.446
318.235,162.833,38.695,67.174
315.337,164.724,41.850,63.782
313.060,166.457,44.404,61.076
311.496,167.030,46.531,58.893
310.782,167.340,48.051,57.180
309.839,167.720,49.370,55.794
309.485,167.149,50.184,54.889
309.096,166.539,50.869,54.175
308.653,165.995,51.422,53.688
308.165,165.381,52.148,53.078
308.181,164.113,52.852,52.694
307.919,163.285,53.397,52.427
307.602,162.311,53.846,52.316
307.603,161.494,54.113,52.335
307.323,161.120,54.487,52.210
307.112,161.444,54.994,52.024
307.066,161.394,55.534,52.008
306.094,160.464,55.684,52.160
305.562,154.087,55.740,52.437
304.866,154.246,55.677,52.678
304.636,154.409,55.648,52.851
304.696,149.359,55.775,52.941
304.926,150.207,55.774,53.207
305.831,150.572,55.812,53.561
306.337,146.025,55.735,53.651
306.642,147.236,55.678,54.047
307.374,142.759,55.694,53.855
314.007,143.819,54.701,54.979
312.487,139.307,54.335,54.971
311.468,140.688,54.103,55.271
311.084,141.826,53.872,55.604
310.420,137.708,54.168,54.883
309.217,139.593,54.131,54.772
307.766,140.855,53.953,54.836
307.852,141.766,53.891,54.815
325.209,145.324,47.681,61.985
327.951,142.990,42.908,67.797
330.157,143.141,39.314,72.146
331.935,142.476,36.687,75.516
333.554,143.960,34.866,77.802
334.505,143.230,33.288,79.944
335.399,145.646,32.313,81.036
336.299,145.280,31.321,82.363
337.200,146.638,30.661,83.181
338.022,146.808,29.904,84.192
338.356,147.700,29.476,84.600
339.112,150.082,29.386,84.655
339.637,152.528,29.222,85.017
340.769,151.596,29.021,85.659
341.231,153.318,28.906,86.040
342.404,153.584,28.779,86.596
342.605,156.643,28.725,86.867
343.314,157.647,28.778,87.146
343.687,158.310,28.817,87.537
344.323,160.418,29.022,87.494
344.584,160.948,28.969,87.614
345.028,160.460,28.990,87.896
345.389,158.903,28.816,88.256
345.765,158.338,28.530,89.200
345.835,158.150,28.266,90.011
345.549,157.257,28.144,90.483
345.493,157.316,28.078,90.865
345.552,155.917,28.068,91.200
345.747,154.962,27.897,92.125
345.646,154.711,27.833,92.832
345.939,154.089,28.054,93.132
345.644,153.502,28.141,93.429
345.657,152.896,28.298,93.450
344.830,152.763,28.151,93.738
345.222,152.819,28.284,93.673
345.270,156.736,28.460,94.098
344.990,158.376,28.569,94.016
344.707,160.646,28.746,93.665
343.879,161.623,28.880,93.369
343.073,162.881,29.035,93.072
342.776,164.462,29.038,93.143
341.985,167.095,28.864,93.726
341.840,167.965,29.106,93.497
341.813,170.185,29.453,93.295
341.456,171.789,29.718,92.847
342.292,175.116,30.158,92.599
341.320,175.419,30.154,92.527
340.973,178.590,30.212,92.591
341.279,180.171,30.458,92.099
340.982,182.619,30.442,91.825
340.766,181.142,30.389,91.744
340.172,183.654,30.383,91.449
339.379,181.738,30.352,91.236
339.066,183.251,30.451,90.959
338.795,180.820,30.481,90.720
338.343,181.351,30.550,90.430
338.200,178.793,30.543,90.312
337.710,179.643,30.725,89.942
337.299,179.643,30.845,89.551
337.476,179.940,31.166,88.934
337.434,181.773,31.386,88.317
337.614,182.494,31.596,87.786
337.607,184.184,31.710,87.194
338.030,185.707,31.766,86.676
338.315,186.669,31.750,86.447
338.416,188.561,31.662,86.143
338.432,189.027,31.582,85.857
338.278,187.797,31.478,85.652
338.211,187.147,31.326,85.457
337.940,183.751,31.198,85.193
329.709,184.646,32.614,82.775
317.805,188.737,37.635,76.886
315.384,191.409,41.625,72.326
313.071,193.582,44.825,68.751
317.521,196.326,47.627,65.214
320.715,198.146,49.708,62.520
318.086,199.420,51.436,60.328
317.538,199.348,52.620,59.012
317.889,194.498,53.949,57.824
317.694,195.694,55.267,56.698
317.286,195.501,55.872,56.267
316.818,190.339,56.878,55.547
316.980,189.800,57.125,55.457
317.352,188.409,56.960,55.724
316.397,180.733,57.492,55.247
317.636,178.105,57.949,54.977
317.604,176.179,57.729,55.066
318.207,172.788,57.313,55.492
319.551,169.215,56.457,56.430
319.995,166.801,55.311,57.658
314.622,158.648,55.479,57.888
314.927,157.734,54.619,58.693
313.982,150.085,54.497,58.763
313.169,149.772,53.842,59.203
314.250,156.872,50.176,63.400
315.168,155.418,47.268,66.518
308.444,155.072,45.161,68.410
305.542,153.940,47.237,66.140
303.637,153.312,48.795,64.153
302.150,152.850,49.875,62.804
301.170,152.749,50.605,61.631
300.942,153.557,51.159,60.587
300.902,154.591,51.610,59.604
300.251,160.012,51.680,58.964
301.046,159.867,51.780,58.431
301.335,165.974,51.756,58.032
301.978,166.491,51.731,57.492
302.249,172.244,51.781,56.918
303.868,172.087,51.717,56.423
304.719,172.895,51.516,55.998
304.608,173.812,51.213,55.852
304.081,175.212,50.948,55.723
304.603,176.596,50.783,55.532
304.652,183.625,50.583,55.196
305.074,184.412,50.361,54.782
305.669,186.168,50.117,54.400
300.506,184.198,46.670,57.689
302.249,177.499,43.308,61.552
303.607,177.065,40.662,64.688
305.022,184.529,38.601,67.045
285.798,185.204,36.200,69.482
285.976,187.731,34.533,71.043
286.568,187.940,33.057,72.643
286.829,190.435,32.226,73.482
287.018,192.522,31.638,74.014
287.625,192.347,30.985,74.963
287.937,193.581,30.765,75.479
288.226,193.431,30.516,76.272
288.407,189.837,31.450,74.541
288.553,191.636,32.156,73.267
289.021,193.408,32.488,72.509
289.102,194.635,31.673,73.451
288.941,191.069,32.174,72.317
289.376,193.365,32.385,71.679
290.062,194.343,32.570,71.082
290.680,195.074,32.740,70.363
291.195,195.918,32.960,69.631
291.545,196.589,33.097,69.018
291.913,197.209,33.168,68.568
292.203,197.657,33.157,68.253
292.268,197.416,33.095,68.156
292.094,197.851,33.189,67.932
292.109,197.269,33.124,67.844
286.599,193.442,33.517,67.045
287.381,194.641,33.935,66.485
287.565,196.766,34.333,65.735
286.989,198.477,34.566,65.248
281.729,195.841,34.475,64.709
282.428,192.800,36.864,61.526
283.589,202.139,36.447,61.700
284.430,203.879,36.137,61.961
285.672,205.569,35.831,62.119
285.537,203.477,35.758,61.759
286.067,205.765,35.718,61.533
287.126,202.922,37.844,58.823
287.332,205.334,39.688,56.589
287.215,206.824,41.352,54.737
283.282,202.906,42.591,53.010
284.629,204.941,43.755,51.328
284.490,206.608,44.828,50.012
284.016,207.939,45.656,49.141
282.748,209.297,46.319,48.428
281.400,210.260,46.785,47.955
279.760,210.861,47.130,47.528
278.321,211.613,47.620,47.048
277.325,211.876,48.132,46.599
277.010,211.781,48.599,46.220
277.041,211.278,49.073,45.823
276.633,210.989,49.333,45.685
276.765,210.655,49.508,45.638
277.033,210.168,49.605,45.632
278.714,213.451,49.837,45.548
280.060,217.740,50.362,45.277
281.232,220.518,50.834,44.826
282.096,220.043,51.141,44.621
283.524,222.643,51.732,44.113
283.929,222.278,51.791,44.085
284.294,222.461,51.515,44.313
287.308,228.530,54.718,41.942
287.187,233.221,57.268,39.876
286.058,233.878,58.947,38.789
285.607,234.868,60.344,37.883
284.836,235.739,61.464,37.201
284.008,236.301,62.287,36.759
282.697,235.900,62.628,36.605
282.027,235.402,62.987,36.493
280.320,234.628,63.199,36.437
279.247,234.461,63.602,36.193
277.954,234.268,63.947,35.977
277.048,233.452,64.183,35.913
276.067,232.523,64.280,35.867
277.934,224.758,61.436,38.367
279.452,222.943,59.313,40.231
280.780,221.003,57.637,41.544
281.837,219.338,56.196,42.563
283.090,217.018,55.185,43.230
284.422,214.911,54.291,43.881
278.900,212.537,53.895,44.102
279.987,210.271,53.587,44.329
281.013,208.355,53.265,44.547
282.129,207.237,52.895,44.723
282.883,206.112,52.557,44.889
283.850,204.818,52.180,45.010
284.685,203.773,51.788,45.213
285.750,203.076,51.379,45.502
286.824,201.966,50.924,45.693
288.040,201.576,50.549,45.867
282.336,201.239,50.419,45.767
282.940,200.576,50.312,45.626
282.078,199.828,50.260,45.527
289.379,194.415,49.933,45.667
290.238,195.756,49.831,45.566
291.699,190.744,49.436,45.619
298.791,190.366,48.358,46.320
305.553,188.844,47.490,46.822
305.922,187.981,46.601,47.203
307.862,185.517,43.956,49.577
308.552,184.690,42.265,50.933
309.323,184.787,40.744,52.089
327.329,186.757,42.017,50.663
339.422,188.279,39.283,53.217
339.473,188.948,37.483,54.317
339.906,189.140,35.943,55.334
340.768,188.539,34.864,55.810
341.217,187.875,33.876,56.198
341.480,187.598,32.912,56.503
341.089,187.907,32.104,56.581
341.040,187.343,31.330,56.631
341.351,186.903,30.787,56.592
340.872,186.235,30.340,56.451
341.107,186.528,30.135,56.003
341.328,186.515,29.806,55.699
341.705,185.807,29.420,55.462
341.802,185.329,29.136,55.198
342.077,184.615,28.925,54.896
342.308,184.395,28.685,54.489
342.790,184.281,28.566,54.058
343.329,184.250,28.334,53.811
344.103,182.619,27.907,53.888
344.863,182.900,27.866,53.426
346.286,181.712,27.566,53.256
347.927,180.752,27.369,53.009
349.478,179.336,27.192,52.813
350.963,179.500,27.027,52.588
355.702,176.785,26.843,52.559
356.587,176.137,26.830,52.164
361.181,175.004,26.810,51.792
361.880,171.845,26.932,50.939
365.963,172.337,26.720,50.781
364.959,168.641,28.752,48.206
364.783,169.418,30.465,45.989
364.817,170.033,31.769,44.361
364.865,170.513,32.780,43.002
364.984,170.748,33.466,41.964
365.457,170.915,34.081,41.017
365.753,170.869,34.451,40.375
365.892,170.909,34.657,39.863
369.128,171.084,34.772,39.533
368.174,170.951,34.998,39.035
367.271,166.879,35.278,38.642
366.062,167.649,35.385,38.331
361.216,171.642,35.549,37.916
361.104,171.113,35.692,37.531
361.094,171.003,35.802,37.294
360.942,170.938,35.903,37.123
356.248,170.947,35.906,36.953
356.276,170.841,35.932,36.828
351.252,174.943,35.954,36.637
336.492,179.964,36.096,36.304
332.124,180.572,35.998,36.180
328.547,180.513,35.847,36.079
329.323,180.731,35.655,36.050
329.716,180.937,35.564,35.868
325.694,181.043,35.383,35.851
326.339,181.527,35.281,35.684
326.829,181.554,35.240,35.558
323.205,182.417,35.164,35.360
323.638,182.338,35.165,35.236
320.094,182.768,35.121,35.087
320.691,182.440,35.093,34.924
317.073,183.224,35.046,34.653
313.038,183.284,34.985,34.437
313.548,184.543,34.954,34.170
309.551,185.651,34.803,34.049
309.715,186.838,34.762,33.796
305.549,187.862,34.625,33.631
305.619,189.027,34.463,33.439
301.939,189.669,34.459,33.111
301.997,190.815,34.325,32.895
301.575,191.491,34.298,32.627
297.669,192.753,34.128,32.372
297.729,194.269,33.995,32.157
296.821,195.276,33.902,31.937
296.088,198.801,33.816,31.722
295.169,199.578,33.771,31.364
294.391,200.139,33.766,30.996
293.850,200.533,33.725,30.716
293.005,201.501,33.678,30.475
292.801,202.242,33.667,30.238
292.592,202.467,33.587,30.060
292.769,202.164,33.340,30.043
292.946,201.614,33.199,29.974
293.035,201.427,33.035,29.973
293.555,200.811,32.939,29.982
293.887,200.403,32.740,29.983
294.443,200.750,32.560,29.991
295.158,200.659,32.363,30.036
295.614,201.470,32.120,29.962
297.761,202.047,31.989,29.799
297.029,202.749,31.701,29.733
297.234,203.306,31.601,29.561
297.878,203.933,31.435,29.417
298.186,203.980,31.196,29.342
300.393,203.981,30.907,29.144
301.013,203.796,30.829,28.957
304.704,202.901,30.746,28.763
307.898,200.100,30.601,28.541
311.149,200.206,30.406,28.457
315.829,200.711,30.357,28.326
320.031,200.959,30.184,28.292
324.542,203.471,29.979,28.419
328.968,203.406,29.689,28.484
333.392,206.335,29.447,28.623
336.903,209.055,29.301,28.712
340.504,208.551,29.092,28.868
343.488,208.647,28.838,28.955
346.438,212.043,28.839,28.791
347.301,211.018,28.821,28.814
350.742,210.558,28.682,28.782
353.516,210.632,28.744,28.684
353.790,209.724,28.809,28.780
354.359,208.992,28.835,28.870
355.080,208.289,28.831,28.985
355.882,207.402,28.887,29.035
352.054,200.157,28.635,29.309
351.699,196.960,28.352,29.623
350.937,194.307,28.164,29.772
350.187,194.856,28.027,29.926
350.091,192.111,27.904,30.026
349.808,192.568,27.813,30.153
349.553,193.156,27.791,30.234
349.499,193.610,27.749,30.336
349.456,194.367,27.687,30.445
349.375,194.999,27.674,30.454
348.793,195.468,27.687,30.464
346.278,195.395,27.830,30.372
343.898,192.905,27.908,30.311
341.688,192.445,28.028,30.157
338.696,189.312,28.020,30.094
337.606,186.128,27.862,30.071
336.901,183.329,27.664,30.023
335.883,182.862,27.550,30.013
335.771,178.620,27.494,29.999
336.351,174.572,27.403,29.954
337.361,170.886,27.375,29.871
337.720,167.960,27.313,29.726
340.145,167.738,26.937,29.686
340.173,167.197,26.814,29.453
340.649,166.818,26.623,29.382
341.147,164.445,26.541,29.250
343.930,164.282,26.309,29.140
343.665,162.152,26.140,29.057
344.071,162.745,26.026,28.898
342.807,162.529,25.821,28.770
342.229,162.034,25.662,28.694
341.262,161.695,25.483,28.599
341.292,161.941,25.337,28.457
341.100,162.855,25.189,28.347
341.111,163.401,24.992,28.288
340.945,163.571,24.822,28.222
340.244,163.795,24.701,28.143
339.160,163.949,24.624,28.067
338.845,164.395,24.626,27.977
339.028,164.385,24.527,27.933
339.562,165.226,24.513,27.782
341.962,166.077,24.510,27.721
341.668,167.827,24.543,27.515
344.384,171.227,24.602,27.472
344.347,172.589,24.588,27.347
344.695,176.403,24.562,27.255
347.303,179.389,24.634,27.211
346.083,180.460,24.744,27.126
345.118,181.760,24.756,27.096
347.233,182.463,24.768,27.082
346.269,182.248,24.770,27.080
342.440,180.121,24.783,27.015
342.021,180.737,24.793,27.001
341.816,182.041,24.782,26.908
341.553,183.163,24.721,26.837
341.154,184.335,24.677,26.774
343.068,185.564,24.773,26.641
343.231,189.396,24.707,26.629
343.316,190.935,24.791,26.424
343.011,192.232,24.847,26.298
343.095,193.589,24.870,26.191
343.120,194.993,24.879,26.086
342.746,196.011,24.851,25.985
342.744,196.747,24.902,25.938
342.663,197.577,24.879,25.901
342.290,198.302,24.872,25.833
341.278,199.263,24.837,25.794
340.357,200.361,24.798,25.755
339.359,201.405,24.841,25.711
338.812,202.044,24.803,25.643
338.115,202.465,24.892,25.558
337.736,202.531,24.918,25.400
336.344,200.528,24.957,25.242
335.947,200.319,25.078,25.090
334.955,197.849,25.067,25.039
333.996,195.412,25.042,25.074
331.635,193.387,25.021,24.896
330.991,193.476,25.014,24.776
328.477,193.195,25.054,24.707
327.929,190.987,25.097,24.628
325.478,189.136,25.235,24.494
325.031,189.508,25.339,24.456
322.770,187.338,25.372,24.430
322.618,187.653,25.438,24.391
322.053,187.842,25.409,24.409
321.206,186.157,25.424,24.406
320.461,186.353,25.386,24.402
319.901,183.915,25.416,24.385
317.446,181.835,25.481,24.366
317.668,180.115,25.558,24.322
317.266,180.763,25.499,24.374
316.904,178.814,25.491,24.423
314.308,176.902,25.469,24.494
314.329,177.747,25.548,24.469
313.949,178.200,25.542,24.508
313.170,176.146,25.539,24.623
312.501,176.789,25.528,24.769
311.820,177.220,25.457,24.907
311.291,177.915,25.438,24.957
310.968,178.470,25.357,25.035
310.682,179.000,25.329,25.170
310.137,179.270,25.264,25.252
310.023,177.067,25.212,25.364
309.668,177.328,25.147,25.489
309.057,177.549,25.070,25.593
308.525,177.610,25.012,25.679
307.678,177.731,24.910,25.716
306.753,177.952,24.781,25.789
305.968,177.637,24.685,25.886
304.981,177.892,24.583,25.920
304.055,178.197,24.529,25.968
303.554,178.427,24.465,26.025
303.124,178.553,24.337,26.048
302.044,178.689,24.161,26.111
301.271,179.167,23.985,26.130
300.810,179.659,23.853,26.118
300.173,180.570,23.706,26.053
299.790,181.563,23.641,25.950
299.029,183.075,23.569,25.820
299.551,184.555,23.626,25.707
299.392,185.510,23.674,25.531
299.723,185.796,23.719,25.403
301.807,186.013,23.751,25.260
301.661,185.918,23.867,25.050
301.978,184.161,24.033,24.818
302.486,182.658,24.196,24.518
302.895,182.789,24.441,24.148
303.091,180.745,24.611,23.891
303.317,179.099,24.692,23.623
304.152,177.323,24.811,23.388
304.699,175.196,24.949,23.081
305.224,173.224,25.125,22.810
305.816,171.431,25.349,22.529
306.654,169.623,25.549,22.291
308.698,169.236,25.776,22.042
308.399,166.992,26.015,21.802
308.924,166.027,26.193,21.647
311.104,163.544,26.349,21.524
311.035,162.819,26.610,21.402
313.311,161.835,26.741,21.433
312.969,160.933,26.832,21.521
312.921,160.241,26.888,21.609
312.939,159.518,26.972,21.788
313.656,158.954,26.933,21.886
314.541,158.619,26.884,22.105
314.896,158.500,26.819,22.292
314.734,158.626,26.790,22.540
314.218,159.001,26.730,22.724
314.030,158.722,26.744,22.879
313.668,158.392,26.868,23.055
313.687,157.967,26.933,23.204
313.562,157.414,27.075,23.349
313.368,157.014,27.043,23.581
313.809,157.039,26.981,23.891
314.472,156.979,26.882,24.191
315.096,157.176,26.691,24.512
316.119,157.209,26.521,24.886
316.734,157.492,26.382,25.179
317.018,157.927,26.305,25.484
317.324,158.290,26.156,25.798
316.803,158.647,25.994,26.028
315.906,159.315,25.940,26.221
315.428,159.713,25.867,26.420
315.510,160.545,25.818,26.558
315.774,161.638,25.743,26.643
316.530,162.800,25.763,26.733
316.983,163.918,25.762,26.786
317.615,164.897,25.737,26.796
318.675,165.551,25.748,26.837
319.049,166.053,25.797,26.932
319.790,163.945,25.737,26.957
319.685,164.513,25.723,26.984
320.053,165.008,25.852,27.018
319.917,165.286,25.918,27.150
320.245,163.222,25.915,27.105
320.236,164.108,25.949,27.096
320.302,164.918,26.046,27.108
319.814,165.391,26.053,27.191
320.106,163.414,26.009,27.165
319.457,163.663,26.005,27.199
318.895,161.232,26.007,27.247
318.545,161.329,26.057,27.322
317.961,158.643,26.134,27.405
317.550,156.264,26.116,27.431
317.074,153.844,26.217,27.415
316.428,151.517,26.211,27.384
315.669,149.232,26.274,27.386
315.520,146.718,26.332,27.369
315.256,144.711,26.371,27.320
317.849,142.776,26.344,27.343
317.944,142.941,26.254,27.389
318.388,143.409,26.173,27.377
320.931,143.338,26.108,27.470
320.713,143.644,26.093,27.518
320.885,144.092,25.961,27.526
321.427,144.214,25.911,27.595
321.759,143.939,25.824,27.627
321.329,144.386,25.626,27.591
320.065,144.904,25.417,27.616
319.161,145.700,25.279,27.523
318.733,147.016,25.164,27.318
318.262,148.168,24.985,27.155
317.766,149.413,24.883,26.968
317.399,150.583,24.806,26.739
316.827,152.149,24.814,26.459
316.453,154.242,24.928,26.086
316.488,156.569,25.033,25.717
316.751,159.040,25.187,25.383
317.153,162.730,25.173,25.311
317.981,167.414,25.217,25.051
318.440,172.032,25.212,24.879
319.073,173.968,25.376,24.614
319.130,177.775,25.333,24.559
319.204,179.129,25.335,24.474
319.504,180.506,25.360,24.394
319.401,180.899,25.310,24.424
318.892,182.210,25.259,24.361
318.482,184.381,25.165,24.163
317.901,187.573,25.110,24.150
317.135,188.732,25.082,24.057
316.447,189.582,25.125,23.930
314.160,190.483,25.365,23.666
313.356,191.481,25.424,23.488
311.070,192.292,25.576,23.181
310.993,192.836,25.728,22.977
310.471,193.314,25.788,22.820
310.063,193.885,25.991,22.588
309.802,194.597,26.078,22.427
309.716,195.354,26.039,22.305
310.219,195.870,26.121,22.152
310.045,196.359,26.089,21.997
310.114,196.274,26.237,21.981
310.089,194.434,26.200,21.898
310.307,194.486,26.234,21.948
310.222,194.494,26.220,22.016
309.978,195.065,26.207,22.009
310.399,196.349,26.161,21.907
309.959,197.186,26.169,21.924
309.593,199.136,26.124,21.785
308.824,201.057,26.084,21.669
308.808,202.956,26.138,21.512
308.379,205.368,26.078,21.294
307.842,206.622,26.076,21.229
307.960,208.354,26.007,21.176
307.428,209.620,25.911,21.117
307.153,211.303,25.813,21.053
307.157,212.178,25.706,21.051
306.913,212.850,25.658,21.029
306.383,214.288,25.471,20.997
306.084,215.902,25.410,20.886
306.646,216.786,25.342,20.859
306.770,217.281,25.204,20.916
306.743,218.163,25.149,20.949
306.431,218.531,25.147,20.937
306.321,217.364,25.107,20.798
305.951,217.604,25.081,20.752
306.199,217.994,25.088,20.674
306.836,218.162,24.998,20.677
307.698,216.577,24.807,20.685
310.139,215.476,24.730,20.784
310.404,216.435,24.618,20.857
312.301,217.030,24.307,21.004
312.903,215.681,24.233,21.037
314.799,216.343,24.070,21.117
315.234,215.086,23.956,21.118
317.264,215.923,23.884,21.178
317.432,216.991,23.857,21.222
317.362,218.123,23.842,21.262
317.723,219.470,23.772,21.335
320.098,217.972,23.754,21.325
320.054,219.177,23.811,21.342
320.333,220.102,23.780,21.377
320.537,218.505,23.890,21.326
322.515,216.634,23.944,21.293
322.631,217.505,23.998,21.290
324.463,215.316,23.998,21.302
324.401,215.949,24.020,21.307
326.188,213.699,24.048,21.296
326.078,211.873,24.155,21.210
327.681,209.633,24.161,21.174
327.709,210.416,24.220,21.158
327.868,208.536,24.290,21.141
327.860,206.431,24.316,21.131
327.734,204.216,24.356,21.116
327.705,201.819,24.373,21.107
327.370,199.278,24.376,21.110
327.083,199.480,24.374,21.112
326.684,199.292,24.373,21.114
326.584,198.863,24.372,21.116
326.848,198.162,24.371,21.117
327.204,197.203,24.370,21.117
329.028,197.397,24.376,21.112
329.944,197.518,24.393,21.096
330.290,197.946,24.440,21.056
330.816,198.018,24.506,20.993
331.207,198.124,24.555,20.941
331.098,198.309,24.623,20.867
331.240,198.313,24.709,20.775
331.547,198.180,24.768,20.710
331.611,198.085,24.822,20.649
331.416,198.021,24.891,20.571
331.316,198.810,24.885,20.564
330.974,199.297,24.871,20.561
330.060,199.426,24.859,20.563
341.458,215.117,25.899,19.354
339.257,215.875,26.685,18.480
339.673,216.301,26.085,18.864
337.484,216.730,25.620,19.220
338.101,214.578,26.350,18.317
337.817,215.346,26.863,17.499
337.423,216.079,27.214,16.829
337.030,216.662,27.385,16.258
334.704,217.543,27.505,15.799
333.913,218.285,27.777,15.462
333.050,218.753,27.942,15.201
332.327,218.683,28.164,15.003
330.521,218.208,28.473,14.923
328.690,215.343,28.460,14.932
327.401,212.883,28.223,14.994
326.587,212.430,28.124,15.099
325.025,209.834,27.958,15.111
324.049,209.446,27.773,15.248
324.031,208.787,26.753,16.354
319.730,208.805,26.940,16.224
316.210,209.616,27.050,15.913
312.477,212.967,27.068,15.734
309.392,214.024,27.159,15.450
307.452,215.006,27.238,15.329
306.012,215.662,27.314,15.233
304.382,215.597,27.351,15.355
301.964,214.976,27.227,15.644
301.146,214.301,27.122,15.771
299.470,211.266,27.062,15.920
298.610,210.458,26.974,16.040
298.317,207.758,26.754,16.232
297.418,207.043,26.715,16.297
297.871,206.104,26.382,16.672
297.221,203.908,25.931,17.060
296.939,201.363,25.470,17.321
296.739,199.181,25.282,17.512
296.106,197.227,25.181,17.662
296.098,195.170,24.963,17.866
296.804,194.664,24.691,18.117
296.977,193.922,24.465,18.332
297.201,193.398,24.263,18.543
296.675,192.932,24.151,18.654
296.121,192.675,24.003,18.782
296.238,192.468,23.855,18.944
295.948,192.318,23.720,19.107
295.578,189.420,23.575,19.340
295.821,189.155,23.459,19.464
295.622,186.584,23.293,19.588
295.657,186.364,23.224,19.649
296.021,186.243,23.173,19.690
298.890,188.978,23.067,19.779
299.218,188.981,22.935,19.903
299.249,189.493,22.884,19.945
299.832,192.582,22.782,20.044
303.732,195.274,22.625,20.229
304.314,195.380,22.420,20.400
304.893,194.133,22.307,20.453
305.315,193.186,22.215,20.516
305.886,192.248,22.141,20.556
309.370,192.195,22.062,20.630
310.158,192.425,22.037,20.657
317.205,197.982,22.662,20.073
315.467,198.407,23.335,19.459
314.114,201.416,24.183,18.744
312.562,201.730,24.853,18.191
308.689,202.196,25.580,17.587
307.066,202.655,26.218,17.057
305.187,203.087,26.972,16.436
304.021,203.525,27.766,15.837
302.301,204.037,28.445,15.305
300.340,204.479,28.956,14.893
301.094,207.289,29.489,14.506
299.061,207.499,30.012,14.129
296.854,207.801,30.520,13.738
295.714,207.869,30.940,13.415
294.055,208.221,31.172,13.238
288.355,199.817,29.968,14.394
288.051,200.551,28.845,15.467
288.433,203.207,27.895,16.459
288.050,203.839,27.032,17.397
287.545,204.984,26.390,18.077
287.331,206.365,25.909,18.513
287.007,207.867,25.567,18.889
286.880,209.131,25.296,19.288
286.592,210.278,25.100,19.618
286.556,211.345,25.004,19.879
286.472,212.654,24.969,20.065
286.389,213.822,24.940,20.183
286.717,216.303,24.959,20.288
286.223,217.403,25.140,20.268
286.307,218.232,25.274,20.223
286.102,218.418,25.408,20.209
286.115,218.571,25.534,20.158
286.555,218.183,25.469,20.281
287.069,217.916,25.541,20.401
287.417,217.941,25.584,20.469
288.237,218.270,25.557,20.489
289.420,218.636,25.692,20.508
292.040,219.607,25.847,20.398
294.764,221.130,25.989,20.397
297.541,222.068,26.068,20.430
300.186,222.857,25.996,20.551
302.685,224.076,26.035,20.670
305.346,224.711,25.844,20.818
308.000,225.445,25.842,20.908
309.006,225.671,25.844,21.041
311.918,226.342,25.922,21.046
314.810,226.538,25.949,21.134
318.213,226.639,25.854,21.259
321.296,224.689,25.956,21.342
324.394,225.003,26.006,21.445
327.843,225.228,26.149,21.488
331.819,225.590,26.275,21.615
334.919,226.243,26.406,21.696
337.984,226.587,26.414,21.780
341.381,226.975,26.420,21.926
345.144,227.869,26.393,22.006
348.317,228.674,26.287,22.135
351.901,228.823,26.151,22.235
355.055,228.604,25.961,22.414
356.155,226.460,25.840,22.459
358.810,224.416,25.633,22.558
361.262,223.673,25.248,22.891
361.587,221.071,24.991,22.914
362.134,218.757,24.871,22.941
362.475,217.166,24.787,22.856
363.291,215.663,24.657,22.829
365.544,215.634,24.619,22.883
365.011,214.074,24.575,22.913
365.288,215.078,24.515,22.927
366.241,216.106,24.496,22.937
366.924,217.325,24.526,22.898
367.088,218.993,24.586,22.822
367.745,220.523,24.657,22.770
368.397,222.390,24.784,22.725
369.141,224.517,24.844,22.641
369.841,225.843,24.910,22.581
370.469,226.508,24.952,22.640
371.039,225.138,25.050,22.631
371.196,224.155,25.160,22.481
371.739,225.195,25.093,22.531
372.413,223.809,25.125,22.515
372.679,224.497,25.097,22.665
373.158,222.924,25.187,22.687
372.965,223.677,25.151,22.806
373.246,222.150,25.198,22.796
373.620,223.022,25.227,22.933
373.740,221.387,25.315,22.953
374.015,222.217,25.353,23.059
374.318,220.127,25.397,23.117
373.982,217.916,25.383,23.166
374.498,215.791,25.450,23.148
374.504,213.415,25.412,23.203
375.000,211.203,25.483,23.220
375.259,209.021,25.512,23.213
375.726,209.820,25.489,23.270
376.432,210.373,25.388,23.343
379.081,207.663,25.366,23.426
378.606,205.046,25.329,23.466
378.600,202.277,25.304,23.517
378.641,199.527,25.235,23.592
378.474,196.881,25.188,23.622
378.199,193.970,25.073,23.716
377.742,193.861,25.002,23.868
377.479,190.915,24.906,23.946
376.892,187.778,24.825,24.041
376.698,184.732,24.779,24.118
376.263,181.583,24.722,24.195
375.893,178.477,24.605,24.312
376.300,175.587,24.475,24.397
376.385,172.858,24.309,24.503
375.861,170.089,24.070,24.646
376.016,170.120,23.893,24.725
375.946,169.969,23.698,24.843
375.668,169.678,23.573,24.921
375.417,167.180,23.571,24.857
374.642,166.998,23.394,24.902
374.326,166.825,23.347,24.884
373.560,166.387,23.243,25.004
370.867,163.507,23.231,24.978
370.714,160.755,23.109,24.912
370.463,160.675,22.907,25.004
369.384,157.874,22.788,24.944
368.380,154.389,22.741,24.963
367.306,148.572,22.677,24.935
366.834,145.097,22.567,24.982
367.054,141.221,20.984,26.622
367.074,140.028,19.781,27.900
367.612,138.720,18.868,29.021
368.256,135.776,18.160,29.781
369.024,135.546,17.595,30.272
370.094,135.232,17.189,30.599
371.054,134.973,16.802,30.904
371.863,134.899,16.631,30.995
372.153,135.125,16.424,31.155
371.782,134.812,16.362,31.147
371.453,134.268,16.341,31.235
371.607,131.838,16.254,31.174
372.048,132.176,16.127,31.238
374.380,130.290,16.017,31.155
374.772,127.085,15.842,31.276
377.143,127.002,15.541,31.414
377.522,127.056,15.328,31.561
377.075,127.618,15.220,31.554
377.442,127.239,14.533,32.444
377.833,126.711,14.077,33.034
378.030,126.843,13.732,33.471
378.357,126.945,13.492,33.761
378.680,127.228,13.272,34.093
378.814,126.873,13.091,34.385
378.984,126.769,13.044,34.541
379.311,126.504,12.944,34.706
379.582,126.351,12.879,34.757
379.819,126.387,12.879,34.799
379.664,126.156,12.869,34.810
379.749,126.359,12.844,34.833
379.888,126.569,12.850,34.823
380.016,126.586,12.860,34.972
380.075,127.086,12.837,35.110
380.041,127.741,12.793,35.067
379.633,127.843,12.714,35.053
379.248,125.641,12.632,35.063
378.937,125.334,12.573,35.121
378.545,125.499,12.483,35.190
378.704,122.744,12.398,35.254
378.900,122.977,12.305,35.332
378.799,121.357,12.292,35.227
378.477,122.905,12.225,35.049
377.952,124.087,12.236,34.883
377.992,124.419,12.086,34.874
378.197,124.511,12.007,35.044
378.665,124.673,11.974,35.085
379.023,124.710,11.969,35.138
379.341,123.360,12.024,34.908
379.700,121.315,12.065,34.807
382.475,121.665,12.129,34.627
382.545,119.419,12.166,34.568
385.137,119.337,12.232,34.463
385.368,116.671,12.286,34.327
387.490,115.777,12.950,33.198
387.778,114.547,13.310,32.567
389.923,115.451,13.614,31.982
389.903,115.753,13.269,32.177
390.154,114.815,13.515,31.544
390.290,113.786,13.679,31.059
390.860,113.408,13.137,31.651
391.523,113.386,12.745,32.098
391.764,113.919,12.490,32.314
391.923,114.178,12.287,32.505
391.940,114.494,12.075,32.631
391.667,114.684,11.903,32.804
391.422,115.247,11.886,32.838
391.027,116.261,11.839,32.722
391.049,116.725,11.795,32.769
391.033,115.163,11.870,32.514
391.121,115.450,11.918,32.471
392.932,116.359,12.525,31.659
392.894,116.791,12.963,30.941
393.111,115.191,13.468,30.126
395.110,115.707,13.868,29.558
395.029,113.739,14.155,28.986
395.085,112.378,15.617,27.253
394.972,111.493,16.880,25.887
395.130,110.358,17.857,24.723
395.374,110.798,18.645,23.876
395.662,109.103,19.316,23.122
395.477,107.336,19.944,22.491
395.137,105.891,20.419,21.998
394.806,104.826,20.915,21.483
394.349,103.570,21.232,21.140
394.212,102.235,21.491,20.893
394.033,102.772,21.593,20.833
393.899,101.010,21.716,20.718
393.584,101.517,21.740,20.706
391.120,101.434,21.814,20.688
388.681,99.044,21.898,20.630
388.701,97.027,21.968,20.573
388.503,97.452,21.950,20.589
388.143,97.614,21.925,20.609
394.230,104.723,20.726,22.116
395.417,109.315,19.162,23.974
395.870,111.163,18.120,25.221
395.677,114.628,18.566,24.930
395.331,115.315,18.962,24.589
395.251,116.677,19.374,24.286
394.915,117.912,19.780,23.998
394.160,119.225,20.153,23.688
393.759,120.527,20.428,23.448
393.458,121.857,20.574,23.359
392.865,122.939,20.779,23.278
392.202,123.890,20.789,23.359
391.446,124.604,20.895,23.354
391.213,125.022,20.936,23.388
390.626,125.862,20.972,23.330
389.958,126.280,20.956,23.391
389.517,126.844,20.902,23.465
389.542,127.143,21.027,23.377
389.336,127.566,21.000,23.400
388.947,127.540,21.019,23.396
388.303,127.943,21.088,23.316
387.763,128.555,21.145,23.237
387.281,129.243,21.255,23.152
387.148,132.282,21.373,23.044
386.751,133.114,21.531,22.958
386.162,133.977,21.618,22.913
385.169,134.757,21.722,22.774
382.928,135.740,21.991,22.633
382.515,136.359,22.096,22.604
381.749,136.855,22.236,22.533
379.331,138.139,22.437,22.275
379.234,139.212,22.574,22.067
378.297,142.548,22.765,21.873
376.441,143.250,22.955,21.566
376.124,146.526,23.166,21.412
375.788,149.886,23.398,21.223
373.964,149.720,23.354,21.186
374.328,152.505,23.341,21.135
372.376,151.579,23.324,21.238
372.460,151.204,23.170,21.360
370.435,151.196,23.210,21.330
370.567,153.647,23.198,21.320
368.464,153.592,23.190,21.246
368.752,155.823,23.122,21.268
366.615,155.629,23.072,21.256
364.972,155.377,23.038,21.270
365.420,155.366,23.005,21.172
365.669,157.308,22.890,21.235
365.586,156.960,22.875,21.191
363.207,156.707,22.833,21.222
363.898,158.370,22.877,21.268
361.995,157.483,22.766,21.325
362.275,159.217,22.743,21.282
362.460,158.116,22.747,21.251
360.360,157.465,22.661,21.296
361.078,159.216,22.656,21.284
361.796,158.302,22.586,21.342
362.406,158.485,22.604,21.288
362.383,159.011,22.677,21.184
362.671,159.633,22.760,21.095
362.586,160.724,22.931,20.939
362.589,161.793,22.973,20.893
363.077,162.018,22.921,20.888
361.178,159.632,22.838,20.950
361.674,159.844,22.652,21.058
361.997,157.520,22.525,21.141
362.274,155.372,22.385,21.224
362.098,153.468,22.331,21.280
362.180,151.772,22.337,21.297
362.286,152.389,22.221,21.285
362.712,152.770,22.082,21.372
363.452,152.820,21.895,21.491
364.028,153.227,21.676,21.569
364.735,153.330,21.387,21.706
365.407,151.240,21.225,21.724
368.609,151.470,20.987,21.773
368.867,149.193,20.770,21.857
369.277,148.944,20.474,22.043
369.562,149.438,19.473,23.045
363.524,146.717,19.594,23.130
363.900,148.661,18.309,24.719
364.103,147.959,17.180,26.101
365.147,147.117,16.200,27.331
366.054,143.538,15.562,28.275
366.915,142.956,14.696,29.477
367.802,142.129,13.970,30.570
368.288,142.151,13.499,31.292
368.759,141.876,13.094,31.951
369.008,141.643,12.728,32.468
369.312,141.339,12.427,32.893
369.458,141.056,12.209,33.300
369.826,140.784,12.001,33.682
370.344,140.620,11.892,33.868
370.712,140.429,11.836,33.938
373.347,143.723,11.794,33.916
373.272,143.682,11.750,33.871
373.279,142.235,11.727,33.838
373.271,138.855,11.697,33.805
372.946,138.191,11.776,33.637
372.626,137.482,11.843,33.485
365.842,135.354,12.912,32.247
362.510,133.435,14.224,30.797
362.239,134.616,15.611,29.276
361.635,135.377,16.767,28.029
361.790,133.516,17.746,26.986
361.903,131.488,18.634,26.106
362.391,129.292,19.366,25.289
362.490,126.969,19.928,24.748
362.621,124.820,20.421,24.174
362.381,125.100,20.822,23.828
362.798,122.842,21.146,23.518
363.354,120.559,21.426,23.140
363.603,118.358,21.679,22.887
363.841,116.130,21.937,22.627
364.003,116.291,21.942,22.542
364.106,114.012,21.973,22.461
364.327,112.012,22.045,22.349
364.319,109.920,22.141,22.211
364.372,110.316,22.310,22.180
364.574,108.075,22.353,22.113
365.082,106.301,22.548,22.032
365.029,104.587,22.604,21.939
365.314,103.122,22.675,21.837
366.134,103.217,22.706,21.898
366.391,101.172,22.777,21.914
366.637,99.514,22.787,21.931
367.227,98.113,22.814,21.849
367.519,98.480,22.860,21.873
367.522,96.480,22.732,21.906
367.422,94.858,22.735,21.869
367.366,93.297,22.831,21.861
367.220,92.354,22.924,21.766
366.939,93.425,22.906,21.713
367.018,92.652,22.975,21.590
367.915,93.683,22.864,21.526
368.912,94.815,22.756,21.507
369.041,95.539,22.563,21.569
369.301,94.280,22.522,21.545
369.583,95.724,22.436,21.485
369.318,96.446,22.304,21.556
368.868,96.892,22.085,21.664
368.038,95.579,22.026,21.636
367.617,96.816,21.924,21.613
366.703,97.807,21.822,21.612
366.109,98.649,21.714,21.632
365.854,99.244,21.556,21.706
365.063,97.601,21.559,21.687
364.773,98.418,21.537,21.712
363.589,96.563,21.542,21.706
362.749,95.308,21.632,21.601
361.407,93.900,21.737,21.448
357.792,95.212,21.828,21.330
355.656,95.784,21.851,21.317
354.173,94.135,21.942,21.221
353.000,95.055,22.048,21.211
352.012,93.529,22.197,21.107
350.764,94.163,22.179,21.195
348.843,92.612,22.385,21.041
345.982,90.978,22.482,20.960
343.211,89.431,22.662,20.791
340.669,87.943,22.855,20.612
337.915,88.502,22.900,20.671
335.930,86.690,23.126,20.590
335.234,87.229,23.198,20.650
334.316,85.044,23.255,20.657
333.857,85.792,23.407,20.575
333.272,86.353,23.432,20.613
332.760,86.990,23.580,20.623
332.488,87.540,23.657,20.677
332.069,88.361,23.715,20.666
331.829,89.244,23.768,20.660
330.922,89.770,23.734,20.709
328.516,90.276,23.845,20.691
326.283,91.012,23.985,20.584
326.503,91.474,24.011,20.606
327.333,91.839,24.112,20.683
329.480,92.315,24.078,20.760
330.207,92.971,24.235,20.736
332.902,93.365,24.219,20.833
333.605,93.663,24.271,20.932
334.072,94.593,24.374,20.878
334.137,95.684,24.429,20.772
334.574,99.272,24.458,20.825
335.100,100.108,24.565,20.916
334.374,100.624,24.504,21.078
334.374,101.103,24.512,21.258
333.791,99.050,24.553,21.325
334.753,99.948,24.617,21.394
335.364,100.777,24.720,21.518
336.255,101.571,24.716,21.696
336.783,102.106,24.677,21.888
337.013,102.439,24.653,22.140
337.091,100.517,24.729,22.086
337.422,101.434,24.804,22.155
336.939,102.231,24.871,22.310
337.331,102.980,24.872,22.504
337.975,103.158,24.836,22.756
337.964,103.387,24.806,22.925
338.627,103.789,24.782,23.129
338.307,104.271,24.743,23.313
338.215,104.613,24.682,23.477
338.541,104.827,24.624,23.719
338.813,105.264,24.670,23.839
338.798,105.556,24.661,24.082
338.929,103.816,24.852,23.961
339.385,104.601,24.859,24.053
338.881,104.967,24.818,24.236
338.787,105.397,24.773,24.372
337.755,105.900,24.910,24.444
337.686,106.127,24.870,24.627
337.723,104.054,25.093,24.417
337.717,104.678,25.132,24.444
338.134,105.336,25.261,24.486
338.249,105.605,25.291,24.595
338.121,106.281,25.276,24.664
338.579,107.118,25.532,24.599
338.854,107.983,25.657,24.525
339.117,109.119,25.783,24.400
339.262,110.112,25.913,24.315
339.418,110.761,25.854,24.425
339.591,111.321,25.619,24.543
340.286,111.718,25.635,24.596
340.546,112.459,25.423,24.668
342.736,113.612,25.131,24.825
343.231,114.163,24.941,24.969
343.944,114.596,24.756,25.180
345.885,115.370,24.452,25.390
345.583,116.150,24.194,25.582
345.431,116.578,23.927,25.795
346.336,116.499,23.633,25.952
346.566,116.610,23.280,26.187
346.219,116.888,23.029,26.323
346.251,116.863,22.873,26.432
345.555,117.080,22.795,26.492
344.959,117.638,22.735,26.543
344.745,118.404,22.862,26.375
344.208,119.060,22.903,26.308
343.955,119.644,23.080,26.139
343.050,120.787,23.286,25.905
342.718,121.810,23.562,25.598
342.245,122.973,23.951,25.182
341.367,124.225,24.370,24.692
341.463,125.293,24.956,24.126
341.454,126.418,25.684,23.487
343.656,130.364,25.576,23.552
345.302,131.496,25.578,23.336
347.408,135.317,25.355,23.631
349.511,136.049,25.099,23.928
351.113,136.797,24.961,24.052
352.580,137.258,24.696,24.313
354.295,137.809,24.794,24.443
355.320,138.039,24.720,24.574
355.513,138.411,24.613,24.789
355.248,138.876,24.479,24.962
353.990,136.920,24.552,24.860
353.148,137.722,24.456,24.927
352.374,138.602,24.467,24.960
351.232,139.599,24.532,25.023
351.233,140.651,24.714,24.974
350.422,144.531,24.706,25.052
349.566,148.109,24.656,25.187
349.368,149.352,24.813,25.073
349.634,153.403,24.819,25.117
350.007,154.697,24.976,24.972
350.168,156.238,25.050,24.850
350.788,157.599,25.132,24.823
351.226,158.784,25.115,24.843
351.448,159.865,25.138,24.876
352.145,160.394,25.179,25.024
352.316,160.891,25.025,25.115
352.279,160.681,24.966,25.330
351.307,158.641,24.967,25.367
352.003,158.612,24.902,25.472
351.657,156.539,24.916,25.462
352.297,156.542,24.931,25.483
353.512,154.481,25.077,25.377
354.637,154.646,24.971,25.441
355.831,152.587,25.140,25.317
356.971,150.590,25.282,25.222
358.011,148.489,25.442,25.189
358.624,145.816,25.311,25.328
359.760,142.866,25.189,25.359
360.337,139.616,25.073,25.399
362.171,136.094,24.876,25.603
362.604,132.632,24.853,25.738
359.836,129.347,24.887,25.756
361.358,126.300,25.017,25.848
360.346,123.196,24.999,25.990
357.230,120.404,25.112,25.901
353.421,117.745,25.084,26.045
352.023,117.719,25.130,26.187
350.338,117.527,25.105,26.325
346.638,115.408,25.147,26.190
345.286,116.065,25.159,26.199
343.924,116.147,25.122,26.335
342.341,116.282,25.106,26.441
341.458,116.536,25.069,26.521
340.676,117.018,25.251,26.483
340.240,117.649,25.283,26.509
339.380,117.998,25.292,26.643
338.351,118.636,25.392,26.612
337.644,118.854,25.505,26.581
336.955,119.145,25.504,26.601
336.855,119.338,25.594,26.687
336.585,119.360,25.654,26.781
336.187,119.294,25.651,26.897
336.108,117.199,25.792,26.711
336.220,117.965,25.823,26.721
336.533,115.872,25.998,26.500
336.722,116.845,26.115,26.523
336.784,117.142,26.119,26.717
337.010,114.739,26.275,26.713
337.617,114.920,26.282,26.765
336.659,112.193,26.302,26.876
337.981,112.553,26.380,26.944
337.414,109.839,26.483,27.047
337.622,107.174,26.666,26.875
337.887,107.717,26.666,26.895
337.586,107.954,26.652,27.102
337.339,108.018,26.566,27.222
337.322,108.128,26.648,27.347
337.789,108.414,26.624,27.469
337.941,108.700,26.629,27.516
338.012,108.680,26.605,27.722
338.251,108.428,26.572,27.891
337.982,105.666,26.736,27.721
338.197,105.953,26.751,27.768
338.935,105.662,26.822,27.952
338.662,102.960,26.905,27.833
338.991,103.292,26.911,27.902
339.137,103.639,26.974,27.880
338.091,103.861,26.879,28.021
338.004,104.494,26.908,27.935
337.338,105.224,27.019,27.890
336.626,106.220,27.124,27.767
336.855,107.326,27.205,27.646
336.149,108.509,27.168,27.654
335.711,109.619,27.286,27.481
335.760,110.910,27.345,27.344
334.793,112.156,27.311,27.232
334.423,113.229,27.453,27.090
334.229,114.535,27.531,26.991
334.162,115.836,27.547,26.944
334.882,116.530,27.559,26.895
335.148,117.446,27.697,26.922
335.092,117.845,27.640,27.112
335.716,118.482,27.607,27.267
336.437,118.588,27.493,27.474
337.293,118.416,27.548,27.679
337.560,117.940,27.451,27.979
337.923,115.158,27.688,27.857
338.939,115.530,27.816,27.886
339.857,115.705,27.707,27.962
340.774,115.278,27.638,28.171
341.373,115.146,27.554,28.318
342.959,114.781,27.585,28.384
343.201,114.884,27.540,28.490
343.643,111.347,28.146,27.855
347.620,114.813,27.535,28.422
346.124,116.734,27.667,28.247
346.026,113.793,27.639,28.342
346.425,113.658,27.524,28.540
347.316,113.142,27.464,28.670
347.869,112.792,27.500,28.807
348.667,112.485,27.577,28.896
349.437,112.185,27.684,29.042
351.096,112.049,27.836,29.002
352.161,112.325,27.974,28.979
353.936,112.641,28.133,28.828
355.375,113.146,28.306,28.642
357.342,113.795,28.600,28.495
359.580,115.039,28.445,28.460
361.180,115.475,28.612,28.297
363.112,115.778,28.837,28.244
365.324,116.088,29.026,28.106
367.162,116.475,29.053,28.037
368.753,116.661,28.918,28.241
369.241,116.669,28.661,28.579
370.283,116.642,28.474,28.815
369.925,113.533,28.237,29.071
369.609,113.524,28.068,29.363
369.618,112.940,27.854,29.665
367.960,109.794,27.820,29.804
366.889,109.697,27.798,30.036
365.409,109.271,27.726,30.224
363.298,106.181,27.795,30.285
361.593,106.017,27.862,30.375
359.008,103.188,27.938,30.342
358.003,102.962,27.913,30.469
355.000,99.763,27.802,30.585
353.593,99.633,27.907,30.677
352.511,99.234,27.995,30.758
350.365,96.272,28.098,30.631
349.546,96.650,28.187,30.583
346.857,97.542,28.147,30.594
345.630,98.511,28.278,30.406
343.226,99.708,28.340,30.228
342.033,100.635,28.411,30.144
340.911,102.108,28.422,29.895
339.508,103.249,28.335,29.863
338.703,104.609,28.298,29.795
337.111,106.172,28.336,29.662
336.177,107.100,28.209,29.621
336.162,108.249,28.310,29.449
335.720,109.164,28.290,29.451
335.494,110.172,28.269,29.449
335.601,110.835,28.263,29.497
335.937,111.099,28.205,29.513
337.219,111.260,28.258,29.432
338.891,111.572,28.398,29.300
340.454,112.673,28.551,29.091
336.655,106.153,30.737,26.609
343.849,116.278,30.251,26.751
344.691,116.578,29.708,27.383
346.612,116.631,29.449,27.676
348.281,117.345,29.257,27.896
350.055,117.833,29.114,28.053
350.818,118.611,28.989,28.121
351.519,119.244,28.813,28.253
352.231,119.743,28.661,28.449
352.530,119.984,28.323,28.727
352.641,120.003,28.117,29.005
353.130,120.054,28.046,29.153
353.341,119.985,27.895,29.395
354.301,119.533,27.904,29.469
355.115,119.295,27.894,29.512
355.680,119.113,28.000,29.548
356.093,118.848,28.002,29.701
356.244,118.710,28.014,29.819
356.211,118.976,28.047,29.830
355.871,119.346,28.083,29.794
354.556,120.041,28.007,29.804
353.387,120.552,28.017,29.742
352.821,121.033,28.038,29.714
350.534,121.544,28.011,29.771
348.792,121.815,28.085,29.807
347.746,121.729,28.100,29.881
346.518,121.800,28.198,29.978
345.961,121.603,28.231,30.081
344.507,118.696,28.264,30.001
345.326,118.627,28.322,29.987
345.534,118.615,28.382,29.948
345.984,118.643,28.416,29.884
346.256,119.059,28.478,29.823
346.958,119.510,28.615,29.635
347.004,119.788,28.625,29.630
346.852,120.278,28.757,29.551
346.727,120.380,28.675,29.666
347.092,120.322,28.624,29.746
347.098,120.596,28.684,29.651
347.306,120.832,28.729,29.639
347.098,121.092,28.751,29.623
346.542,121.368,28.841,29.740
346.259,121.869,28.871,29.808
345.969,122.136,28.917,29.839
346.456,122.245,28.985,29.846
345.461,122.162,28.929,30.002
345.054,121.927,28.971,30.025
344.957,121.287,28.948,30.132
344.464,121.052,28.993,30.229
344.269,120.671,29.047,30.304
344.024,120.923,29.099,30.289
343.538,120.946,29.154,30.369
343.343,120.985,29.280,30.359
342.940,121.058,29.326,30.359
342.517,120.831,29.273,30.484
342.884,120.711,29.316,30.493
342.657,120.407,29.204,30.674
342.686,120.095,29.232,30.700
342.169,120.267,29.324,30.722
340.905,120.619,29.309,30.787
339.960,120.985,29.291,30.685
338.498,121.654,29.192,30.746
336.610,123.094,29.265,30.412
334.489,124.725,29.274,30.156
331.806,126.432,29.205,29.866
329.423,127.865,29.152,29.748
327.544,129.481,29.233,29.451
326.135,130.687,29.302,29.225
325.188,131.876,29.363,29.030
325.425,132.858,29.456,28.866
324.486,133.624,29.513,28.825
324.043,134.393,29.620,28.912
323.933,134.707,29.606,29.048
323.937,135.279,29.699,29.043
323.728,135.807,29.796,29.077
323.007,136.363,29.715,29.184
322.276,136.847,29.654,29.294
321.631,137.305,29.596,29.433
320.935,137.391,29.400,29.612
318.005,137.174,29.295,29.730
314.568,137.842,29.339,29.653
313.433,138.523,29.389,29.703
312.341,138.261,29.443,29.761
308.858,135.635,29.471,29.742
307.472,136.991,29.480,29.731
306.307,137.807,29.490,29.722
304.989,138.587,29.530,29.722
302.452,138.847,29.537,29.703
299.647,140.087,29.636,29.601
299.414,141.783,29.787,29.489
298.800,142.746,29.737,29.539
298.351,143.931,29.776,29.542
295.533,144.430,29.952,29.421
296.069,144.962,30.041,29.327
295.889,146.769,30.072,29.210
295.788,147.447,30.124,29.077
295.662,147.135,30.033,29.015
295.065,146.828,29.898,29.029
294.147,146.676,29.683,29.030
293.500,145.960,29.541,29.008
289.399,143.712,29.421,28.905
288.312,145.623,29.326,28.814
286.894,147.023,29.171,28.762
285.464,148.228,29.022,28.808
283.614,149.312,28.858,28.878
281.854,150.886,28.758,28.946
278.542,152.289,28.658,29.039
277.382,153.704,28.662,29.181
276.015,155.083,28.708,29.292
275.045,156.066,28.670,29.457
274.091,156.917,28.726,29.571
270.950,154.435,28.796,29.710
270.515,155.396,28.883,29.783
268.344,155.788,28.939,30.069
267.662,156.490,29.130,30.081
267.164,156.900,29.337,30.110
267.593,156.794,29.428,30.354
267.876,156.969,29.568,30.460
267.463,157.538,29.794,30.401
267.176,158.068,30.078,30.440
267.192,157.682,30.260,30.468
267.038,157.454,30.463,30.577
266.516,157.798,30.870,30.534
266.621,158.289,31.134,30.666
267.117,159.342,31.424,30.679
267.767,163.246,31.652,30.811
268.194,167.177,31.791,30.792
269.297,171.242,31.877,30.770
270.994,172.069,31.978,30.811
274.992,177.692,32.039,30.848
276.635,181.769,32.165,30.821
280.238,186.568,32.080,30.895
281.739,187.468,32.316,30.747
283.060,188.333,32.378,30.727
284.569,188.402,32.491,30.814
286.572,188.307,32.602,30.896
288.490,187.581,32.499,31.039
292.796,186.556,32.248,31.326
294.680,185.454,32.287,31.389
296.459,183.905,32.176,31.556
300.601,182.385,31.778,32.026
304.228,181.406,31.484,32.354
304.327,180.424,31.123,32.862
307.815,180.090,31.049,32.935
307.707,180.528,30.890,33.176
307.774,180.670,30.670,33.341
307.990,180.475,30.691,33.463
308.139,180.674,30.717,33.491
308.528,180.843,30.711,33.562
312.746,181.728,31.016,33.401
312.989,181.737,31.210,33.389
314.006,181.524,31.254,33.470
317.503,182.558,31.471,33.330
318.595,183.338,31.490,33.459
322.064,186.875,31.742,33.201
323.115,186.803,31.670,33.501
324.206,189.920,31.650,33.607
324.964,190.767,31.467,33.775
325.802,194.572,31.376,33.860
325.501,195.405,31.366,33.749
324.749,195.083,31.254,33.785
321.824,193.089,29.142,35.720
322.447,191.830,27.478,37.294
322.141,192.549,28.049,36.477
318.819,186.945,26.589,37.818
318.483,188.290,27.325,36.894
315.321,185.889,26.054,38.126
315.328,187.590,27.116,37.001
314.166,192.241,28.307,35.762
312.410,193.023,29.290,34.726
311.500,193.506,30.092,34.110
310.956,194.134,30.642,33.694
310.258,194.760,31.193,33.441
309.669,195.488,31.496,33.251
309.275,196.450,31.779,33.132
309.147,196.689,31.968,33.043
309.099,196.609,32.235,32.885
308.637,196.202,32.504,32.617
307.612,195.642,32.910,32.351
303.276,194.234,33.002,32.290
303.133,192.716,32.975,32.334
302.832,191.621,33.155,32.255
297.869,186.981,33.218,32.105
296.849,183.406,33.453,32.024
296.557,183.488,33.510,31.947
296.486,183.128,33.427,32.014
296.040,179.702,33.555,32.043
296.723,179.428,33.339,32.369
296.950,175.986,33.171,32.501
297.074,175.876,33.063,32.741
297.177,175.563,32.977,32.950
296.892,171.304,32.950,33.044
295.899,167.704,33.051,32.964
295.377,167.899,33.014,32.982
294.116,164.818,33.217,32.956
294.085,164.243,32.979,33.250
292.729,164.047,32.807,33.478
291.802,163.922,32.647,33.627
291.262,163.899,32.563,33.712
291.294,164.237,32.563,33.751
291.397,164.043,32.484,33.791
291.203,164.776,32.368,33.824
291.575,164.708,32.404,33.829
292.330,164.283,32.319,33.920
292.195,161.753,32.319,33.859
292.330,162.152,32.259,33.789
292.183,159.275,32.156,33.656
292.146,157.100,31.969,33.467
291.739,154.403,31.671,33.414
291.112,152.175,31.295,33.248
290.840,149.095,31.138,33.228
291.143,147.206,30.945,33.034
291.425,144.574,30.606,32.930
291.378,142.579,30.438,32.755
291.635,140.457,30.147,32.602
291.782,140.197,29.929,32.494
291.678,137.481,29.803,32.255
291.603,135.425,29.729,32.058
292.369,134.929,29.592,32.017
292.489,132.106,29.582,31.823
292.601,129.614,29.609,31.644
292.976,127.076,29.666,31.406
293.264,124.396,29.720,31.225
293.575,120.871,29.774,31.004
294.047,118.264,29.836,30.782
294.223,115.523,29.978,30.542
294.896,114.282,30.090,30.408
294.960,113.197,30.181,30.253
295.003,113.211,30.298,30.058
294.143,113.262,30.496,29.885
294.274,112.985,30.591,29.791
294.422,113.154,30.720,29.647
294.849,112.417,30.889,29.623
295.004,111.672,31.022,29.591
295.936,108.864,31.025,29.504
297.271,107.835,30.989,29.535
298.200,106.415,30.985,29.519
299.329,102.914,31.040,29.527
299.143,100.789,30.976,29.557
299.752,100.678,30.994,29.541
299.858,100.081,30.866,29.582
298.682,97.979,31.028,29.460
299.378,98.185,31.021,29.346
299.532,98.174,31.066,29.222
298.608,98.476,31.237,29.036
298.942,99.672,31.391,28.854
299.226,100.145,31.532,28.655
298.781,101.826,31.580,28.546
298.698,103.605,31.526,28.459
298.235,105.733,31.442,28.439
297.637,108.010,31.409,28.406
297.518,111.700,31.367,28.480
296.605,114.836,31.238,28.634
293.223,115.834,31.168,28.722
292.032,118.812,31.145,28.707
290.994,119.287,31.118,28.661
289.481,119.896,31.192,28.574
288.723,120.725,31.101,28.645
287.788,121.947,31.010,28.707
290.293,124.866,30.872,28.760
288.850,124.520,30.776,28.835
287.518,124.783,30.674,28.911
286.568,125.908,30.627,28.947
286.222,127.136,30.593,28.971
288.483,131.748,30.510,29.028
291.236,135.487,30.393,29.132
290.402,136.810,30.301,29.209
289.677,137.828,30.216,29.235
289.529,138.263,30.115,29.260
289.136,137.413,30.038,29.371
288.052,136.366,29.981,29.452
283.935,133.799,29.971,29.475
282.939,131.174,29.862,29.529
281.699,128.191,29.849,29.577
278.243,125.614,29.885,29.547
275.355,123.234,29.888,29.509
275.682,123.023,29.849,29.534
273.026,120.544,29.894,29.483
273.552,120.505,29.818,29.516
273.340,119.738,29.787,29.529
270.035,117.401,29.807,29.469
269.590,116.912,29.802,29.471
264.993,116.390,29.793,29.481
262.972,115.223,29.788,29.485
263.508,112.062,29.725,29.551
263.415,109.888,29.383,29.936
259.022,107.136,29.184,30.162
252.059,102.761,28.410,31.080
248.252,100.057,27.881,31.721
244.493,96.404,27.460,32.234
240.933,93.056,26.775,33.058
237.815,90.384,26.083,33.873
237.567,88.121,25.346,34.754
237.608,81.944,24.720,35.534
237.912,80.035,24.365,35.954
241.451,73.544,23.969,36.413
241.967,71.511,23.669,36.757
245.873,69.543,23.420,37.043
246.570,67.932,23.248,37.241
249.943,61.566,22.878,37.689
250.369,54.283,22.425,38.236
254.358,50.720,21.814,39.012
255.216,53.943,20.912,40.227
259.662,59.093,20.205,41.177
263.763,67.270,19.564,42.035
267.591,76.957,19.256,42.393
271.593,85.559,18.877,42.872
275.390,89.202,18.630,43.165
279.136,90.511,18.426,43.369
279.168,89.459,18.154,43.703
279.109,86.756,17.818,44.151
278.388,81.590,17.646,44.406
278.322,74.815,17.408,44.749
278.184,68.474,17.330,44.842
278.293,64.135,17.318,44.849
246.766,95.595,16.717,45.255
247.827,91.886,16.050,46.101
252.525,88.414,15.581,46.776
256.567,84.270,15.166,47.359
259.888,80.114,14.791,47.977
261.088,76.110,14.661,48.296
264.953,76.151,14.435,48.646
265.749,72.971,14.286,48.826
265.962,73.507,14.209,48.993
266.114,74.837,14.162,49.146
246.533,71.076,14.654,48.723
249.781,71.009,14.789,48.994
250.532,66.545,14.797,49.333
254.561,70.369,14.793,49.668
254.793,69.915,14.782,50.039
255.225,69.067,14.765,50.364
255.782,65.348,14.656,50.825
256.106,65.156,14.602,51.008
256.362,64.685,14.499,51.357
256.644,55.587,14.395,51.795
