225.000,135.000,61.000,71.000
225.570,134.985,60.594,70.715
225.229,135.672,60.074,70.879
223.949,135.201,60.165,69.795
222.643,133.006,59.917,69.057
220.243,130.879,59.550,68.436
218.507,128.489,59.317,68.158
217.248,125.816,58.820,67.787
214.973,119.191,58.815,66.657
212.667,112.279,58.947,65.830
211.697,108.635,58.626,66.547
206.702,101.856,59.087,65.842
204.588,100.290,59.160,65.954
199.984,93.878,59.784,65.369
199.480,88.794,60.280,64.086
196.837,85.932,61.492,62.011
194.550,88.086,61.790,61.139
192.718,89.297,61.669,60.750
189.574,90.592,61.149,60.874
190.482,90.307,60.703,60.887
190.651,90.633,60.373,60.992
191.748,91.642,59.913,61.216
193.044,92.678,59.074,61.745
193.585,95.156,58.429,62.055
193.328,97.896,58.169,61.979
194.370,101.591,58.196,61.512
195.978,105.099,58.167,61.276
197.843,107.350,58.102,61.208
200.352,109.632,58.204,60.943
201.128,110.768,58.220,61.005
203.349,109.803,57.643,61.699
205.321,104.303,56.934,61.620
206.475,98.665,56.510,61.352
208.138,92.319,55.855,61.436
209.487,85.913,55.405,61.395
211.678,83.484,54.836,62.459
211.442,79.847,54.582,63.210
213.844,78.300,54.872,63.647
216.103,77.127,55.000,64.231
216.434,76.626,55.016,64.783
217.935,77.116,55.264,65.033
218.776,78.291,55.510,65.119
218.345,80.679,56.157,64.837
217.776,83.924,56.404,64.617
216.705,87.230,56.696,64.049
218.135,92.002,56.940,63.006
217.868,97.503,57.127,62.011
218.606,103.766,57.293,60.819
219.990,109.616,56.911,60.053
221.587,114.497,56.665,59.258
223.834,119.254,56.384,58.330
224.814,121.600,56.631,58.018
226.847,123.078,57.376,57.430
229.398,121.327,57.596,57.880
232.182,115.265,57.510,57.928
234.008,108.230,57.273,58.455
236.993,100.458,56.474,60.205
239.921,91.910,56.290,60.963
238.864,85.306,56.215,60.345
234.901,86.487,55.538,60.286
236.933,87.357,55.124,60.241
237.921,89.880,55.194,59.579
236.671,98.285,55.778,58.769
237.951,99.890,56.160,57.951
240.461,102.013,56.431,57.518
245.085,102.178,57.529,56.943
243.706,103.264,58.111,56.945
245.209,104.070,58.124,57.216
246.066,103.982,58.145,57.595
245.999,103.436,57.934,58.189
247.334,102.931,57.361,59.080
248.485,104.070,56.498,59.406
250.283,107.890,55.800,59.272
250.636,111.485,55.330,58.952
250.211,113.569,55.847,58.097
250.388,114.595,56.727,57.341
251.036,113.224,57.040,57.238
251.631,110.295,56.887,57.966
252.985,103.054,56.584,58.086
254.292,96.266,55.692,58.631
256.236,87.783,54.800,59.686
257.158,78.599,54.065,61.133
258.322,70.320,53.754,62.072
258.312,67.418,53.964,62.589
259.443,65.666,54.785,62.420
258.873,65.342,55.345,62.584
259.218,66.295,55.815,62.520
259.610,67.921,56.356,62.365
259.731,69.456,56.966,62.283
259.546,70.860,57.602,62.139
260.265,72.603,57.981,62.219
260.336,73.867,58.208,62.497
260.872,74.827,58.257,62.927
261.189,76.650,58.562,63.016
261.347,79.490,58.459,63.000
260.856,81.449,58.437,63.059
259.469,84.951,58.375,62.775
257.259,91.840,58.292,62.792
253.024,94.792,59.799,61.008
249.067,96.947,60.683,59.825
245.193,98.128,60.317,59.809
240.719,91.515,59.984,59.637
239.938,83.760,59.729,59.513
240.123,74.091,59.195,60.089
243.568,61.179,58.627,60.087
249.656,59.745,57.588,61.053
247.909,57.785,57.462,61.392
250.032,58.957,57.781,61.046
254.591,69.562,58.148,60.501
256.696,74.345,58.813,59.374
258.204,79.924,59.538,57.940
257.983,84.941,60.239,56.654
258.291,89.146,60.677,55.942
257.488,92.440,61.130,55.588
256.993,94.652,61.501,55.454
256.449,94.972,61.784,55.484
254.623,90.555,62.017,55.462
250.218,89.876,61.093,56.609
250.723,84.591,60.413,57.122
250.430,84.464,59.513,57.818
247.743,85.995,58.955,58.002
240.798,93.569,59.339,57.686
239.727,95.663,61.215,56.474
239.082,96.700,62.087,55.967
238.731,95.387,62.302,56.077
241.805,88.730,61.629,56.499
244.437,80.868,61.015,57.022
251.759,71.610,60.330,57.727
258.061,64.770,58.938,58.759
259.611,65.431,58.096,59.615
262.634,66.843,58.523,59.610
265.121,75.684,59.105,59.660
268.329,80.964,60.948,58.219
270.453,92.607,62.478,56.941
269.167,98.379,63.736,55.621
268.997,102.896,64.676,54.720
268.565,105.229,65.351,54.412
267.916,105.775,65.651,54.586
266.863,106.899,65.840,55.051
265.825,104.992,64.696,56.853
263.880,102.775,63.087,58.817
261.444,96.391,62.463,59.103
258.272,99.442,62.254,59.029
252.069,101.573,62.744,58.630
248.848,104.674,63.356,57.760
241.471,107.629,63.616,57.042
237.792,110.150,64.137,56.205
235.094,105.841,64.250,55.503
236.778,100.184,63.740,55.425
239.246,93.846,62.623,55.889
243.129,85.869,61.312,57.059
247.681,77.841,59.966,58.226
250.524,69.961,58.913,59.118
253.584,71.639,58.691,59.562
255.726,74.264,59.454,58.806
258.229,78.697,60.301,57.296
259.759,87.509,60.920,56.384
260.857,97.328,61.596,55.654
260.832,105.847,62.081,55.403
259.007,108.443,63.256,54.615
256.446,110.458,64.076,54.071
253.783,110.989,64.380,53.951
251.149,105.507,64.842,53.690
248.530,104.300,64.883,54.206
245.973,99.381,64.361,55.119
244.418,99.373,63.131,56.776
242.388,97.289,61.593,58.562
240.913,96.876,60.749,59.419
231.604,96.907,61.201,58.643
226.030,100.019,61.945,57.471
225.057,102.643,63.141,56.029
224.429,102.757,63.403,55.533
229.431,96.368,63.131,55.403
231.662,89.242,61.473,56.597
233.419,82.849,60.343,57.717
235.783,80.360,59.010,59.854
239.062,70.996,58.309,61.634
241.988,70.915,58.026,62.754
243.606,74.225,58.837,62.221
244.856,77.840,60.326,60.896
246.538,82.122,62.495,58.785
246.371,87.525,64.161,57.103
245.456,92.778,65.303,56.020
245.446,97.007,65.668,55.475
243.969,99.150,65.533,55.737
243.414,99.927,65.031,56.688
242.954,99.603,64.249,58.103
241.645,100.043,63.405,59.498
239.955,101.016,62.655,60.544
237.679,100.968,61.857,61.304
236.243,101.281,61.248,61.682
235.142,103.077,61.144,61.662
232.416,104.759,62.279,60.457
226.253,105.599,63.399,59.779
224.589,102.271,64.354,58.569
223.865,97.643,65.009,57.912
222.778,91.557,64.709,58.143
223.240,83.887,64.107,58.790
223.379,75.717,63.153,60.238
224.418,68.610,61.544,62.509
221.910,61.431,60.591,63.790
220.533,59.668,60.044,65.561
218.718,57.753,60.263,66.450
217.695,55.500,60.308,67.249
218.603,54.589,60.404,68.077
219.141,54.294,60.948,68.291
219.594,56.793,61.243,68.160
219.613,59.158,61.857,67.796
220.065,62.811,62.527,67.167
218.888,66.477,63.125,66.788
219.703,71.240,63.226,66.246
218.436,80.452,63.713,66.380
217.192,84.468,64.167,66.074
218.373,88.428,64.314,65.372
220.017,92.598,64.586,64.510
219.649,97.055,65.062,63.849
221.335,101.840,64.753,63.449
223.433,105.374,65.103,62.820
224.827,107.577,65.324,62.778
226.540,106.020,65.146,64.123
227.772,98.770,64.953,64.733
230.114,91.943,65.159,64.945
233.475,83.961,65.104,65.380
233.403,77.209,65.112,65.401
233.718,70.753,64.912,65.816
233.844,65.139,65.270,65.837
234.444,58.023,65.287,66.279
235.582,50.239,64.912,66.798
241.332,43.571,64.967,67.126
240.764,34.903,64.988,67.264
241.986,29.840,65.153,66.433
242.890,29.014,65.155,66.506
244.068,28.121,65.736,66.189
245.386,28.078,66.378,65.743
245.764,28.714,67.490,64.892
247.139,30.081,68.519,63.926
247.975,32.501,69.341,62.863
249.058,35.717,69.861,62.041
250.316,43.415,69.756,62.345
252.048,47.542,70.649,60.914
252.326,56.150,71.787,60.032
249.399,62.292,72.922,58.803
245.190,65.793,73.838,58.296
242.348,65.206,74.496,58.693
241.240,62.283,74.999,59.913
232.430,53.645,75.370,60.180
230.416,45.918,75.745,60.700
222.360,38.370,75.868,60.808
221.755,35.043,76.083,61.680
213.137,31.993,76.816,61.910
212.055,30.730,76.843,62.148
210.193,32.025,76.472,62.174
209.415,33.846,75.990,62.055
205.570,36.839,74.941,62.172
202.470,38.300,74.500,61.997
198.871,40.152,73.908,61.707
195.472,42.407,73.440,61.320
191.990,45.322,73.035,60.644
188.938,48.763,72.535,60.215
185.413,52.250,71.959,59.763
182.397,55.445,71.710,59.103
179.434,59.074,71.300,58.440
176.570,67.554,71.017,58.708
172.010,70.406,70.871,58.645
163.238,76.377,72.065,57.702
162.317,81.736,72.678,56.814
164.142,81.643,72.880,57.312
167.743,74.998,72.334,58.006
175.386,68.654,73.033,58.239
176.766,59.356,72.728,59.100
185.854,48.463,73.131,59.611
192.956,38.817,73.260,59.607
199.246,31.957,72.616,59.474
198.992,30.050,72.242,59.692
205.359,28.817,71.723,60.003
205.044,26.089,71.656,60.427
211.138,24.244,71.412,60.699
241.827,36.818,64.963,65.981
251.745,31.768,59.043,71.679
258.939,29.672,55.346,74.645
261.544,32.309,52.444,76.698
268.058,33.658,50.169,77.997
271.000,38.822,47.049,81.355
274.278,42.423,45.333,81.935
277.034,48.580,42.686,84.762
280.024,53.554,40.454,87.495
282.042,63.177,39.843,87.585
282.449,75.300,38.461,87.962
281.382,76.430,37.229,88.267
275.601,78.065,36.829,88.451
266.992,75.685,37.710,86.551
264.505,74.839,36.748,86.348
258.569,63.326,37.073,84.834
252.367,43.450,36.563,84.596
246.947,32.229,36.089,84.506
240.642,31.513,35.526,84.766
234.660,23.268,35.160,84.916
229.533,16.613,35.549,83.425
224.286,20.865,34.671,84.776
222.538,23.610,34.264,84.891
218.830,32.962,35.459,82.727
216.756,42.940,36.257,80.440
213.628,46.743,37.250,77.832
210.541,50.784,37.925,75.686
207.608,54.315,38.203,74.071
205.469,57.689,38.152,72.940
203.125,60.608,37.962,72.033
201.032,62.002,37.318,71.982
200.037,67.990,36.572,72.572
199.524,74.438,35.854,72.948
193.943,74.762,34.394,74.640
193.222,84.325,34.271,73.852
193.268,92.557,34.274,72.540
193.903,91.149,34.099,72.144
194.386,84.945,33.872,71.735
202.745,81.161,32.627,72.872
209.375,69.832,31.288,74.732
210.612,59.866,30.206,75.781
212.813,57.878,29.854,75.255
214.837,52.981,29.576,75.233
220.066,45.517,29.152,75.441
221.694,44.834,28.947,75.490
226.151,42.256,28.791,75.912
227.068,43.288,28.703,76.169
231.396,42.873,28.683,75.838
232.561,43.197,28.576,75.294
234.714,45.454,28.574,74.313
236.155,46.782,28.451,73.624
238.059,51.854,28.206,73.375
238.833,52.591,27.862,73.113
239.725,51.737,27.470,73.255
240.574,57.381,27.170,73.513
241.328,62.013,26.827,73.953
241.782,62.602,26.821,73.344
242.322,68.431,27.029,72.740
242.181,68.679,27.077,72.250
242.006,70.297,27.232,71.214
241.533,71.761,27.156,70.684
241.098,71.719,27.123,70.230
240.690,69.930,26.937,69.945
240.229,76.380,27.937,68.361
240.042,73.554,28.531,67.358
239.640,66.710,29.055,66.574
239.565,64.933,29.377,65.934
238.419,63.146,29.557,65.511
236.950,63.016,29.836,64.845
235.186,62.945,30.219,63.968
233.807,62.334,30.577,63.129
232.060,61.326,30.852,62.414
230.726,61.023,30.944,61.792
229.037,60.264,31.059,61.245
227.806,60.100,30.992,60.777
226.532,60.354,30.956,60.489
232.479,53.828,30.519,60.917
232.482,53.402,30.453,60.754
226.748,58.289,30.455,60.605
225.915,59.562,30.507,60.537
223.667,60.415,30.517,60.525
221.993,60.277,30.523,60.518
221.917,59.605,30.526,60.515
223.604,57.909,30.526,60.514
240.617,57.970,30.481,60.192
240.000,57.003,30.388,59.949
239.024,52.516,30.230,59.304
238.051,50.883,30.148,59.080
