51.000,53.000,87.000,290.000
53.582,46.383,90.415,286.884
53.049,42.930,93.939,282.632
55.333,41.205,96.648,279.696
55.678,43.051,98.400,277.120
59.093,43.459,98.941,276.985
61.563,43.222,99.396,276.347
64.287,43.042,99.012,276.402
67.257,44.630,98.646,276.000
70.718,44.315,98.194,276.003
73.297,40.909,97.577,276.580
75.914,41.769,97.641,275.647
79.383,41.060,97.686,274.992
82.256,45.062,97.489,273.394
85.503,45.372,97.092,273.099
87.540,45.426,96.659,272.402
90.315,45.356,96.506,272.115
94.694,45.459,96.117,272.617
96.770,46.111,96.398,271.970
99.018,45.905,96.393,271.010
102.777,48.813,97.133,269.571
105.816,48.999,97.447,268.264
108.394,44.644,97.718,267.223
111.811,49.829,97.890,265.245
113.011,52.998,98.035,264.122
114.798,57.692,98.515,261.818
117.939,61.490,98.899,260.922
120.457,60.434,99.382,260.763
123.510,59.974,99.662,260.581
125.754,59.549,100.208,260.630
126.534,56.756,100.551,260.490
126.883,54.753,101.093,259.887
129.734,59.549,101.565,258.419
132.583,58.806,102.032,257.555
134.628,57.957,102.433,257.338
136.056,55.117,102.566,257.194
136.509,58.943,102.924,255.657
138.583,53.599,106.825,250.084
138.591,62.973,109.325,244.748
141.362,62.386,110.286,241.672
143.497,65.371,111.144,238.158
146.624,61.368,111.383,236.982
150.093,69.329,110.238,235.943
151.839,70.011,109.678,234.469
148.200,72.669,109.993,232.391
150.526,71.522,108.609,231.990
153.863,73.649,106.950,231.752
159.237,78.099,102.807,235.821
163.935,80.851,98.869,239.832
165.758,82.926,96.066,242.414
168.214,84.199,93.819,245.481
170.861,82.383,92.006,248.004
172.292,81.334,91.197,249.336
176.540,75.416,90.651,251.300
177.710,77.658,89.548,251.791
179.085,76.743,89.353,251.745
180.413,79.325,89.493,250.832
182.988,81.120,89.227,251.038
186.205,81.265,88.567,251.100
188.257,84.859,88.073,250.029
191.211,86.394,87.447,249.303
192.921,90.748,87.256,247.546
194.914,86.530,86.064,247.294
198.549,85.158,85.583,246.343
199.714,85.238,85.221,245.390
202.566,85.741,84.580,244.841
202.285,80.949,83.967,244.848
204.333,77.401,83.332,244.878
205.781,77.288,82.926,244.161
206.879,76.061,82.670,243.473
208.247,75.383,82.503,242.299
210.533,73.878,81.952,242.059
212.185,74.506,81.674,241.660
213.159,74.597,81.364,241.107
215.404,78.982,81.311,239.489
218.418,76.692,81.187,237.985
219.793,80.768,81.079,236.388
221.753,81.898,80.666,235.418
222.446,82.964,80.213,234.548
223.887,80.779,80.027,233.706
226.739,89.051,79.875,232.267
227.032,88.766,79.740,230.131
227.516,84.844,79.655,228.195
228.737,85.536,79.455,226.377
230.237,91.645,79.206,224.731
230.618,92.333,79.124,222.277
232.289,93.249,80.929,217.396
232.725,95.227,80.470,216.167
233.400,93.320,80.067,214.762
234.805,95.988,79.552,213.482
236.939,95.304,79.001,212.285
237.618,99.524,78.250,212.351
239.118,94.532,77.482,212.024
241.132,93.982,76.779,211.355
241.800,92.797,76.061,211.444
243.512,93.421,75.581,210.836
243.482,95.746,75.041,210.383
244.386,94.266,74.776,209.720
245.183,91.018,74.404,209.628
247.459,91.003,74.108,209.648
250.656,92.747,74.026,209.141
253.346,93.573,73.928,208.529
254.747,92.685,73.702,207.699
256.965,91.650,73.404,207.101
258.099,92.126,73.313,205.837
259.940,91.912,74.925,202.234
260.373,92.897,74.449,201.831
260.581,104.399,73.773,202.174
261.505,100.943,73.012,202.921
262.207,100.612,72.344,203.339
263.310,100.335,71.902,203.103
265.132,101.132,71.463,202.747
266.379,100.585,70.998,202.736
266.956,97.691,70.592,202.768
267.526,96.332,70.374,202.469
267.740,96.653,70.227,201.899
267.601,97.547,69.991,201.529
268.539,97.105,69.758,201.126
269.979,96.290,69.360,200.902
271.249,93.286,68.988,200.593
271.324,91.694,68.762,200.302
271.635,88.667,68.596,199.972
272.118,89.946,68.391,199.672
272.539,89.838,68.284,199.321
273.199,99.192,67.945,199.468
273.045,92.519,67.675,199.231
273.019,101.330,67.462,199.282
273.947,96.324,67.285,198.862
273.540,93.362,67.181,198.724
272.006,98.184,67.198,198.076
271.382,95.012,66.944,197.842
270.493,93.704,66.705,197.700
269.040,93.556,66.622,197.316
268.447,92.219,66.567,196.799
267.760,97.076,66.411,196.209
266.926,94.497,66.190,195.193
265.911,99.525,65.942,194.562
268.050,96.118,65.849,193.778
268.406,91.728,65.808,193.082
270.079,90.403,65.681,192.677
270.703,89.125,65.678,192.184
271.508,97.076,65.535,191.675
273.345,92.644,65.518,190.842
273.884,92.926,65.423,190.094
275.500,89.047,65.353,189.647
276.797,86.834,65.245,189.359
277.803,85.219,65.191,188.363
279.656,82.407,65.294,187.556
280.870,78.745,65.298,187.330
282.939,75.099,65.336,186.797
281.809,100.632,67.121,183.490
283.454,97.025,66.685,183.075
282.880,104.786,68.269,179.944
284.324,99.563,70.070,176.417
285.328,104.902,71.310,173.686
285.856,100.010,70.124,174.210
288.270,106.424,71.271,171.495
289.491,102.456,69.530,173.018
289.971,100.981,68.297,173.642
291.129,108.597,69.503,171.101
290.818,102.168,70.299,168.649
290.816,109.952,71.171,166.321
292.983,97.159,69.143,167.776
292.815,104.343,69.707,166.037
294.722,101.224,68.089,167.426
296.512,101.319,66.313,168.170
298.678,100.579,64.682,169.272
300.344,100.935,63.351,170.104
301.303,100.100,62.411,170.598
301.288,93.135,61.725,170.847
302.569,89.612,61.173,170.982
302.740,95.626,60.795,170.697
305.187,98.244,60.310,170.328
305.369,93.820,59.807,170.225
305.875,98.415,59.410,169.302
306.271,94.500,59.101,168.942
306.279,95.281,58.924,168.283
307.471,94.199,58.696,167.963
307.603,93.432,58.661,167.171
309.228,93.374,58.620,166.359
310.192,91.375,58.421,165.889
311.667,87.772,58.115,165.976
311.888,89.182,58.238,165.479
311.276,87.584,58.239,165.114
312.252,86.600,58.367,164.551
312.953,85.410,58.222,164.140
313.874,84.001,58.071,163.974
313.496,83.136,58.191,164.024
314.065,83.287,58.386,163.785
314.608,84.982,59.021,162.835
314.922,90.438,58.638,162.826
316.349,88.534,58.817,162.374
317.468,86.524,58.263,162.857
318.773,87.586,57.999,162.651
319.091,90.855,57.954,161.922
319.165,89.884,57.731,161.695
319.461,89.455,57.581,161.542
320.224,88.454,57.556,161.017
321.503,87.604,57.439,160.989
321.672,89.266,57.382,160.516
322.191,88.091,56.794,160.885
322.997,88.139,56.639,160.829
323.491,89.341,56.554,160.420
324.689,97.629,56.096,159.976
324.176,97.022,55.561,160.020
324.775,93.850,55.170,159.993
325.113,92.686,54.894,159.986
326.594,91.332,54.980,159.547
327.533,93.517,55.189,159.060
327.849,94.388,55.053,158.887
327.550,93.724,54.869,158.662
327.762,92.246,54.752,158.322
327.930,93.782,54.701,157.428
327.859,95.159,54.468,156.445
328.040,96.777,53.960,155.548
328.563,96.376,53.463,154.796
329.187,95.565,53.060,154.064
329.795,96.209,52.637,153.214
330.407,97.955,52.264,152.394
331.040,96.052,52.061,151.574
332.051,95.841,51.856,150.880
332.663,93.336,51.757,150.552
332.322,92.519,51.607,149.651
333.482,95.149,51.652,148.638
334.374,95.220,51.450,147.741
333.522,94.116,50.943,147.137
334.326,100.542,50.365,146.532
334.546,102.610,49.681,146.374
335.073,98.951,49.496,145.143
335.040,98.622,49.233,144.357
334.407,98.397,49.019,143.413
334.105,99.512,48.773,142.764
334.816,97.516,48.295,142.713
335.489,96.816,47.921,142.058
335.672,95.948,47.774,141.048
335.235,94.478,47.224,140.634
336.668,93.667,47.014,139.786
337.036,95.170,46.926,138.409
336.221,94.126,46.942,137.380
336.221,95.667,47.239,135.930
336.218,95.966,47.246,135.007
336.443,94.475,47.113,134.252
335.543,103.402,46.855,133.025
336.736,102.969,46.405,132.087
337.363,101.923,46.284,131.391
337.186,101.043,46.227,130.613
337.938,101.872,46.095,129.755
338.314,102.496,45.911,129.078
337.885,104.594,45.698,128.605
338.080,104.919,45.470,128.342
338.201,106.761,45.199,127.733
337.905,106.265,44.785,127.769
337.891,106.724,44.334,127.663
337.301,107.263,43.942,127.462
338.037,107.578,43.308,127.506
338.085,107.842,43.069,126.854
337.742,109.871,42.968,125.906
337.236,109.993,42.853,124.750
338.285,107.386,42.703,124.207
338.302,106.681,42.335,123.881
337.810,107.109,42.150,123.069
337.591,106.796,42.083,121.976
337.786,107.008,42.396,120.559
338.253,107.718,42.612,119.240
337.758,107.657,42.462,118.559
338.193,106.145,42.387,117.976
338.193,105.486,42.403,117.298
338.643,105.990,42.330,116.749
338.183,107.480,42.458,115.929
339.082,107.225,42.551,115.242
339.163,108.287,42.530,114.504
339.131,108.645,42.203,114.191
340.144,109.443,42.152,113.927
338.727,108.815,41.769,113.768
339.570,108.274,41.581,113.639
340.758,108.418,41.185,113.620
340.690,109.530,41.094,113.219
339.793,111.082,41.024,112.636
341.182,110.764,40.726,112.663
340.461,110.543,40.610,112.371
340.503,109.349,40.531,111.877
340.448,108.716,40.681,110.990
340.302,110.168,40.860,110.513
340.197,108.542,40.857,109.828
341.021,108.968,40.659,109.519
341.025,110.693,40.517,109.183
341.005,110.041,40.448,108.799
341.987,109.249,40.260,108.430
341.719,109.968,40.084,108.276
341.690,109.410,39.923,107.990
342.322,109.723,39.697,107.863
342.816,109.502,39.438,107.842
342.709,109.490,39.336,107.523
343.080,109.779,39.363,107.207
342.922,110.383,39.375,106.985
342.554,112.229,39.361,106.578
342.023,114.112,39.303,106.150
342.332,115.226,39.317,105.320
342.473,114.962,39.283,104.413
342.081,114.581,39.296,103.715
343.041,114.238,39.073,103.221
343.599,114.615,38.784,102.745
343.388,114.041,38.512,102.258
343.318,115.670,38.451,101.543
344.060,114.606,38.330,100.923
343.595,113.877,38.015,100.670
343.104,114.242,39.141,98.480
342.535,115.046,38.747,98.280
342.840,114.991,38.557,97.869
342.878,114.643,38.421,97.475
342.380,116.098,39.480,95.349
342.266,116.160,38.709,95.662
342.406,115.514,39.434,93.837
341.727,117.108,40.161,92.182
341.242,116.935,40.371,91.061
341.983,117.935,40.103,90.664
342.152,116.258,38.952,91.476
342.977,114.677,37.772,92.593
342.599,114.000,36.990,93.157
342.898,114.015,36.357,93.600
342.836,112.495,35.883,93.333
343.261,111.516,35.521,93.247
343.391,110.539,35.483,93.011
343.355,109.206,35.422,92.733
343.060,109.248,35.251,92.472
342.693,109.737,35.025,92.031
343.100,110.073,34.660,92.106
343.492,109.315,34.525,91.949
344.237,109.468,34.135,91.932
343.712,110.336,34.020,91.755
343.251,111.055,33.900,91.834
343.403,110.201,33.945,91.748
343.810,110.535,33.815,91.746
344.449,110.503,33.728,91.534
344.975,111.648,33.491,91.758
345.282,112.452,33.380,91.950
344.480,114.111,33.387,91.888
343.949,114.734,33.394,91.586
343.390,115.385,33.434,91.405
343.353,116.455,33.475,91.185
343.042,117.015,33.539,90.772
343.404,116.377,33.653,90.229
343.454,116.089,33.784,89.874
343.993,116.235,33.733,89.769
344.073,115.718,33.791,89.697
343.982,116.005,33.859,89.258
344.509,115.572,33.946,88.869
344.697,115.191,33.937,88.473
344.975,114.697,34.091,88.026
345.128,114.646,34.024,87.568
345.338,115.602,34.020,86.983
