289.000,67.000,64.000,236.000
288.879,63.672,68.718,230.308
284.731,69.885,72.325,226.579
280.356,70.083,74.501,224.142
277.182,71.104,76.316,222.317
273.899,70.914,77.808,220.979
270.075,75.802,78.990,220.586
264.166,82.757,80.401,220.092
259.815,87.839,81.940,218.794
256.160,89.917,83.363,216.608
253.047,94.469,88.427,209.905
250.812,89.939,92.199,205.289
251.764,93.541,93.378,204.391
251.568,98.146,94.671,202.622
251.636,103.500,96.586,199.414
251.951,101.579,97.378,197.202
249.578,103.928,97.319,195.065
246.782,105.170,97.283,192.539
240.927,106.614,96.786,190.883
235.639,109.517,96.676,188.743
233.960,107.130,95.965,186.282
247.187,99.621,94.765,185.158
264.538,86.525,93.397,184.273
264.327,95.205,92.445,183.133
243.989,128.687,93.827,179.270
239.944,135.857,94.979,175.300
236.973,142.444,96.609,171.190
235.362,155.632,105.302,161.144
236.848,161.666,111.897,153.762
257.916,150.579,115.458,148.925
263.012,155.600,117.776,145.073
266.340,133.647,109.730,152.803
267.677,125.203,102.847,157.728
268.224,122.243,97.312,160.954
269.729,118.032,92.678,165.181
269.507,114.943,89.396,168.382
267.755,113.795,88.236,168.739
267.896,115.647,87.258,168.900
268.094,121.768,85.785,169.856
267.540,124.388,84.544,170.773
267.086,126.062,83.576,171.670
266.465,125.552,83.145,171.483
279.486,142.219,91.473,161.300
277.079,145.273,100.727,150.424
276.669,147.171,106.312,144.529
313.271,137.927,100.063,149.033
319.802,114.234,91.979,157.404
324.280,109.864,85.341,164.702
327.469,106.280,79.945,171.786
330.084,104.168,76.522,176.042
330.859,100.806,74.004,179.819
331.286,96.796,71.796,183.292
313.443,78.370,72.763,181.881
296.929,80.034,74.271,178.886
295.619,81.915,74.261,178.369
296.033,75.184,72.842,179.380
297.460,95.120,71.129,182.340
296.206,94.887,72.034,181.793
296.317,92.537,74.085,179.667
294.777,94.001,76.545,177.204
296.745,85.927,76.562,177.029
298.946,88.829,76.928,175.999
315.752,92.792,77.517,174.546
314.955,82.158,78.122,174.064
316.943,98.327,78.263,172.766
319.091,106.338,78.067,171.890
303.254,95.757,77.982,170.403
301.333,97.831,77.606,170.014
302.472,93.467,74.037,175.348
303.867,107.446,72.017,179.197
301.280,106.950,70.812,180.146
298.714,106.297,70.152,180.125
295.115,118.266,71.728,176.394
279.265,121.089,73.313,173.072
294.654,122.671,71.965,173.100
295.002,125.233,70.961,172.916
294.156,127.744,70.152,171.501
292.032,128.896,69.261,170.072
274.509,132.130,69.969,166.429
260.397,139.730,71.001,162.520
272.945,139.451,71.740,159.277
272.002,137.307,71.792,156.891
273.843,139.581,69.464,158.341
276.457,141.378,67.249,159.208
292.334,136.197,64.772,161.352
305.155,127.396,62.766,163.908
307.402,120.770,60.717,166.674
309.869,128.432,59.371,167.736
313.348,126.301,58.366,169.045
315.974,127.740,58.287,169.538
316.028,134.417,58.805,168.304
316.399,134.671,59.494,166.096
315.319,139.937,61.809,161.860
315.052,138.597,61.597,161.430
314.674,149.010,63.811,157.839
315.369,148.950,64.951,156.122
318.556,145.198,66.000,153.991
320.669,144.096,66.439,152.712
334.044,143.499,67.969,150.297
334.120,141.744,68.550,149.335
335.065,141.597,68.645,148.546
335.657,142.340,69.078,147.196
323.551,138.811,66.749,149.344
324.884,135.095,64.511,150.913
312.770,113.394,61.868,152.165
303.306,99.570,60.047,152.823
304.479,102.511,58.354,153.169
304.886,111.152,56.615,154.026
292.875,113.745,55.670,153.542
293.377,133.145,55.692,154.086
293.596,137.054,58.558,151.530
292.469,133.418,58.505,152.623
292.191,128.719,57.694,154.300
292.383,126.220,56.841,156.022
278.554,128.500,57.076,157.193
262.534,132.227,57.757,157.519
260.832,125.398,58.245,159.880
258.014,128.411,60.351,159.002
244.857,113.171,59.795,161.844
245.526,111.630,59.335,164.302
245.782,110.642,58.885,166.195
245.960,110.752,58.916,167.366
248.900,109.063,58.774,168.322
251.376,106.880,58.827,170.231
264.530,103.112,59.153,172.391
251.708,74.023,59.439,172.226
253.831,66.544,62.414,166.779
268.123,93.474,62.257,168.953
271.763,97.687,64.206,167.435
272.178,101.784,64.629,167.571
284.051,108.267,67.580,165.316
283.564,113.906,69.495,164.602
284.743,117.340,68.825,166.200
287.653,118.233,68.138,168.125
291.013,121.022,66.553,171.663
293.886,121.076,65.771,173.897
295.482,115.866,65.744,173.868
295.774,115.881,65.204,176.246
295.497,113.876,65.862,177.932
293.548,113.996,68.482,178.039
290.257,117.645,71.881,177.420
272.196,120.092,75.279,175.043
269.523,127.007,77.548,173.341
267.982,112.973,78.211,175.026
268.495,119.489,78.130,175.820
271.309,123.162,78.962,175.925
272.966,122.377,80.463,174.734
275.150,120.317,80.872,174.469
273.340,113.397,81.088,172.828
273.393,112.349,80.278,173.149
275.138,109.740,79.932,171.928
276.717,107.887,79.588,172.030
278.592,110.682,80.248,170.735
280.368,104.290,79.246,171.918
282.665,99.766,78.110,172.348
285.843,100.815,77.230,173.202
288.541,101.774,76.676,172.787
291.306,103.290,76.423,172.245
293.757,100.784,75.441,173.809
297.035,98.762,74.672,174.572
301.206,97.841,73.788,175.780
302.712,100.028,73.597,176.259
306.602,103.543,72.761,176.411
307.388,101.503,72.557,174.725
302.878,97.702,75.616,170.370
304.008,102.167,76.486,168.701
322.958,99.384,76.840,168.507
324.893,97.055,77.688,167.723
326.529,100.570,77.388,165.995
326.291,83.938,76.090,167.493
327.042,83.322,73.841,172.925
328.662,80.085,73.761,174.999
325.582,80.288,74.883,174.230
324.230,76.948,75.610,174.138
323.707,78.809,76.398,174.976
321.670,80.452,77.473,175.342
321.374,76.849,77.833,176.237
320.482,74.398,78.713,174.969
322.112,71.358,78.572,177.123
324.939,74.435,77.938,179.650
325.118,72.686,79.087,179.388
323.338,75.998,81.189,178.129
322.627,74.731,81.593,178.577
323.533,71.791,81.142,179.313
323.903,72.756,81.283,179.199
321.787,68.263,82.559,178.010
318.280,72.509,85.026,175.322
314.387,70.178,87.395,172.033
312.071,77.165,89.416,168.259
309.375,78.834,90.514,164.945
308.789,81.978,90.201,162.164
307.809,79.018,87.791,161.878
308.401,81.820,85.276,163.014
305.482,79.431,83.481,164.225
302.839,79.134,81.614,165.953
299.643,79.841,80.709,166.710
296.088,81.793,80.169,166.745
291.346,83.105,80.603,165.276
286.763,80.661,80.531,164.272
270.378,75.035,76.800,167.110
269.143,68.082,73.466,170.038
267.495,61.398,71.423,171.931
265.106,61.523,69.659,173.744
265.419,63.889,69.021,174.737
265.964,62.253,68.323,176.036
265.956,62.787,67.341,177.205
266.024,62.491,66.591,177.918
265.535,64.679,66.100,178.408
265.243,62.035,65.204,178.463
264.255,60.899,64.549,178.173
264.551,58.669,63.738,178.724
266.187,47.921,62.882,178.899
266.708,52.544,62.886,177.203
267.372,56.515,62.858,177.098
267.293,54.925,63.074,177.328
268.521,57.630,63.474,176.682
270.137,62.276,63.430,177.134
269.588,72.005,64.038,176.575
270.185,71.869,64.450,176.808
275.111,77.414,67.623,172.004
278.076,77.155,70.443,167.470
281.395,84.693,73.017,163.066
282.992,81.171,75.006,159.338
284.481,86.709,77.876,154.994
284.926,87.767,79.494,153.023
284.511,87.927,80.788,150.819
285.312,86.922,81.529,150.018
286.319,90.123,82.392,148.271
287.258,90.548,82.416,147.868
289.199,91.822,81.414,149.347
292.142,89.309,80.527,150.800
294.706,90.721,79.193,151.006
295.709,90.562,77.891,150.725
292.861,89.202,76.188,151.269
291.827,88.227,73.919,152.330
290.795,86.780,70.789,156.106
288.082,88.490,70.388,156.780
284.732,79.788,70.047,158.817
282.188,78.757,69.411,161.025
285.034,75.056,69.388,161.178
281.852,74.795,70.234,160.766
278.630,75.897,71.798,159.305
276.490,74.084,72.211,159.276
275.615,66.036,71.643,161.267
272.451,62.805,72.541,161.321
271.947,71.207,72.223,162.463
269.544,75.548,72.608,162.787
267.905,78.914,73.278,162.703
268.499,80.368,73.417,162.931
272.306,83.188,72.532,163.243
276.506,84.348,72.175,163.264
283.133,84.205,72.253,162.367
288.342,83.629,72.972,160.707
292.091,86.493,73.505,160.531
294.841,86.435,73.305,161.265
295.884,91.168,74.346,160.010
296.762,93.821,73.931,161.086
296.010,96.776,74.313,159.975
296.669,96.469,74.564,158.215
299.841,97.595,73.011,158.941
302.318,94.169,71.696,159.832
307.254,101.505,71.615,158.922
309.727,102.014,72.141,157.302
307.346,101.917,73.518,155.680
303.278,96.573,73.890,155.754
286.703,93.714,74.175,155.406
283.990,95.261,73.898,154.677
283.029,96.662,72.619,155.020
284.671,90.357,68.886,159.175
283.998,93.487,66.791,161.145
272.776,99.714,65.105,162.556
295.959,123.101,75.072,152.197
292.142,129.758,84.556,142.614
294.411,135.209,91.959,134.634
293.801,138.472,97.230,127.609
309.766,126.802,92.090,130.355
310.738,124.199,86.805,132.944
310.160,120.680,82.326,135.751
309.327,117.803,78.810,137.804
297.679,115.419,76.280,138.613
297.882,112.010,74.307,139.026
282.462,113.707,72.070,142.569
281.123,114.008,70.921,144.056
279.277,116.379,70.449,145.354
278.057,118.907,70.213,145.113
279.234,119.526,70.076,143.914
279.533,118.966,70.504,142.426
277.667,115.112,70.215,141.902
277.632,118.367,69.481,142.803
275.678,117.382,69.540,143.611
273.548,116.448,70.287,143.699
270.111,114.473,70.601,143.957
269.241,113.841,70.057,144.849
268.295,108.112,69.764,146.437
267.628,110.117,70.344,146.898
268.794,106.954,69.571,148.271
269.612,108.985,68.480,151.024
271.897,109.709,69.607,149.162
273.607,109.916,71.163,146.974
279.801,106.394,71.432,146.607
284.987,105.774,70.968,148.024
289.474,107.803,69.527,150.925
288.503,113.898,70.058,151.326
286.697,122.675,71.409,149.434
285.264,127.402,72.787,146.932
280.138,128.197,74.810,143.951
276.553,131.837,76.580,141.660
263.388,134.901,77.589,140.698
266.526,140.983,85.050,133.419
257.736,144.917,90.387,127.942
247.991,146.038,93.812,123.964
234.704,146.845,95.576,121.525
234.428,146.526,96.354,119.194
233.780,148.150,95.868,117.943
232.565,141.106,89.084,124.761
235.074,133.958,82.105,131.658
239.612,132.604,77.137,136.929
242.593,129.725,74.443,139.481
244.808,130.177,72.894,140.497
258.544,128.535,72.028,140.565
258.744,131.436,71.051,140.294
259.463,132.868,70.504,138.148
262.012,131.600,69.201,137.087
263.217,132.443,68.650,135.757
264.687,131.365,67.757,135.788
265.805,133.899,66.465,137.178
266.599,134.719,65.955,136.948
268.870,135.673,65.457,136.763
271.014,135.834,64.288,137.797
273.304,133.201,63.096,138.189
275.361,131.140,61.890,138.328
277.894,128.982,60.530,139.404
281.410,127.980,59.364,140.069
286.594,119.204,56.369,143.598
289.727,111.514,54.123,146.406
292.500,105.377,52.714,147.478
294.094,102.008,51.769,147.911
294.245,104.426,51.656,147.387
294.325,106.905,51.433,146.987
294.638,110.441,51.277,145.720
294.047,113.197,51.532,143.578
291.106,116.867,51.568,142.340
289.058,118.661,51.399,141.761
287.559,119.187,51.101,142.547
286.124,119.081,50.782,142.948
284.675,119.635,50.541,143.806
283.493,117.710,50.060,145.368
280.839,116.030,49.986,146.706
281.037,111.903,50.286,146.795
281.574,112.234,50.841,146.226
281.478,114.497,51.223,145.497
281.360,129.926,51.076,146.055
281.464,137.936,50.290,146.585
268.157,137.054,52.197,143.589
268.201,162.669,54.310,140.675
267.529,162.886,56.067,137.702
266.134,164.584,57.739,134.499
266.539,166.038,58.912,131.686
265.397,165.660,58.693,130.912
263.242,162.703,58.210,131.091
263.171,159.939,56.341,133.204
263.643,156.692,54.672,135.750
263.268,155.726,53.325,137.847
275.166,141.228,51.977,140.647
285.478,117.486,51.571,141.849
284.343,119.383,50.999,142.982
284.478,123.992,50.955,143.029
283.054,150.087,50.719,143.922
283.788,156.676,50.448,143.998
285.904,155.533,50.848,143.527
253.983,185.351,62.670,130.428
250.218,188.912,70.957,121.816
258.041,189.928,78.011,114.967
255.043,192.277,83.577,109.632
266.896,192.278,86.952,106.243
277.155,200.323,89.592,102.806
274.915,196.845,89.790,102.570
278.159,185.206,82.775,110.067
279.324,180.945,78.589,113.866
281.085,182.526,74.994,117.093
277.548,195.469,78.996,113.338
278.879,190.340,76.037,116.082
305.380,184.212,73.731,118.875
318.550,178.771,70.861,121.061
318.670,173.839,67.598,123.831
318.643,170.499,65.115,125.633
306.588,178.988,64.356,125.975
306.117,176.454,63.657,126.185
304.930,174.057,62.400,126.206
305.861,173.864,61.538,126.022
303.951,169.268,61.836,124.789
302.991,169.452,61.586,124.405
312.579,169.439,62.467,122.894
301.223,159.214,60.372,125.721
302.818,147.244,58.397,128.239
302.994,138.375,56.923,130.577
291.452,133.188,55.088,133.594
269.460,108.477,53.972,135.394
257.643,108.912,55.524,134.232
256.973,110.336,57.378,132.700
266.974,119.278,59.080,130.459
277.760,116.721,59.954,128.496
281.039,142.134,57.534,131.619
282.293,140.226,55.026,135.052
280.985,144.365,53.742,136.362
280.378,138.208,52.980,137.480
266.674,142.444,51.561,139.968
265.640,144.332,50.646,140.955
278.000,138.923,49.926,141.465
276.724,135.406,49.535,142.374
276.079,148.096,49.917,141.010
276.358,151.382,50.157,139.236
274.682,154.112,50.155,136.614
272.798,154.320,49.857,134.466
259.898,151.867,49.356,132.718
258.022,149.857,48.574,131.869
234.681,159.759,50.377,128.200
232.530,159.311,50.732,126.466
231.782,159.241,49.627,127.412
231.977,159.679,48.758,127.892
232.213,159.816,47.642,129.332
231.595,157.576,46.402,130.925
220.402,161.663,46.362,130.074
218.054,153.157,48.454,126.422
215.993,155.646,49.961,123.554
217.189,171.624,49.543,123.481
217.924,169.217,48.883,123.953
207.561,168.914,48.454,123.940
217.895,164.439,47.066,125.205
217.610,162.901,45.616,126.208
219.065,169.317,44.640,126.099
220.262,168.946,44.135,125.373
222.087,171.031,43.977,124.545
223.477,170.972,44.263,123.133
224.655,171.778,44.405,121.932
225.353,169.830,44.225,121.254
224.573,168.783,43.479,120.850
223.853,167.270,42.601,120.874
214.317,166.556,41.805,121.335
213.402,160.845,41.184,122.389
212.604,152.396,39.991,125.710
213.638,147.017,39.133,128.514
214.929,154.088,39.237,128.981
215.702,163.024,40.090,128.444
216.933,164.371,41.180,126.805
217.887,168.148,42.366,125.255
217.756,169.510,43.827,123.299
219.114,172.130,46.583,119.855
227.679,176.538,50.265,115.671
226.923,179.557,52.354,112.697
225.928,184.254,53.008,110.735
225.421,187.846,52.724,109.188
224.431,184.859,51.667,108.910
222.916,184.161,50.706,108.944
221.752,183.050,49.728,109.176
220.730,179.744,48.080,110.990
219.981,177.309,46.586,112.878
219.099,175.389,45.154,114.790
218.666,172.200,43.957,116.776
218.527,169.389,42.821,119.024
218.898,158.302,42.840,119.930
218.939,155.531,42.680,120.905
228.004,139.952,43.103,120.621
228.370,149.427,45.200,118.178
228.915,155.035,44.585,120.483
239.400,160.885,44.422,122.563
242.077,175.142,43.424,124.420
243.636,186.347,43.398,124.045
254.892,187.186,43.502,124.303
255.650,194.916,44.144,122.741
256.727,205.133,46.742,119.105
257.631,205.688,48.563,116.854
259.668,204.698,49.660,115.101
