163.000,44.000,47.000,164.000
159.843,43.673,50.516,160.306
158.478,47.482,52.902,157.189
157.810,49.013,53.705,156.510
157.586,49.852,54.345,155.725
157.564,45.898,53.550,157.753
157.963,42.177,52.204,161.976
158.749,48.421,51.760,163.039
158.783,47.295,50.674,165.808
158.543,46.441,49.971,167.774
159.913,48.535,49.992,167.467
159.241,47.010,49.769,168.628
159.569,44.843,49.475,170.112
160.079,39.447,49.437,171.391
158.783,22.413,49.480,172.992
157.853,20.078,49.876,174.079
157.199,19.536,50.328,175.215
156.748,24.381,51.374,174.265
157.157,23.495,51.857,175.062
157.019,35.607,53.554,172.025
156.376,43.708,55.574,167.972
156.777,46.203,56.468,164.932
156.209,46.806,57.707,162.061
157.594,48.768,58.548,159.404
157.119,51.800,59.104,158.030
157.566,54.399,59.233,157.105
156.239,57.693,59.391,156.294
146.330,59.533,57.525,157.346
144.503,62.143,57.856,156.885
140.695,64.096,59.659,154.652
134.306,61.949,63.744,149.694
130.099,64.811,68.601,143.846
127.714,70.901,73.753,138.632
125.174,75.747,79.643,133.498
123.230,96.169,85.397,126.742
119.327,97.277,90.844,120.695
115.737,99.447,94.775,116.143
112.246,99.698,97.498,113.108
108.574,98.294,98.986,111.339
112.224,94.299,98.562,111.390
118.684,74.172,92.948,117.827
126.512,65.340,85.103,125.555
131.904,60.481,78.137,132.187
135.593,59.334,73.469,135.628
139.735,61.403,69.421,137.233
142.057,60.904,66.315,139.199
142.885,61.880,63.709,140.851
141.797,66.138,61.966,143.365
139.753,63.565,61.286,145.073
139.903,69.430,61.697,145.224
141.520,68.535,62.616,145.962
140.705,72.601,63.607,145.499
140.075,76.027,64.820,145.575
138.259,77.083,65.984,145.561
137.371,78.228,67.247,145.672
135.125,77.865,67.772,146.581
131.604,76.128,68.021,147.087
127.857,76.747,68.588,146.970
123.386,75.732,68.807,147.491
118.569,75.114,69.065,148.238
113.723,78.980,68.869,149.015
108.212,78.625,69.540,149.033
102.059,78.126,70.099,150.151
98.652,76.779,70.253,151.914
96.209,77.147,70.914,153.626
92.528,72.230,72.006,154.682
90.983,73.275,73.077,155.116
90.336,76.632,73.526,155.557
90.328,73.509,73.831,156.138
89.585,74.238,74.407,155.546
89.817,79.947,73.943,155.624
91.982,73.756,73.539,155.080
94.504,76.943,73.289,153.871
95.682,71.108,72.731,153.576
96.045,73.109,71.770,152.979
98.218,69.738,71.369,152.417
99.764,64.037,70.858,151.551
103.356,60.051,69.489,150.735
106.087,60.574,68.288,149.381
107.333,61.105,67.295,147.790
108.938,63.978,66.581,145.798
109.251,63.585,65.797,144.171
111.120,65.996,64.755,143.431
113.103,66.157,63.791,143.179
116.457,67.836,63.047,142.582
118.986,67.502,62.129,141.977
119.012,66.181,61.356,141.349
122.022,70.344,60.740,140.287
123.841,66.255,60.470,138.574
126.280,69.551,60.081,136.590
127.792,70.381,59.744,135.163
129.121,75.049,59.559,133.201
130.640,73.084,58.904,131.950
131.566,78.857,58.294,130.417
130.814,82.592,57.380,129.805
131.370,94.213,56.728,129.274
131.141,92.233,57.179,128.141
131.440,99.517,57.870,126.940
131.632,98.373,58.839,125.596
132.221,99.784,61.453,122.768
132.222,100.105,63.698,120.253
132.728,101.278,65.137,118.691
133.588,102.480,66.150,117.705
135.588,104.342,66.531,117.251
139.399,104.198,65.869,117.944
147.185,100.115,64.068,119.882
154.125,95.429,62.378,122.156
157.646,92.393,59.510,125.635
158.365,88.776,55.818,130.241
157.167,81.643,52.440,133.613
155.959,79.972,50.503,135.118
156.308,82.242,49.471,134.574
156.577,84.263,49.390,133.420
157.051,89.066,49.834,132.228
158.296,91.774,50.282,130.924
158.881,93.379,51.230,129.129
158.642,93.334,52.073,127.495
155.683,94.714,52.778,125.701
153.854,96.134,53.772,124.614
151.584,93.916,54.226,123.712
148.272,92.531,53.916,123.371
145.182,89.901,53.350,123.098
144.704,86.724,52.961,122.641
140.949,83.888,51.420,124.849
138.234,83.167,49.678,127.648
138.468,80.860,47.890,130.880
138.770,79.663,46.865,132.922
138.427,83.261,47.575,133.389
138.079,87.608,48.353,133.799
139.750,90.071,49.881,133.306
140.335,90.821,49.858,133.957
141.998,89.954,49.091,135.566
142.672,86.207,48.521,137.025
145.778,81.831,48.204,138.064
146.616,82.113,48.849,138.491
147.459,83.960,50.804,137.327
147.659,82.846,52.369,136.940
148.351,83.077,55.057,135.431
147.683,82.429,58.178,133.957
146.938,84.047,63.396,130.004
145.026,86.456,67.165,127.265
144.082,88.696,68.892,125.491
142.003,91.531,68.808,123.844
126.716,92.612,68.570,122.824
120.959,93.466,67.502,121.852
107.551,88.679,66.021,124.459
104.143,79.265,64.317,127.342
99.626,75.450,62.714,130.406
97.371,75.543,59.681,135.309
96.897,73.198,57.146,139.519
97.547,74.945,54.719,144.001
98.324,74.123,53.195,147.830
99.870,77.090,52.168,150.274
101.465,82.508,51.879,150.953
103.596,85.765,52.364,150.779
104.639,89.674,53.075,149.965
106.759,89.665,53.604,149.540
109.093,93.914,54.168,148.030
111.843,91.901,54.721,146.490
114.096,93.336,55.195,144.589
117.324,90.459,55.762,142.324
121.332,90.957,56.687,139.104
123.765,87.750,57.031,137.094
124.230,86.944,56.971,135.024
125.269,84.085,56.847,133.647
124.115,82.592,56.393,132.327
121.326,80.223,55.885,131.400
119.568,81.416,55.052,129.961
119.331,84.928,54.167,129.011
117.605,84.418,55.830,124.879
109.145,88.392,54.617,123.066
108.667,90.812,53.831,121.853
106.817,89.269,53.645,120.802
103.832,95.924,53.800,119.600
102.045,95.849,54.673,117.819
99.196,97.841,55.543,115.946
97.285,101.612,56.173,114.186
96.990,103.464,56.463,112.424
97.149,105.071,56.192,111.445
98.662,106.294,55.589,110.761
100.491,106.839,54.989,110.030
100.370,103.651,54.518,109.911
101.302,104.321,53.674,111.039
99.279,97.814,52.897,112.039
99.514,96.311,50.651,114.927
98.133,91.866,49.536,116.441
99.185,94.290,48.578,118.745
97.963,90.392,48.134,119.592
95.185,83.884,47.414,121.254
92.346,83.726,47.292,122.432
84.264,89.293,46.684,123.445
81.354,82.362,46.791,124.135
78.078,81.186,47.416,124.258
74.752,80.410,48.076,124.428
71.739,78.281,48.204,124.955
68.265,76.537,49.058,125.023
66.696,75.715,49.077,126.085
68.030,80.097,50.388,124.431
70.090,76.935,50.816,123.090
71.342,81.550,51.574,121.518
70.645,84.419,54.682,118.019
71.933,88.694,56.599,115.714
72.088,89.730,57.798,113.891
71.327,93.176,59.364,111.771
69.897,93.360,60.436,110.471
68.877,94.012,61.781,109.001
67.151,92.815,62.460,107.780
68.205,93.745,62.046,107.667
70.113,92.490,61.357,108.158
82.163,94.084,60.108,108.975
83.141,88.164,59.509,109.271
94.801,86.438,58.338,110.239
95.698,84.911,56.817,111.556
98.857,91.343,55.621,112.125
101.821,101.794,55.373,110.906
104.803,98.742,52.037,113.235
107.795,100.448,51.262,113.116
106.874,98.990,50.236,112.877
107.592,99.161,47.959,114.065
108.381,97.091,46.193,115.629
108.162,95.288,45.044,116.582
107.497,94.810,44.121,117.273
107.849,95.601,43.325,118.127
106.949,94.311,42.659,119.197
105.903,92.973,42.230,120.772
106.400,92.777,41.680,122.212
107.085,92.725,41.548,122.987
110.097,101.366,42.028,122.917
112.309,101.389,42.673,122.599
115.644,100.024,43.788,121.313
117.709,99.886,45.201,119.468
118.449,100.948,46.712,117.755
121.196,102.196,47.532,117.326
123.310,108.815,49.358,115.129
124.974,113.108,51.561,112.399
125.228,112.554,53.740,110.241
126.138,112.799,54.957,109.239
126.178,114.560,56.095,108.047
126.831,112.878,56.155,107.994
127.692,109.453,55.631,108.706
130.187,108.634,54.802,109.613
139.758,109.136,55.005,110.055
141.275,108.566,54.119,111.212
152.565,113.324,55.026,110.159
152.544,111.481,55.160,110.490
152.719,111.579,55.152,110.598
153.298,109.606,55.255,110.116
151.856,113.032,54.585,109.839
141.858,107.336,55.485,109.559
140.778,113.774,56.004,109.220
137.751,125.576,60.627,105.037
135.588,136.904,65.857,99.591
124.387,137.841,68.541,97.165
124.597,137.644,71.005,94.880
123.962,135.316,73.856,92.275
123.264,134.288,75.503,91.121
124.657,129.800,75.462,91.290
129.246,118.982,70.881,95.849
139.071,112.973,65.891,100.399
152.956,98.758,60.820,105.656
154.438,90.117,56.753,109.826
164.073,94.915,56.060,109.480
162.688,90.449,55.395,109.722
154.089,87.526,54.022,110.803
166.062,91.211,53.696,110.222
168.051,95.275,53.823,108.835
168.696,94.805,53.912,108.365
159.256,92.133,52.008,110.119
160.316,92.780,51.833,109.645
160.900,91.254,53.005,108.147
159.899,94.575,53.523,106.855
151.292,99.058,53.295,106.825
129.354,104.737,52.727,106.656
117.791,105.091,50.461,108.090
115.925,102.305,48.568,109.575
114.358,110.511,49.307,107.111
104.646,110.867,48.690,107.278
104.218,112.245,48.979,107.529
102.717,113.752,49.937,106.794
103.376,111.190,50.438,106.629
110.907,108.012,50.768,106.058
111.367,109.398,49.094,108.794
114.327,106.945,47.122,111.319
118.008,107.228,44.934,113.791
120.173,105.307,43.061,116.792
121.180,102.870,41.884,118.907
122.094,100.128,41.084,120.550
122.940,96.989,41.021,120.644
123.441,110.319,41.643,121.350
133.060,120.741,41.484,121.221
134.605,128.739,41.131,120.683
136.457,128.433,40.817,119.894
138.142,127.046,40.459,119.041
138.767,126.560,40.179,117.876
138.565,127.450,40.237,116.071
135.423,130.152,41.895,113.024
123.362,130.392,44.320,109.610
114.372,130.477,46.318,107.552
113.881,134.728,47.429,105.749
116.249,125.811,46.300,107.064
117.557,128.206,45.368,108.335
119.790,122.355,44.327,110.340
120.907,125.155,43.605,111.379
120.891,129.861,45.119,110.390
120.373,131.231,46.592,109.451
112.369,135.153,47.801,108.361
113.600,135.877,49.185,107.033
117.450,131.685,49.439,107.767
120.992,127.681,49.568,109.092
123.387,125.844,49.202,109.787
125.585,121.681,47.582,111.941
127.805,116.315,46.595,113.617
129.847,117.259,45.996,114.229
131.954,117.268,45.627,114.303
133.488,116.924,45.167,114.358
132.825,118.393,44.861,113.721
131.903,119.407,44.311,113.642
130.762,120.208,44.136,113.778
130.500,119.172,44.043,113.666
129.267,119.353,43.772,114.294
127.703,119.529,43.613,115.012
126.904,120.333,43.219,115.573
129.164,122.861,42.510,116.619
131.118,124.833,42.049,118.432
131.742,122.960,41.603,119.710
133.431,125.022,41.469,121.389
135.100,126.299,41.918,122.197
143.728,127.145,42.275,122.889
143.818,129.429,42.752,123.577
143.357,130.043,43.624,123.143
140.162,129.499,44.411,122.479
137.626,126.266,44.830,122.731
134.470,121.528,44.945,122.909
130.872,113.487,44.588,123.618
126.995,109.887,43.863,125.136
118.016,114.579,43.647,124.216
118.934,112.113,43.204,124.491
116.022,107.793,42.998,124.142
107.833,106.360,42.521,124.088
106.864,100.063,42.893,123.649
106.254,96.449,43.516,124.557
106.794,97.937,44.300,125.319
107.421,99.575,44.635,125.376
108.737,102.787,44.128,125.608
110.647,106.601,43.662,125.375
111.159,106.778,43.232,124.427
110.726,104.306,43.128,122.728
110.203,100.807,43.476,120.793
109.620,98.274,43.894,119.054
110.132,97.194,44.172,118.018
109.561,97.327,44.403,117.373
109.013,97.351,44.716,116.756
110.355,99.164,46.521,114.360
111.540,99.344,47.604,112.911
112.942,97.906,48.707,111.613
114.534,101.245,49.403,110.848
116.127,102.070,49.912,110.248
117.509,105.207,50.399,109.914
119.320,107.022,50.731,109.519
128.126,105.150,50.553,110.423
129.104,104.700,50.695,110.876
130.544,105.415,50.879,111.374
132.163,108.245,51.127,111.513
133.648,110.336,51.624,111.547
135.652,109.904,51.979,111.529
144.184,106.099,51.375,112.760
145.208,104.049,51.218,113.405
146.574,102.665,51.653,113.875
148.071,103.184,51.652,114.862
149.631,101.183,52.295,114.659
150.904,103.788,52.831,114.478
151.861,102.185,53.317,113.891
153.256,102.311,53.733,113.447
141.300,109.921,50.296,118.801
140.034,103.928,48.256,122.365
136.738,101.525,47.294,123.827
129.781,100.565,47.262,124.050
127.188,101.337,47.224,124.493
124.429,102.186,47.021,124.340
123.798,107.518,47.047,124.473
120.779,107.614,48.022,124.011
119.398,111.129,49.056,123.058
116.764,108.576,50.291,120.901
116.629,110.760,50.512,119.475
116.608,111.925,50.677,118.445
116.435,113.969,50.843,117.095
117.332,115.342,51.009,115.091
120.527,115.714,50.948,113.428
121.191,124.594,53.077,108.824
130.788,120.379,53.811,106.093
131.176,126.189,53.274,104.621
132.967,126.258,52.665,103.287
142.921,119.580,50.138,105.128
151.634,113.075,47.842,107.096
161.053,111.527,45.427,110.378
170.344,101.006,44.492,111.201
172.292,101.562,43.419,112.102
180.709,94.149,42.972,112.048
180.737,94.636,42.362,111.925
183.883,98.647,40.903,113.121
187.320,104.770,39.606,115.517
191.245,106.307,39.135,118.085
194.565,105.087,39.585,119.653
195.321,104.418,40.227,121.653
197.754,100.908,41.642,121.902
197.640,105.138,42.782,121.563
197.476,109.129,44.039,122.227
197.874,114.618,44.699,122.102
207.983,114.562,44.199,121.199
217.233,123.470,48.500,115.487
217.206,115.242,52.178,109.880
208.197,113.625,52.437,108.586
209.271,112.894,51.875,108.111
211.339,114.001,52.076,108.144
212.351,118.550,49.825,111.337
213.183,112.017,46.939,114.328
212.824,112.708,45.028,115.439
212.978,111.961,43.452,116.109
211.986,110.171,42.596,115.170
208.932,105.985,42.847,113.118
208.338,100.293,44.442,108.600
205.323,81.494,43.479,106.931
204.389,82.755,42.543,105.647
203.521,83.412,41.719,104.359
201.561,80.231,40.813,103.333
203.144,84.983,40.007,102.853
202.343,82.878,39.184,102.552
202.731,83.733,38.773,102.141
201.186,83.149,38.195,101.667
199.748,85.193,37.900,101.273
191.846,78.017,37.191,101.563
190.838,87.756,36.567,102.065
199.021,109.011,36.580,101.301
196.743,112.435,36.348,100.273
186.294,113.006,36.545,99.989
