138.000,57.000,39.000,137.000
137.821,60.654,39.743,137.437
137.153,61.633,40.224,138.758
136.983,60.507,40.709,139.799
136.914,58.127,41.193,140.757
137.294,56.365,41.675,141.446
137.371,54.755,42.123,142.557
137.626,56.583,42.759,142.866
137.717,56.253,43.491,143.362
137.304,59.666,44.517,142.830
137.853,65.318,45.504,142.225
137.398,64.647,45.940,142.647
137.438,71.734,46.931,141.343
136.873,77.950,47.564,140.292
136.173,80.417,48.005,139.062
135.504,83.207,48.554,137.449
135.339,85.867,49.501,135.993
134.710,86.349,49.833,135.361
135.871,84.797,49.743,135.350
136.299,85.358,49.567,135.355
137.453,86.139,49.378,135.612
137.140,86.895,49.475,135.428
138.795,87.423,49.446,135.200
138.889,85.954,49.431,135.278
139.094,84.799,50.018,134.738
139.219,84.058,50.773,134.462
139.998,84.851,51.815,133.920
139.487,85.238,52.591,133.814
140.544,84.329,53.067,134.052
140.764,83.422,53.608,134.413
140.837,81.332,54.155,133.981
140.727,79.126,54.726,133.271
141.648,80.045,55.220,132.854
141.698,78.987,55.253,132.638
140.842,79.307,55.316,131.829
140.942,80.331,55.134,131.593
142.037,81.087,54.543,131.730
142.720,83.321,54.329,131.479
143.039,81.560,54.113,130.530
143.922,79.778,54.072,129.525
144.863,76.384,54.057,128.953
145.424,74.235,53.725,129.539
146.250,71.895,53.666,129.349
145.670,69.082,52.967,130.211
144.828,67.086,53.243,129.651
144.323,67.419,52.860,129.582
143.285,68.851,52.496,128.902
142.411,69.467,52.127,128.646
140.688,70.514,52.403,127.933
138.918,67.781,52.237,127.674
135.652,67.109,52.082,127.186
131.663,67.462,52.058,126.501
127.133,67.860,52.415,125.547
127.362,68.632,51.704,125.836
123.599,67.621,52.150,125.442
122.279,66.603,51.657,125.820
120.012,63.702,51.533,126.760
116.287,60.293,52.442,126.913
114.410,58.577,52.711,127.382
114.184,58.518,53.025,127.914
112.072,59.339,52.371,129.135
109.490,59.798,52.116,129.583
108.877,58.273,51.210,130.228
107.329,60.430,51.261,129.309
108.082,63.702,50.969,128.502
108.658,63.833,50.475,128.266
108.698,67.545,51.002,126.438
108.602,74.204,51.619,124.418
109.890,78.310,51.977,122.172
112.679,83.061,53.475,118.502
123.296,82.932,53.077,117.998
121.831,84.497,54.812,114.875
122.192,87.005,56.001,112.115
125.308,88.225,56.441,110.164
128.874,88.592,55.598,110.001
132.296,85.035,54.696,110.477
134.158,84.255,54.534,110.602
133.947,84.729,55.304,109.733
134.348,84.291,55.538,109.536
134.486,83.430,55.873,109.401
134.268,79.489,55.650,110.310
134.257,76.985,54.830,112.132
131.905,76.687,54.092,113.730
129.448,73.965,53.290,115.103
128.721,72.252,52.500,116.575
127.391,68.852,51.804,118.210
124.739,67.275,51.307,120.165
121.196,64.655,51.102,121.924
118.134,63.171,51.671,122.406
114.542,64.799,52.588,121.763
112.775,64.826,53.043,121.475
109.679,65.003,53.577,121.318
106.551,66.874,54.045,121.506
104.546,68.657,54.375,121.579
102.978,70.943,54.206,122.359
101.254,74.119,54.033,122.904
99.806,77.124,54.309,122.921
97.736,77.589,53.959,123.185
94.726,72.969,53.452,123.525
92.338,72.714,53.004,124.148
92.305,71.363,52.785,124.043
91.159,70.312,52.450,124.466
91.592,70.304,52.386,124.626
90.193,71.285,52.647,123.526
89.426,71.645,52.364,122.866
86.796,70.613,52.185,122.616
83.526,67.799,52.084,122.461
81.093,62.090,51.810,123.295
80.632,59.852,51.374,124.258
80.730,54.855,50.893,126.282
82.932,48.118,49.934,129.465
86.027,47.541,49.557,130.964
90.319,49.010,49.779,131.229
94.189,49.632,49.843,131.796
94.259,49.383,49.739,133.239
98.525,47.921,49.780,133.233
101.796,45.612,49.461,134.114
104.666,45.030,49.870,134.434
107.124,44.259,49.828,135.152
110.415,42.938,49.451,135.575
113.293,41.696,48.982,136.178
117.402,40.935,48.164,136.844
120.588,40.006,47.190,137.945
124.122,40.075,46.341,138.671
127.260,42.051,45.431,139.175
128.600,44.909,44.870,139.078
128.300,44.962,44.493,139.087
129.235,46.974,44.100,139.054
129.188,45.411,43.595,139.078
129.858,45.709,43.239,138.813
129.842,45.250,42.959,138.397
130.276,43.909,42.864,137.686
130.294,45.577,42.837,137.205
131.018,44.654,42.784,136.710
131.834,45.641,42.901,136.045
130.589,44.995,43.247,135.408
129.304,47.316,43.977,135.307
130.073,53.407,44.940,133.708
129.494,55.646,45.391,133.452
132.084,59.287,45.407,133.594
134.569,57.674,45.202,134.630
136.669,56.742,45.179,134.922
137.602,53.717,45.229,134.359
137.641,51.448,45.021,133.887
137.819,52.559,44.865,133.093
139.552,50.338,44.570,133.609
141.174,51.251,44.357,133.644
143.151,52.490,44.497,133.323
145.056,54.749,44.698,133.031
146.085,55.710,44.788,132.867
146.408,57.482,44.979,132.681
147.535,57.809,45.210,132.180
147.480,56.784,45.661,132.261
147.334,57.155,46.320,132.611
147.749,56.240,46.761,133.260
147.700,58.404,47.192,133.728
148.214,58.196,47.455,134.580
148.296,59.316,47.800,135.288
149.408,59.764,48.121,135.924
149.536,61.504,49.765,133.705
