347.000,58.000,103.000,251.000
342.791,50.840,102.082,249.458
338.608,54.215,100.636,248.724
334.221,51.803,99.741,246.737
332.303,53.234,98.562,244.325
327.328,52.027,97.030,242.258
323.829,52.947,95.328,241.181
301.184,63.923,98.035,235.657
298.378,58.744,98.863,234.028
293.511,62.482,99.865,231.344
289.415,68.949,100.956,228.611
285.670,69.339,101.499,226.272
280.927,73.873,101.404,223.956
274.949,79.475,101.391,220.833
272.106,83.280,100.210,218.397
271.235,84.371,99.389,215.846
270.196,87.218,98.609,212.878
271.121,85.741,98.262,210.263
252.924,90.796,98.928,207.761
252.559,90.489,99.530,205.109
255.325,88.718,99.468,202.585
257.604,89.680,99.153,200.951
258.456,88.970,99.036,197.398
259.703,94.322,99.072,194.044
242.692,119.467,99.488,190.408
242.686,125.946,99.826,186.278
243.739,139.522,108.602,174.293
243.120,150.564,116.677,164.068
244.834,153.789,122.559,157.596
262.113,153.491,124.733,154.758
280.511,123.962,116.043,163.512
283.557,117.565,109.102,170.673
284.950,110.379,103.667,174.055
285.869,107.025,99.812,175.455
285.565,101.098,96.093,177.909
283.053,94.296,93.060,179.921
281.509,91.894,92.296,179.938
277.614,109.214,91.623,178.609
275.080,114.496,90.258,178.574
273.194,119.332,88.491,178.838
275.600,117.644,87.751,177.818
279.402,118.743,87.585,176.083
300.668,111.475,87.120,174.376
304.733,109.215,87.752,172.284
324.518,98.046,83.998,175.512
325.347,97.823,82.525,175.094
326.750,80.632,81.060,175.608
331.024,80.624,77.966,179.016
333.996,83.145,75.862,182.773
336.514,80.048,73.750,187.646
336.507,76.520,73.270,190.322
337.971,76.354,73.096,191.471
352.940,78.781,72.151,194.008
353.008,75.255,71.788,196.081
367.382,90.730,71.077,197.027
367.003,90.749,70.817,198.318
367.671,90.543,70.878,198.437
370.180,82.883,70.305,200.930
368.817,66.131,69.624,203.619
367.699,63.851,69.954,204.551
349.074,63.364,74.175,201.437
347.546,63.414,76.938,199.950
351.485,65.820,76.389,202.769
355.319,55.670,75.470,206.976
358.260,52.099,74.670,210.535
360.665,68.143,74.574,211.294
359.511,84.379,74.270,209.849
343.392,96.420,77.447,203.654
326.900,92.230,76.643,204.701
324.384,92.343,75.368,206.314
321.845,104.071,74.857,205.134
302.038,101.563,77.599,200.519
300.683,116.286,79.587,194.426
299.266,119.024,80.653,188.801
297.625,118.674,79.133,187.981
294.228,119.977,78.156,187.192
291.543,120.587,77.092,186.156
289.307,119.016,76.273,184.966
270.263,119.372,77.929,180.543
266.439,119.731,79.401,177.362
265.753,122.402,80.151,174.745
266.450,125.412,79.985,173.421
279.968,129.797,78.018,173.735
279.662,135.938,76.209,173.920
293.732,126.212,73.962,174.865
295.186,121.107,72.217,176.660
309.401,120.446,70.406,178.931
310.667,120.198,68.973,179.731
313.953,117.474,68.071,180.638
316.587,120.515,67.862,180.502
318.723,123.291,68.044,179.295
319.155,125.071,69.541,176.291
318.903,129.501,70.709,173.893
317.080,132.093,71.433,171.671
315.824,131.502,71.750,170.250
317.509,130.407,72.041,169.195
330.002,137.704,74.085,165.145
328.862,135.473,74.830,163.740
330.469,135.495,75.245,162.508
330.882,134.574,75.153,161.794
330.119,135.361,74.686,160.690
329.254,136.368,74.462,159.578
326.782,137.526,73.444,158.951
313.407,122.294,71.956,158.963
313.047,119.792,68.918,161.057
312.811,125.072,66.813,163.721
308.416,124.757,65.030,165.981
304.560,126.948,63.915,166.998
299.120,130.696,63.754,166.570
296.515,128.996,64.008,166.513
295.185,125.452,64.211,166.672
293.275,118.337,64.158,168.152
291.501,115.796,63.720,169.822
291.650,109.067,62.284,173.374
288.602,105.221,60.664,177.860
289.658,101.383,59.900,181.416
289.992,98.282,60.474,183.010
291.556,94.537,60.783,185.510
304.023,94.725,60.320,187.633
305.117,91.027,60.025,190.256
308.466,91.035,60.717,190.961
311.210,90.728,61.520,191.491
315.609,87.734,63.129,192.136
320.209,87.731,64.413,193.602
333.126,96.997,65.114,193.209
333.521,101.051,66.335,193.164
335.287,100.935,67.009,193.822
337.127,98.896,67.727,194.188
338.702,94.298,68.206,194.545
338.048,92.801,68.633,195.353
336.893,89.735,69.037,196.322
336.453,91.360,69.235,197.941
336.536,92.650,69.575,198.906
335.282,92.272,69.659,199.974
334.111,93.949,69.791,200.989
313.896,98.004,73.420,198.177
312.613,94.182,74.429,198.478
311.327,90.090,75.426,199.060
311.192,87.308,74.911,200.974
310.977,86.279,74.492,202.598
308.757,84.546,74.033,204.941
307.384,80.836,73.936,207.394
305.306,74.985,73.907,209.503
303.697,73.542,74.743,210.537
301.430,79.312,76.143,208.989
297.409,75.727,77.015,209.398
293.909,67.779,77.334,211.359
292.843,59.196,77.933,213.559
287.818,58.581,79.349,212.161
283.871,54.616,79.984,211.942
283.167,63.583,80.266,210.272
285.651,71.490,79.881,210.548
292.357,68.705,80.749,208.808
295.415,61.653,81.546,208.384
298.408,58.873,81.478,207.336
299.605,57.946,81.154,207.478
302.483,62.179,80.705,207.457
304.546,64.070,80.649,206.781
309.445,71.401,81.037,205.267
310.766,72.113,80.937,203.863
308.313,68.270,80.222,204.344
306.004,64.508,79.219,204.451
310.745,59.989,77.509,207.945
314.420,56.298,76.277,209.699
315.936,49.071,76.081,209.965
317.817,48.994,76.260,210.804
321.466,52.148,77.425,209.579
321.204,52.100,78.437,208.622
324.862,53.895,78.378,206.918
329.198,57.285,78.673,205.436
333.530,59.315,79.052,204.762
334.594,58.118,79.334,203.962
334.392,54.985,79.703,202.672
334.422,50.318,80.387,200.456
331.501,53.465,79.838,199.869
331.874,54.006,79.105,200.466
332.498,54.114,77.775,199.719
334.200,55.790,77.465,196.949
336.542,63.345,77.561,194.588
340.734,58.216,76.893,194.067
341.543,64.870,76.695,192.366
342.244,70.342,79.703,188.018
344.163,69.345,81.771,185.977
343.569,70.932,83.896,182.465
342.198,72.636,85.218,179.439
340.316,69.574,85.687,177.515
336.569,71.456,86.599,174.874
333.438,69.197,86.567,171.221
332.928,67.610,86.884,167.608
330.969,69.162,86.756,165.385
330.705,70.518,86.763,163.193
330.725,72.908,86.002,161.738
331.152,71.778,85.109,162.308
332.392,69.214,84.560,163.201
333.248,71.230,84.035,164.115
333.440,71.205,84.163,165.005
333.080,68.807,84.189,166.400
332.075,70.956,84.361,167.045
330.870,71.129,84.487,167.548
348.402,63.359,80.573,170.559
349.180,59.806,77.173,173.682
350.334,62.619,74.415,176.423
353.720,62.625,71.378,180.852
355.003,64.910,69.095,183.293
355.223,64.343,67.538,185.515
355.868,65.356,66.265,187.152
355.770,64.201,65.603,188.120
355.571,62.880,65.495,187.498
354.623,62.155,65.261,187.295
354.962,59.080,65.190,187.616
354.283,56.476,64.880,188.708
353.031,52.718,64.616,189.890
353.048,47.203,64.378,190.762
352.204,48.395,64.419,189.723
353.344,53.352,64.228,190.627
352.872,60.853,64.724,191.047
353.086,62.544,65.170,192.001
352.266,68.995,66.955,189.574
350.932,69.467,68.148,188.098
344.222,75.737,70.670,184.611
337.889,75.978,73.565,181.219
332.305,82.402,76.614,176.403
327.737,83.372,79.509,171.210
323.589,85.447,82.125,166.634
321.358,89.336,84.066,162.774
317.844,88.055,85.871,159.400
315.585,88.969,87.830,155.662
314.806,88.154,89.475,152.688
315.253,86.674,90.425,150.420
317.453,90.945,89.943,149.525
319.852,91.930,89.065,149.747
323.326,88.228,88.018,149.252
326.567,88.410,87.806,148.230
320.991,90.776,93.751,142.591
314.674,93.653,97.255,138.843
315.708,106.613,102.018,134.671
311.943,105.940,105.293,132.155
298.469,101.507,107.880,130.599
302.385,98.252,109.735,130.268
302.719,109.003,113.374,127.300
300.803,106.470,115.621,126.286
299.376,104.054,115.705,126.600
295.020,100.853,115.175,127.243
291.616,83.901,113.454,130.791
287.220,82.710,113.977,131.134
285.576,85.735,113.503,132.573
281.265,88.234,112.233,134.071
268.334,90.173,111.397,134.182
273.338,93.048,109.681,135.844
278.820,94.311,107.822,137.489
283.403,94.879,105.869,139.133
290.156,92.520,103.953,140.887
296.309,81.874,96.636,148.717
296.492,78.522,89.936,155.059
299.080,78.645,84.720,159.904
302.265,81.046,82.076,161.638
302.532,82.524,79.985,162.995
303.828,84.922,78.547,162.716
304.388,85.744,77.436,162.039
308.959,93.037,75.959,161.893
311.852,92.072,75.181,161.253
315.709,99.611,74.471,161.218
319.398,101.120,74.834,159.978
321.894,104.480,76.586,156.829
324.856,102.376,77.157,155.525
326.858,106.634,76.537,155.976
329.607,110.990,76.295,154.512
342.755,119.574,75.470,151.232
340.105,118.262,73.955,149.999
340.578,112.645,71.773,150.190
338.360,114.007,71.373,148.548
337.488,119.697,70.478,146.830
336.638,123.154,69.863,145.377
334.135,122.278,70.539,141.702
332.219,123.869,70.387,138.949
319.763,124.894,70.249,137.668
319.739,116.433,70.155,136.555
320.044,115.401,69.264,137.039
320.340,114.536,68.914,137.574
318.239,112.865,69.317,137.020
314.210,110.866,69.046,137.130
311.243,106.872,65.562,141.283
309.213,107.644,62.728,144.223
304.020,113.424,62.492,144.433
299.261,116.799,62.852,143.453
294.009,118.632,63.236,141.943
291.405,119.142,63.198,141.463
288.564,116.007,62.865,141.272
285.742,117.300,62.795,140.342
285.645,117.801,63.626,139.654
285.669,118.931,64.614,139.150
283.972,115.516,65.760,137.448
285.489,115.357,66.705,136.450
288.175,110.902,67.506,136.209
291.017,114.533,68.133,136.222
294.398,107.467,67.949,137.697
297.379,105.046,67.487,140.167
299.539,105.272,67.410,141.736
301.153,102.241,67.239,143.666
300.679,101.247,66.064,147.064
300.000,98.242,65.216,149.668
298.541,101.950,65.549,150.479
295.219,110.378,66.417,151.011
293.393,121.406,67.183,149.810
294.909,120.986,68.445,148.373
292.270,124.968,70.140,146.037
290.830,126.191,72.445,143.368
286.740,147.258,82.199,133.063
281.942,151.656,90.310,125.272
267.203,152.711,96.616,119.054
264.035,153.474,101.917,113.985
247.938,152.636,103.189,112.177
235.851,152.813,102.784,111.954
237.178,150.327,100.754,112.923
238.774,149.815,98.565,114.643
242.539,138.341,90.957,121.871
247.272,132.102,84.623,128.995
265.807,135.425,88.076,125.849
265.174,136.060,90.464,123.870
265.016,138.141,92.176,122.510
264.541,139.916,93.612,120.469
262.105,152.566,94.826,117.404
261.699,153.499,95.539,115.153
261.063,154.900,95.783,112.999
261.630,153.893,95.034,112.053
261.693,152.632,93.194,112.706
264.960,140.135,85.883,119.359
269.221,132.558,79.427,126.705
274.195,126.507,73.677,134.463
280.474,121.323,69.476,139.749
286.067,114.270,66.494,143.855
292.019,110.204,64.299,146.596
297.421,113.163,63.016,148.122
298.627,110.856,61.816,149.738
301.644,112.623,62.120,149.391
302.157,114.919,62.551,148.700
301.311,115.668,62.640,148.400
299.104,115.834,62.484,148.864
298.277,113.411,61.977,149.343
298.198,117.349,61.727,147.235
298.377,119.789,61.615,144.622
296.883,125.183,61.479,143.341
295.708,126.964,61.398,142.766
296.419,130.235,62.242,141.451
296.277,133.375,62.175,140.972
294.470,134.807,60.990,141.864
290.551,135.439,60.193,142.004
287.280,141.042,60.034,141.471
287.531,141.350,58.364,142.070
288.052,142.051,56.786,142.802
288.051,144.960,54.933,144.241
287.904,146.238,53.482,145.051
286.627,155.297,52.826,144.610
286.813,152.097,52.055,144.042
286.593,154.324,51.436,144.018
285.647,155.090,51.331,143.532
285.207,163.001,51.337,142.374
285.904,160.493,51.840,140.239
283.362,159.988,51.903,138.755
280.572,155.730,51.766,138.522
278.294,155.585,52.097,138.603
276.502,154.770,52.201,139.250
275.626,152.019,51.724,140.436
286.032,136.956,51.122,141.886
286.893,133.985,50.439,144.152
286.929,133.601,50.224,145.240
286.646,148.427,50.323,145.272
285.743,152.759,50.560,145.934
285.855,158.227,51.127,146.352
286.629,158.085,51.934,145.131
287.121,156.341,52.557,144.379
286.501,157.866,53.742,142.601
298.533,158.702,55.068,140.226
308.613,160.560,55.061,139.671
318.859,167.612,56.046,136.782
328.183,173.055,56.811,132.772
326.672,170.963,57.141,131.306
323.964,168.586,56.999,131.506
313.009,171.523,55.888,132.410
312.626,169.258,54.520,134.309
323.151,171.755,54.221,133.439
325.168,173.397,54.115,132.796
335.009,171.181,53.922,132.524
334.410,168.640,53.720,132.644
330.143,174.411,55.151,130.285
327.598,170.908,55.714,129.281
322.590,176.768,56.606,127.188
319.412,175.708,56.897,126.075
319.868,173.423,56.474,125.535
329.506,167.024,54.703,126.171
331.190,159.570,53.646,127.678
329.914,165.012,54.532,126.392
341.757,159.741,53.389,127.144
342.828,147.762,52.408,128.268
344.799,151.768,52.209,128.319
347.518,150.230,52.325,127.893
357.611,166.638,51.899,126.799
357.742,170.005,51.390,126.716
367.992,163.280,50.786,126.265
368.558,157.977,50.441,126.337
294.382,65.204,50.290,127.837
295.313,50.912,49.588,129.942
295.553,38.631,49.452,130.834
294.663,31.376,51.048,127.067
295.664,34.753,52.084,123.940
297.124,35.926,52.726,121.703
297.846,40.048,53.216,120.004
298.395,42.855,53.674,118.341
298.114,49.187,54.026,116.472
297.519,57.021,54.175,114.718
286.085,64.913,54.517,112.335
285.561,70.428,54.947,110.421
284.944,71.752,56.150,107.094
284.611,70.777,56.570,104.860
277.775,73.794,61.961,98.014
271.578,76.402,65.968,93.086
268.235,69.799,68.434,89.669
256.150,65.414,70.572,86.758
251.203,60.069,72.606,83.516
247.653,62.729,74.143,80.737
238.680,63.363,70.725,83.834
230.298,66.469,65.912,89.252
232.563,66.931,60.756,95.720
233.897,65.763,57.012,100.590
234.400,66.864,55.691,102.235
235.036,69.539,54.913,103.077
235.455,59.739,53.978,104.521
236.225,60.700,53.456,104.992
238.309,56.304,56.955,99.732
236.722,60.186,60.429,95.080
238.176,61.063,58.872,95.811
239.187,63.054,57.362,96.596
249.007,63.155,54.219,99.651
250.060,63.157,50.960,102.811
244.922,80.613,56.137,95.825
239.631,85.254,60.225,90.472
231.607,87.816,62.610,87.099
229.847,87.634,63.974,85.164
230.053,79.752,64.707,83.307
228.953,79.895,65.104,82.109
230.342,77.392,61.485,85.641
231.640,76.456,58.579,88.491
232.762,89.338,56.710,90.594
233.602,93.344,55.226,92.415
235.314,97.268,53.744,94.379
236.911,97.978,52.898,95.339
234.989,109.324,57.170,90.708
233.765,118.597,60.497,86.900
235.498,118.941,62.426,84.332
242.264,117.162,63.978,82.233
242.518,108.346,60.782,84.045
242.830,108.876,58.382,85.240
245.114,109.693,56.138,86.349
247.156,108.442,54.588,86.714
248.654,109.414,53.090,86.872
250.354,109.781,51.569,87.125
252.247,107.035,50.996,86.459
253.618,108.145,50.075,86.336
254.985,106.569,49.342,86.507
255.858,105.673,48.892,86.197
247.637,106.957,48.278,86.902
248.145,99.871,47.994,87.043
274.462,75.440,47.429,86.708
275.030,76.410,50.283,83.208
281.337,77.341,53.168,79.905
278.827,79.377,55.482,77.373
278.334,83.164,57.274,75.339
279.777,90.834,54.959,78.151
281.757,92.390,53.202,80.201
283.107,92.686,51.761,82.171
293.457,93.571,50.018,84.571
303.097,92.808,48.503,86.417
312.437,91.705,47.687,87.295
