302.000,135.000,67.000,81.000
298.322,139.638,67.024,81.389
294.741,142.619,67.696,81.977
294.992,142.663,68.517,82.707
296.722,146.845,68.852,83.490
300.624,148.399,69.355,83.593
305.820,144.117,69.617,84.508
309.101,146.582,69.242,85.146
306.572,145.788,69.870,85.500
305.218,147.435,71.091,85.175
307.086,148.318,72.077,86.116
309.986,146.022,72.990,87.756
315.202,144.241,74.372,89.545
319.609,136.347,76.009,91.318
326.306,127.632,77.271,91.905
330.216,128.019,77.015,91.782
332.487,125.463,77.131,91.930
329.881,127.401,77.925,91.593
330.302,126.316,79.084,91.476
333.779,122.216,79.992,91.878
337.294,113.866,81.813,91.826
342.573,107.908,82.761,91.990
346.852,107.755,83.246,91.578
351.555,110.222,84.571,90.628
354.673,117.804,85.366,90.216
363.109,126.043,85.103,90.160
373.326,123.890,84.592,90.294
369.298,122.490,84.211,91.324
364.821,113.388,83.625,92.177
350.980,99.235,83.714,93.027
343.978,90.334,83.263,94.824
334.598,86.050,82.041,96.736
335.780,80.161,81.715,97.454
332.787,86.079,81.967,96.721
332.365,94.276,83.828,95.023
335.787,99.849,84.411,94.633
347.946,113.809,85.514,94.903
365.437,129.220,86.062,94.529
366.475,127.466,86.255,95.852
367.799,117.846,86.131,97.706
366.156,109.520,85.399,98.556
361.227,99.678,85.458,97.927
357.311,89.206,84.959,99.644
356.048,91.543,84.919,100.270
354.477,90.789,85.741,100.471
358.058,99.245,86.712,100.403
361.954,111.056,87.188,100.179
364.903,122.064,87.450,99.689
368.900,132.967,87.860,98.934
368.805,137.636,88.574,98.304
370.759,147.985,87.465,100.449
365.216,134.534,86.937,100.955
359.704,120.302,86.700,100.590
359.238,114.394,85.806,101.514
354.391,112.549,86.592,101.570
351.158,115.986,88.305,100.422
348.207,126.400,87.753,101.577
348.624,145.429,85.720,103.424
352.138,165.271,85.078,104.622
351.233,175.879,86.014,104.394
339.172,176.885,85.735,104.984
329.922,157.766,86.227,103.714
319.071,140.757,87.082,102.292
312.079,131.259,86.647,100.946
305.124,124.380,85.323,99.227
299.185,123.833,84.570,96.651
298.196,128.839,83.079,95.683
296.470,134.789,81.590,95.716
293.430,145.228,81.774,95.296
294.505,155.615,80.770,96.777
295.322,154.105,79.948,97.925
296.574,188.465,79.783,98.701
290.442,187.913,80.750,100.052
283.535,170.480,79.720,100.918
274.539,154.332,79.586,99.586
267.344,143.264,79.615,97.850
262.072,137.657,79.333,96.213
257.889,133.685,78.771,94.633
255.184,130.717,77.413,93.935
253.464,137.744,76.899,92.406
253.094,146.627,75.409,92.762
253.264,157.030,73.959,93.634
253.200,179.420,73.802,92.987
250.329,189.925,73.956,93.327
248.130,192.533,73.589,94.052
246.264,187.347,73.291,94.437
244.376,174.366,73.190,93.724
239.190,174.952,73.010,92.171
240.987,179.300,73.684,90.662
238.680,185.629,74.376,89.322
236.244,191.825,74.672,88.899
232.114,200.479,74.834,88.368
228.492,198.142,74.796,88.101
218.586,187.198,75.033,87.648
298.427,170.930,77.629,84.924
303.806,172.484,79.418,82.475
302.245,175.861,80.574,81.212
300.101,178.609,81.630,80.105
298.381,191.198,82.194,79.556
299.158,199.192,81.880,79.464
300.647,187.150,81.896,79.619
319.627,163.806,81.511,79.864
308.441,160.635,80.659,80.946
307.341,158.686,80.501,81.097
303.521,156.077,80.481,81.107
293.265,165.031,80.119,81.429
305.447,171.253,79.602,81.897
306.371,170.014,79.529,81.933
316.899,173.323,78.577,82.834
330.058,181.174,77.783,83.084
329.903,192.739,77.796,83.023
327.257,181.036,77.951,82.994
323.790,178.373,77.881,83.487
332.744,196.885,78.744,83.905
319.504,183.491,78.590,84.192
315.808,181.116,78.604,84.165
326.750,201.529,78.961,84.772
324.791,197.269,78.990,84.758
312.362,194.085,78.815,86.022
308.255,192.256,78.816,86.057
306.423,189.317,78.831,86.077
302.440,192.400,78.832,86.075
302.277,187.926,78.605,86.289
302.032,188.181,78.567,86.323
334.213,185.865,78.758,86.695
336.150,158.988,78.816,86.763
336.880,153.819,78.788,86.918
250.794,139.585,78.951,88.263
248.242,135.616,78.944,88.203
249.704,134.333,78.954,88.186
248.148,129.170,78.954,88.186
268.985,146.786,78.864,88.488
265.523,143.449,78.364,88.953
261.264,150.041,79.334,88.444
259.296,153.472,79.908,88.057
258.202,154.022,81.137,87.613
258.864,153.886,82.104,87.381
264.763,154.807,82.098,86.778
265.234,143.630,81.334,87.846
264.975,141.235,81.325,88.409
264.512,151.879,81.220,87.809
263.125,148.592,79.846,89.116
262.209,148.522,80.042,89.205
263.805,156.901,79.784,89.011
260.777,153.862,78.665,90.589
257.229,151.692,78.688,91.658
243.603,142.881,80.859,91.373
246.746,137.246,80.576,92.393
247.078,133.523,81.028,91.013
233.114,134.219,80.501,91.050
219.911,142.906,82.490,89.386
217.774,143.422,83.561,89.424
215.150,141.934,82.245,90.595
213.740,150.752,82.061,90.520
209.398,149.390,81.722,90.753
207.838,139.167,80.699,90.597
208.395,147.559,81.005,90.277
205.434,140.442,80.824,91.124
197.057,138.002,80.304,91.828
201.703,140.620,80.883,91.372
188.548,149.619,81.916,91.828
203.184,144.278,81.735,93.366
206.073,145.462,81.504,94.554
207.541,154.271,81.656,94.983
220.125,154.107,81.894,94.977
222.131,164.936,82.088,94.722
223.772,159.619,82.317,94.623
249.907,157.838,82.471,94.568
252.528,158.024,83.117,93.407
263.403,166.614,84.213,92.636
268.421,167.556,83.661,92.104
274.457,170.550,83.236,91.289
275.272,174.930,82.909,90.014
277.701,176.697,83.045,89.198
281.559,184.046,82.551,90.938
281.851,180.429,83.043,91.010
284.387,179.117,83.061,90.981
284.162,176.012,83.279,90.854
287.268,182.985,83.432,91.018
302.361,185.573,83.551,90.597
303.387,184.820,83.629,90.112
305.520,182.388,83.685,90.046
306.647,180.252,84.318,89.678
320.253,176.739,84.853,89.231
323.421,170.788,84.895,89.201
334.096,172.922,86.017,87.020
335.053,173.007,86.048,86.262
336.000,181.227,86.201,86.312
336.769,190.353,86.629,86.293
337.847,187.355,87.081,86.176
340.098,195.147,87.466,86.032
331.470,169.259,87.134,86.886
333.783,164.183,86.306,88.749
333.466,164.017,85.607,89.796
330.548,157.963,84.596,90.600
331.133,164.686,83.704,91.403
319.199,173.623,83.720,91.769
319.016,193.305,84.210,92.513
330.931,200.063,84.285,93.112
332.421,196.515,83.986,94.195
331.268,181.257,83.892,95.661
328.831,166.021,84.134,96.056
326.649,153.338,83.903,95.462
325.711,150.837,84.640,94.419
320.744,148.824,84.884,94.659
318.398,160.626,85.108,94.508
316.885,170.789,84.645,95.282
315.680,179.920,85.212,95.563
312.902,188.803,84.933,96.453
303.111,174.361,84.457,97.028
293.399,161.689,83.566,97.343
292.765,158.056,83.175,96.839
291.093,157.572,82.631,95.738
290.055,155.833,81.754,94.689
287.916,162.311,80.504,94.372
287.455,152.463,80.286,93.748
284.471,170.574,79.431,93.903
282.464,190.263,78.676,93.813
289.155,190.976,78.057,93.503
288.223,189.561,77.536,93.450
287.208,185.707,76.761,93.686
287.442,174.113,77.041,92.143
288.507,171.494,77.507,90.548
287.054,170.414,77.504,89.396
288.709,176.921,77.094,88.684
288.485,185.622,76.294,88.603
288.522,187.649,74.725,88.047
285.146,186.098,74.405,87.486
209.326,195.061,76.008,87.948
212.262,203.216,77.098,87.691
214.004,199.320,76.703,89.365
212.013,182.808,76.176,90.947
211.416,169.447,76.262,91.147
211.134,157.015,76.122,91.508
208.315,155.259,76.046,91.577
136.000,167.542,73.579,92.487
132.861,167.031,71.835,93.624
130.368,168.072,70.769,94.246
100.888,163.784,75.394,93.314
95.619,156.115,77.851,92.972
94.136,145.849,78.321,93.959
95.262,134.434,79.680,94.052
93.380,128.483,80.890,94.107
90.468,127.932,81.560,93.749
90.801,127.839,81.716,92.650
87.592,133.351,81.988,90.788
87.450,137.799,81.713,89.638
89.759,133.480,81.509,90.061
81.865,118.306,81.236,90.304
82.098,107.411,80.906,89.307
84.853,102.531,79.623,89.711
89.188,101.903,79.690,88.371
90.088,99.943,80.216,86.424
90.506,102.677,80.027,84.229
90.165,110.411,79.885,83.002
89.225,109.364,79.326,81.630
90.487,97.653,77.992,81.182
91.018,89.370,76.701,80.869
83.824,78.110,76.365,80.597
93.736,85.039,74.928,81.272
96.224,84.693,74.051,80.979
98.456,89.813,72.541,81.769
99.521,86.799,70.886,82.071
98.752,95.748,68.904,82.120
97.100,102.891,68.830,80.304
95.027,102.338,67.977,79.642
92.780,99.092,68.480,79.539
92.683,88.282,67.241,79.999
92.100,86.661,66.572,79.281
85.433,88.051,67.463,78.094
88.875,87.858,67.692,77.529
89.490,87.197,66.604,77.647
88.684,96.978,65.336,78.510
85.730,106.454,65.592,77.863
87.335,116.401,66.970,75.171
84.017,108.407,66.939,74.382
92.862,105.103,67.280,73.691
90.546,102.402,67.653,73.696
94.288,93.044,67.170,72.608
97.245,92.527,66.085,72.041
97.667,102.792,65.135,71.832
95.053,111.491,64.086,72.932
91.757,123.653,63.118,73.573
87.669,130.810,63.368,73.344
85.276,132.877,64.413,71.711
76.678,129.696,64.418,71.040
82.449,119.231,64.804,70.411
80.616,110.443,63.927,70.335
81.951,108.960,63.061,69.587
83.416,108.583,61.583,69.756
90.158,116.793,60.559,69.981
88.918,117.031,59.263,71.200
86.604,126.699,57.833,72.334
79.279,140.259,58.913,70.807
78.059,138.318,59.255,69.433
78.463,134.385,59.370,68.655
70.678,124.172,60.002,68.216
72.852,122.545,60.183,67.718
75.270,121.300,60.158,67.821
82.661,120.985,59.751,67.596
91.235,119.858,59.061,67.936
93.097,125.916,57.027,69.968
98.764,133.721,55.169,72.073
98.595,140.497,53.411,73.225
100.112,139.895,53.703,72.182
83.360,136.770,55.623,70.558
83.597,128.784,56.502,69.511
84.092,126.092,57.686,68.632
84.209,122.087,58.986,67.744
82.185,124.413,59.719,67.292
83.613,131.814,60.782,66.073
78.396,133.038,60.352,65.654
77.619,139.416,60.496,65.632
77.362,138.525,59.841,65.940
76.210,145.942,59.403,66.134
75.694,145.129,58.753,66.676
74.912,144.335,58.089,66.917
83.008,142.571,57.669,66.875
90.292,142.958,57.043,67.413
97.981,150.001,57.204,67.803
95.687,148.548,57.128,68.451
93.570,147.198,57.996,68.403
108.970,154.620,58.411,68.132
117.100,154.125,58.495,67.756
108.179,154.331,59.498,67.316
115.964,153.683,59.601,67.001
122.528,153.107,59.793,67.094
126.298,151.432,60.127,67.854
128.676,150.427,60.973,68.143
127.822,155.438,61.738,67.778
126.673,153.590,62.319,67.852
123.314,161.827,63.340,67.216
123.156,161.737,63.521,66.802
119.286,162.552,63.818,66.526
117.674,168.035,62.484,66.642
109.896,168.810,62.311,65.460
110.683,168.856,61.914,64.615
112.085,168.296,61.210,63.880
118.052,166.003,61.159,63.883
116.197,164.903,60.815,63.736
115.181,164.521,59.640,64.118
122.443,164.042,59.155,65.078
123.181,168.980,58.422,65.386
123.677,175.839,58.088,65.242
125.534,175.526,57.815,65.132
119.520,185.556,56.942,65.783
121.506,177.387,56.889,65.929
122.335,170.057,56.971,65.857
124.496,171.457,56.980,65.731
139.360,170.617,57.574,64.961
139.352,168.289,57.438,64.590
138.818,169.277,56.760,64.953
133.131,158.540,56.545,64.924
120.111,148.115,54.327,67.041
128.422,148.714,53.678,67.442
136.693,150.776,53.696,66.986
138.160,158.564,54.123,65.906
140.171,150.568,54.521,65.010
142.562,156.469,54.575,64.801
131.912,148.916,52.080,67.450
135.604,139.594,49.366,70.663
139.032,137.903,46.616,74.046
141.295,136.662,44.530,76.690
143.358,142.783,42.743,79.060
144.941,144.724,41.950,79.781
152.751,144.682,43.114,78.335
151.643,147.789,45.069,75.355
150.933,148.240,46.436,73.444
150.228,152.698,47.026,72.753
144.070,150.786,45.099,74.942
146.031,141.420,42.638,77.966
149.761,131.783,40.357,80.693
158.234,126.740,39.102,82.594
160.665,130.872,38.435,83.300
167.318,138.186,39.522,82.224
172.533,147.161,41.661,79.939
178.620,157.756,43.483,77.534
178.366,170.035,46.262,73.434
177.717,173.112,48.618,70.955
186.135,178.075,49.806,69.816
196.326,176.415,50.659,68.990
184.545,167.463,48.111,72.060
200.470,152.815,47.768,72.821
206.964,147.314,48.700,72.014
212.683,155.665,49.690,71.206
268.483,95.999,50.092,71.452
269.523,100.533,50.204,71.495
271.883,103.425,50.729,70.772
273.193,113.362,51.484,70.542
271.303,115.856,51.899,70.744
271.085,119.124,52.409,70.495
265.680,128.529,52.513,70.390
