122.000,51.000,51.000,61.000
122.384,51.110,50.781,61.093
123.100,52.167,50.616,61.090
123.401,52.749,50.591,61.042
122.508,54.824,50.275,61.247
122.645,55.335,50.302,61.125
123.463,56.566,50.152,61.351
123.328,57.925,50.334,61.244
122.931,58.464,50.530,61.071
123.141,58.784,50.714,61.088
122.654,59.973,50.814,61.052
121.968,59.198,51.041,61.395
122.339,59.666,51.223,61.364
122.684,60.752,51.249,61.552
121.869,60.064,51.407,61.651
122.073,60.788,51.412,61.770
122.166,61.227,51.420,61.899
121.220,60.270,51.314,62.118
121.896,61.088,51.336,61.997
121.593,62.215,51.488,62.083
121.134,62.299,51.660,62.017
120.491,62.170,51.620,62.130
121.470,62.233,51.867,61.958
120.307,63.001,52.122,61.963
119.882,63.035,51.876,62.225
121.239,63.077,51.971,62.119
118.292,62.082,52.544,62.038
120.111,63.899,52.667,61.954
119.531,62.713,52.639,62.217
118.542,62.569,52.532,62.465
118.868,63.465,52.502,62.461
115.998,62.088,52.815,62.450
114.495,60.636,53.148,62.256
112.603,60.546,53.344,62.019
110.593,59.513,53.205,62.033
109.505,58.031,53.024,62.170
108.653,56.921,52.808,62.208
108.058,57.571,52.723,61.933
107.698,56.105,52.736,61.909
107.042,57.346,52.682,61.577
106.419,56.392,52.737,61.467
106.871,56.787,52.703,61.188
107.420,56.366,52.600,60.735
107.747,55.575,52.463,60.353
108.330,55.419,52.512,59.649
109.601,54.204,52.568,59.057
111.293,53.613,52.383,58.639
112.210,52.808,51.909,58.272
113.006,52.476,51.745,57.722
113.435,52.966,51.279,57.499
114.910,54.168,51.097,57.032
114.670,55.522,50.879,56.883
115.814,57.436,50.662,57.070
115.525,60.194,50.255,57.615
116.860,62.256,50.063,58.120
116.925,64.399,49.893,58.847
115.760,67.095,50.002,59.124
117.283,69.019,49.902,59.479
115.526,70.851,50.344,59.743
115.999,72.313,50.240,60.172
115.009,74.041,50.034,60.820
113.625,76.297,50.011,61.461
114.351,79.114,49.975,61.836
114.943,81.410,50.351,61.836
113.501,83.459,51.594,61.197
113.282,84.663,51.931,61.074
113.380,84.336,52.246,60.977
114.542,86.102,52.146,61.030
116.198,86.000,52.579,61.121
116.585,87.169,53.198,60.887
117.732,87.813,54.224,60.322
119.328,88.154,55.409,60.036
121.010,88.578,56.077,59.937
121.979,87.972,55.784,60.405
122.720,86.483,55.984,60.981
124.148,84.138,56.810,61.002
125.227,82.537,57.501,61.549
124.541,79.011,57.278,62.436
123.540,76.988,57.250,62.988
122.185,73.485,57.071,63.937
120.853,70.338,56.968,64.390
120.913,68.541,56.476,64.634
121.038,67.137,56.255,64.416
121.451,66.973,55.905,63.947
121.721,65.767,55.405,63.665
122.302,66.458,55.490,63.101
121.420,66.056,55.262,62.924
121.637,65.260,54.703,62.723
120.934,65.054,54.319,62.432
121.728,64.183,54.025,62.220
120.330,62.688,53.685,62.298
119.639,62.174,53.620,62.309
118.704,60.176,53.405,62.438
117.052,57.504,53.586,62.202
114.009,56.623,53.712,61.759
112.250,55.851,53.441,61.176
110.730,54.460,52.994,60.796
109.610,54.092,52.454,60.613
108.638,54.635,52.199,60.133
106.654,54.969,51.578,59.923
105.645,55.419,51.076,59.799
104.629,55.232,50.625,59.627
104.405,55.669,50.450,59.357
104.502,55.608,50.289,58.930
104.046,55.290,50.116,58.787
103.476,55.035,50.235,58.294
103.957,54.585,50.189,57.920
103.369,54.476,50.220,57.451
104.462,54.460,50.075,57.006
105.397,55.306,49.835,56.642
107.010,55.671,49.581,56.498
107.842,56.201,49.655,56.430
108.089,56.419,49.660,56.524
109.652,57.712,49.608,56.544
108.540,58.537,49.660,56.763
110.800,58.830,49.833,56.981
110.987,60.365,49.960,57.114
112.297,61.060,49.908,57.376
113.285,63.038,50.060,57.358
112.336,64.557,50.069,57.219
112.586,62.949,50.068,57.633
111.851,65.544,50.271,57.313
112.260,64.550,50.003,57.515
113.091,65.272,50.010,57.367
113.363,66.192,50.066,57.492
114.228,68.396,49.756,57.439
114.036,67.605,49.860,57.844
113.745,68.027,49.919,58.005
114.061,67.331,49.570,58.550
113.747,66.625,49.501,58.970
113.566,65.821,49.546,59.178
114.552,65.985,49.251,59.167
113.707,65.750,49.442,58.965
113.610,64.873,49.486,59.032
113.538,65.347,49.141,59.007
113.679,66.351,48.920,58.952
114.778,66.277,48.747,58.990
113.297,65.906,48.992,58.813
112.498,66.231,49.251,58.490
112.449,65.461,49.466,58.515
111.316,66.327,50.020,58.150
110.718,66.064,50.178,58.077
109.797,65.545,50.721,57.984
108.623,65.169,51.210,58.036
106.238,65.286,51.325,57.825
106.066,65.630,51.352,57.771
104.081,65.988,51.272,57.794
104.612,65.851,51.270,57.743
103.837,66.581,51.261,57.850
104.916,65.641,51.104,58.216
104.440,66.046,51.136,58.173
105.764,66.014,50.992,58.507
106.298,67.128,51.417,58.542
105.971,66.954,51.693,58.625
106.419,67.928,51.883,58.621
106.756,68.733,52.021,58.707
105.191,69.442,52.408,58.699
106.643,69.215,52.568,59.257
105.997,68.838,53.249,59.414
105.548,69.246,53.706,59.654
105.728,67.886,53.901,60.276
106.676,67.946,53.987,60.799
105.999,67.198,54.164,61.223
105.588,67.655,54.329,61.368
105.550,68.312,54.515,61.488
107.097,67.136,54.288,61.927
105.694,67.748,54.043,62.553
106.584,67.149,54.159,62.765
106.480,67.755,54.460,62.878
106.149,67.434,54.511,63.200
106.087,66.940,54.326,63.419
105.607,66.321,54.113,63.602
104.556,65.822,53.956,63.956
105.055,65.241,53.702,64.027
104.333,65.260,53.570,64.004
104.112,64.791,53.397,64.221
103.769,63.705,53.221,64.120
103.644,63.749,53.211,63.897
103.004,63.546,53.127,63.832
103.087,63.122,52.923,63.714
102.318,62.448,52.550,63.688
103.739,62.696,52.313,63.244
103.181,62.660,51.861,63.173
103.421,62.167,51.552,62.909
104.048,62.960,51.175,62.464
103.275,63.630,50.793,62.356
104.665,64.022,50.407,61.892
103.958,63.753,50.203,61.643
103.680,63.968,49.832,61.508
104.828,64.652,49.521,61.143
103.781,64.375,49.362,60.884
105.226,64.741,49.071,60.619
104.606,64.194,48.650,60.497
106.012,64.646,48.484,60.032
106.000,64.924,48.015,59.795
106.740,64.915,47.846,59.554
107.629,65.346,47.521,59.208
107.847,65.588,47.386,58.805
108.398,66.432,47.159,58.398
108.128,67.226,46.878,57.943
108.843,67.653,46.587,57.676
108.949,68.696,46.487,57.209
110.243,69.484,46.181,56.966
109.450,69.631,46.036,56.685
111.105,70.427,45.888,56.523
110.605,70.947,45.721,56.308
110.343,71.673,45.538,56.051
110.708,71.657,45.506,55.964
110.252,72.991,45.305,55.676
109.170,72.966,45.229,55.616
109.900,73.115,45.373,55.380
108.331,73.925,45.359,55.132
109.474,73.949,45.523,54.817
107.895,74.254,45.482,54.680
108.921,73.940,45.608,54.582
108.031,73.773,45.429,54.561
108.450,73.087,45.374,54.246
108.562,73.835,45.380,53.800
107.420,73.979,45.142,53.819
107.498,73.126,45.084,53.591
107.960,72.919,44.938,53.409
106.885,73.128,44.719,53.193
107.325,72.137,44.411,53.197
106.443,71.791,44.229,53.169
105.716,71.683,43.840,53.268
105.851,71.397,43.546,53.369
105.273,71.233,43.240,53.239
104.866,70.809,42.935,53.337
104.423,70.603,42.675,53.312
104.243,70.533,42.374,53.363
105.403,70.086,42.188,53.318
104.807,70.527,42.182,52.994
104.464,70.203,41.918,52.957
105.712,70.914,41.742,52.587
106.056,71.535,41.831,52.274
105.517,72.836,42.019,51.871
106.465,73.143,42.180,51.544
105.121,73.701,42.536,51.238
105.931,74.459,42.707,50.919
105.055,74.714,43.184,50.661
104.180,74.787,43.567,50.456
104.314,74.966,43.722,50.386
103.760,74.771,43.959,50.477
104.893,74.390,43.913,50.584
105.007,74.568,44.231,50.396
105.178,74.071,44.437,50.485
105.085,73.924,44.719,50.492
104.971,74.299,44.884,50.523
104.752,74.459,45.100,50.527
104.792,74.497,45.300,50.712
104.373,74.362,45.670,50.606
103.670,74.538,45.903,50.644
102.564,73.669,46.088,50.824
102.778,71.933,46.166,51.128
102.079,70.621,46.132,51.334
102.086,68.833,46.004,51.618
101.983,66.679,46.124,51.838
101.838,64.548,46.224,51.860
101.992,62.802,46.374,51.826
100.810,61.695,46.186,51.895
102.378,59.974,45.977,51.847
100.675,58.290,45.926,51.853
101.661,56.353,45.970,51.835
101.544,54.406,45.958,51.793
100.823,52.120,45.738,51.852
100.748,50.147,45.700,51.921
100.759,49.333,45.568,52.071
100.892,48.426,45.448,52.234
101.601,47.294,45.667,52.360
101.798,46.501,45.735,52.561
102.299,45.875,45.850,52.629
102.267,45.334,46.055,52.851
102.717,45.354,46.064,53.050
103.646,44.973,46.045,53.361
104.649,45.487,45.994,53.413
105.147,46.039,46.103,53.227
105.957,46.691,46.150,52.823
107.118,47.899,46.109,52.434
108.818,49.144,46.433,52.002
109.726,50.378,46.929,51.556
110.927,51.892,47.153,51.343
111.462,52.909,46.793,51.603
112.740,53.255,46.330,51.784
114.057,53.295,45.817,52.112
113.658,53.889,45.856,52.091
114.923,53.942,45.393,52.086
114.148,54.483,45.178,52.089
116.079,54.445,44.597,52.362
114.806,55.687,44.565,52.412
117.289,56.596,44.329,52.552
116.653,57.125,44.346,52.447
117.982,58.507,44.351,52.383
118.619,59.597,44.630,52.291
118.454,61.405,45.146,52.097
119.319,63.145,45.485,51.899
118.893,65.109,46.017,51.729
118.720,67.076,46.661,51.442
118.242,69.348,47.017,51.470
118.065,71.509,47.656,51.554
118.047,72.283,48.034,51.955
117.837,73.787,48.342,52.258
117.200,74.787,48.528,52.522
116.604,76.821,48.578,52.376
114.765,77.932,48.597,52.605
114.940,79.822,48.183,53.305
114.146,79.960,48.206,53.744
113.813,80.506,47.634,54.503
114.121,81.166,47.391,55.199
112.849,80.024,47.218,56.037
112.503,80.284,47.471,56.180
113.529,80.106,47.599,56.661
113.293,79.784,47.635,57.357
112.417,79.425,48.020,57.864
111.909,79.328,48.335,58.433
112.200,79.234,48.948,58.731
110.597,77.900,49.542,59.294
110.082,77.180,49.997,59.881
109.170,76.166,50.312,60.483
107.652,75.384,50.585,61.279
105.897,74.690,50.971,61.773
105.003,73.706,51.240,62.383
102.763,72.702,51.735,62.627
100.995,71.847,51.895,63.036
99.162,70.669,51.885,63.445
97.070,70.062,52.061,63.321
95.630,70.320,52.011,63.058
94.446,69.496,51.907,62.878
92.906,68.440,52.108,62.522
90.925,67.842,52.137,62.159
89.378,68.772,51.833,62.114
88.221,68.240,51.495,62.173
87.321,68.694,51.238,62.184
85.615,68.006,51.652,62.009
85.841,68.047,51.851,61.795
82.948,66.846,52.253,61.591
81.341,67.627,52.164,61.553
80.795,68.139,52.067,61.445
78.271,67.432,52.689,61.049
76.551,67.969,52.863,60.720
75.334,68.552,53.082,60.386
74.330,68.820,53.569,60.115
73.754,68.554,53.948,59.891
73.117,68.518,54.682,59.681
71.554,68.658,55.425,59.327
70.054,68.489,55.914,59.311
68.071,69.249,56.352,59.227
66.882,68.425,56.663,59.274
64.335,69.066,57.333,58.934
63.347,68.856,57.491,58.905
62.148,68.935,57.844,58.655
60.811,69.130,58.254,58.470
59.159,68.801,58.818,58.111
57.961,69.684,59.271,58.119
56.171,69.488,60.031,58.076
54.162,70.047,60.675,57.887
53.560,69.652,60.938,58.024
53.567,69.994,61.547,57.826
51.578,68.807,62.530,57.569
51.596,68.364,62.391,57.759
51.307,67.587,62.771,57.651
50.647,68.125,62.582,57.737
49.824,68.724,62.650,57.693
49.649,66.432,62.118,58.368
49.817,65.507,62.096,58.871
51.817,65.248,61.927,59.139
53.504,63.350,62.060,59.745
54.253,62.296,62.052,60.070
55.091,61.408,61.848,60.410
56.971,60.584,61.610,60.742
57.465,59.298,61.447,60.955
59.746,56.615,61.328,61.253
60.869,55.818,61.006,61.425
61.453,53.444,60.579,61.439
62.822,51.055,59.811,61.876
63.337,49.479,59.291,62.079
65.261,48.108,58.239,62.524
66.162,47.159,57.411,62.960
68.965,46.239,56.666,63.308
70.326,45.854,56.081,63.537
72.268,43.538,56.182,63.169
74.179,42.841,55.611,63.294
76.164,41.911,55.199,63.037
79.189,40.937,54.992,62.306
80.923,41.006,54.576,61.735
84.158,39.996,54.262,61.181
86.873,41.305,53.926,60.297
88.155,41.427,53.732,59.694
90.346,42.665,53.444,59.100
92.309,43.450,53.137,58.713
94.038,44.244,52.803,58.374
95.507,45.786,52.433,58.277
96.924,46.822,52.054,58.247
98.345,48.089,51.836,58.145
99.042,49.251,51.679,58.163
100.341,51.336,51.608,58.220
101.296,52.601,51.481,58.498
101.773,54.575,51.437,58.721
102.945,56.031,51.265,59.101
103.106,57.985,51.264,59.411
103.411,59.687,51.264,59.903
104.164,61.679,51.352,60.192
104.016,64.080,51.587,60.515
104.738,65.854,51.691,60.768
103.817,68.650,51.730,61.017
104.032,70.253,51.752,61.487
104.873,71.968,51.919,61.801
104.768,73.845,52.102,62.110
105.377,75.542,51.801,62.559
104.808,76.895,51.940,62.792
105.788,78.471,51.753,63.099
106.052,81.629,51.691,63.342
106.865,83.503,51.570,63.824
107.666,86.501,51.779,63.822
107.156,89.114,51.899,63.622
107.100,91.766,51.653,63.742
107.306,94.400,51.152,63.975
107.865,96.741,50.676,63.890
107.275,99.681,50.321,63.762
107.232,103.074,49.928,63.583
107.441,105.171,49.753,63.777
107.090,107.434,49.500,64.287
107.587,109.969,49.166,65.038
107.031,113.141,49.154,65.666
107.553,115.835,49.417,66.011
107.188,118.674,49.903,65.829
106.152,120.985,50.674,65.251
106.534,123.152,51.023,64.729
106.115,123.613,52.070,63.305
106.305,124.527,52.382,62.717
105.851,126.519,52.306,62.725
105.514,128.276,52.002,62.650
105.257,129.470,52.262,62.057
104.816,130.912,52.288,61.792
104.817,132.995,52.443,61.614
104.175,135.054,52.738,61.338
103.654,137.171,53.105,61.215
102.548,138.952,53.336,61.305
101.923,140.964,53.311,61.320
100.312,142.381,53.350,61.490
100.144,143.694,53.477,61.303
99.803,145.105,53.571,61.262
99.184,146.427,53.832,61.153
98.503,147.687,54.048,61.131
97.638,148.459,54.701,60.875
96.491,149.240,54.999,61.133
95.235,149.843,55.301,61.470
94.423,150.548,55.541,61.736
94.011,151.417,55.512,62.075
92.748,153.639,55.936,61.871
91.951,154.726,56.417,61.709
90.392,155.324,56.856,61.734
89.684,156.948,57.280,61.359
88.934,157.777,57.710,61.163
88.036,158.238,57.658,61.337
87.268,159.118,57.497,61.459
84.279,159.822,57.946,61.583
83.393,158.114,57.565,62.225
82.073,155.572,57.619,62.504
83.166,151.889,57.442,63.052
82.478,149.015,58.537,62.650
81.697,145.255,59.220,62.667
81.683,141.986,59.782,62.702
81.376,137.619,60.151,62.660
81.775,133.782,60.071,62.752
81.334,130.120,60.308,62.793
81.956,127.308,60.683,63.357
80.438,124.767,61.545,63.686
81.947,122.192,61.783,64.468
81.543,119.657,61.918,65.571
82.706,116.503,61.716,66.742
83.157,113.141,61.519,68.101
84.038,109.042,61.437,69.595
85.158,106.174,61.218,70.679
86.871,104.671,61.438,71.133
87.833,103.659,61.522,71.727
89.280,101.131,61.579,72.277
90.630,98.758,61.184,73.405
92.510,95.626,60.677,74.134
94.174,92.805,60.255,74.796
97.007,90.787,59.914,75.077
99.271,89.840,60.180,74.848
101.404,89.917,60.379,74.556
103.375,90.005,60.562,74.185
104.707,90.563,60.553,73.945
106.046,89.449,60.400,73.777
107.804,90.623,60.202,73.481
109.702,89.750,60.254,73.134
110.931,89.353,60.959,72.327
112.383,89.563,61.377,71.717
113.283,89.866,61.870,71.125
113.020,89.884,62.402,70.870
114.035,89.413,62.497,70.954
115.293,89.990,63.071,70.681
115.148,89.002,63.753,70.817
115.300,89.291,64.166,70.761
116.440,89.656,64.487,70.644
118.973,89.261,64.843,70.669
121.101,88.501,65.386,70.822
123.067,89.254,65.878,71.044
126.160,89.737,66.105,71.442
137.355,89.887,67.066,71.910
138.669,90.165,67.476,72.593
139.490,89.861,67.815,73.005
140.181,89.118,67.895,73.648
142.219,90.459,67.728,74.073
142.378,90.332,67.847,74.242
142.082,89.618,67.399,74.366
144.680,89.761,66.179,74.350
146.278,90.444,65.232,74.091
146.589,91.034,63.768,74.154
146.372,92.354,62.259,73.964
147.757,93.511,61.142,73.798
147.482,95.549,60.124,73.089
148.460,96.456,59.274,72.905
148.914,97.628,58.636,72.358
149.896,98.702,58.131,72.040
153.620,94.831,55.151,74.088
154.435,94.646,53.125,75.541
156.446,92.845,51.683,76.534
158.776,92.535,50.575,76.923
158.302,95.108,51.872,75.049
164.347,97.850,53.516,72.481
162.433,98.409,54.574,70.511
169.607,99.311,56.202,68.142
168.392,98.707,57.157,66.633
169.164,96.137,57.514,66.140
170.058,93.373,57.860,66.188
170.213,90.632,58.547,66.026
169.901,84.007,58.770,65.419
170.536,83.720,59.665,64.818
169.397,81.964,60.583,64.722
168.350,77.341,61.067,64.113
168.525,77.241,61.048,64.493
168.037,75.234,61.609,64.578
167.154,73.329,61.891,64.731
166.773,69.664,61.715,65.439
167.298,65.621,60.932,66.644
167.262,62.250,60.407,67.346
167.774,59.197,60.251,67.752
168.601,57.442,60.133,67.938
168.758,55.815,60.281,67.922
168.792,54.698,60.362,67.974
169.210,53.001,60.387,67.997
168.304,51.146,60.390,68.094
167.840,49.621,60.443,68.029
165.585,47.793,60.252,68.014
165.133,47.907,59.677,68.450
162.801,48.942,59.372,68.442
161.907,50.616,58.790,68.243
159.871,53.338,58.405,67.707
158.817,53.305,57.848,67.464
158.493,54.771,57.059,67.229
157.478,56.303,56.759,66.315
155.491,57.934,56.315,65.671
154.426,60.254,55.966,64.999
152.239,61.210,55.688,64.704
150.220,61.865,55.172,64.347
148.151,63.245,54.408,64.376
146.223,62.713,53.659,64.438
143.166,63.378,53.643,63.617
140.358,61.684,53.167,63.206
139.331,62.626,52.581,62.813
137.485,63.579,52.377,62.347
136.398,64.284,52.381,61.889
133.914,65.277,52.330,61.747
130.656,67.427,52.765,61.659
128.031,70.011,53.488,61.411
126.122,72.600,53.954,61.270
123.390,74.354,54.567,61.148
121.676,76.148,54.706,61.244
121.678,74.757,55.318,61.745
124.365,72.664,56.062,61.962
126.187,71.117,56.250,62.459
129.604,69.658,56.082,63.084
134.590,69.355,55.065,63.599
136.925,68.542,53.391,64.092
139.245,68.208,52.203,64.053
140.241,69.195,52.255,63.185
140.800,70.324,52.414,62.482
142.948,71.165,52.922,61.621
143.753,70.034,53.776,60.819
143.231,69.551,54.681,60.087
141.363,68.329,55.058,59.855
138.933,67.715,55.082,59.921
136.687,68.440,54.509,59.930
135.299,70.863,54.069,59.910
132.389,73.033,53.833,59.990
131.200,75.132,53.569,60.090
130.531,76.356,53.217,60.150
129.696,78.331,52.995,60.232
126.525,80.413,53.890,59.585
123.582,82.595,54.761,59.239
120.879,83.591,55.988,58.970
117.714,85.493,57.488,58.564
115.282,87.244,58.566,58.764
113.064,89.246,58.854,59.509
111.338,91.049,59.019,60.683
110.236,92.441,59.395,61.413
108.879,93.089,59.831,61.555
109.821,94.494,59.941,61.443
109.068,96.072,60.727,61.136
108.518,98.084,61.041,61.018
110.013,101.334,60.937,61.116
107.211,103.677,61.080,61.173
106.814,105.485,60.645,62.068
108.732,109.116,60.117,62.886
109.251,112.723,59.872,63.881
109.402,114.422,59.277,64.906
109.110,114.956,58.917,65.572
108.214,115.121,58.624,66.109
108.201,116.129,58.091,66.566
107.306,116.782,57.903,66.652
106.356,117.317,57.601,66.664
105.554,117.611,57.303,66.596
104.654,117.305,57.137,66.278
105.373,117.283,56.802,66.105
104.455,117.770,56.579,65.979
103.346,118.922,56.311,65.586
101.391,119.462,56.317,65.177
101.731,119.544,56.050,65.007
102.622,119.001,55.761,64.645
101.568,117.906,55.506,64.474
101.473,117.132,55.269,65.012
100.586,115.517,54.935,65.799
98.695,113.086,54.712,67.098
99.024,111.528,54.264,67.884
98.767,109.661,54.090,68.972
98.689,109.203,53.269,70.123
98.934,101.805,50.832,73.585
100.391,97.864,49.048,75.858
101.407,94.899,47.921,77.438
102.538,92.056,47.342,78.279
103.390,89.589,47.232,78.953
103.114,86.151,47.608,79.146
103.433,82.386,47.982,79.117
103.323,78.770,48.681,78.703
102.375,74.757,49.779,78.124
102.367,70.973,50.176,77.824
102.249,68.997,50.841,77.184
101.088,67.727,51.354,76.664
100.416,64.306,51.586,76.689
100.724,64.384,51.947,76.070
100.606,62.427,52.617,75.457
100.727,60.486,53.020,74.999
101.021,59.788,53.180,74.601
99.128,58.490,53.350,74.181
98.234,59.055,53.353,73.350
95.600,56.603,53.995,73.066
93.249,55.797,54.312,72.708
91.134,54.451,54.601,72.190
88.911,54.017,54.727,71.786
86.191,53.987,54.734,71.173
84.196,53.867,54.194,70.979
83.705,51.521,53.606,71.319
83.017,51.652,53.115,71.015
82.331,52.858,52.744,70.444
82.488,51.187,52.022,70.681
82.362,52.010,51.886,70.057
83.167,52.800,51.797,69.509
82.333,53.221,51.655,69.411
82.185,54.047,51.568,69.263
80.673,54.112,51.722,68.718
80.384,54.847,51.662,68.051
80.141,56.596,51.318,67.339
78.826,58.000,51.164,66.622
78.259,58.716,50.714,66.125
76.106,60.803,52.698,63.619
74.305,62.700,54.426,61.541
72.806,64.462,55.802,59.769
70.686,66.699,56.812,58.254
69.604,69.910,57.303,57.157
69.760,72.134,57.840,56.350
69.214,72.923,58.307,55.720
68.411,74.738,58.802,55.080
68.905,77.229,58.576,54.992
68.635,79.374,58.436,54.767
68.304,81.816,57.728,54.422
68.409,83.608,57.539,53.904
69.585,85.303,57.242,53.326
70.227,85.757,57.093,52.822
71.245,85.351,56.840,52.444
72.651,83.090,56.219,52.627
73.707,80.131,56.081,52.817
76.756,76.341,55.145,53.476
80.263,74.636,54.750,53.707
82.571,73.711,54.674,54.036
84.346,72.146,54.886,54.331
87.200,70.541,54.893,54.755
89.885,69.890,55.135,55.184
92.313,67.986,54.804,56.188
95.489,65.369,54.694,57.174
97.477,62.818,54.396,58.235
99.775,60.359,54.359,59.204
101.292,59.467,54.655,59.776
101.858,58.921,54.874,60.326
101.423,57.752,55.237,60.933
101.366,56.566,55.647,61.266
100.585,55.000,56.068,61.710
100.422,53.714,55.981,61.831
99.425,52.114,56.546,61.848
98.258,51.187,56.478,61.996
99.141,51.175,56.278,61.994
96.265,49.109,56.071,62.272
98.299,48.227,55.997,62.299
96.925,45.991,55.640,62.724
97.396,44.628,55.278,62.650
97.497,44.149,55.081,62.550
95.816,44.705,54.977,62.449
96.463,43.990,54.897,62.526
93.773,44.209,54.915,62.489
92.857,43.489,55.062,62.132
90.583,44.100,55.061,61.671
88.932,44.687,55.225,61.107
87.570,44.240,55.486,60.831
84.630,43.791,55.566,60.626
83.526,42.897,55.845,60.359
81.628,41.701,56.145,60.278
80.087,41.479,56.300,60.270
79.694,38.499,56.489,60.368
77.313,38.044,56.116,60.542
77.246,35.269,56.119,60.566
75.003,33.288,56.118,60.636
74.593,31.698,55.801,60.775
73.818,29.793,55.630,60.866
73.088,29.620,54.957,61.042
71.751,27.871,54.713,61.066
70.466,27.735,54.270,61.151
70.094,28.210,54.096,61.093
68.287,27.471,54.030,60.830
68.682,27.490,54.070,60.389
68.287,27.881,53.836,60.329
70.161,28.549,53.839,60.222
70.782,29.281,53.094,60.768
70.922,29.880,52.774,61.036
72.999,31.185,52.487,61.171
73.471,32.670,52.035,61.482
73.596,34.805,51.994,61.491
75.241,36.379,52.289,61.291
76.796,38.434,52.612,61.104
76.646,41.503,52.971,60.784
77.983,44.564,52.920,60.694
79.394,46.700,52.949,60.472
79.527,49.797,52.886,60.283
81.127,52.119,52.897,59.623
82.707,52.711,53.061,59.082
84.642,52.860,53.143,58.654
88.076,53.690,53.152,58.394
87.774,53.220,53.365,58.541
91.772,51.757,53.056,58.775
94.032,50.512,52.741,58.673
96.443,49.149,52.589,58.703
99.499,46.994,52.193,58.874
102.308,45.241,52.193,58.922
103.149,43.794,51.831,59.266
105.437,42.044,51.828,59.001
107.933,39.574,51.508,59.094
110.210,38.591,51.069,58.996
113.078,36.375,50.413,59.062
115.535,35.346,49.864,59.004
117.257,34.054,49.352,58.905
119.972,33.530,48.767,58.890
122.834,32.763,48.354,58.686
124.536,31.951,48.032,58.424
127.297,32.050,47.843,58.103
129.702,31.122,47.782,57.660
131.679,30.749,47.579,57.490
134.072,30.922,47.377,57.144
136.180,30.726,47.109,56.829
138.360,30.819,46.737,56.594
141.800,30.896,46.535,56.382
142.573,30.780,46.202,56.212
145.945,30.409,46.032,56.129
146.609,29.893,45.844,56.034
150.728,29.870,45.599,55.969
151.150,29.290,45.390,56.189
153.208,29.453,44.959,56.241
155.576,30.086,44.614,56.221
157.338,30.801,44.318,56.181
159.748,31.600,44.450,55.975
159.583,32.981,44.141,55.952
161.645,34.236,43.865,55.933
162.468,35.821,44.167,55.614
163.136,36.623,44.189,55.475
164.147,39.012,44.317,55.038
164.530,40.485,44.335,54.700
166.595,42.370,44.322,54.348
167.036,45.133,44.287,53.831
168.171,47.108,44.235,53.520
169.830,48.868,44.140,53.352
169.787,51.225,44.309,52.929
170.857,53.087,44.343,52.502
170.867,55.020,44.202,52.315
171.392,56.469,44.068,52.240
171.708,57.637,43.897,52.271
171.518,58.968,44.005,51.973
171.264,59.025,43.959,51.900
170.831,60.048,44.020,51.645
170.022,60.171,44.093,51.575
168.146,60.097,44.292,51.274
165.902,60.225,44.337,51.255
163.985,60.079,44.385,51.505
163.174,59.785,44.351,52.011
161.302,59.355,44.233,52.564
160.016,58.827,44.075,52.978
160.394,57.673,43.904,53.277
158.448,56.464,43.506,53.332
158.054,55.867,42.933,53.200
156.164,56.796,42.332,53.236
152.921,57.766,42.018,53.055
151.175,58.774,41.812,53.132
148.575,59.397,42.026,52.727
145.363,59.119,42.242,52.633
141.726,60.414,42.335,52.441
137.530,60.676,42.582,52.563
134.337,61.060,42.973,52.350
132.506,62.265,44.191,51.771
129.313,63.384,45.335,51.116
125.504,64.912,46.254,50.782
121.392,66.559,46.964,50.528
117.222,67.675,47.502,50.599
114.387,69.387,48.029,50.954
111.272,70.829,48.067,51.725
108.318,71.239,48.572,52.502
104.736,72.013,49.180,53.124
102.166,72.839,49.932,53.713
99.316,73.607,50.637,54.007
96.731,73.546,50.993,54.347
95.468,74.961,50.874,54.446
92.554,77.273,51.357,54.220
91.545,77.474,51.622,54.256
89.572,78.624,52.166,54.134
89.368,78.554,53.032,53.835
88.016,78.627,53.695,53.889
87.494,79.085,53.745,54.363
88.864,80.528,53.247,54.996
90.003,82.107,52.443,55.569
90.706,83.759,51.622,56.197
90.836,85.951,50.747,56.505
91.248,89.816,50.401,56.164
92.980,93.914,50.044,55.726
94.943,98.536,50.078,55.239
95.602,101.989,50.488,54.817
96.583,105.802,51.053,54.218
95.510,107.267,51.238,53.796
94.997,109.316,51.129,54.020
95.457,110.638,50.811,54.781
95.956,112.030,50.433,55.898
96.409,112.951,50.121,56.839
96.643,113.748,50.086,57.580
96.849,123.943,50.708,57.592
96.585,127.707,51.250,57.549
97.012,130.346,51.955,57.565
95.465,129.689,52.790,57.466
93.974,126.921,52.895,58.425
95.078,125.181,53.219,59.429
94.797,122.914,53.981,60.345
94.478,120.778,54.487,61.354
93.716,119.421,54.212,62.607
92.443,117.319,54.008,63.914
90.647,106.121,54.127,65.513
89.875,93.756,55.247,65.966
89.877,88.370,55.916,66.446
88.862,82.512,56.463,66.713
86.257,76.329,57.448,66.533
88.341,70.005,57.661,66.677
87.046,67.696,57.842,66.258
90.295,65.915,57.333,66.532
92.197,63.634,57.527,66.253
94.584,63.641,56.991,66.446
98.766,63.400,57.501,65.807
100.987,64.525,57.863,65.275
104.482,64.460,57.861,65.005
106.267,64.794,57.757,64.570
108.774,64.493,57.230,64.599
111.317,66.156,56.540,64.213
113.261,67.672,55.783,63.929
114.892,66.555,55.468,63.974
116.901,67.844,55.616,63.386
119.667,67.567,56.078,62.797
120.297,67.712,56.415,62.375
120.473,67.667,56.616,62.005
119.889,67.481,56.661,61.859
120.952,68.245,56.072,61.968
119.781,65.923,56.037,62.214
119.263,66.613,55.864,62.217
117.413,67.019,55.776,62.305
115.027,65.988,55.827,62.691
113.041,65.756,55.642,63.077
111.764,66.812,55.336,63.148
108.372,67.112,55.433,62.936
106.177,67.741,55.551,62.880
104.091,69.107,55.453,63.481
102.721,68.327,55.421,63.793
98.388,67.619,55.448,64.188
97.360,69.919,55.328,64.024
94.465,70.487,55.579,63.848
92.279,71.994,55.847,63.322
90.073,73.425,56.080,62.664
88.483,75.465,56.356,62.306
86.394,75.350,56.718,62.192
86.821,77.077,56.794,61.826
84.370,78.321,56.940,61.658
84.456,78.567,57.239,61.296
83.231,80.505,57.469,60.644
82.373,82.562,56.878,60.585
82.888,85.412,56.826,60.167
83.570,87.960,56.818,59.875
83.873,90.555,56.436,59.274
85.052,94.972,55.881,58.698
85.660,98.397,55.325,58.122
86.629,102.197,53.863,57.739
86.843,105.450,53.397,57.207
87.263,107.738,53.052,56.721
87.872,109.473,52.743,56.148
87.635,110.835,52.481,55.763
89.127,112.404,52.301,55.424
91.347,113.782,52.068,55.244
93.270,114.672,51.815,55.714
94.517,114.501,51.589,56.326
95.625,114.204,51.488,56.967
97.578,114.266,51.085,57.892
101.883,114.191,51.001,58.466
104.992,113.538,51.229,58.932
108.180,113.680,51.521,59.765
111.129,112.032,51.384,61.018
110.897,109.544,51.304,62.107
110.646,106.080,51.229,63.220
110.514,101.895,51.281,64.075
111.145,97.786,51.492,64.633
111.884,94.671,51.667,64.450
111.955,91.260,52.251,64.432
111.687,88.106,53.265,64.207
110.158,85.415,54.543,64.066
108.837,82.320,55.227,64.381
106.107,80.199,56.122,64.466
103.205,78.593,56.500,64.631
99.820,76.880,56.960,64.938
98.895,75.260,57.176,65.491
95.498,73.801,57.224,65.587
94.155,72.173,57.462,65.874
92.093,70.853,57.605,65.886
91.524,69.086,57.670,65.835
91.802,68.187,57.624,65.811
90.074,67.261,58.252,65.352
89.825,65.664,58.212,65.149
89.065,63.071,58.146,65.008
89.504,62.610,57.998,64.681
90.932,61.790,57.756,64.419
94.118,61.126,57.424,64.294
92.754,60.528,57.579,63.902
96.911,60.523,57.315,63.968
97.034,60.872,57.240,63.813
101.014,61.423,56.803,64.178
100.325,60.927,56.675,64.438
104.512,60.555,56.269,64.596
103.702,59.836,56.215,64.342
105.320,59.403,55.924,64.579
106.897,58.596,55.635,64.848
107.427,58.834,55.757,64.502
111.677,59.508,55.686,64.396
111.954,59.584,55.643,64.307
114.103,59.264,55.570,64.120
115.278,59.451,55.397,63.517
116.388,59.979,55.252,63.094
116.200,60.251,55.087,62.589
115.274,60.480,54.819,62.355
116.405,61.759,54.977,61.840
116.645,62.738,54.715,61.424
117.695,62.655,54.746,61.018
119.259,62.916,54.689,60.823
119.464,63.005,54.723,60.567
120.301,62.434,54.532,60.531
122.105,62.216,54.170,60.559
122.500,61.702,54.091,60.404
123.444,61.256,53.810,60.340
123.874,60.113,53.294,60.465
125.147,60.579,52.544,60.701
126.090,59.854,51.769,61.006
127.291,60.094,51.064,61.036
128.810,59.950,50.543,60.953
130.905,59.494,50.255,60.700
130.981,59.356,50.155,60.279
132.101,59.608,49.769,60.244
132.424,59.900,49.387,60.301
134.342,60.567,49.009,60.528
135.647,61.720,49.006,60.482
135.609,63.975,48.873,60.713
136.025,66.831,48.761,60.689
136.184,69.983,48.510,61.029
135.669,73.064,48.136,61.357
135.607,76.220,48.182,61.286
136.058,79.611,48.428,61.364
136.435,82.136,48.897,61.154
135.677,84.133,49.305,60.948
134.007,86.407,49.802,60.501
132.478,88.885,49.930,60.531
132.445,90.970,50.348,60.440
131.514,92.813,50.966,60.262
129.323,98.720,51.435,60.195
128.344,99.980,51.813,59.624
126.755,100.745,52.230,59.193
125.119,101.599,52.585,59.223
124.238,101.940,52.715,59.359
123.223,97.072,52.831,59.161
123.339,92.036,52.868,59.102
122.443,91.825,52.821,59.443
121.593,85.174,53.113,59.481
120.257,84.138,53.239,60.104
120.213,78.934,52.879,60.414
120.072,74.904,52.041,60.891
121.145,71.353,51.482,60.818
120.397,68.658,48.484,63.932
120.885,65.643,46.075,66.120
123.805,61.120,46.706,64.723
122.724,60.037,47.518,63.510
122.157,55.870,48.015,62.057
120.968,56.204,48.693,60.568
118.978,56.115,48.891,59.705
115.532,55.609,49.118,59.003
112.901,55.468,49.019,58.493
110.218,54.462,49.245,57.705
108.734,54.304,49.202,57.002
106.618,54.154,49.299,56.348
103.108,54.102,49.406,55.901
99.637,53.998,49.552,55.611
96.572,53.470,49.591,55.388
93.575,52.438,49.723,55.310
91.096,52.341,49.999,55.103
88.927,53.343,50.048,54.916
82.903,54.268,49.686,54.743
80.366,55.113,49.379,54.681
76.608,54.984,49.342,54.661
74.321,55.193,48.755,54.892
71.803,55.750,48.465,55.039
70.553,56.830,48.302,55.202
69.174,56.567,47.976,55.547
68.481,57.158,47.951,55.672
68.054,57.278,48.697,55.323
66.052,56.607,48.688,55.410
65.983,57.103,48.760,55.481
65.636,57.719,48.645,55.468
66.029,58.259,48.969,55.456
65.993,58.545,49.096,55.556
67.846,59.741,49.022,55.256
69.301,59.007,48.966,55.138
72.215,60.244,48.771,55.169
78.764,60.534,48.780,54.727
81.404,62.280,48.789,54.464
84.825,63.953,48.520,54.332
88.601,65.911,48.273,54.280
92.357,67.419,48.300,54.135
96.530,67.414,48.618,54.071
99.946,68.616,48.637,54.151
103.500,68.139,48.470,54.521
107.108,68.228,47.807,54.943
113.442,67.853,47.317,55.193
115.581,67.754,46.493,55.750
123.482,68.141,46.260,55.950
126.049,67.814,46.259,55.943
129.538,69.289,46.052,55.997
133.874,70.535,46.059,55.708
137.130,71.165,46.188,55.189
140.417,71.224,46.218,54.735
143.564,71.073,46.579,54.218
146.525,71.183,47.268,53.394
149.096,71.537,47.963,52.577
151.376,72.207,48.402,52.051
153.898,73.055,48.886,51.611
155.989,73.266,48.945,51.888
157.896,75.295,48.677,52.182
159.590,77.403,48.411,52.605
162.407,84.313,48.471,52.720
164.367,86.336,48.291,52.835
166.458,89.013,47.750,53.433
166.978,95.916,47.939,53.178
167.343,97.125,47.725,53.564
165.878,102.981,47.909,53.555
165.016,107.450,48.305,53.221
165.199,109.015,48.239,53.906
164.590,114.927,48.567,53.760
163.475,118.917,48.483,53.692
162.573,122.424,48.250,53.760
161.809,121.560,48.133,54.580
163.176,119.169,45.777,57.394
163.927,121.713,43.998,59.628
163.665,119.842,42.914,60.919
156.483,138.628,44.559,59.446
155.421,138.201,45.816,58.639
155.211,143.997,46.820,57.785
154.326,143.679,47.845,57.039
153.567,143.186,48.578,56.498
161.181,149.310,49.002,55.979
166.052,149.700,49.249,55.789
164.680,149.438,49.487,55.604
163.942,148.983,49.772,55.336
163.057,148.180,49.783,55.048
162.026,146.923,49.680,54.835
162.261,151.792,50.168,54.599
162.262,149.634,50.505,54.625
147.648,132.977,50.811,53.998
147.374,123.662,50.730,54.184
146.452,116.351,51.191,55.075
145.257,114.695,51.781,55.515
144.029,112.794,52.653,55.524
142.542,110.508,53.327,55.782
142.105,102.234,54.529,55.956
150.419,100.322,55.202,56.276
149.925,96.586,55.633,56.513
148.355,93.220,55.371,57.375
146.821,89.738,55.027,58.398
145.756,85.958,54.092,59.671
145.130,82.873,53.106,60.901
144.726,80.522,52.300,61.876
143.579,80.052,52.282,62.340
142.084,79.920,52.736,62.501
140.793,79.967,53.222,62.721
139.128,80.645,53.846,62.762
137.708,80.780,54.584,62.967
135.684,82.048,55.601,63.012
132.432,82.428,56.514,63.045
128.981,82.580,57.415,63.180
125.653,82.562,58.007,63.400
122.156,82.640,58.603,63.336
120.520,84.275,59.710,62.897
118.363,85.556,60.709,62.818
106.497,88.162,62.613,61.819
103.940,91.608,63.691,61.139
102.216,93.811,64.200,60.488
101.238,96.623,64.227,60.063
97.253,96.530,63.765,60.071
95.091,96.785,62.819,60.429
93.841,96.280,61.602,61.375
92.389,94.694,60.706,61.926
90.807,94.569,59.572,62.464
91.445,94.091,59.273,62.771
91.325,92.994,59.003,63.121
91.806,94.106,59.054,62.977
91.402,94.468,58.958,63.211
91.671,93.745,58.551,63.440
92.912,94.151,58.904,63.367
91.519,93.047,59.095,63.755
89.911,92.137,58.572,64.094
89.450,92.287,57.986,64.203
88.967,93.152,57.936,64.215
87.741,92.432,57.354,64.496
88.345,92.322,57.110,64.584
87.672,92.236,56.960,64.711
86.747,91.219,56.561,65.309
85.066,90.740,55.990,65.689
85.211,89.715,55.567,66.156
84.457,89.151,55.068,66.680
84.862,89.315,54.811,67.131
82.944,87.891,55.168,67.097
83.662,86.773,55.261,67.024
82.412,85.870,56.015,66.533
81.852,84.508,56.386,66.378
80.103,83.896,56.307,66.361
78.726,82.389,56.333,65.913
78.805,81.043,56.695,64.964
78.136,81.165,57.182,63.569
78.012,80.336,58.028,61.893
78.957,80.473,58.982,60.037
77.683,80.520,60.046,58.071
78.737,81.248,61.343,56.182
78.398,81.619,62.366,54.715
79.205,80.513,62.747,54.177
80.541,78.293,62.401,54.377
81.019,76.972,60.653,55.133
85.648,73.990,58.632,56.205
90.305,71.517,57.128,56.891
93.696,69.437,56.655,57.430
96.130,66.546,56.134,58.258
97.434,64.610,55.590,59.213
98.707,62.537,55.598,59.953
100.820,59.838,55.324,60.735
102.368,58.030,55.555,61.430
102.171,56.156,55.545,62.382
103.477,53.640,55.761,63.047
104.517,50.462,56.024,63.415
105.634,48.775,56.490,63.547
106.956,48.097,56.570,63.610
106.517,46.386,56.495,64.092
107.437,46.724,56.272,64.364
107.895,45.626,56.182,64.896
110.761,43.999,55.937,65.335
110.823,43.470,55.768,65.121
113.004,42.992,55.119,64.942
113.823,42.363,54.727,64.849
115.394,41.051,53.885,65.050
115.285,39.385,53.027,65.312
116.113,39.098,52.081,65.232
117.260,38.875,51.015,65.128
118.549,39.584,49.969,64.832
119.223,39.180,49.264,64.612
121.377,39.521,48.863,64.186
122.546,39.709,48.296,64.038
125.045,41.022,47.958,63.440
126.344,41.891,47.564,63.058
128.644,42.809,47.551,62.234
131.090,44.650,47.330,61.584
131.816,46.628,47.183,60.915
133.220,48.001,47.104,60.476
132.670,48.140,47.558,59.971
132.300,47.753,47.749,59.842
131.642,47.809,47.596,60.125
130.083,47.409,46.962,60.805
127.487,47.629,45.994,61.597
125.619,46.867,45.553,61.695
123.815,46.524,45.154,61.873
122.737,46.735,44.980,61.907
121.214,48.046,44.900,61.662
119.763,49.327,45.210,61.021
117.145,50.036,45.726,60.389
114.760,50.734,46.215,59.944
113.709,51.949,46.127,60.174
111.086,53.704,46.164,60.316
105.376,56.663,47.310,59.636
103.852,58.202,47.453,60.163
101.073,59.786,47.810,60.612
98.505,61.445,47.947,61.109
96.440,63.060,47.970,61.521
94.172,64.099,47.556,62.552
93.216,65.388,47.087,63.493
92.453,65.875,46.732,64.391
90.881,66.539,46.675,64.765
89.867,69.206,46.763,64.517
88.720,69.572,47.048,64.196
87.564,71.461,46.985,63.727
86.593,73.843,46.917,62.904
86.340,76.146,46.668,62.333
85.823,77.512,46.304,61.967
85.553,79.081,45.714,61.841
85.371,79.883,45.484,61.685
85.685,81.655,45.718,60.915
85.962,83.435,45.445,60.785
87.768,85.835,46.767,59.148
89.260,86.956,48.537,58.064
90.117,87.364,49.473,57.554
90.942,87.938,50.131,57.219
91.632,88.850,50.524,56.951
92.616,89.652,50.613,57.081
92.886,89.768,51.118,56.813
93.409,90.056,51.503,56.481
94.314,89.562,51.753,56.422
95.401,89.731,51.745,56.591
95.976,88.978,51.604,57.201
97.706,88.474,51.617,57.604
98.657,85.947,51.490,58.189
100.024,84.983,51.757,58.301
101.446,82.816,52.074,58.645
100.655,81.039,52.213,59.045
101.064,79.412,52.311,59.373
100.797,77.927,52.605,59.617
101.224,76.085,53.085,59.922
101.507,74.150,53.658,60.308
101.238,71.282,54.204,60.888
102.789,70.566,54.259,61.225
105.495,68.635,54.677,61.685
107.027,68.486,54.685,61.904
111.041,70.308,54.557,62.060
112.364,71.027,54.495,62.408
113.692,71.419,54.774,62.544
115.520,73.122,55.029,62.479
116.524,73.412,55.554,62.317
117.212,74.458,56.385,61.730
117.589,75.458,56.903,61.330
117.165,76.325,57.077,61.431
117.560,75.586,57.074,61.784
117.946,75.485,57.122,61.922
118.471,74.774,57.303,61.990
118.401,75.434,57.287,61.933
118.628,75.381,57.514,61.845
119.924,76.719,57.829,61.888
121.415,77.721,58.471,62.014
123.328,79.294,59.174,61.850
131.701,80.636,59.236,61.574
140.041,83.340,60.053,61.133
142.286,89.828,59.545,62.432
149.441,90.471,59.550,63.201
149.547,91.550,60.233,63.297
152.500,92.086,60.434,63.378
159.853,93.950,60.851,63.209
166.079,96.827,61.948,62.806
171.527,98.622,62.605,62.764
176.591,99.444,63.285,62.203
181.300,99.258,63.501,62.044
181.967,100.713,63.552,62.183
183.775,100.810,63.380,62.273
190.360,99.226,62.541,63.042
190.678,98.049,61.673,63.827
191.075,97.224,61.151,64.323
190.515,97.074,61.129,64.386
190.236,97.402,61.231,64.428
188.461,97.479,61.791,64.260
188.487,98.620,62.131,64.028
186.158,98.695,62.518,63.710
184.437,98.474,62.904,63.403
183.375,98.920,63.207,63.106
181.766,99.201,63.439,62.720
181.106,99.388,63.458,62.592
180.792,100.258,63.562,62.235
179.904,100.681,63.657,62.008
179.330,101.382,63.682,61.799
179.260,102.178,63.417,61.692
179.399,102.604,63.447,61.628
179.319,103.127,63.302,61.646
180.780,103.763,62.868,61.484
180.911,104.364,62.799,61.120
180.867,104.398,62.556,61.193
181.829,103.872,62.410,61.140
182.671,104.358,62.295,61.141
182.370,104.138,62.200,61.123
182.115,104.744,62.335,60.988
182.296,104.695,62.082,61.028
181.248,104.141,62.192,61.168
181.180,104.383,62.128,61.024
180.058,105.071,62.413,60.860
179.428,105.158,62.609,60.575
180.370,105.025,62.394,60.688
179.785,105.176,62.407,60.617
180.869,105.157,62.303,60.680
180.042,105.182,62.175,60.627
180.461,105.227,62.240,60.486
181.430,105.648,62.295,60.481
181.178,105.816,62.173,60.504
181.333,105.832,62.156,60.416
181.955,106.001,62.204,60.306
181.776,105.599,61.972,60.408
181.391,105.296,61.735,60.547
181.779,105.981,61.993,60.291
181.341,105.497,61.873,60.414
181.510,106.443,61.709,60.549
181.229,106.640,61.815,60.439
181.929,105.937,61.630,60.439
181.423,105.824,61.643,60.447
181.062,106.134,61.744,60.465
180.487,105.848,61.764,60.170
181.407,107.109,61.789,60.021
181.715,106.989,61.642,60.090
182.021,106.882,61.397,60.190
181.951,105.722,61.106,60.394
182.140,106.000,61.094,60.422
181.529,106.155,61.043,60.269
181.225,106.635,61.150,59.810
181.800,106.954,61.221,59.747
