32.000,60.000,68.000,78.000
35.461,63.270,69.979,76.225
35.761,66.907,71.130,75.735
45.856,74.018,71.859,75.317
50.671,77.124,71.858,75.203
58.575,77.254,72.299,75.203
67.677,80.297,71.390,75.283
76.519,80.963,70.915,75.084
85.200,82.463,70.422,75.248
96.958,88.077,71.509,74.545
106.177,94.776,71.739,74.798
115.495,94.464,71.030,75.294
119.495,92.360,70.381,75.873
131.152,90.274,69.081,76.359
138.839,89.213,67.857,76.213
141.321,85.563,67.002,76.615
148.476,82.538,66.450,76.015
150.472,72.770,66.432,75.236
160.898,71.215,66.691,74.311
172.747,70.134,67.087,73.504
183.943,70.317,68.172,72.522
203.607,71.648,68.854,71.466
223.433,72.872,68.950,71.221
235.417,73.031,68.941,71.165
247.300,72.789,69.340,70.802
261.789,72.873,70.208,70.760
275.104,72.807,70.304,70.606
282.270,72.640,70.728,70.878
286.003,72.547,70.033,71.581
287.349,70.854,68.974,72.752
283.207,71.909,68.011,72.653
273.638,71.721,67.246,72.566
266.033,81.417,67.163,73.025
252.272,80.930,67.068,73.245
239.565,78.849,67.029,72.733
226.666,77.882,67.082,72.470
213.647,78.445,67.748,72.022
195.764,72.046,68.302,70.998
184.231,78.208,68.369,69.988
174.852,81.530,67.729,69.319
163.153,93.567,68.630,68.812
153.316,99.413,69.073,68.357
143.696,103.999,69.629,67.650
137.153,106.842,69.385,67.975
133.068,105.610,68.243,70.092
128.544,106.083,67.383,71.790
124.507,106.653,66.923,73.033
120.932,106.572,66.916,73.879
116.067,106.075,67.189,74.618
112.947,104.342,68.209,74.663
111.346,102.679,69.927,74.447
111.715,101.999,71.790,74.004
122.062,101.699,72.554,74.797
135.029,101.963,72.832,75.693
156.388,101.099,72.720,76.257
174.278,88.551,72.193,77.367
187.139,80.087,72.810,76.658
208.563,78.789,73.037,75.409
221.869,74.339,73.093,74.625
236.153,73.048,72.625,74.584
249.321,72.725,71.959,74.435
264.513,73.107,72.156,74.540
279.821,71.849,71.432,75.164
294.804,72.404,71.000,75.512
304.104,72.869,69.929,75.698
308.695,72.900,69.255,76.819
310.342,73.046,69.087,77.450
308.675,74.013,69.582,76.903
301.277,77.207,69.622,76.214
285.923,79.346,69.994,76.176
270.517,82.619,70.034,76.702
253.674,85.064,70.035,76.322
230.428,84.698,70.951,74.941
206.190,85.390,73.479,73.075
182.212,87.055,74.741,71.764
160.469,90.161,75.420,71.154
144.171,91.248,75.571,72.091
122.556,90.161,75.747,73.227
108.126,97.769,75.385,75.332
94.835,108.699,73.757,76.817
70.685,96.490,73.520,77.447
59.512,95.538,72.942,77.836
68.314,81.458,68.002,82.544
63.653,75.291,68.212,82.311
63.588,78.627,68.242,82.008
65.144,80.353,68.317,81.275
65.977,80.705,67.835,80.911
67.565,81.477,67.028,80.372
68.571,81.108,65.853,80.209
69.175,81.725,64.825,80.081
69.268,81.933,64.052,79.953
69.371,81.413,63.285,80.048
69.322,81.063,62.921,80.046
72.334,82.783,59.166,83.553
68.839,78.390,60.781,81.274
65.752,81.342,62.519,79.728
55.329,83.228,66.023,77.266
54.196,84.490,68.293,74.993
61.118,87.116,69.303,73.929
70.188,86.950,70.256,72.788
80.681,87.040,71.325,71.838
99.397,87.432,72.918,70.881
117.651,97.518,74.070,70.286
138.129,99.177,74.457,70.251
159.520,99.779,73.936,70.431
179.841,97.509,74.301,70.039
203.357,104.922,74.976,69.896
224.059,105.946,75.373,69.715
244.106,105.890,76.499,68.899
270.340,111.910,76.243,69.611
293.657,111.957,76.295,70.013
316.010,108.681,76.244,70.408
330.824,107.506,76.398,70.731
346.171,103.062,76.449,71.643
350.125,97.080,75.448,72.739
353.371,92.266,73.912,73.671
355.497,88.363,73.342,74.144
350.523,86.893,73.863,74.647
343.292,86.256,74.963,75.527
330.915,86.010,75.841,75.999
315.746,85.922,77.037,76.444
300.102,76.927,78.687,76.472
287.191,77.382,79.734,76.875
274.650,78.395,81.384,77.357
264.189,81.884,83.685,76.543
259.996,94.561,84.540,77.447
257.644,96.561,84.495,79.558
260.670,94.168,83.190,81.634
259.430,96.292,82.315,83.807
253.592,97.357,82.815,85.375
252.142,106.845,83.091,86.326
251.258,103.766,82.375,87.297
248.746,104.038,81.692,87.772
235.372,103.405,81.504,88.726
234.180,113.193,81.192,88.929
230.569,112.981,80.757,89.286
228.148,110.763,79.491,89.591
211.838,97.899,80.719,89.387
220.954,83.770,80.774,89.845
233.495,83.684,81.237,89.070
238.481,83.651,83.789,86.449
241.689,85.478,85.607,84.072
241.376,88.833,86.124,82.502
242.293,90.971,86.211,81.155
243.502,93.731,85.313,80.675
239.061,106.416,83.287,81.478
235.318,108.072,81.771,82.338
230.326,108.892,79.831,83.445
227.029,106.009,79.275,83.013
225.628,105.652,78.231,83.359
224.331,105.017,77.677,83.730
231.960,102.716,77.198,84.000
240.656,78.484,76.266,84.050
254.447,77.393,77.306,82.349
270.848,77.885,77.743,81.563
285.497,78.979,76.539,81.702
296.926,79.755,75.106,81.772
301.691,71.624,74.259,82.022
304.920,70.483,72.963,83.383
306.078,70.642,73.023,82.910
304.225,71.014,72.587,82.533
304.478,74.160,72.611,81.479
297.847,79.158,72.442,80.670
290.707,86.039,71.637,80.613
279.372,92.847,71.034,81.179
275.467,95.784,71.463,80.470
271.568,97.557,71.414,80.135
272.602,98.979,71.951,80.244
260.955,98.413,72.990,79.715
247.919,88.816,73.986,78.860
236.294,81.189,75.169,77.744
217.314,80.425,76.537,76.313
207.323,80.340,78.721,74.751
209.130,81.135,80.282,73.915
213.072,82.742,80.837,73.861
213.182,82.532,81.466,73.795
200.385,80.798,82.300,73.814
175.151,83.462,87.886,68.885
159.284,94.424,92.176,65.401
151.232,103.223,89.848,67.774
163.217,102.712,88.408,69.190
167.543,100.752,86.926,70.631
170.907,98.053,85.380,71.573
172.835,95.402,84.389,72.172
184.528,89.927,82.862,73.598
188.777,86.451,80.901,74.712
193.778,83.940,80.876,74.340
197.563,80.645,80.173,73.900
199.244,79.598,78.814,73.835
204.167,80.777,78.923,73.762
212.072,78.244,79.259,74.371
214.883,75.333,79.036,74.318
215.103,74.874,77.972,74.398
214.816,76.334,77.993,74.812
219.520,75.926,78.104,74.518
222.480,76.195,77.181,73.894
223.002,80.715,76.475,73.413
219.347,83.252,75.696,72.595
219.224,85.840,75.270,71.597
221.700,87.161,75.299,70.715
226.184,85.404,75.629,70.033
240.217,83.605,75.988,70.477
261.103,80.213,75.826,71.871
273.519,77.885,76.045,72.561
279.675,76.398,75.687,73.531
278.370,76.031,76.189,74.027
267.099,77.653,76.313,74.569
251.152,81.098,76.089,74.564
247.747,82.034,75.768,74.668
246.001,84.328,76.367,74.869
246.533,82.072,76.615,74.986
243.520,81.391,76.323,75.304
231.020,81.772,76.698,74.627
216.241,80.366,76.415,74.285
201.989,77.648,76.599,73.257
185.904,77.939,76.590,72.425
171.661,87.744,75.914,72.282
161.317,90.263,74.975,73.302
158.396,94.393,74.420,73.955
159.876,97.765,73.887,74.669
164.388,98.952,74.267,75.286
168.406,97.621,74.630,75.200
178.815,84.728,74.672,74.987
183.421,80.339,74.132,75.254
196.247,72.226,73.999,75.093
211.767,68.489,74.029,75.691
226.227,55.683,72.652,77.256
231.466,52.859,71.668,78.148
234.792,53.251,71.443,78.020
236.269,64.983,71.518,77.798
236.644,69.462,72.009,77.348
231.556,79.942,73.788,76.454
220.418,80.853,75.736,74.925
214.994,82.665,77.234,73.802
204.634,81.157,78.435,72.936
189.289,93.845,83.160,69.128
182.705,104.072,81.761,70.811
184.667,104.753,81.688,71.155
188.746,100.921,80.971,72.058
200.135,95.706,80.169,73.668
204.527,95.127,79.861,73.521
220.244,81.896,79.978,72.888
222.320,78.338,80.185,73.246
231.173,75.171,79.446,73.735
233.772,75.613,78.798,74.223
238.290,76.495,77.504,75.609
241.543,78.214,76.287,76.571
242.509,79.259,75.118,77.224
239.946,79.768,73.839,77.938
236.804,80.084,74.358,77.924
225.133,80.802,75.241,77.190
216.474,80.868,74.924,76.727
211.968,79.965,74.309,76.808
210.469,81.104,74.094,76.231
204.133,93.414,74.535,75.238
204.770,103.968,74.940,74.313
204.078,107.185,75.503,73.289
207.917,105.767,75.622,73.365
219.284,103.145,76.204,73.472
223.520,98.776,76.157,73.678
228.341,94.392,76.200,73.650
229.147,90.525,76.790,73.780
224.492,81.018,77.106,73.822
215.152,78.524,78.116,73.495
207.132,78.050,78.822,73.039
198.853,78.224,78.890,73.201
200.194,77.582,78.975,73.395
199.040,116.826,78.840,74.389
204.973,104.817,78.683,75.253
206.197,102.796,79.433,75.287
206.892,109.416,80.843,74.412
206.091,106.753,81.766,73.906
204.362,103.940,82.606,73.562
204.388,103.947,82.486,73.555
225.265,123.008,83.025,73.756
232.621,132.434,81.805,74.341
229.888,133.323,80.354,74.999
228.157,132.685,78.975,75.442
217.891,124.328,78.383,75.691
218.193,124.520,77.537,76.007
216.853,123.743,76.596,76.496
217.480,125.081,76.368,76.901
219.582,127.370,77.219,76.306
232.033,128.425,79.042,75.287
241.321,126.438,78.717,75.546
251.224,124.161,78.802,75.769
259.338,115.477,78.737,76.126
270.017,114.222,79.374,76.817
278.377,114.978,80.082,76.889
279.625,114.805,80.914,77.457
278.742,113.390,81.184,78.066
273.016,113.636,81.124,78.880
267.810,115.789,81.306,78.641
262.869,115.781,81.508,78.714
264.200,114.909,81.340,79.030
262.824,113.404,81.300,79.354
261.678,102.627,81.966,79.935
261.633,100.808,82.188,80.872
236.270,89.833,81.724,81.390
220.165,89.161,81.381,81.107
208.368,90.644,81.801,80.099
205.365,91.919,81.744,79.735
207.594,92.756,81.639,79.408
221.106,92.742,81.571,80.224
232.258,93.215,81.518,81.176
244.051,93.582,82.244,81.119
250.567,96.577,83.540,80.495
248.491,92.003,82.721,81.482
244.571,88.229,82.133,82.263
245.359,85.851,82.140,82.855
245.471,85.374,82.233,83.099
243.281,83.984,81.472,84.581
239.806,84.331,80.674,86.494
255.766,87.125,73.319,94.613
240.895,54.307,73.435,93.515
230.320,54.748,74.229,91.577
231.402,56.445,75.052,89.922
240.312,58.403,75.131,89.256
228.136,62.615,78.394,86.561
241.137,63.013,82.358,83.251
266.775,66.132,84.579,81.227
296.027,70.777,86.199,80.274
294.539,73.169,85.285,81.518
270.240,75.144,86.396,82.029
238.218,64.854,88.099,81.551
200.252,87.011,87.026,82.595
176.437,97.800,88.206,82.272
157.549,99.860,86.950,82.531
178.623,113.475,88.993,81.263
190.911,114.411,88.861,81.601
202.822,111.609,87.053,84.291
217.402,100.049,86.323,85.637
233.845,70.736,85.817,86.265
236.640,68.276,84.513,87.027
226.118,70.758,85.533,86.317
212.240,72.775,86.704,85.050
201.663,84.355,88.323,84.160
200.695,94.238,88.865,84.670
210.176,114.565,87.263,85.766
232.293,114.121,86.373,85.904
260.702,113.660,86.676,85.314
285.571,103.322,87.980,85.384
323.103,97.594,86.770,86.549
326.886,80.317,85.503,88.804
303.566,82.044,84.969,88.699
283.748,85.498,84.918,88.264
257.115,85.822,84.622,88.948
231.227,86.188,85.905,88.903
228.662,87.366,86.000,88.806
218.420,95.413,82.036,92.939
196.328,99.579,83.653,91.397
194.216,123.670,83.965,90.149
206.698,133.699,84.667,88.594
219.142,134.590,84.506,87.611
198.076,135.931,85.946,86.428
196.392,134.373,87.021,85.129
193.636,119.743,86.802,85.591
193.606,96.375,86.476,85.522
177.606,82.967,88.819,83.863
150.837,80.604,91.113,82.400
137.755,81.878,90.893,82.831
122.759,95.119,89.917,82.823
125.960,95.899,88.651,83.320
127.417,91.095,88.638,83.421
155.354,76.481,86.351,84.896
