146.000,54.000,68.000,101.000
144.260,54.349,68.360,101.380
143.092,55.548,72.506,97.450
142.463,55.956,75.193,94.691
144.874,56.717,77.101,92.857
145.200,56.085,78.401,91.879
147.704,57.682,79.383,90.703
147.965,60.070,80.330,89.949
150.568,61.662,80.689,89.772
154.928,59.684,80.438,89.597
157.006,58.708,80.024,89.366
158.129,58.016,79.021,89.180
158.212,58.049,78.244,89.395
159.587,57.718,77.488,89.741
161.724,57.613,76.760,89.954
164.884,57.107,76.585,90.131
168.450,53.147,76.246,90.313
170.622,52.158,75.882,90.176
175.872,49.781,75.021,91.132
179.497,50.229,74.772,90.703
179.993,47.822,74.291,90.392
182.362,45.470,74.042,90.101
184.924,44.800,73.588,90.055
185.990,46.613,73.278,89.844
189.221,49.684,73.277,88.954
187.976,53.194,72.913,88.139
187.978,55.791,72.494,87.447
186.100,57.638,72.071,86.561
186.576,60.302,71.235,86.134
185.470,60.425,70.565,85.263
181.555,60.607,70.541,84.150
177.826,58.175,70.005,83.476
173.563,58.479,69.770,82.714
170.996,55.616,69.790,81.791
167.215,55.974,69.991,81.680
161.281,55.471,69.787,81.944
156.211,56.117,69.436,82.044
152.945,54.996,69.656,81.657
148.547,54.574,69.714,81.265
148.118,53.570,68.920,81.878
148.146,55.960,68.293,82.081
147.799,56.968,67.975,82.102
148.821,57.504,67.756,81.474
146.767,56.060,67.902,80.755
144.269,57.438,68.834,79.306
142.045,61.143,69.309,78.501
138.974,62.236,69.629,77.583
137.767,62.306,69.757,76.995
139.284,62.902,69.455,76.571
140.288,62.050,68.653,76.802
139.126,60.945,68.198,76.655
138.197,58.931,67.447,76.418
139.818,58.307,66.704,76.382
139.693,57.921,66.339,76.149
142.205,64.897,65.348,76.528
142.286,64.241,65.050,76.154
145.215,73.900,61.658,79.808
147.021,76.190,59.307,82.274
146.623,75.108,60.574,79.893
146.390,73.633,61.845,77.601
146.822,70.838,63.009,75.527
150.012,67.634,63.387,74.765
151.580,65.784,63.530,73.953
155.950,63.638,64.075,72.960
159.617,61.853,63.777,72.812
161.748,60.280,63.257,72.864
165.733,59.255,63.081,72.509
167.161,57.558,62.542,73.241
170.456,59.064,62.599,73.236
173.227,61.811,63.067,72.853
174.598,62.827,63.284,72.953
177.365,63.307,63.234,73.159
178.344,64.285,63.211,73.020
177.610,64.540,62.981,73.173
180.212,64.822,62.862,73.139
181.247,65.105,63.242,72.852
181.945,63.933,63.324,72.359
178.263,62.221,63.266,72.253
179.585,59.817,63.220,72.090
178.509,59.241,63.078,72.191
174.375,59.654,63.143,71.837
171.811,60.338,63.289,71.631
170.098,61.178,63.903,70.995
169.832,61.149,63.824,70.802
169.248,60.188,63.794,70.753
169.366,59.958,63.477,70.758
166.777,59.556,63.460,70.260
165.931,60.472,62.947,70.438
164.103,61.331,62.527,70.679
162.778,60.605,62.426,70.367
161.232,60.569,62.365,69.721
156.134,61.942,62.457,69.110
151.883,60.630,62.842,68.241
151.056,61.707,62.567,67.985
151.591,65.097,62.070,67.922
152.311,69.184,61.834,67.869
151.739,72.400,61.586,67.499
151.726,75.880,61.568,67.092
149.237,78.241,61.528,66.916
149.520,78.229,60.791,66.819
149.944,78.436,60.088,66.831
152.055,77.943,59.549,66.762
152.705,78.104,59.219,65.981
153.766,77.528,58.366,66.188
156.711,75.459,57.618,66.144
158.195,74.767,57.603,65.826
161.202,73.046,57.263,65.616
164.387,73.559,57.011,65.384
168.042,74.736,57.169,65.016
169.039,76.585,57.532,64.275
173.151,79.694,57.432,63.977
174.116,81.329,57.818,62.915
174.281,81.336,58.248,62.043
173.468,81.890,57.944,61.978
176.319,82.551,58.279,61.394
178.912,84.509,58.538,60.916
182.298,84.583,58.700,60.451
183.938,83.765,58.659,60.066
185.091,82.550,58.061,60.062
185.630,82.162,57.538,60.275
185.843,81.622,57.107,60.570
187.282,82.356,57.082,60.390
187.039,85.374,56.876,60.083
188.620,87.743,56.689,60.026
191.215,89.296,56.820,59.530
191.256,89.574,56.843,59.214
191.021,89.744,56.755,58.988
188.479,88.835,56.511,58.862
184.086,86.374,56.342,59.251
182.948,82.858,56.435,59.419
179.996,79.009,57.201,59.447
178.549,75.783,57.314,59.460
176.490,74.399,57.620,59.195
174.314,74.107,57.566,58.564
170.915,76.143,57.432,58.470
165.664,77.627,57.908,57.977
162.558,78.597,57.546,58.004
160.646,79.113,57.262,57.850
157.006,80.107,57.251,57.842
157.152,78.832,57.032,57.795
157.378,76.793,56.808,57.828
156.418,76.341,56.379,57.958
157.044,76.850,56.374,57.459
157.003,78.824,56.020,57.577
161.445,79.441,55.294,58.424
163.941,80.753,54.794,59.074
166.377,82.861,55.087,58.766
167.656,85.952,55.550,58.510
166.867,87.890,55.750,58.548
170.835,88.946,55.619,58.724
171.184,87.204,55.787,58.661
175.195,87.552,55.607,58.733
177.921,86.492,55.275,59.278
179.956,84.194,55.023,59.720
180.764,81.301,54.765,60.153
183.083,79.574,55.256,59.980
183.709,82.134,55.069,60.116
181.859,83.064,54.779,60.209
182.859,84.874,54.813,60.130
183.542,86.711,54.678,60.124
183.013,87.665,54.659,60.153
181.866,88.292,54.801,60.013
179.865,89.335,55.360,59.448
179.092,89.858,55.468,59.103
178.857,90.796,55.509,58.895
177.996,90.643,55.551,59.057
177.626,89.206,55.216,59.635
179.162,86.851,54.882,59.964
178.629,83.405,54.570,60.454
175.100,82.936,54.589,60.889
171.891,81.433,54.847,61.251
170.104,81.047,55.292,61.401
166.477,83.250,55.671,61.333
165.812,84.662,56.472,60.696
162.993,87.708,57.240,60.429
160.992,87.360,57.082,60.303
155.952,85.822,57.456,60.312
153.163,82.733,57.741,59.853
152.570,81.918,57.529,59.523
150.999,82.389,57.148,59.441
150.034,82.833,56.733,59.381
151.606,83.778,56.423,59.204
153.694,84.414,56.379,58.969
158.527,85.931,56.056,59.025
159.202,88.989,55.870,58.832
161.032,90.489,55.843,58.692
163.040,93.591,55.765,58.349
165.668,99.231,55.381,58.486
166.491,98.495,55.419,58.098
169.133,99.166,55.621,57.687
172.171,99.651,55.373,57.798
178.120,102.709,54.857,58.158
179.789,102.537,54.037,59.560
184.938,98.822,53.027,60.730
187.952,96.449,52.492,61.449
191.429,93.444,52.452,61.159
193.653,90.172,52.519,60.821
199.437,88.453,52.873,60.392
204.193,87.197,53.486,59.847
204.971,89.257,54.725,59.411
208.160,90.571,55.209,59.474
211.785,91.812,55.589,59.642
213.419,91.429,55.424,60.311
214.490,89.708,55.461,60.608
213.102,90.000,55.955,60.742
216.146,90.665,56.097,61.048
211.655,87.957,56.448,61.137
210.838,88.348,55.942,61.390
210.703,90.039,56.418,61.364
210.329,90.737,56.888,61.275
208.010,91.627,56.565,61.659
206.378,90.390,56.841,61.535
205.939,90.577,56.679,61.630
204.368,89.349,57.124,61.620
203.763,88.996,57.142,61.856
203.200,86.750,57.381,61.554
200.729,85.056,56.999,62.162
199.623,87.070,56.975,62.390
198.774,90.025,56.755,62.863
198.416,87.309,56.335,63.679
199.288,86.213,56.359,63.783
198.500,85.203,56.852,63.777
196.237,86.628,56.783,63.922
194.855,86.268,56.694,64.117
194.185,84.745,56.089,64.468
196.363,85.040,55.761,64.535
198.433,86.355,55.439,64.042
202.243,89.018,55.072,63.977
203.515,89.766,54.749,64.122
203.391,87.634,54.446,64.272
204.705,88.902,55.100,63.823
206.931,89.262,55.334,63.765
209.247,88.560,55.182,63.914
210.001,87.088,55.235,64.039
213.797,88.018,54.769,64.669
219.343,85.205,54.315,65.198
223.957,85.885,53.713,65.196
229.157,87.797,53.678,65.527
231.943,90.315,53.835,65.107
232.396,97.489,54.234,64.383
231.542,99.680,54.938,63.971
230.679,101.872,55.439,63.730
228.889,102.930,55.749,63.296
228.539,101.290,55.951,63.028
231.550,102.424,56.324,62.978
232.887,105.994,57.251,62.232
232.682,105.629,58.039,61.748
231.624,105.496,59.114,61.252
228.118,104.393,60.045,60.990
227.801,101.497,60.296,61.457
228.868,102.301,60.138,61.577
229.917,102.663,59.761,62.094
230.260,101.380,59.731,62.677
222.144,102.202,59.305,63.534
219.516,99.514,59.295,64.404
218.432,99.848,59.266,65.019
215.799,99.111,60.096,64.789
213.073,97.764,60.912,64.455
212.019,86.207,60.955,65.046
214.760,80.486,60.120,66.151
219.649,76.981,59.342,66.930
224.366,75.811,59.187,66.906
227.685,85.039,59.039,66.811
231.862,88.130,59.568,66.364
237.827,99.024,59.383,66.653
243.697,100.241,58.854,67.254
247.822,100.658,59.197,66.643
250.826,97.265,59.378,66.931
254.532,96.945,59.324,67.064
253.793,96.488,58.312,67.198
257.642,95.313,57.561,67.389
262.174,93.593,56.616,67.611
264.045,91.532,55.875,67.575
268.151,78.695,53.438,69.531
269.518,75.672,51.307,71.438
268.283,72.560,50.127,72.351
266.230,70.087,49.428,73.321
264.860,69.085,48.659,74.450
264.408,68.204,48.346,74.770
264.203,67.378,47.990,75.074
262.213,69.281,49.941,73.068
261.354,68.527,51.515,71.330
262.065,68.442,52.914,70.064
261.160,68.005,54.080,68.972
260.201,68.770,54.487,68.733
258.981,68.839,55.001,68.267
259.077,67.513,55.586,68.091
259.141,68.542,55.941,68.079
259.238,70.316,56.343,68.006
260.689,70.603,55.915,68.043
260.124,71.251,55.849,67.714
258.436,70.865,55.902,67.815
260.483,69.440,55.844,68.211
260.898,71.851,55.780,68.515
260.992,71.050,56.422,68.527
261.647,74.080,56.266,68.270
257.818,75.911,56.863,67.734
254.132,77.508,57.626,67.589
246.154,80.019,58.973,67.240
243.093,87.353,60.214,66.620
234.741,85.665,60.534,66.783
228.512,84.319,61.022,66.824
223.922,83.840,61.248,66.812
216.378,82.245,60.810,66.892
214.172,79.496,60.513,66.981
212.888,76.230,60.592,67.549
210.290,74.597,61.057,67.645
207.490,80.760,60.869,68.217
199.526,81.756,60.268,68.823
200.223,86.882,56.781,71.425
197.707,87.712,56.659,71.019
192.958,87.290,56.386,70.921
191.888,84.392,53.625,72.917
184.066,73.536,52.071,74.731
179.352,74.467,54.688,73.068
168.831,75.175,56.389,71.976
160.065,72.493,57.923,71.163
150.448,71.967,57.574,71.056
146.081,71.897,58.567,69.736
142.645,71.864,59.150,68.554
139.133,72.650,59.783,67.655
136.087,71.706,59.795,67.338
133.369,70.196,60.300,66.627
131.821,70.350,60.493,65.904
131.220,71.178,59.971,66.243
129.952,73.023,60.057,66.097
127.663,72.629,60.184,66.212
129.283,72.001,60.491,65.972
132.001,77.654,57.299,69.385
137.934,78.888,58.278,68.118
138.248,84.139,58.600,67.537
143.588,82.277,58.909,66.848
143.506,80.240,58.458,66.691
148.736,80.766,58.056,66.866
153.352,80.233,57.854,67.091
154.881,85.328,58.132,66.920
162.452,84.688,58.066,67.043
162.699,87.298,58.003,67.248
164.966,82.535,58.008,67.916
167.929,78.680,58.328,68.502
167.619,75.318,58.760,69.116
166.782,72.308,58.843,69.989
166.137,68.805,58.609,70.563
165.461,66.583,58.516,71.134
166.379,66.243,58.755,71.455
163.579,71.657,59.121,71.075
167.547,82.049,59.810,70.346
171.269,93.213,60.274,69.850
176.900,101.614,60.606,70.017
184.853,104.585,60.508,70.449
189.941,115.873,61.284,71.333
190.518,114.923,62.093,71.411
193.621,117.642,62.862,71.129
196.998,122.467,64.343,70.539
196.253,119.234,64.591,70.140
202.272,117.597,64.500,70.312
201.765,115.050,64.560,70.536
196.884,112.648,64.013,70.514
194.233,113.611,64.327,69.958
191.657,108.972,65.127,68.889
187.970,98.909,64.893,69.125
186.174,95.235,64.933,68.908
178.946,92.671,64.502,68.455
174.476,90.957,63.876,68.398
173.627,88.232,62.689,68.700
170.073,88.206,61.169,69.206
169.068,87.134,60.072,69.294
167.499,87.597,58.777,69.545
168.107,84.653,55.224,73.102
169.899,89.311,52.463,74.976
168.394,88.523,50.114,76.820
169.918,88.141,48.198,78.354
168.839,90.535,47.219,78.284
170.477,88.726,46.989,77.541
170.342,86.159,46.524,77.113
169.614,84.914,46.657,76.078
169.066,86.588,48.848,73.223
168.891,86.373,50.853,70.780
169.255,86.110,51.916,68.806
169.569,86.558,53.050,67.167
171.410,87.841,54.184,65.739
182.198,88.304,54.452,65.114
185.168,91.381,54.523,64.465
188.014,94.250,54.302,64.219
197.192,97.862,54.147,64.087
204.362,100.121,54.025,63.755
207.448,100.676,53.615,63.361
209.665,99.267,53.065,63.292
212.339,99.164,53.319,62.582
213.685,99.248,53.544,61.512
212.763,91.960,53.341,61.177
211.210,91.010,53.420,60.588
211.558,90.474,53.371,60.321
211.050,90.437,53.583,59.574
211.141,91.896,53.969,59.026
211.570,92.733,53.858,58.737
210.979,94.496,54.018,58.481
211.159,97.209,54.292,58.138
209.991,98.274,54.703,57.785
204.786,99.966,54.885,57.543
205.316,99.899,54.862,57.223
199.495,98.562,54.579,57.324
198.136,92.171,55.118,57.198
196.582,90.957,55.795,56.792
188.051,90.456,55.590,57.466
189.172,83.999,55.180,58.057
190.032,85.849,55.125,58.129
189.609,94.450,55.449,57.844
189.805,98.055,55.566,57.264
190.652,98.718,54.941,57.436
191.887,101.392,54.225,57.211
193.077,102.024,53.731,57.414
192.926,101.308,53.703,57.045
192.198,94.207,53.524,56.342
193.377,94.156,52.748,56.531
196.957,93.136,52.372,56.850
195.945,91.977,52.222,56.527
196.757,89.146,51.772,56.154
198.931,88.130,51.341,55.883
201.752,87.538,50.601,56.249
208.834,87.264,50.181,56.288
212.472,94.528,49.760,55.654
214.946,96.131,49.870,54.567
214.884,96.496,49.185,54.049
215.082,101.515,48.817,53.782
215.773,107.278,48.403,54.026
216.361,105.858,48.329,54.114
209.243,104.564,48.462,53.933
202.342,102.391,48.977,53.441
196.819,99.728,48.105,53.861
190.484,100.080,47.706,53.653
184.525,97.334,47.463,53.259
183.947,96.095,47.283,52.484
183.315,95.427,47.123,52.080
188.990,96.296,46.851,51.748
190.856,101.537,46.663,51.514
195.416,106.744,46.608,50.911
199.930,106.841,46.237,50.801
204.446,106.339,45.926,50.728
205.102,105.929,45.366,50.872
203.374,106.134,45.227,50.373
197.936,104.734,45.090,50.140
194.748,103.753,45.378,49.361
192.016,101.827,45.528,48.728
188.502,99.903,45.878,48.209
181.661,93.880,46.392,47.818
181.929,94.217,46.124,47.944
175.097,96.533,46.258,48.228
173.737,97.769,46.286,48.729
174.003,97.590,46.240,49.096
170.362,97.610,46.570,49.083
167.590,90.886,46.553,49.444
167.291,88.705,46.889,49.925
169.046,85.204,46.265,50.871
169.510,80.697,45.653,51.167
172.074,76.659,45.141,51.433
176.082,75.315,45.285,51.440
179.382,76.651,44.883,52.192
178.361,78.614,45.033,52.322
178.239,83.253,45.737,52.088
176.579,83.775,46.171,52.062
173.639,88.733,46.816,51.864
164.265,87.465,47.732,51.565
156.875,85.469,48.071,51.605
153.563,84.029,48.641,51.191
145.310,76.148,48.535,51.674
142.542,73.061,48.159,52.091
134.696,64.668,48.489,52.203
133.749,62.679,48.773,52.217
131.932,61.967,48.829,52.462
132.059,61.441,49.026,52.593
134.320,61.818,48.965,52.766
135.054,66.870,49.144,52.494
136.650,68.229,49.637,52.482
142.344,68.202,49.970,52.764
147.516,70.145,50.216,53.183
148.735,69.917,50.923,52.945
155.917,70.262,49.611,54.210
156.940,72.246,49.757,54.161
156.442,66.770,50.079,54.215
156.672,67.731,50.358,54.313
156.761,70.244,50.612,54.259
161.211,77.049,50.497,54.444
160.665,79.140,50.573,54.436
160.522,80.540,51.273,54.330
160.663,81.800,51.564,54.372
162.315,83.732,51.839,54.150
163.654,84.196,52.097,54.471
165.965,82.361,52.126,55.003
167.044,80.171,52.304,54.923
169.258,78.040,52.018,55.027
170.557,75.082,51.585,55.126
169.804,71.589,51.639,55.341
164.723,69.122,51.221,55.904
163.794,71.973,51.212,56.236
163.063,77.728,50.895,57.133
161.166,77.961,50.796,57.689
160.540,78.353,50.840,57.600
162.166,76.469,50.739,58.260
161.958,76.804,51.347,58.292
164.608,74.778,51.584,58.471
173.578,75.785,51.366,57.971
177.080,68.816,51.582,57.800
180.419,68.446,52.279,57.288
186.532,74.378,52.181,58.137
190.556,74.397,53.064,58.347
193.429,81.871,52.967,59.229
190.960,77.936,53.070,59.889
186.081,76.933,53.621,59.758
182.044,72.600,54.630,59.469
179.770,71.155,54.084,60.571
184.618,67.332,54.533,61.460
183.716,65.116,54.164,62.179
185.842,63.194,53.176,63.233
188.268,61.884,53.198,63.882
192.495,60.918,50.616,66.802
194.591,69.200,51.303,66.576
192.382,77.596,51.654,67.130
192.923,78.114,52.500,67.193
183.969,85.854,53.156,67.939
174.465,86.219,53.843,68.565
162.131,85.018,54.949,68.946
152.600,82.828,55.831,69.340
143.884,79.697,57.142,68.260
139.054,76.406,58.072,67.597
136.181,71.125,59.178,66.871
133.537,65.750,59.532,67.310
132.740,63.466,59.132,68.244
134.800,69.044,55.340,71.954
137.457,73.671,52.486,74.547
141.000,77.240,50.632,75.976
141.323,83.799,49.687,76.525
142.560,85.235,48.638,77.498
143.878,84.725,47.713,77.964
147.441,83.589,46.801,78.405
150.094,80.722,46.270,78.064
152.577,79.396,45.777,77.663
154.739,77.019,45.229,77.751
156.453,76.452,44.763,77.598
157.439,75.349,44.537,77.297
159.092,77.826,44.340,77.155
159.139,79.281,44.376,77.089
156.612,88.558,47.033,75.278
151.263,95.530,46.181,75.525
149.196,94.244,45.731,75.768
144.211,94.876,45.131,75.848
142.129,96.624,47.820,73.058
140.158,94.292,50.676,70.204
136.721,91.431,53.062,68.229
135.296,86.672,54.785,66.716
134.375,76.906,55.808,65.989
135.471,75.970,56.012,65.715
135.422,76.266,55.794,65.770
135.106,81.236,56.096,65.143
134.514,85.883,56.469,64.390
134.390,92.159,56.669,63.758
133.327,96.770,56.978,63.100
133.675,96.119,56.727,63.215
132.617,95.567,56.856,63.151
133.953,96.309,56.469,63.360
136.568,95.903,55.976,63.546
138.210,95.166,53.072,65.749
144.832,93.844,53.612,64.958
150.899,91.865,54.288,64.255
157.291,89.562,54.658,63.914
163.587,88.326,54.719,63.716
169.341,87.949,54.852,63.636
171.825,93.514,52.241,66.027
178.392,93.000,52.687,65.519
