125.000,162.000,74.000,55.000
123.186,161.170,76.190,53.126
120.830,164.533,78.179,51.566
122.276,162.009,79.516,50.894
121.412,164.487,80.477,50.042
120.597,162.373,81.096,49.540
121.799,165.855,81.773,48.808
122.211,163.740,81.662,48.844
121.008,165.698,81.884,48.811
123.134,163.036,82.028,48.617
120.258,166.358,82.242,48.706
119.939,162.921,82.002,48.869
119.308,165.102,82.695,48.340
119.609,162.604,82.946,48.432
120.403,165.731,83.039,48.189
120.139,162.364,82.800,48.417
118.974,164.945,82.504,48.444
118.998,162.228,82.847,48.535
118.310,165.980,82.790,48.612
122.057,163.248,82.850,48.853
120.097,164.784,82.770,48.716
120.219,163.543,82.704,48.747
120.529,164.342,83.002,48.429
119.485,163.383,83.000,48.457
118.785,164.955,83.011,48.266
120.242,163.489,83.189,48.229
119.668,164.474,82.950,48.148
118.349,163.361,82.953,48.196
117.845,165.124,82.865,48.274
119.103,162.625,83.033,48.702
119.950,165.837,83.096,48.464
121.530,162.906,82.793,48.516
120.030,165.599,82.694,48.668
121.591,162.726,82.564,48.627
120.361,165.365,82.486,48.883
121.461,162.492,82.426,48.833
120.151,166.052,82.375,48.943
120.064,162.692,82.128,49.155
119.007,164.748,82.583,48.618
120.402,163.672,82.828,48.401
118.982,164.453,82.783,48.240
117.103,163.494,83.055,48.054
116.167,162.451,82.743,48.733
118.594,163.266,82.837,48.848
120.344,162.747,83.164,48.546
118.805,163.815,83.390,48.218
120.093,161.108,83.332,48.356
118.335,162.581,83.667,48.478
118.017,160.863,83.967,48.407
118.611,161.676,84.434,48.374
119.071,160.491,84.471,48.315
119.703,161.171,84.702,48.141
119.671,161.834,85.065,48.067
119.642,161.861,85.346,47.815
117.951,161.609,85.823,47.802
116.272,161.705,85.772,48.020
117.678,161.165,85.768,47.909
118.548,163.413,86.124,47.825
118.404,161.984,86.024,47.809
118.061,161.819,85.931,47.914
117.576,161.265,85.883,47.869
119.067,162.077,85.913,47.957
119.920,160.959,85.970,47.894
118.311,161.142,85.976,47.876
118.480,161.339,85.950,48.065
117.719,160.624,86.310,48.129
118.161,161.434,86.428,48.325
119.718,160.401,86.507,48.225
118.474,161.353,86.479,48.199
117.891,160.611,86.567,48.312
119.615,159.868,86.716,48.232
120.307,160.213,86.886,48.269
119.286,157.373,86.467,48.454
118.676,156.699,86.668,48.361
120.959,156.041,86.676,48.183
121.723,155.503,86.667,48.109
121.320,154.679,86.535,48.366
122.247,154.124,86.262,48.557
124.775,153.548,85.855,48.696
125.307,152.071,85.666,48.554
125.528,150.787,85.483,48.738
126.223,149.216,85.209,48.876
128.145,148.172,84.885,49.017
127.436,146.516,84.450,49.192
128.274,145.337,83.911,49.150
129.304,143.764,83.837,49.125
129.660,142.560,84.017,48.856
130.517,141.889,84.058,48.569
129.558,140.745,84.017,48.090
129.218,138.570,83.613,47.994
131.577,137.716,83.349,47.776
131.387,136.027,83.157,47.198
132.763,135.714,82.592,46.902
131.126,134.491,82.653,46.128
131.891,133.465,82.345,45.610
132.437,133.305,81.955,45.231
134.240,132.181,81.427,44.840
134.180,131.443,81.355,43.962
135.612,130.584,81.123,43.181
134.403,130.747,81.163,42.402
134.924,130.573,80.976,41.804
133.917,129.951,80.634,41.253
134.643,129.766,79.967,40.766
135.613,129.315,79.410,40.282
134.981,129.817,79.301,39.586
136.853,129.111,78.631,39.249
136.131,129.310,78.146,38.848
135.419,128.306,77.996,38.342
135.620,128.073,77.505,38.100
135.085,128.364,77.088,37.577
137.034,127.513,76.285,37.425
135.722,127.808,75.577,37.282
137.107,127.366,74.819,36.857
136.189,127.504,74.308,36.475
136.865,127.248,73.412,36.160
137.595,127.061,72.616,35.836
138.051,126.715,71.843,35.403
137.851,126.784,71.240,35.113
138.837,126.969,70.313,35.001
139.605,126.712,69.612,34.785
140.285,126.423,68.786,34.532
140.134,126.680,68.163,34.476
141.076,126.259,67.477,34.438
141.516,126.068,66.926,34.209
140.727,126.105,66.525,34.101
141.144,126.127,65.897,34.014
142.284,126.075,65.347,33.890
143.086,126.499,64.669,33.654
144.190,125.886,63.971,33.605
144.139,125.679,63.422,33.407
143.564,126.405,63.071,33.163
144.496,126.160,62.431,33.046
145.801,126.307,61.814,32.919
144.705,126.091,61.654,32.779
145.244,126.732,61.132,32.684
144.443,127.020,60.866,32.597
145.732,126.906,60.422,32.636
145.606,126.814,60.318,32.465
145.191,127.742,60.132,32.291
146.402,128.103,60.057,32.239
146.071,128.700,59.932,32.216
146.265,129.889,59.777,32.121
146.232,129.576,59.431,32.246
145.507,129.811,59.233,32.166
146.535,129.777,58.989,32.202
146.410,130.731,58.819,32.251
147.292,130.660,58.837,32.367
147.098,131.502,58.585,32.329
147.140,131.472,58.386,32.422
147.723,131.655,58.437,32.457
147.712,131.526,58.510,32.421
147.333,133.345,58.901,32.251
148.372,133.022,59.056,32.290
146.256,134.322,59.459,32.354
147.111,134.225,59.898,32.490
146.161,135.107,60.324,32.638
144.339,135.411,60.736,32.918
144.960,135.774,61.080,33.256
143.940,136.855,61.566,33.499
143.784,137.245,62.036,33.965
143.515,137.915,62.566,34.519
143.514,138.583,63.145,35.020
142.351,137.939,63.564,35.609
141.762,141.006,64.491,35.810
143.187,139.909,65.295,36.412
140.643,141.246,66.268,36.936
141.921,142.219,67.354,37.312
141.818,142.139,68.107,38.124
143.215,142.777,69.236,38.711
141.267,144.304,70.196,39.395
143.044,143.921,71.112,40.081
142.147,145.003,72.182,40.854
141.267,144.820,73.174,41.560
142.242,145.063,74.203,42.202
140.738,146.541,75.567,42.613
141.166,146.765,76.390,43.293
141.382,146.550,77.412,44.165
141.563,145.727,78.904,44.846
140.197,147.981,80.216,45.408
141.899,146.001,80.689,46.530
137.447,147.260,81.885,46.941
139.160,148.566,83.048,47.238
137.032,148.201,83.690,47.915
138.812,149.332,84.559,48.234
138.955,146.785,85.356,49.141
138.270,146.402,86.087,50.013
141.064,144.427,86.937,50.367
139.382,146.534,87.461,50.533
139.167,146.156,87.831,49.976
141.250,146.147,88.282,49.064
142.542,144.750,88.815,48.696
141.043,142.988,89.640,48.292
142.811,142.578,90.327,48.147
142.864,142.011,91.530,47.728
142.318,121.344,92.173,48.668
142.605,117.054,91.892,49.870
141.836,114.196,92.438,50.598
141.061,112.027,92.729,50.941
135.833,111.910,93.140,50.922
134.976,112.971,93.758,50.600
133.199,110.765,94.520,50.389
131.502,112.562,94.451,50.500
131.378,113.704,94.962,49.931
131.434,114.399,94.901,49.519
130.932,114.274,95.013,49.105
137.399,115.697,96.214,48.828
135.518,118.397,97.469,48.354
140.792,117.119,99.706,48.086
135.211,117.883,101.272,47.851
132.955,116.579,101.835,48.010
132.923,117.292,102.581,47.874
133.717,116.471,102.857,48.268
134.292,117.784,104.121,47.994
134.981,116.640,104.156,48.179
134.434,117.430,104.845,48.256
131.353,117.023,105.715,48.230
132.160,117.771,105.796,48.316
134.638,118.138,106.123,48.371
133.777,119.084,107.139,48.155
134.285,119.372,107.244,48.262
134.392,119.235,107.673,48.457
134.096,120.493,107.737,48.541
133.667,121.184,107.911,48.588
133.457,121.499,108.241,48.614
132.397,122.411,108.854,48.490
131.413,120.274,108.636,48.504
130.815,121.451,108.467,48.664
130.925,122.395,107.760,48.991
132.077,121.819,107.217,49.371
131.244,121.231,106.683,50.119
135.297,123.565,107.075,50.633
133.639,122.506,105.753,51.882
133.933,121.904,104.822,52.429
133.354,120.538,104.562,52.820
133.631,119.475,104.445,53.529
131.121,117.734,104.698,54.251
127.861,115.862,104.245,55.127
124.325,113.873,104.741,55.420
120.489,111.186,104.681,55.911
119.278,110.939,106.039,55.706
118.729,112.283,107.417,55.580
119.028,112.652,108.504,55.547
116.342,114.335,109.418,55.543
115.189,114.164,110.454,55.461
115.647,113.015,111.270,55.474
113.168,114.029,111.915,55.521
111.194,114.747,113.007,55.373
108.553,113.855,115.126,54.843
104.632,114.409,117.275,53.997
99.040,114.688,119.898,53.374
106.560,115.445,120.229,53.497
102.442,116.131,121.701,53.048
111.194,115.941,120.406,53.526
107.349,116.798,119.588,54.015
136.464,64.851,116.430,54.991
135.279,64.146,112.566,56.508
139.245,63.862,110.798,57.260
138.894,63.677,108.060,57.686
137.866,63.769,105.287,57.733
138.995,63.843,102.860,57.446
140.804,64.678,100.583,56.757
139.401,65.172,98.417,56.164
140.852,65.726,95.930,56.002
141.284,65.453,93.730,55.851
142.590,65.764,91.667,55.539
141.923,65.265,89.878,55.213
143.806,66.091,88.136,54.760
142.419,65.336,86.739,54.210
144.655,65.633,85.135,53.993
144.622,65.457,83.994,53.694
144.182,65.691,82.989,53.726
145.054,67.402,81.665,54.761
144.638,66.733,80.295,55.964
146.183,66.898,79.466,56.997
147.043,66.772,79.022,57.837
147.312,67.253,78.446,58.329
147.664,67.953,78.062,58.682
146.630,68.400,77.554,59.206
147.911,67.771,76.588,60.554
147.223,68.050,76.467,60.889
145.864,68.156,76.583,61.249
146.051,68.083,76.107,62.157
145.912,68.598,76.073,62.669
145.648,68.522,76.040,63.157
146.196,67.581,75.623,63.593
145.944,67.795,75.729,63.807
144.500,68.187,76.068,63.913
146.212,67.249,74.992,64.711
145.256,67.579,74.809,65.202
146.752,67.354,73.849,66.022
146.755,67.846,73.171,66.705
145.027,68.229,72.630,67.089
145.508,66.465,72.232,67.136
145.816,67.635,71.622,67.241
144.896,67.483,71.029,67.634
144.410,68.183,70.663,67.463
144.867,69.172,69.991,67.821
144.694,68.099,69.447,67.860
144.781,68.317,69.029,67.676
145.012,68.201,68.418,67.490
145.069,68.583,67.950,67.086
145.654,67.977,67.150,67.308
145.150,68.442,67.148,66.825
145.984,68.747,66.801,66.343
145.286,69.040,66.687,66.009
146.063,69.317,66.215,65.886
145.148,69.827,66.009,65.418
146.499,70.561,65.955,64.968
145.750,69.565,65.366,64.738
146.251,69.618,65.404,64.147
145.905,70.127,65.274,63.794
146.217,69.736,65.322,63.200
146.347,70.259,65.202,63.142
146.444,70.273,64.987,63.057
147.566,70.236,64.764,62.606
145.772,70.959,64.624,62.257
146.662,70.824,64.939,61.548
147.217,69.550,65.026,61.325
147.399,70.227,64.905,61.161
148.135,70.739,64.575,60.941
148.403,70.849,64.424,61.004
147.743,70.884,64.153,61.035
149.482,71.038,63.986,60.479
148.676,70.800,63.822,60.205
149.004,71.076,63.564,60.056
148.815,72.025,62.921,60.216
149.122,72.820,62.572,60.496
150.113,72.647,62.098,60.836
149.553,72.600,61.023,61.627
150.976,73.611,60.526,62.144
150.886,73.287,59.512,63.205
151.633,73.245,58.835,63.963
151.549,73.518,58.023,64.852
151.963,73.017,57.424,65.445
152.547,73.168,57.495,65.800
151.250,74.098,57.634,65.953
151.388,73.576,57.409,66.768
150.865,73.309,57.523,67.020
150.644,73.290,57.507,67.771
150.533,73.016,57.349,67.927
150.213,73.419,57.153,68.477
149.855,73.284,57.246,68.845
149.539,72.722,57.194,69.058
148.948,72.484,57.234,68.959
148.852,72.810,57.343,69.222
148.342,73.088,57.521,69.154
147.777,73.532,57.874,68.773
146.789,73.734,58.221,68.360
146.375,73.975,58.489,68.300
146.082,73.960,58.296,68.670
146.155,73.846,58.021,68.918
144.494,73.594,58.600,68.257
141.734,73.967,59.340,67.806
141.428,74.945,59.564,67.729
139.674,75.872,60.475,67.362
138.467,77.165,61.063,66.963
137.992,77.152,61.449,66.881
137.136,77.366,61.397,66.933
137.241,77.476,61.455,67.389
136.303,77.559,61.286,67.806
134.925,76.000,61.027,67.964
135.594,76.359,61.117,67.788
134.927,75.345,60.815,67.716
135.220,75.339,60.835,68.117
134.981,74.337,60.237,68.281
135.428,74.028,59.909,68.607
135.518,74.410,60.010,68.879
134.866,73.954,59.466,68.967
135.553,73.811,59.225,68.889
134.873,73.474,59.106,68.461
135.322,73.255,59.179,68.543
135.352,73.368,59.431,68.257
134.563,74.231,59.417,68.064
134.377,75.603,59.230,68.182
134.365,77.151,58.979,68.144
136.683,77.362,58.205,68.423
136.021,78.480,57.761,68.529
136.398,78.879,57.478,68.228
136.739,79.997,57.317,68.421
136.488,79.997,57.493,67.938
136.499,79.745,57.547,67.857
135.235,72.988,57.822,67.241
133.937,75.322,57.776,66.689
134.594,76.322,57.268,67.088
134.683,77.401,57.008,67.081
139.247,77.358,56.805,67.213
138.094,77.441,56.709,67.101
137.043,77.973,56.746,66.707
136.933,78.601,56.935,66.449
130.060,62.765,59.735,63.997
130.155,52.578,63.370,62.235
128.667,48.704,65.715,61.813
128.518,46.806,68.135,60.686
129.123,47.960,70.346,59.043
128.848,47.184,72.134,58.251
130.751,46.870,73.679,57.525
129.295,46.533,73.881,57.673
131.630,46.173,74.715,57.390
131.749,46.216,74.887,57.316
132.087,46.438,74.885,57.512
132.599,46.109,74.599,58.467
133.014,45.495,74.517,58.995
133.494,46.726,74.604,59.601
133.462,47.166,74.278,60.573
131.911,47.072,74.224,61.831
131.302,46.950,74.609,62.865
130.920,47.427,75.355,63.708
130.107,46.701,76.156,64.703
129.918,45.984,76.958,65.232
129.863,46.168,77.798,65.767
128.919,46.308,78.699,66.000
127.583,44.827,79.697,66.264
127.035,43.955,80.502,66.396
126.549,45.240,81.142,66.412
126.417,43.510,81.843,66.550
125.955,43.137,82.768,66.258
126.252,42.756,83.333,65.984
126.238,42.594,83.581,65.624
125.999,43.135,84.085,65.455
126.539,43.951,84.436,65.388
126.294,43.771,84.754,65.415
126.486,44.823,85.001,65.516
126.010,43.747,85.343,65.780
126.547,44.631,85.399,65.850
125.654,43.498,86.203,65.609
124.427,43.596,86.232,65.627
126.714,43.276,86.701,65.376
125.481,43.119,86.442,65.462
124.739,43.322,86.081,65.999
127.344,43.491,86.307,66.107
126.077,44.741,86.454,66.171
125.527,42.860,86.754,66.701
126.041,43.054,86.592,67.055
127.043,43.070,86.678,67.118
126.326,42.913,87.011,66.923
125.749,42.504,87.293,66.776
125.889,42.004,87.042,66.732
125.627,42.469,86.570,67.168
126.656,42.082,86.340,67.332
126.208,42.896,86.415,67.378
128.125,41.746,86.652,67.072
126.700,43.123,86.465,67.296
127.542,42.633,86.741,67.003
127.207,43.362,86.275,67.551
128.102,42.840,86.435,67.371
127.518,42.887,86.367,67.601
127.347,42.390,86.028,67.804
127.041,41.314,85.495,68.117
126.784,41.364,85.740,67.723
127.720,41.943,85.723,67.649
128.519,41.871,85.541,67.401
128.890,40.762,85.157,67.521
129.024,40.629,84.988,67.542
128.380,40.375,84.782,67.210
128.217,40.460,84.490,66.795
127.758,40.913,84.753,66.112
127.659,40.117,84.686,65.615
126.888,41.098,84.349,65.389
126.712,40.794,84.814,64.782
126.438,41.545,85.115,64.383
126.611,42.067,85.299,64.073
127.114,41.914,85.099,63.942
127.797,42.404,84.559,64.003
128.578,42.607,84.114,64.175
129.117,42.965,83.575,64.374
129.520,42.770,83.445,64.470
130.721,43.021,83.478,64.483
132.093,43.185,83.294,64.527
131.665,44.085,83.252,64.446
131.867,44.803,83.134,64.628
132.915,44.204,82.882,64.988
133.927,43.995,82.823,64.975
