130.000,132.000,31.000,115.000
128.909,136.230,34.535,111.563
127.400,136.939,37.157,109.366
126.699,138.002,38.945,108.138
124.789,134.214,40.431,107.571
124.589,134.693,41.556,106.841
123.394,134.626,42.636,106.237
122.381,132.428,43.383,106.617
122.710,131.348,43.688,107.210
121.610,133.611,43.776,108.249
120.627,132.575,44.220,109.209
120.490,131.956,44.562,110.161
120.016,131.014,44.702,111.174
119.919,130.890,44.830,111.956
118.868,129.361,45.153,112.589
117.762,127.989,45.258,113.183
116.502,127.422,45.480,113.610
115.955,125.703,45.947,114.056
115.235,125.582,46.403,114.813
115.885,123.722,46.757,115.403
117.055,125.007,46.953,115.742
117.627,123.592,46.892,116.041
117.892,123.869,46.803,115.886
117.704,124.522,46.835,115.427
118.035,124.399,46.574,115.229
117.497,124.217,46.466,115.238
117.259,125.081,46.423,114.906
116.773,124.642,46.571,114.457
116.485,123.954,46.531,114.313
115.405,121.638,46.477,114.699
115.551,120.100,46.277,115.067
114.646,117.728,46.234,115.511
114.882,116.521,46.208,115.879
114.842,116.462,46.084,115.749
114.555,117.804,45.994,115.876
113.767,117.084,46.155,116.148
113.062,116.375,46.259,116.434
112.386,115.460,46.311,116.729
111.801,113.586,46.697,116.380
112.366,113.720,46.846,115.979
112.738,114.960,46.675,116.089
114.122,114.692,46.512,116.555
115.426,115.322,46.099,116.941
116.235,114.376,45.779,116.743
116.558,114.302,45.546,115.788
116.871,113.475,45.271,115.200
116.224,113.176,45.255,114.331
116.094,111.832,45.023,113.581
115.338,111.129,44.913,112.874
116.047,109.445,44.798,112.165
114.733,109.094,44.622,111.751
114.749,109.561,44.732,111.111
114.519,109.791,44.831,110.734
114.038,109.252,44.798,110.583
114.166,110.054,44.842,110.401
113.907,109.619,44.932,109.947
113.740,110.668,44.787,110.274
113.217,110.981,44.713,110.655
113.059,110.138,44.545,111.340
112.090,108.397,44.395,111.662
112.152,107.738,44.511,111.253
112.614,107.740,44.524,111.120
113.168,107.346,44.477,111.368
113.661,107.450,44.405,111.515
114.265,107.439,44.200,111.702
114.545,106.963,44.371,111.121
115.243,106.549,44.286,110.447
114.596,106.423,44.393,109.469
114.646,107.170,44.279,108.624
114.467,107.021,43.973,108.319
114.009,105.127,43.803,108.097
113.118,105.240,43.476,108.196
113.125,104.348,43.236,108.514
112.666,102.580,42.874,108.779
113.198,101.214,42.472,109.418
112.684,102.329,42.583,109.356
112.511,101.168,42.802,109.070
112.407,101.267,42.881,108.417
111.984,101.971,42.746,108.214
112.161,101.947,42.679,107.925
111.422,101.053,42.607,107.934
111.209,100.509,42.571,108.155
111.225,98.927,42.462,108.115
111.718,98.715,42.434,108.155
112.239,98.896,42.475,108.161
112.023,98.284,42.377,107.840
112.953,97.662,42.364,107.154
112.851,97.314,42.364,106.325
113.315,98.072,42.337,105.063
113.064,100.017,42.254,104.001
112.786,100.166,42.023,103.519
112.663,98.755,41.785,103.430
112.649,97.180,41.631,103.132
112.946,97.787,41.374,102.971
112.278,95.155,41.119,103.551
112.307,95.095,40.876,103.647
112.817,95.807,40.639,103.838
112.212,95.618,40.422,104.019
112.746,95.564,40.474,103.534
112.581,95.837,40.463,103.063
112.578,95.764,40.526,102.615
111.730,95.283,40.358,102.242
111.593,94.376,40.161,101.864
111.621,94.146,40.236,101.094
111.666,93.233,40.095,100.785
110.882,93.066,40.042,100.533
111.943,94.162,39.863,100.670
111.932,92.727,39.774,100.693
112.656,93.014,39.882,100.056
112.423,91.783,39.985,99.185
112.749,92.664,39.825,98.609
112.646,92.913,39.674,97.787
112.758,92.791,39.560,97.038
112.279,92.822,39.231,96.366
112.323,92.188,39.029,95.841
111.948,91.416,38.689,95.201
111.318,90.917,38.305,94.760
111.603,90.524,37.767,94.929
111.683,91.439,37.299,94.669
110.956,92.361,37.182,94.515
110.089,91.036,37.199,94.282
110.921,92.973,37.059,94.203
110.461,92.804,36.897,94.826
109.430,90.928,36.979,95.225
109.763,90.513,37.149,95.129
108.789,89.506,37.147,95.575
108.963,89.398,37.348,95.456
108.279,89.106,37.587,95.486
108.953,89.313,37.872,95.433
108.901,87.753,37.953,95.620
108.939,87.889,38.041,95.034
109.397,87.821,37.946,94.218
108.490,88.085,37.737,93.758
109.449,88.217,37.581,93.004
108.727,88.418,37.444,92.586
108.840,88.589,37.263,92.192
108.988,88.137,37.273,91.853
108.177,87.217,37.119,92.039
108.037,87.381,36.981,92.180
107.495,87.018,36.918,91.776
106.623,87.440,36.694,92.042
106.028,87.730,36.749,92.127
105.649,87.952,36.753,91.895
105.473,87.934,36.881,91.742
104.495,87.005,36.877,91.770
104.170,86.440,36.781,91.846
104.006,86.193,36.757,92.085
103.532,85.290,36.888,91.962
102.827,84.117,36.846,92.113
103.453,84.522,36.697,92.019
103.513,85.337,36.465,92.500
104.574,85.180,36.217,93.009
105.166,83.804,35.936,93.173
105.002,82.780,35.789,92.665
104.754,82.205,35.671,91.648
105.015,82.960,35.436,90.928
105.504,82.890,35.296,90.028
104.900,83.200,35.160,89.624
104.695,82.732,34.891,89.522
104.411,82.060,34.844,88.745
103.788,81.841,34.563,89.015
103.968,84.301,34.326,89.091
103.346,83.006,34.284,88.895
102.920,82.177,34.309,88.942
102.702,83.034,34.134,88.882
102.637,82.630,34.015,88.917
101.837,82.748,33.911,89.039
101.166,81.388,34.045,89.142
100.621,82.293,34.094,89.269
100.972,80.574,34.307,88.751
100.129,80.278,34.307,88.963
99.963,77.929,34.273,89.037
100.650,78.603,34.264,89.016
101.308,78.423,34.290,88.836
100.906,76.861,34.279,88.656
101.396,76.778,34.288,88.419
101.344,77.566,34.113,87.909
101.110,77.732,34.076,87.541
101.253,78.027,34.037,87.444
102.069,76.906,33.596,87.475
101.784,76.003,33.458,86.923
101.490,75.260,33.096,86.918
100.995,75.566,32.816,86.853
100.341,75.694,32.693,86.922
99.644,77.106,32.380,87.684
98.754,74.571,32.351,88.042
98.886,77.094,32.519,88.136
98.246,77.988,32.609,88.260
98.237,76.662,32.669,88.161
98.446,76.640,32.440,89.018
98.177,75.566,32.542,89.286
97.288,74.397,33.021,88.975
96.461,74.707,33.612,88.697
94.644,74.314,34.238,88.735
92.570,75.701,35.953,87.141
91.544,77.505,37.383,85.817
90.353,79.199,38.102,86.070
90.430,81.475,38.161,87.215
90.093,85.733,37.336,89.699
89.730,90.718,36.502,91.853
92.000,95.487,35.920,93.263
93.483,97.849,35.629,94.247
94.395,98.873,35.328,95.537
95.535,99.791,35.280,96.429
95.959,99.956,35.253,97.673
97.189,98.740,35.149,98.827
98.654,97.533,35.063,99.576
99.539,99.624,35.293,99.718
101.326,99.784,35.152,100.520
103.269,99.527,35.167,101.328
103.482,101.468,34.953,102.254
106.180,101.244,35.278,102.906
106.604,102.404,35.639,103.415
106.463,103.568,35.977,104.404
106.776,104.030,36.446,105.229
106.738,104.378,36.979,106.094
106.372,103.676,37.610,106.842
107.805,105.609,38.170,107.670
107.572,108.014,38.687,108.275
108.481,109.678,38.908,108.995
108.364,111.545,39.324,109.168
109.098,112.497,39.553,109.217
109.400,112.599,39.534,109.380
109.653,111.305,39.540,109.652
108.894,110.577,39.699,109.796
108.960,109.129,39.694,110.077
109.500,107.352,39.677,110.803
110.611,103.512,39.272,112.116
110.535,103.889,39.051,113.204
111.217,103.400,38.868,113.945
111.509,103.310,38.703,114.588
112.505,104.564,38.908,114.667
112.723,105.348,39.175,114.898
113.396,106.199,39.161,115.402
113.294,108.451,39.242,115.310
112.980,108.031,39.267,115.590
114.700,107.473,39.459,116.079
113.670,107.343,39.555,116.769
114.384,105.480,39.746,117.548
114.716,107.304,40.128,117.615
114.137,106.625,40.321,118.221
114.637,110.292,40.825,118.597
114.708,110.503,41.257,118.931
114.825,111.662,41.716,119.213
114.866,112.791,42.007,119.977
114.520,114.992,42.456,120.408
115.048,115.524,42.995,120.087
115.059,116.965,43.037,119.933
114.577,118.319,43.336,119.488
115.836,117.766,43.421,119.050
115.323,118.570,43.505,118.675
117.277,117.579,42.939,119.248
117.920,115.004,42.468,120.037
117.977,116.073,42.251,120.183
119.291,117.222,42.449,119.967
119.100,117.711,42.535,119.895
120.974,118.728,42.607,119.972
121.983,118.823,42.658,120.199
122.685,118.645,42.438,120.988
123.950,118.511,41.979,121.766
123.930,117.459,41.444,122.574
125.671,117.078,41.310,122.471
125.178,117.413,40.948,122.681
126.173,115.708,40.602,122.795
126.906,114.306,40.098,123.030
127.398,115.199,39.635,123.320
127.878,114.593,39.290,123.247
128.307,115.433,39.130,123.014
128.363,115.216,38.873,123.073
128.669,116.142,38.697,123.036
129.129,117.044,38.551,122.779
129.664,117.115,38.315,123.002
129.866,117.312,38.153,123.311
130.463,118.325,38.022,123.444
130.980,117.428,37.946,123.205
131.199,117.249,37.809,123.298
131.916,118.168,37.821,123.064
131.978,118.086,37.644,122.557
132.595,117.913,37.564,121.546
133.288,116.872,37.665,120.519
133.569,117.718,37.499,120.010
134.627,118.584,37.457,119.065
135.466,119.700,37.362,118.570
136.084,120.139,37.257,117.863
136.696,122.171,37.067,117.192
136.337,122.635,36.843,116.668
136.353,123.930,36.470,116.016
136.815,124.429,36.103,115.419
137.522,124.301,35.658,115.196
138.209,124.950,35.463,114.708
138.230,125.007,35.300,114.814
138.310,124.490,35.324,114.306
138.886,123.417,35.326,113.632
139.273,123.194,35.282,112.975
139.726,122.171,35.065,112.710
140.586,121.556,34.973,112.597
141.092,121.014,34.915,112.279
140.966,120.983,35.003,111.563
141.630,122.199,35.121,110.839
141.700,122.749,35.172,110.309
142.250,124.428,35.367,109.217
141.966,123.640,35.305,108.523
140.916,122.381,35.433,108.156
140.548,122.837,35.716,107.526
139.331,122.769,36.434,107.045
139.599,122.651,36.978,106.650
137.346,121.889,37.681,106.531
136.136,120.803,38.414,106.607
135.005,118.815,39.080,106.880
134.424,117.432,39.618,107.202
133.889,116.324,39.995,107.862
135.357,115.144,40.332,108.092
134.080,114.810,40.617,108.042
134.173,114.710,40.882,107.884
135.031,114.341,40.978,107.806
135.530,113.342,40.754,108.198
134.868,113.469,40.560,108.404
136.971,112.468,40.345,108.426
137.910,111.853,40.185,108.497
138.570,112.514,40.064,108.198
139.694,112.636,40.024,107.923
140.458,112.563,39.971,107.620
140.241,112.492,40.056,107.260
141.739,110.737,40.028,107.523
142.287,110.081,39.911,107.903
142.966,108.145,39.787,108.074
143.294,105.889,39.664,108.532
144.085,105.115,39.832,108.522
144.572,104.069,39.729,109.112
144.147,104.648,39.895,109.066
143.950,104.981,40.026,109.121
144.452,104.793,39.987,109.386
144.259,104.026,40.092,109.054
143.598,103.923,40.109,108.982
142.886,101.775,40.047,108.849
144.777,102.502,40.292,108.903
142.556,102.629,40.257,109.280
142.245,101.384,40.345,109.385
142.601,99.756,40.586,109.272
142.925,99.138,40.548,109.484
141.543,98.798,40.335,109.807
142.904,96.844,40.173,109.807
141.726,97.060,40.026,109.720
141.701,96.584,39.704,109.677
142.126,94.771,39.537,109.401
141.447,97.337,39.640,108.738
141.711,96.029,39.736,108.386
141.009,97.351,39.617,108.328
141.329,98.239,39.470,108.072
140.634,98.708,39.363,108.122
139.781,95.485,39.265,108.033
139.494,96.029,38.957,108.053
139.129,95.879,38.612,108.312
138.134,96.242,38.065,108.641
137.355,95.239,37.954,108.253
135.678,96.037,37.847,108.201
136.097,95.601,37.860,107.868
133.030,97.058,38.028,107.668
131.559,97.959,38.144,107.160
129.152,97.803,38.297,106.570
126.349,97.414,38.147,106.342
127.393,96.318,38.022,105.587
122.573,96.640,37.766,105.374
120.473,92.876,37.192,105.938
118.289,91.833,36.698,106.146
116.223,91.241,36.489,105.998
114.037,91.413,36.497,105.189
112.126,93.551,36.472,104.528
109.019,94.674,36.668,104.210
106.152,95.257,36.807,103.462
103.263,93.358,36.677,103.034
103.479,93.967,36.351,102.775
96.587,94.282,35.998,101.863
94.610,95.208,35.489,101.384
92.764,94.070,34.786,101.292
91.304,95.061,34.072,102.169
90.945,95.891,33.644,102.406
87.715,100.172,34.084,101.662
85.191,101.579,34.564,100.728
76.714,96.677,34.932,100.145
75.907,104.722,35.116,99.825
65.836,98.113,35.657,99.245
59.441,90.551,35.189,100.229
57.818,93.872,34.535,100.642
56.023,95.153,34.130,100.646
54.763,96.964,33.799,100.798
54.238,97.281,33.533,100.614
47.061,98.180,32.748,101.146
47.301,99.535,32.268,101.530
47.535,94.888,32.041,101.570
48.239,98.062,31.976,101.576
49.824,100.584,31.904,101.594
55.924,95.483,32.227,101.035
55.669,97.896,32.277,100.756
55.326,99.618,32.287,100.644
55.942,94.965,32.264,100.584
56.308,88.742,32.186,100.606
56.342,91.042,32.103,100.551
56.598,84.570,32.023,100.535
56.945,85.746,31.923,100.526
57.493,87.497,31.880,100.453
56.994,89.802,31.874,100.232
57.128,92.565,31.811,100.177
57.048,96.293,31.755,100.076
57.019,99.931,31.695,100.029
57.129,96.053,31.645,99.855
57.638,90.585,31.608,99.722
57.388,94.759,31.643,99.484
57.559,98.503,31.623,99.471
57.658,93.746,31.594,99.311
57.523,97.868,31.589,99.075
57.694,101.365,31.551,99.070
57.481,97.753,31.616,98.802
57.096,92.938,31.558,98.574
57.370,96.509,31.533,98.355
57.194,90.982,31.512,98.157
57.464,94.050,31.487,98.007
57.547,97.715,31.490,97.858
57.109,92.503,31.453,97.681
57.160,95.134,31.417,97.590
57.241,98.916,31.416,97.291
57.157,94.133,31.381,97.046
58.042,96.542,31.297,96.846
58.148,99.420,31.262,96.761
58.042,102.753,31.192,96.775
57.952,99.334,31.162,96.586
57.611,102.592,31.106,96.611
57.853,97.773,31.115,96.465
57.585,100.831,31.106,96.337
58.459,104.947,31.113,96.358
57.930,101.136,31.103,96.268
58.332,105.346,31.067,96.267
58.647,101.379,31.030,96.099
58.359,104.434,30.974,96.103
57.844,100.723,30.915,95.963
58.538,96.514,30.943,95.665
58.444,101.113,30.936,95.504
58.524,105.240,30.904,95.528
58.342,101.223,30.918,95.276
58.530,104.564,30.880,95.269
58.585,99.646,30.824,95.148
58.713,102.884,30.764,95.058
58.553,99.350,30.746,94.913
58.676,101.950,30.718,94.865
59.262,104.966,30.659,94.930
58.275,100.762,30.641,94.809
58.118,104.195,30.621,94.794
57.928,100.627,30.635,94.595
58.003,104.216,30.602,94.498
57.678,100.612,30.593,94.316
58.321,103.044,30.561,94.201
57.385,98.342,30.551,93.998
58.014,93.753,30.519,93.910
58.758,96.668,30.516,93.701
58.703,100.743,30.511,93.583
58.447,103.632,30.501,93.578
57.644,99.427,30.486,93.452
57.992,101.659,30.506,93.192
58.476,97.858,30.464,92.969
58.586,92.873,30.335,93.078
58.267,96.093,30.315,92.831
57.784,99.918,30.320,92.616
57.377,95.638,30.304,92.415
57.938,98.210,30.283,92.269
57.951,93.267,30.250,92.229
57.666,96.671,30.230,92.097
57.568,92.412,30.211,92.110
57.898,95.680,30.202,91.783
58.955,99.272,30.175,91.499
58.575,102.356,30.133,91.358
58.252,97.874,30.113,91.168
58.290,100.809,30.103,91.009
58.082,102.866,30.040,90.880
58.192,98.927,29.992,90.741
58.502,93.980,29.951,90.645
58.722,96.774,29.875,90.480
58.540,99.935,29.851,90.313
58.609,102.896,29.853,90.259
58.475,98.654,29.857,90.091
58.661,100.850,29.851,89.942
58.433,102.163,29.815,89.829
58.100,103.535,29.745,89.719
58.301,99.404,29.705,89.586
58.304,102.035,29.645,89.488
58.457,104.316,29.619,89.424
57.884,99.566,29.589,89.355
58.032,95.000,29.559,89.363
58.205,98.482,29.541,89.144
58.590,93.992,29.491,88.940
58.650,97.218,29.433,88.770
58.669,93.399,29.363,88.509
58.421,102.465,29.405,88.338
58.414,104.304,29.384,88.271
58.394,99.662,29.323,88.120
58.618,94.919,29.283,87.985
58.738,90.714,29.209,87.952
58.982,93.345,29.166,87.888
58.471,96.351,29.171,87.708
58.584,92.544,29.113,87.662
58.352,95.114,29.119,87.523
