692.000,439.000,24.000,79.000
688.368,443.536,25.511,77.642
685.420,444.501,26.727,76.839
682.015,443.431,27.854,75.769
679.100,442.675,28.799,74.613
676.183,443.152,29.812,73.605
672.806,444.433,30.524,72.759
669.737,444.204,31.127,72.189
666.459,443.062,31.490,71.725
663.028,441.680,31.713,71.652
661.109,439.204,31.460,71.944
657.786,438.347,31.393,71.838
654.727,436.297,31.539,71.516
651.813,436.223,31.472,71.594
649.805,435.087,31.454,71.605
646.776,436.074,31.548,72.001
644.215,435.801,31.423,72.613
641.706,435.083,31.583,72.185
639.619,433.887,31.649,72.246
637.188,433.743,31.823,72.106
633.980,433.900,31.913,71.933
631.238,433.783,31.982,71.430
628.412,431.849,31.978,71.193
624.989,431.590,32.068,71.469
622.215,432.573,32.067,71.363
619.843,429.294,31.702,71.365
616.744,428.525,31.589,71.343
614.483,427.508,31.288,71.813
610.632,428.233,31.375,71.907
608.286,426.268,31.369,72.226
605.787,424.189,31.626,72.072
603.052,423.439,31.930,71.891
599.673,423.988,32.347,71.709
596.665,424.158,32.551,71.687
593.994,422.251,32.519,71.911
591.767,423.595,32.630,71.978
590.575,422.719,32.274,72.076
588.351,421.926,31.702,72.103
586.024,421.667,31.354,71.684
583.358,420.543,31.156,71.644
581.259,418.955,30.840,72.052
578.917,419.228,30.709,72.235
576.181,418.896,30.948,72.169
574.141,418.201,31.066,71.819
571.494,418.660,31.385,71.149
568.931,419.438,31.576,70.867
565.931,417.964,31.656,70.866
563.412,417.257,31.546,70.590
560.708,416.406,31.450,70.509
558.668,416.508,31.566,70.561
556.743,417.325,31.261,70.455
554.414,415.049,30.778,70.348
552.542,413.347,30.195,70.555
549.632,413.922,29.784,70.825
546.823,414.571,29.777,70.659
544.886,412.466,29.804,70.320
542.282,411.619,29.971,69.823
540.042,412.373,30.185,69.365
537.361,411.046,30.322,69.175
534.398,410.772,30.371,69.151
531.680,410.153,30.295,69.363
530.054,409.829,30.149,69.538
528.355,408.022,29.982,69.640
526.834,406.122,29.513,69.696
524.094,405.988,29.245,69.869
521.803,404.935,29.008,69.778
520.284,403.573,28.628,70.172
517.395,404.999,28.668,70.072
514.810,404.423,28.742,70.175
512.844,403.996,29.241,69.727
509.824,405.728,29.839,68.926
507.654,406.158,30.140,68.452
505.576,404.798,30.149,68.224
503.400,403.784,30.073,68.366
501.521,403.111,29.841,68.248
499.489,403.622,29.854,68.039
497.277,403.896,29.537,68.048
495.360,402.015,29.008,68.035
494.007,400.513,28.265,68.168
491.891,401.046,27.727,68.428
489.813,402.087,27.592,68.621
487.795,402.328,27.420,68.792
485.203,402.009,27.545,68.552
483.524,400.527,27.607,68.326
481.896,398.962,27.648,68.168
478.788,399.604,27.918,68.074
476.957,399.164,28.142,67.910
475.616,398.585,27.787,68.377
473.334,397.645,27.879,67.855
470.933,396.722,27.770,67.440
468.719,394.505,27.331,67.726
466.557,394.068,26.984,67.806
464.515,391.654,26.453,68.308
462.083,391.961,26.306,68.366
460.647,391.175,26.351,68.253
459.888,390.888,26.469,68.312
457.164,391.067,26.834,68.214
455.018,391.119,27.286,68.008
453.264,391.399,27.519,67.710
450.956,390.816,27.536,67.363
448.429,390.798,27.716,67.077
446.782,390.208,27.535,66.941
445.206,390.511,27.220,66.780
442.936,389.348,26.865,66.741
441.067,386.547,26.776,66.390
439.187,386.284,26.563,66.629
437.262,386.428,26.316,66.956
435.497,387.199,26.213,67.068
433.241,386.818,26.610,66.806
431.025,385.153,26.956,66.339
429.264,384.037,27.024,66.274
427.631,383.580,27.136,66.346
425.949,384.316,27.213,66.341
424.194,385.226,27.082,66.352
423.255,383.905,26.762,66.709
421.645,383.412,26.378,66.914
419.844,382.753,26.273,66.798
417.685,382.607,26.231,66.575
415.615,381.092,26.276,66.258
414.444,380.986,26.143,66.347
412.341,381.003,26.115,66.447
410.226,380.897,26.427,65.981
408.291,380.890,26.901,65.508
406.845,380.968,27.014,65.457
404.908,380.915,27.429,64.909
402.849,380.246,27.442,64.537
400.743,380.290,27.325,64.308
398.867,381.239,27.402,63.988
397.413,381.006,27.088,63.908
396.361,379.478,26.467,64.249
393.255,377.977,26.298,63.746
392.047,377.976,25.888,63.794
390.284,377.309,25.659,63.727
388.159,378.353,25.784,63.440
386.335,376.728,25.877,63.043
384.154,377.057,25.895,63.163
382.377,377.039,25.920,63.210
380.913,377.349,25.835,63.184
380.016,376.300,25.806,62.987
378.191,376.007,25.746,63.000
376.873,376.596,25.560,63.006
375.594,375.450,25.006,63.153
373.177,375.468,24.886,62.484
372.151,376.749,24.776,61.645
370.494,376.607,24.355,61.285
368.705,375.756,24.107,61.015
367.359,376.700,24.072,60.427
365.574,377.055,24.036,60.157
364.059,375.139,24.265,59.591
362.278,376.429,24.445,59.139
360.373,376.181,24.738,58.696
358.788,374.756,24.864,58.477
357.131,374.583,24.727,58.485
354.909,374.176,24.790,58.359
352.952,375.719,24.592,58.049
352.178,374.381,24.075,58.375
350.240,371.984,23.800,58.136
347.753,371.979,23.511,57.883
346.820,372.179,23.411,57.602
344.831,373.632,23.421,57.439
343.132,371.773,23.362,57.543
341.834,372.541,23.539,56.921
339.677,372.954,23.588,56.739
338.170,372.732,23.769,56.514
336.601,371.603,23.678,56.534
335.296,371.579,23.712,56.439
334.588,370.884,23.405,56.533
333.026,369.765,22.965,56.836
331.011,370.098,22.788,56.502
329.470,368.761,22.524,56.391
328.216,367.382,22.090,56.560
327.009,367.450,21.751,56.720
325.458,367.793,21.548,57.017
324.195,368.270,21.664,56.837
322.459,368.835,21.792,56.510
320.203,368.092,22.338,55.794
318.796,368.698,22.626,55.596
317.549,367.318,22.705,55.450
315.871,365.830,22.679,55.412
313.844,366.248,22.580,55.089
312.776,367.590,22.313,55.115
311.400,366.014,21.966,55.336
308.880,365.179,21.777,55.047
307.645,364.340,21.704,54.805
306.099,363.524,21.542,54.809
304.161,363.274,21.454,55.211
302.780,363.823,21.458,55.150
300.909,364.301,21.933,54.425
299.216,364.420,22.276,53.875
297.521,364.220,22.391,53.709
296.496,364.098,22.342,53.701
294.941,364.239,22.424,53.533
293.111,364.063,22.269,53.608
291.601,362.976,21.947,53.721
290.354,361.463,21.835,53.519
289.028,362.405,21.773,53.022
287.845,361.252,21.505,53.039
286.339,359.944,21.161,53.228
284.625,361.103,20.906,53.371
283.346,359.878,20.873,53.530
281.619,359.913,21.200,52.979
280.431,361.562,21.614,52.344
278.628,361.689,21.900,51.818
276.729,361.882,22.134,51.477
275.307,360.596,22.191,51.303
273.456,359.742,22.287,51.163
271.590,360.406,22.252,51.165
270.178,359.783,21.888,51.507
268.564,357.691,21.410,51.976
266.523,356.204,21.166,52.137
265.158,356.868,21.033,52.202
263.214,356.405,20.862,52.583
261.841,356.918,20.887,52.620
260.526,358.109,21.026,52.476
259.562,357.677,21.005,52.634
257.984,356.970,21.118,52.390
256.371,356.901,21.121,52.341
254.556,356.569,21.144,52.223
252.984,354.505,21.010,51.997
251.614,355.353,20.800,51.782
249.851,353.414,20.794,51.141
247.999,351.790,20.756,50.510
246.935,352.658,20.786,49.624
244.664,353.665,20.643,49.298
243.397,354.063,20.567,49.074
242.160,353.438,20.486,48.976
240.171,352.700,20.693,48.472
238.739,354.327,21.011,47.923
237.224,354.279,21.198,47.603
235.340,354.041,21.256,47.481
233.810,354.254,21.397,47.260
232.299,353.981,21.512,47.261
230.768,354.797,21.485,47.342
229.345,354.020,21.205,47.758
227.126,352.825,20.976,48.050
225.119,350.881,20.512,48.610
224.576,350.573,20.258,49.160
222.457,350.517,20.007,49.699
220.995,350.901,20.053,49.946
219.911,350.113,20.245,49.876
218.263,350.207,20.473,49.801
216.487,350.393,20.586,49.788
215.074,350.560,20.614,49.891
213.789,349.706,20.644,50.122
212.421,349.939,20.442,50.233
211.938,348.582,20.108,50.124
209.623,347.174,19.886,50.327
208.582,348.288,19.739,50.021
207.259,348.396,19.660,49.716
206.235,348.064,19.371,49.899
205.114,348.128,19.230,50.183
203.536,348.368,19.157,50.443
202.177,348.951,19.420,50.349
200.982,349.573,19.668,50.456
199.951,349.176,19.917,50.538
198.273,349.029,20.160,50.583
196.763,348.170,20.302,50.464
195.067,347.374,20.355,50.251
193.570,347.527,20.326,50.309
192.500,347.185,20.073,50.412
190.692,346.236,19.783,50.536
189.378,344.235,19.455,50.749
188.178,343.035,19.336,50.469
186.192,344.354,19.172,50.615
184.858,344.579,19.331,50.372
183.507,344.422,19.587,49.596
182.447,344.670,19.735,49.203
180.687,345.020,19.868,48.693
179.445,344.427,19.937,48.551
178.225,344.936,19.925,48.378
177.730,343.599,19.715,48.484
175.807,343.655,19.444,48.600
174.417,342.846,19.363,48.469
172.744,342.218,19.391,48.152
171.880,342.517,19.243,48.022
170.542,341.993,19.032,48.102
169.215,342.385,18.878,48.380
167.579,341.992,18.937,48.297
166.854,342.102,19.173,48.113
165.830,343.268,19.533,47.785
163.879,343.108,19.806,47.718
162.789,342.128,19.933,47.609
160.915,341.941,20.041,47.409
159.213,341.466,20.062,47.366
157.902,342.074,20.003,47.253
156.579,341.626,19.863,47.333
155.136,341.707,19.662,47.561
153.662,340.076,19.500,47.716
152.715,339.591,19.412,47.453
151.451,339.548,19.155,47.509
149.880,339.713,19.151,47.505
148.266,339.797,19.243,47.459
147.133,339.664,19.462,47.254
146.010,340.503,19.573,47.088
144.916,339.927,19.644,46.949
143.680,339.343,19.447,47.260
142.236,340.223,19.306,47.239
141.428,338.457,18.948,47.430
140.249,337.870,18.701,47.673
138.020,337.083,18.580,47.538
137.200,337.390,18.523,47.447
136.024,336.750,18.496,47.489
134.499,336.577,18.263,47.871
133.991,336.964,18.287,47.894
132.704,336.633,18.294,48.104
131.261,335.165,18.378,48.191
129.697,336.457,18.756,47.797
128.602,336.261,19.081,47.430
127.564,336.345,19.237,47.284
126.581,335.895,19.185,47.118
125.361,335.584,19.216,47.144
123.948,336.327,19.271,46.926
121.789,336.248,19.073,46.761
121.034,334.469,18.622,47.160
119.873,332.483,18.521,46.932
119.423,333.277,18.479,46.640
118.671,333.256,18.233,46.511
117.536,334.214,18.236,46.309
116.127,334.131,18.281,46.296
114.708,334.030,18.245,46.135
113.624,335.011,18.199,45.945
112.707,334.984,18.200,45.772
111.909,334.459,18.082,45.920
111.389,332.799,18.037,45.761
110.579,332.337,17.760,46.108
109.283,331.371,17.595,46.097
108.385,332.031,17.631,45.925
108.002,331.067,17.434,45.849
106.578,331.865,17.366,45.785
106.035,331.170,17.316,45.881
104.673,332.430,17.351,45.777
103.556,331.633,17.485,45.641
102.288,331.301,17.654,45.409
101.847,332.729,17.942,45.028
100.788,332.705,17.973,44.921
99.718,331.900,18.122,44.992
97.646,331.388,18.271,44.975
96.632,331.030,18.249,45.017
95.445,330.544,18.190,45.384
94.915,329.128,17.996,45.686
93.582,328.569,17.950,45.563
92.680,327.787,17.814,45.578
91.690,327.968,17.735,45.620
90.599,327.780,17.777,45.586
90.005,327.929,17.620,45.691
88.988,328.655,17.591,45.550
88.150,328.387,17.488,45.388
88.151,328.829,17.319,45.404
86.969,328.584,17.301,45.374
86.509,328.621,17.134,45.532
85.538,328.254,16.983,45.513
84.121,327.629,16.908,45.302
83.005,327.056,16.760,45.189
81.819,327.673,16.675,45.026
81.397,326.675,16.601,44.940
80.497,327.192,16.448,44.951
80.004,326.051,16.340,45.150
79.358,326.828,16.332,45.027
77.820,327.855,16.465,44.673
77.229,327.907,16.685,44.726
75.962,328.347,16.722,44.625
76.012,327.460,16.848,44.212
74.453,327.573,16.810,44.103
74.007,325.874,16.721,43.973
72.159,327.074,16.770,43.668
71.652,326.240,16.743,43.616
70.254,325.996,16.610,43.686
68.967,324.489,16.504,43.595
67.874,324.042,16.376,43.515
67.455,324.185,16.179,43.500
66.844,324.364,16.071,43.409
65.764,324.605,16.039,43.469
64.832,324.487,16.060,43.308
64.289,324.452,16.146,43.181
64.144,324.487,16.117,43.235
63.246,325.084,16.123,43.340
62.522,324.041,16.084,43.538
61.216,324.662,16.016,43.515
60.502,323.651,16.022,43.389
58.881,322.884,16.128,43.065
58.052,322.505,16.090,43.049
57.412,322.400,16.017,43.037
56.769,322.451,16.039,43.118
55.725,321.989,16.108,43.161
54.869,322.426,16.037,43.383
53.730,322.545,16.047,43.612
53.154,322.760,16.171,43.810
51.793,322.422,16.298,43.949
51.136,321.613,16.289,44.087
50.814,321.236,16.302,44.272
49.629,321.156,16.347,44.258
48.305,321.341,16.492,44.054
47.151,321.122,16.475,44.133
46.387,320.263,16.307,44.182
45.070,319.370,16.287,44.037
44.114,320.233,16.200,43.932
43.290,319.334,16.163,43.993
42.357,319.148,16.090,43.979
41.818,320.937,16.116,43.748
41.452,320.735,16.252,43.386
40.580,320.717,16.247,43.400
40.334,319.943,16.263,43.163
39.361,319.623,16.176,43.136
38.494,319.067,16.114,42.997
37.253,318.039,15.947,42.784
36.092,317.798,15.900,42.584
35.744,317.673,15.838,42.521
34.604,317.444,15.754,42.329
34.441,316.859,15.746,42.254
33.766,317.740,15.651,42.520
33.583,317.423,15.675,42.800
32.339,316.773,15.666,43.109
