213.000,121.000,21.000,95.000
210.458,122.593,22.909,93.699
209.555,121.283,24.595,92.596
208.645,121.142,26.042,91.318
207.726,119.225,27.429,89.995
206.814,116.903,28.579,88.977
204.277,115.028,29.241,88.988
202.972,113.595,29.775,89.362
204.012,113.234,29.684,90.865
202.992,111.862,29.441,91.587
205.088,113.195,29.111,92.615
206.297,115.499,29.236,92.666
209.336,114.357,29.915,92.067
215.181,115.695,29.892,92.459
214.984,113.464,30.199,93.070
214.285,112.575,30.664,93.355
213.564,112.297,31.220,93.488
212.743,109.888,31.670,93.344
210.512,109.065,31.976,93.154
208.434,109.697,31.992,92.732
208.100,108.658,31.888,92.368
209.514,105.446,31.175,92.998
209.525,103.727,30.294,94.171
210.038,106.201,29.974,94.542
210.372,108.405,30.357,94.338
210.715,109.542,31.292,92.751
211.007,109.657,32.665,90.721
210.990,109.569,33.642,89.278
210.085,98.589,34.077,89.418
209.546,97.424,34.029,90.500
209.782,94.458,33.579,92.317
211.459,92.516,33.334,94.161
212.944,89.714,33.427,94.962
214.619,90.255,33.567,94.990
216.050,90.919,33.787,95.402
215.853,93.364,34.146,96.114
216.208,92.881,34.370,96.590
216.926,93.851,34.723,96.625
218.486,94.948,34.937,96.698
219.421,95.081,35.599,96.584
220.631,96.848,36.169,96.353
219.951,102.925,36.347,96.474
218.319,103.417,35.980,96.895
218.610,106.464,35.247,97.216
218.119,106.578,34.185,98.517
217.380,106.076,33.474,99.681
215.854,105.257,32.959,100.754
215.049,106.025,33.318,100.746
214.519,105.514,33.979,100.084
212.110,105.692,34.572,99.131
209.404,104.845,35.145,98.189
206.365,105.040,35.614,97.388
202.548,103.463,35.873,96.845
198.294,101.796,35.440,97.123
194.627,98.610,34.759,98.185
193.830,98.745,33.827,99.415
193.762,99.601,32.959,101.138
192.765,101.731,32.822,101.768
191.955,102.839,33.161,101.919
192.454,104.849,34.050,101.544
193.281,106.386,35.073,101.220
194.248,105.136,36.293,100.862
196.181,103.846,37.192,100.598
198.141,102.766,37.792,100.029
198.739,105.152,38.010,99.731
197.428,107.307,38.198,99.354
195.641,109.001,37.827,99.606
196.381,107.896,37.232,99.780
197.992,108.401,36.119,100.964
200.789,107.188,35.606,100.919
205.571,108.668,35.411,100.975
214.382,105.662,35.737,100.763
221.803,101.186,35.646,100.719
220.580,99.413,36.080,100.058
219.082,101.203,36.475,98.962
211.433,100.151,36.816,97.977
203.542,100.495,36.600,97.643
196.319,100.623,35.979,97.389
194.016,98.486,35.051,97.442
192.427,97.721,34.115,98.001
190.649,92.446,33.919,98.031
190.650,84.227,34.033,97.483
191.825,81.758,34.398,97.169
198.146,77.539,34.715,96.825
198.062,73.047,35.258,96.624
198.607,73.305,35.805,95.780
199.026,70.916,36.075,95.342
199.845,70.183,35.901,95.685
201.139,72.855,35.340,96.200
201.206,80.684,34.495,97.680
200.004,88.321,33.670,98.790
199.834,93.745,32.707,99.439
200.613,95.723,32.155,99.812
200.953,97.761,32.237,99.361
202.305,102.010,32.658,97.927
202.957,104.370,33.351,96.577
205.653,106.137,33.524,96.063
206.468,110.651,33.598,95.130
206.534,114.848,33.609,94.384
205.237,120.499,33.412,93.402
203.413,122.851,33.108,92.969
202.292,125.563,32.725,92.845
201.640,128.927,32.318,92.708
201.780,130.558,31.635,93.800
201.766,132.741,30.999,94.936
202.336,134.305,30.728,95.543
202.334,132.203,30.745,96.320
202.291,131.457,31.274,96.644
202.379,129.034,31.959,96.548
202.244,126.708,32.996,95.921
202.430,125.194,33.687,95.712
201.276,121.673,34.402,95.605
200.854,118.317,34.899,95.377
200.585,117.527,34.925,95.393
202.173,116.305,34.659,95.810
203.034,115.347,34.344,96.273
204.099,114.685,34.082,96.314
204.878,109.698,33.949,94.900
206.529,111.316,33.659,94.025
207.798,110.520,33.447,93.488
208.173,112.590,34.209,91.305
208.260,116.242,34.727,89.158
208.868,116.161,35.247,87.310
209.583,117.893,35.541,86.189
209.731,116.732,35.716,85.374
253.288,179.986,35.855,84.640
259.775,184.347,35.641,84.326
266.948,187.595,34.322,85.157
274.421,187.176,33.175,85.541
275.284,190.795,33.083,84.870
283.173,189.975,32.553,84.625
290.214,192.689,31.819,84.403
291.363,192.700,31.753,83.640
298.201,195.634,31.171,83.481
299.821,195.245,31.260,82.828
306.339,198.009,30.904,82.534
312.077,199.522,30.349,82.676
313.007,198.042,30.292,82.092
320.382,198.083,30.210,81.771
326.545,197.233,29.732,81.742
326.086,197.599,29.463,81.532
326.340,191.895,29.372,82.211
326.054,182.821,29.350,82.398
325.249,175.115,29.337,82.342
325.875,175.764,29.257,82.621
327.139,176.962,29.071,83.114
327.602,173.684,29.002,83.228
328.809,174.006,28.815,83.706
329.376,171.338,28.597,84.076
329.391,170.511,28.421,84.380
327.726,208.144,28.183,84.062
329.092,213.352,27.844,83.383
330.665,212.424,27.625,83.066
331.680,226.050,27.576,82.105
332.299,225.387,27.497,81.775
332.200,224.899,27.466,81.745
331.719,224.567,27.445,81.726
331.749,224.783,27.432,81.715
331.785,224.684,27.421,81.708
331.577,224.041,27.410,81.697
331.380,223.147,27.406,81.693
330.708,222.778,27.403,81.684
330.485,197.098,27.339,81.887
331.561,184.245,27.309,81.137
301.442,182.245,34.884,72.909
301.225,186.979,42.804,64.669
299.099,184.229,48.475,58.592
297.095,183.823,50.866,55.829
297.843,182.682,52.165,54.025
298.979,181.247,52.653,52.911
300.569,180.643,52.935,52.195
301.705,180.245,52.584,52.074
303.893,180.649,52.155,51.988
305.715,180.433,51.515,52.108
306.137,180.716,51.257,51.969
307.373,181.443,50.784,51.879
308.770,182.313,50.256,51.933
310.959,181.969,49.414,52.299
310.374,182.896,48.541,52.701
311.687,182.859,47.553,53.190
317.754,180.249,45.423,55.172
317.910,179.453,43.463,56.927
319.998,179.326,41.736,58.294
321.409,180.657,39.594,60.069
323.523,182.710,37.909,61.376
326.188,185.997,35.302,64.413
327.567,190.018,32.710,67.978
329.653,188.998,31.344,69.755
331.730,186.699,30.203,71.022
333.732,193.532,29.221,72.107
334.725,193.089,28.914,72.460
335.007,193.017,28.884,72.490
306.502,235.207,35.073,65.612
305.420,238.787,39.626,60.535
307.262,240.563,42.656,56.858
308.083,240.904,44.511,54.457
310.555,242.209,45.172,52.971
310.872,243.108,45.670,51.815
313.132,243.184,45.854,51.090
315.063,242.998,45.903,50.672
312.016,227.866,43.169,53.598
314.774,224.281,40.551,56.588
317.716,221.273,38.330,59.290
320.265,218.448,36.370,61.772
322.619,222.759,34.801,63.580
324.724,218.779,32.405,66.599
327.038,217.759,30.344,69.316
329.070,220.443,28.688,71.146
331.652,219.227,27.322,72.422
333.157,219.079,26.144,73.314
334.603,219.278,25.655,73.338
334.495,218.421,25.544,73.255
333.527,217.761,25.508,73.273
332.988,217.558,25.489,73.291
332.310,216.557,25.480,73.303
282.105,198.856,25.107,73.088
282.239,200.892,25.443,72.024
287.555,201.651,25.385,71.215
287.842,209.194,25.582,70.617
292.851,211.114,25.167,70.321
293.124,217.834,25.343,69.890
298.195,217.605,24.989,69.682
302.860,218.005,24.690,69.435
303.321,218.717,24.936,68.999
308.195,220.698,24.578,68.933
308.774,218.913,24.796,68.349
313.518,220.338,24.373,68.515
313.223,221.589,25.308,67.257
319.041,219.781,24.875,67.522
318.500,223.403,25.881,66.188
323.964,223.571,25.498,66.425
324.644,223.171,25.324,66.424
329.779,223.334,24.746,67.004
329.429,224.400,24.372,67.282
329.234,222.974,24.114,67.272
329.438,223.549,24.163,67.193
329.921,225.496,24.122,66.935
330.295,226.071,24.107,66.750
330.639,226.218,24.161,66.456
329.348,226.694,24.727,65.737
329.432,230.766,24.744,65.628
330.444,229.067,24.770,65.443
331.503,228.414,24.659,65.332
332.438,227.193,24.429,65.410
332.310,223.587,24.354,65.448
331.539,219.253,24.233,65.682
330.409,216.494,24.106,66.056
330.565,214.828,24.018,66.280
330.887,219.727,23.937,66.459
330.746,219.357,23.903,66.586
330.779,218.077,23.945,66.576
331.643,216.268,23.952,66.526
332.337,214.811,23.890,66.609
332.497,212.874,23.859,66.627
332.657,212.082,23.842,66.629
332.646,211.025,23.824,66.635
332.218,210.980,23.802,66.644
332.381,211.110,23.797,66.637
300.801,225.736,30.780,60.185
298.117,228.855,37.465,54.221
294.899,231.976,44.433,48.349
295.489,229.492,49.697,44.112
289.846,237.849,54.909,40.195
289.539,245.471,58.652,37.389
285.120,246.875,62.073,35.113
284.501,248.239,64.651,33.392
281.270,248.677,67.011,32.085
284.282,249.132,68.383,31.492
282.101,249.816,69.820,30.891
280.499,249.768,71.234,30.113
283.372,250.720,71.570,30.189
282.874,250.959,72.172,29.917
284.089,251.115,72.185,29.843
284.487,251.743,72.306,29.739
286.685,251.460,71.163,30.474
285.935,251.647,70.808,30.631
285.117,251.627,70.885,30.666
285.719,251.498,70.849,30.644
286.463,251.483,70.711,30.734
286.305,251.800,70.076,31.073
286.145,251.925,69.896,31.130
285.930,251.966,69.869,31.141
289.059,251.659,68.925,31.589
286.822,251.419,68.731,31.801
290.291,251.256,67.683,32.329
296.929,245.328,65.334,34.307
299.470,244.866,63.323,35.868
300.015,238.308,61.455,37.385
300.803,237.470,59.975,38.505
300.933,236.777,58.844,39.461
301.676,236.203,57.847,40.301
302.311,235.222,57.129,40.816
302.880,234.115,56.450,41.359
302.537,226.225,56.092,41.638
303.665,219.529,55.515,41.901
288.328,221.303,58.246,39.813
270.565,228.928,63.284,36.395
270.507,230.334,67.304,33.563
267.571,231.291,70.843,31.400
269.213,232.014,73.283,29.871
267.830,232.653,75.771,28.476
271.353,232.629,78.148,27.540
269.202,232.777,80.090,26.929
271.168,233.057,81.463,26.630
270.512,233.614,82.500,26.526
271.815,234.120,83.460,26.472
272.600,234.327,84.083,26.520
273.376,234.766,84.388,26.762
271.937,235.547,84.292,27.094
272.926,236.045,83.801,27.666
275.354,243.616,84.033,27.776
274.525,244.320,83.900,28.170
277.421,251.741,82.628,29.937
278.576,251.309,80.911,31.995
281.223,251.519,79.161,33.530
284.032,251.527,77.090,35.112
287.722,252.040,75.256,36.314
287.953,252.279,73.351,37.216
290.628,252.935,71.789,37.877
293.368,246.301,69.422,39.829
295.785,245.520,67.280,41.358
297.072,245.582,65.058,42.738
300.192,244.429,63.102,43.991
300.920,243.760,60.831,45.447
301.548,243.052,58.937,46.655
303.416,242.415,57.931,47.196
267.896,214.029,56.234,48.718
267.982,213.734,56.294,48.950
269.672,214.375,56.787,48.988
271.460,215.871,57.319,48.983
279.490,216.610,57.122,49.509
284.677,217.522,56.479,50.339
291.036,225.228,56.591,50.731
293.960,227.227,57.437,50.588
297.838,229.684,58.342,50.602
298.153,236.500,58.947,50.397
298.438,236.408,58.718,50.520
298.366,232.024,58.251,50.830
294.649,225.188,57.787,51.016
295.181,215.249,58.580,50.277
297.586,212.530,58.406,50.479
297.896,212.866,57.757,50.913
300.094,213.611,57.209,51.349
300.959,214.089,56.443,51.940
302.019,215.233,55.970,52.302
302.862,216.473,55.397,52.631
303.177,218.275,54.803,53.066
303.658,219.390,54.086,53.484
303.862,220.705,53.342,54.065
304.734,222.353,52.766,54.512
304.827,224.271,52.148,54.889
305.866,225.858,51.831,55.110
312.324,223.959,50.314,56.580
312.194,224.604,48.950,57.830
313.599,224.402,47.807,58.988
315.347,223.316,45.737,61.132
321.356,222.120,43.929,62.984
320.660,221.786,42.745,64.105
321.123,221.692,41.912,64.895
321.580,220.800,41.033,65.583
322.875,222.724,40.183,66.324
323.682,223.497,39.081,67.306
324.182,220.220,38.214,68.019
324.385,217.790,37.710,68.421
292.664,233.897,43.360,63.332
291.636,237.294,49.408,58.013
284.056,238.988,55.726,52.779
284.250,240.836,60.339,48.769
281.274,243.102,64.533,45.493
277.964,245.311,68.471,42.625
280.591,247.576,71.213,40.686
278.306,249.555,73.878,38.785
279.675,250.985,75.827,37.521
280.919,252.323,76.538,36.887
280.502,253.214,77.036,36.337
279.263,254.003,77.060,36.298
275.947,254.731,77.576,36.155
269.733,261.735,80.184,34.700
268.546,261.816,81.997,33.801
269.686,262.401,84.126,32.852
268.290,262.630,85.938,32.085
269.619,263.015,87.109,31.540
268.060,262.839,88.731,30.788
268.365,262.692,90.103,30.214
266.663,262.783,91.331,29.778
266.798,263.394,91.452,29.797
266.598,261.465,90.897,30.178
267.456,260.633,90.219,30.834
266.046,261.414,90.450,30.903
265.303,262.209,90.714,30.716
264.144,261.652,91.150,30.690
262.980,261.267,91.833,30.455
267.657,260.434,92.117,30.248
273.992,257.852,90.470,31.193
274.052,256.447,87.782,32.556
277.428,261.737,86.630,32.434
280.710,259.629,84.185,32.944
281.491,259.217,81.996,33.769
282.865,259.097,80.426,34.473
282.525,264.908,80.128,34.173
280.404,263.469,80.016,34.024
274.139,264.007,80.152,33.913
272.055,257.248,80.523,33.637
271.770,263.625,81.536,32.949
271.029,263.913,82.037,32.543
273.776,264.523,82.881,31.958
271.467,265.258,83.262,31.653
271.298,265.846,83.495,31.455
272.339,266.718,83.579,31.377
271.898,267.434,83.658,31.302
271.802,268.003,83.691,31.270
269.566,268.578,83.743,31.224
258.646,268.818,83.976,31.055
246.938,269.580,84.671,30.550
242.957,246.218,80.575,33.923
250.304,244.427,77.354,36.594
236.681,266.092,80.579,34.081
239.129,266.315,82.749,32.252
239.859,266.767,84.927,30.505
240.054,266.944,86.282,29.421
243.498,266.366,86.732,28.755
243.288,265.261,87.066,28.448
248.822,264.845,86.911,28.537
248.756,264.626,86.873,28.409
253.999,264.047,86.804,28.379
255.594,264.198,86.644,28.480
257.254,264.447,86.292,28.527
257.660,264.328,86.116,28.709
259.662,264.268,86.161,28.698
260.415,264.585,86.134,28.675
261.633,264.772,86.518,28.455
261.780,264.896,86.813,28.378
261.136,265.250,87.009,28.268
260.172,265.750,86.996,28.205
261.094,265.828,87.535,27.998
259.524,265.994,87.780,27.811
261.600,266.306,87.991,27.721
262.030,266.332,88.408,27.579
263.566,266.273,88.718,27.406
264.973,266.187,88.865,27.330
264.974,265.519,88.343,27.911
267.466,264.294,87.669,28.225
266.813,263.583,87.555,28.316
271.220,262.576,86.541,28.733
270.096,262.306,85.454,29.035
271.746,262.511,84.184,29.490
273.356,262.687,83.667,29.446
279.587,261.162,81.833,30.141
271.028,267.558,83.985,28.940
270.419,267.055,85.080,28.209
268.569,267.547,86.264,27.513
263.616,268.428,86.392,27.487
266.488,254.415,86.478,27.510
268.500,261.147,86.518,27.500
286.102,241.227,81.736,31.475
289.471,237.212,76.602,35.904
291.685,235.786,72.773,39.178
301.296,231.340,67.836,43.737
303.416,228.627,63.842,47.383
304.754,233.398,61.195,49.723
298.625,239.321,60.584,49.910
245.211,240.607,64.764,46.839
241.975,243.384,68.194,44.385
237.828,245.856,70.976,42.507
235.707,249.001,73.517,40.731
233.020,251.280,76.310,39.055
231.064,253.538,78.505,37.667
228.941,254.799,80.304,36.572
228.489,256.520,81.585,35.769
224.978,262.821,83.404,34.225
224.226,263.817,84.721,32.923
226.791,264.813,85.465,31.985
228.498,265.630,86.355,31.081
227.149,266.682,87.665,30.124
230.994,267.417,88.269,29.550
233.667,267.841,89.026,28.887
235.383,268.302,89.570,28.463
237.415,268.800,90.188,28.036
240.837,269.202,90.741,27.625
237.370,269.607,91.076,27.378
239.763,269.653,91.256,27.170
242.742,269.290,91.471,27.024
239.007,269.902,91.520,26.947
242.997,270.033,91.593,26.847
242.076,269.857,91.668,26.919
245.525,268.764,91.426,27.107
247.762,268.301,91.004,27.321
248.879,267.795,90.180,27.617
253.988,266.583,89.544,28.047
257.872,264.977,88.918,28.533
259.378,263.662,88.008,29.138
261.515,261.998,87.538,29.616
265.020,260.554,87.359,30.015
269.272,258.831,86.504,30.861
270.334,258.626,85.829,31.526
271.611,258.036,85.133,32.071
272.235,257.918,85.067,32.320
273.133,258.057,85.083,32.473
273.641,258.667,84.940,32.655
272.512,259.301,84.848,32.796
266.738,259.499,86.122,32.024
265.418,259.736,87.516,31.537
265.234,260.278,87.987,31.369
268.590,259.862,87.279,31.930
267.316,260.420,88.236,31.666
266.062,260.834,89.194,31.493
266.357,260.271,90.069,31.419
265.506,260.455,90.869,31.470
264.888,260.038,91.335,31.601
264.505,259.750,91.972,31.699
264.691,259.143,92.298,31.936
262.327,258.883,92.785,32.074
263.014,258.772,93.631,32.079
263.889,258.703,93.839,32.295
260.816,259.247,94.308,32.296
262.846,259.044,94.742,32.394
260.078,259.620,95.536,32.307
260.176,260.016,96.578,32.192
258.189,260.096,97.369,32.116
256.527,259.936,98.336,32.054
258.005,259.645,99.097,32.005
256.762,259.953,99.729,31.986
258.734,259.642,100.289,31.991
256.743,259.757,100.448,32.139
257.226,259.267,100.639,32.298
257.168,259.610,100.726,32.433
257.921,259.284,101.214,32.369
257.883,258.865,101.445,32.413
258.112,258.872,101.703,32.438
258.962,258.532,101.796,32.451
258.522,258.753,101.521,32.618
255.761,265.165,102.531,32.010
256.560,265.418,102.979,31.397
251.880,265.072,103.285,31.125
220.678,264.321,104.069,30.689
196.463,246.319,100.149,33.687
197.524,235.161,95.128,38.140
187.246,225.947,94.220,39.333
192.307,226.373,94.324,39.602
196.989,227.717,94.979,39.488
194.788,228.820,95.887,39.520
203.163,236.818,95.616,41.020
201.438,228.962,96.040,41.441
199.187,228.611,96.266,42.120
203.563,229.484,96.337,43.119
201.612,220.356,96.879,43.130
199.393,212.254,98.422,42.454
195.397,203.950,101.528,40.706
193.463,203.165,104.549,39.467
194.970,202.183,105.853,39.085
198.603,202.338,105.876,39.551
197.302,199.954,107.705,39.248
186.424,199.280,110.792,38.404
186.598,199.552,114.136,37.333
188.872,201.608,116.641,36.208
197.869,210.361,117.281,36.543
208.022,219.033,118.180,37.062
217.124,228.273,118.907,37.644
234.486,238.938,119.364,38.557
234.584,248.031,119.938,38.754
241.651,257.706,119.928,38.213
236.726,266.149,120.264,37.843
229.676,257.785,120.888,37.521
234.389,256.817,121.202,37.342
238.136,255.922,121.366,37.316
235.805,255.121,121.733,37.262
233.230,254.317,121.959,37.173
238.574,253.792,122.082,37.176
232.390,252.538,122.120,37.322
234.364,251.061,122.120,37.525
230.998,250.406,122.089,37.750
233.990,250.890,122.076,37.910
230.034,252.557,122.158,37.858
214.237,260.907,122.322,37.684
209.093,259.773,122.574,37.467
194.700,258.976,122.747,37.293
191.478,260.030,122.807,37.252
188.749,262.044,122.810,37.250
185.091,263.259,122.814,37.248
183.294,264.228,122.818,37.246
220.240,207.612,123.033,37.085
220.400,209.528,123.306,36.905
218.947,210.498,123.415,36.796
211.356,210.749,124.141,36.425
219.117,203.393,124.007,36.456
228.328,203.854,124.491,36.094
230.985,196.148,124.017,36.248
230.139,196.037,124.933,35.859
235.418,195.975,125.042,35.651
232.706,196.917,125.855,35.475
235.726,198.147,125.581,35.608
233.949,199.625,125.827,35.561
238.176,208.568,125.656,35.661
234.151,209.948,125.887,35.660
237.651,211.489,125.227,35.945
233.653,220.589,125.603,35.820
238.858,221.266,125.065,35.980
