198.000,214.000,34.000,81.000
192.614,218.485,36.494,77.858
192.054,218.473,37.434,76.109
189.870,220.376,38.348,74.714
188.038,221.524,38.599,73.434
186.934,222.750,38.771,71.859
184.252,225.412,38.465,70.831
182.583,230.321,38.387,70.086
179.310,226.112,40.617,67.140
177.363,229.302,42.683,64.027
183.932,233.042,42.027,63.417
186.453,234.397,41.013,63.752
187.468,235.037,42.818,61.375
188.848,236.771,44.326,59.521
188.691,231.964,45.280,58.051
188.990,233.761,46.465,56.466
208.409,225.506,47.404,55.987
212.307,219.300,47.408,55.755
212.364,214.201,44.430,58.326
207.545,216.399,42.550,60.218
207.668,211.329,44.114,57.980
207.124,213.593,45.296,56.611
200.485,213.285,46.319,55.385
198.855,216.580,47.500,54.054
187.077,220.767,44.434,57.457
186.713,221.014,44.910,57.166
179.499,221.737,45.468,56.959
172.769,221.255,44.009,59.090
168.001,220.244,42.498,61.106
163.780,220.747,41.288,62.305
158.394,221.240,40.353,63.290
157.218,221.958,39.366,63.846
151.001,220.696,38.577,64.087
148.947,220.288,37.804,64.182
142.049,217.570,37.977,63.531
135.609,217.556,38.116,63.185
126.857,216.276,39.442,61.102
120.056,214.877,40.576,59.471
113.558,215.052,41.539,57.970
106.732,215.353,41.981,57.123
101.204,218.423,40.031,59.183
96.497,219.447,38.286,61.036
91.846,224.157,36.817,63.056
86.025,222.296,36.147,64.240
80.892,220.169,35.947,64.383
74.945,217.939,35.794,64.646
68.701,221.171,36.145,64.706
63.591,220.078,36.013,65.107
57.978,219.702,35.820,65.389
52.025,221.070,35.702,65.441
45.082,224.137,35.780,65.289
38.422,230.174,36.343,65.265
31.753,238.636,36.328,65.613
27.258,240.121,36.181,66.052
22.886,240.988,35.678,66.541
16.506,239.933,35.634,66.208
13.833,233.561,36.636,65.176
6.750,234.574,36.662,64.886
5.573,233.522,36.355,64.938
0.789,231.848,35.339,65.944
-3.711,236.589,33.222,67.910
-4.178,240.439,31.872,68.682
-4.785,244.731,31.661,68.836
-5.047,245.002,31.659,68.838
-4.816,244.484,31.659,68.838
-4.671,244.430,31.659,68.837
-4.519,244.146,31.660,68.836
-3.861,243.722,31.661,68.835
-3.122,243.562,31.661,68.835
-2.222,243.131,31.662,68.834
-2.255,242.974,31.662,68.834
-0.122,242.513,31.662,68.834
0.007,243.469,31.662,68.834
0.254,244.441,31.662,68.834
0.501,245.806,31.662,68.834
0.769,247.457,31.662,68.834
1.068,249.271,31.662,68.834
1.511,251.609,31.661,68.834
2.182,254.924,31.661,68.835
2.192,258.935,31.661,68.835
2.482,261.352,31.660,68.835
2.741,263.212,31.659,68.835
2.788,264.655,31.658,68.834
3.840,266.283,31.658,68.831
4.964,267.366,31.658,68.824
5.214,268.104,31.663,68.809
8.099,268.871,31.742,68.691
11.892,270.217,31.859,68.496
18.686,270.416,32.647,67.481
25.903,270.300,33.175,66.779
31.767,269.971,33.742,66.045
38.816,270.044,34.225,65.413
45.728,269.697,34.685,64.821
49.988,269.651,34.854,64.545
59.579,269.070,35.028,64.297
74.738,269.249,37.783,61.847
77.472,270.132,40.555,58.836
83.301,270.987,41.526,57.223
91.354,270.837,41.763,56.063
105.758,258.920,43.409,55.017
118.888,265.902,45.349,53.981
119.741,264.800,44.866,54.369
120.463,255.181,43.067,55.920
119.362,249.042,43.274,55.321
120.224,249.194,43.234,55.305
120.713,249.314,41.893,56.633
126.757,243.543,42.467,55.520
129.040,222.279,40.737,56.985
121.953,207.074,41.901,55.519
127.658,205.961,42.368,54.054
129.785,205.963,42.434,52.761
135.327,205.494,42.369,51.980
138.187,203.920,39.857,53.828
145.002,202.499,37.990,55.692
146.843,194.559,36.394,56.593
149.921,186.041,34.857,57.046
155.839,185.478,34.034,56.830
158.789,184.503,33.254,56.541
161.470,183.836,32.680,56.528
164.607,182.687,32.140,56.332
170.699,182.843,32.028,55.736
172.956,182.889,31.533,55.569
179.422,183.835,31.379,54.839
181.230,184.882,31.113,53.870
181.247,186.062,34.091,50.498
182.544,186.036,35.894,48.230
184.242,185.868,36.819,46.547
187.169,185.500,37.494,44.976
190.422,185.822,37.996,43.873
192.983,186.830,38.147,43.059
195.942,188.731,38.418,42.316
198.582,188.176,38.711,41.571
200.779,187.556,38.574,41.227
203.041,186.253,38.076,41.225
205.294,184.150,37.559,41.321
206.989,182.070,37.270,41.253
208.541,176.245,36.607,41.409
209.308,175.895,36.388,41.114
209.685,176.037,36.300,40.727
210.072,176.906,36.254,40.608
210.711,177.859,36.083,40.352
211.972,178.643,36.114,40.015
213.030,178.296,36.183,39.562
214.552,177.048,35.878,39.170
215.675,175.161,35.530,38.969
216.669,173.913,35.275,38.541
222.665,172.784,35.366,38.268
223.318,171.772,35.370,37.840
223.101,170.521,35.590,37.491
223.005,170.413,35.621,37.043
223.796,170.170,35.449,37.134
230.545,171.207,35.115,37.307
236.642,172.340,34.923,37.273
243.093,175.379,34.447,37.003
243.654,174.247,34.258,36.774
238.921,172.810,34.152,36.732
238.991,172.341,34.292,36.488
239.226,168.401,34.254,36.752
239.557,168.594,34.142,36.989
243.488,168.329,34.015,36.945
244.444,168.856,33.829,36.978
244.832,169.629,33.997,36.777
244.841,168.525,34.217,36.504
245.648,167.078,33.655,36.724
251.761,165.740,33.800,36.309
261.851,164.695,33.953,35.701
262.989,163.846,33.991,35.168
267.849,163.029,33.913,34.911
267.080,162.690,34.022,34.592
267.855,164.822,34.112,34.105
271.822,166.135,34.086,33.978
272.850,167.587,33.825,33.973
278.305,167.715,33.635,34.048
279.564,167.629,33.619,33.964
280.354,167.768,33.671,33.777
280.731,166.913,33.575,33.591
281.607,166.410,33.557,33.446
281.813,165.088,33.370,33.215
281.589,164.726,33.252,32.929
281.561,165.362,33.194,32.752
281.738,165.716,32.966,32.722
282.335,165.515,32.865,32.789
279.108,162.228,32.351,32.999
280.245,161.977,31.760,33.332
281.129,159.073,31.274,33.774
281.944,158.795,30.763,34.031
282.595,158.702,30.561,34.238
283.225,155.680,30.331,34.450
284.036,156.621,30.095,34.775
285.329,157.989,28.528,36.268
285.474,162.007,27.301,37.705
286.491,163.232,26.495,38.668
287.477,165.458,26.067,39.346
288.070,166.698,25.153,40.464
288.350,166.897,24.482,41.132
288.876,163.737,23.885,41.729
289.162,163.547,23.285,42.521
289.772,163.428,22.755,43.222
289.622,163.484,22.401,43.672
290.725,162.802,22.117,43.793
291.161,161.827,22.130,43.523
291.863,161.372,22.021,43.414
292.084,161.786,22.106,43.416
292.461,162.266,22.122,43.235
292.616,163.013,22.151,43.310
292.655,163.530,22.043,43.497
292.653,164.945,22.087,43.473
293.165,165.743,22.118,43.520
293.842,169.485,22.424,43.463
292.799,169.037,22.716,43.459
290.806,169.838,22.810,43.420
289.966,170.806,22.867,43.342
289.305,171.365,22.945,43.327
288.510,171.601,23.112,43.271
287.996,171.227,23.249,43.241
286.723,170.599,23.200,43.323
287.528,170.254,23.049,43.302
287.379,169.805,23.192,43.118
286.450,169.492,22.944,43.258
286.312,169.105,22.822,43.521
285.270,170.583,22.781,43.450
285.417,172.522,22.577,43.493
284.618,175.107,22.719,43.471
283.713,180.648,22.764,43.461
282.650,180.774,22.660,43.773
281.291,180.820,22.498,44.188
279.921,181.009,22.468,44.438
278.595,184.075,22.366,44.597
276.775,183.220,22.796,44.436
273.875,183.966,23.564,43.976
272.183,182.354,24.232,43.493
270.431,180.120,24.497,43.510
268.391,179.017,24.482,43.824
267.332,173.726,24.287,44.556
266.810,169.088,23.959,45.027
262.240,174.785,23.868,45.139
258.220,180.116,23.657,45.201
257.332,179.991,23.666,45.113
253.723,188.882,23.826,44.979
252.779,192.221,23.993,44.971
250.261,194.859,23.901,45.202
247.612,193.298,23.873,45.349
247.162,184.449,23.964,45.338
246.607,182.881,23.982,45.020
245.278,182.958,23.928,45.012
243.071,183.092,23.830,45.007
242.366,183.091,23.594,45.159
241.263,179.782,23.359,45.060
240.263,177.759,23.181,44.890
226.122,192.835,25.735,42.427
223.886,190.092,27.259,40.865
220.802,191.956,29.079,39.286
219.784,192.588,30.155,38.459
218.493,193.149,30.887,38.070
214.780,195.230,32.129,37.120
214.853,199.845,32.973,36.684
213.895,201.405,33.471,36.408
209.501,205.971,34.310,36.286
205.005,206.925,35.187,36.002
203.506,206.031,35.862,35.845
199.213,205.611,36.051,35.797
196.250,206.834,36.498,35.583
196.264,207.680,37.131,35.337
196.570,207.703,37.493,35.197
195.973,207.682,37.400,35.379
191.031,204.722,37.730,35.143
187.832,204.033,37.863,35.084
187.739,201.660,38.204,34.814
184.827,201.420,38.298,35.016
185.946,200.779,38.561,35.287
186.347,199.745,38.628,35.756
186.749,199.893,38.645,36.019
187.472,200.352,38.494,36.415
188.054,201.758,38.630,36.705
189.114,202.823,38.672,36.905
190.415,203.159,38.580,37.062
190.849,202.088,38.516,37.385
191.008,200.829,38.268,37.637
190.276,199.776,38.179,37.688
190.164,194.545,37.909,38.034
195.169,184.721,36.163,39.977
194.882,184.496,35.040,41.204
175.981,194.963,36.086,40.425
168.075,194.395,33.796,42.615
168.121,194.825,33.353,43.049
167.274,195.298,33.248,43.153
166.872,195.455,33.223,43.176
166.645,194.660,33.230,43.165
166.875,194.073,33.239,43.144
166.963,192.689,33.223,43.157
167.141,192.948,33.185,43.193
167.539,193.913,33.074,43.307
167.413,193.573,32.679,43.704
167.656,198.800,32.275,44.105
168.070,198.494,31.789,44.569
168.287,198.896,31.461,44.879
168.715,199.534,31.029,45.244
169.501,199.826,30.762,45.463
185.214,201.283,31.854,44.499
183.141,202.558,32.713,43.594
181.289,203.864,33.063,43.191
179.834,205.297,33.328,42.710
180.146,193.982,32.061,44.248
180.889,192.228,29.544,47.252
177.287,192.949,28.490,48.176
176.721,192.634,27.386,49.308
176.408,192.308,25.811,51.271
171.875,193.685,25.603,51.372
172.251,191.700,25.457,51.109
170.186,192.058,25.233,51.317
168.452,191.367,25.382,51.118
167.124,192.649,25.696,50.743
165.204,193.027,26.062,50.429
163.832,194.749,26.440,50.030
159.967,196.398,26.313,50.248
159.286,196.545,26.201,50.613
155.146,197.339,25.992,50.936
154.663,198.076,25.790,51.289
154.025,198.325,25.799,51.460
150.562,200.580,25.840,51.345
149.187,201.911,25.961,51.224
145.051,209.824,25.997,50.965
143.416,212.225,26.273,50.729
141.678,214.905,26.321,50.678
140.157,216.468,26.149,50.886
136.569,216.765,26.024,50.696
136.468,217.170,26.195,50.218
136.830,214.690,26.100,49.771
136.697,214.462,26.348,49.385
136.689,214.706,26.513,48.848
136.710,215.205,26.816,48.142
136.823,216.086,27.202,47.356
137.298,217.331,27.432,46.648
137.929,219.067,27.543,46.014
138.923,220.304,27.453,45.644
139.733,221.982,27.248,45.322
140.634,222.832,26.987,45.074
142.236,222.753,26.517,44.875
143.307,222.934,26.277,44.464
144.553,223.564,26.124,44.049
145.154,223.192,25.665,44.035
145.532,223.134,25.564,43.718
146.253,223.320,25.329,43.522
147.120,223.030,24.911,43.491
147.574,222.910,24.806,43.221
148.347,222.757,24.651,43.035
148.646,223.158,24.587,42.851
148.938,222.873,24.553,42.773
149.731,223.568,24.370,42.826
149.932,223.913,24.421,42.787
150.701,224.594,24.337,42.899
150.780,224.748,24.044,43.309
151.030,224.319,23.763,43.824
150.992,224.309,23.441,44.356
150.536,224.401,23.143,44.936
149.688,224.291,22.805,45.497
149.321,224.436,22.807,45.747
148.551,223.992,22.679,46.157
147.732,223.153,22.690,46.328
147.817,222.656,22.790,46.337
147.981,223.423,22.875,46.274
148.477,224.051,22.831,46.208
148.980,224.888,22.748,46.218
149.317,225.207,22.699,46.097
149.814,224.953,22.737,46.008
152.693,225.177,22.658,45.865
152.649,225.548,22.575,45.835
152.715,225.796,22.478,45.656
152.806,225.392,22.467,45.498
153.152,225.469,22.373,45.401
153.584,225.368,22.377,45.146
154.020,225.811,22.332,45.042
154.865,225.769,22.139,44.979
155.749,225.696,22.097,44.950
156.763,226.085,22.142,44.736
157.609,225.703,22.108,44.736
157.690,225.251,21.903,44.943
158.624,225.058,21.688,44.969
159.733,224.952,21.548,44.906
160.437,225.000,21.445,44.848
161.018,229.253,21.424,44.589
162.013,224.892,21.367,44.725
162.402,225.592,21.384,44.819
162.209,229.414,21.409,44.627
162.819,229.895,21.529,44.389
163.206,230.436,21.568,44.054
163.285,230.919,21.634,43.674
163.547,235.216,21.826,43.193
163.294,234.487,21.829,43.115
163.529,234.546,21.824,42.931
164.108,234.794,21.756,42.825
163.979,235.855,21.832,42.587
163.676,236.354,21.892,42.486
163.473,236.381,21.848,42.358
163.715,237.069,21.836,42.228
163.533,237.404,21.756,42.216
163.301,237.141,21.680,42.194
163.371,236.475,21.632,42.152
163.570,236.625,21.740,41.978
162.819,240.237,21.716,41.993
159.692,239.771,21.544,42.188
160.492,238.541,21.420,42.440
161.093,237.204,21.297,42.557
161.220,236.685,21.540,42.398
162.256,235.999,21.580,42.229
165.665,235.581,21.560,42.353
165.882,235.085,21.665,42.423
166.062,231.165,21.771,42.389
166.312,231.451,21.803,42.353
166.800,231.662,21.827,42.180
167.291,232.023,21.808,42.136
171.056,232.706,21.956,41.955
170.888,233.058,21.994,41.976
171.091,232.659,21.941,41.962
171.132,236.247,21.972,41.844
170.978,235.980,21.987,41.666
171.027,231.912,21.941,41.661
171.693,232.475,21.887,41.661
174.340,233.042,23.010,40.478
173.707,233.443,23.931,39.474
173.834,232.838,23.600,39.938
174.136,232.287,23.303,40.351
174.179,231.602,23.125,40.694
170.764,234.537,22.942,40.783
171.617,233.423,22.574,41.181
172.495,233.736,22.334,41.349
173.446,233.875,22.202,41.441
174.508,234.457,22.107,41.377
175.533,234.807,22.065,41.239
176.531,235.269,21.940,40.924
177.882,236.121,21.734,40.688
182.151,236.683,21.623,40.466
185.957,237.100,21.725,40.333
186.364,237.090,21.619,40.217
186.901,237.249,21.402,40.244
190.774,236.880,21.310,40.340
191.261,236.448,21.244,40.500
192.089,236.926,21.254,40.460
192.962,237.148,21.339,40.287
196.604,237.101,21.542,40.187
197.198,237.894,21.619,39.956
197.864,238.292,21.652,39.718
200.911,236.070,23.348,37.814
200.357,237.192,24.529,36.546
200.863,238.986,23.973,36.919
201.610,239.238,23.228,37.342
202.806,238.952,22.702,37.379
203.981,238.438,22.094,37.664
205.229,237.256,21.458,37.902
209.566,237.308,21.120,37.874
210.736,236.969,20.732,37.874
215.311,237.053,20.458,37.715
219.198,237.017,20.425,37.341
220.056,237.229,20.252,36.911
224.327,240.207,20.012,36.475
227.939,241.001,19.961,36.036
228.409,241.383,19.879,35.922
232.295,244.762,19.856,35.625
235.477,245.178,19.775,35.483
239.560,248.291,19.603,35.285
240.557,248.754,19.328,35.184
247.728,248.549,19.227,34.931
252.181,248.342,19.149,34.785
259.659,247.891,19.089,34.712
263.947,246.815,19.047,34.685
271.440,243.218,18.871,34.620
279.185,246.092,18.877,34.354
286.198,243.026,18.760,34.338
286.402,246.838,19.103,33.925
275.376,256.138,20.525,32.303
275.343,257.528,21.801,31.130
275.767,258.330,22.416,30.631
275.915,258.437,22.880,30.358
269.809,254.488,22.339,30.950
266.967,258.197,22.593,30.822
267.882,261.464,22.901,30.607
264.932,258.075,22.371,31.163
264.986,257.817,21.764,31.796
265.229,257.105,21.102,32.486
273.163,258.477,20.701,32.818
270.733,262.040,21.293,32.099
264.530,257.222,20.496,32.997
261.881,259.271,19.865,33.632
258.725,257.998,19.578,33.892
252.376,259.171,19.331,34.204
241.162,262.278,20.886,32.735
233.369,265.656,21.902,31.448
229.328,265.149,22.439,30.805
228.781,259.788,21.562,31.574
225.507,260.642,20.993,32.059
223.321,258.612,20.120,32.973
221.073,259.732,19.560,33.306
218.772,260.752,19.169,33.493
215.179,260.122,18.817,33.773
214.859,266.241,19.618,32.907
217.464,265.388,19.361,33.098
207.412,268.102,19.193,32.908
198.215,263.812,18.785,32.979
194.850,260.664,18.457,33.241
187.142,281.128,20.580,31.036
179.637,284.809,21.871,29.466
175.516,285.262,22.721,28.522
171.547,285.492,23.317,27.853
162.429,280.639,22.006,29.239
159.103,279.175,20.972,30.416
156.138,281.662,20.601,30.740
156.053,281.775,21.126,30.101
152.113,281.518,22.142,29.098
150.481,278.088,22.370,28.486
147.002,273.791,21.176,29.585
144.497,271.620,19.309,31.760
142.079,270.976,17.970,33.495
138.950,270.485,17.332,34.400
134.971,270.606,17.106,34.721
128.343,269.294,16.674,35.370
124.439,269.687,16.305,35.852
117.238,269.763,16.340,35.862
110.689,270.871,16.558,35.660
107.159,272.644,16.559,35.523
101.274,274.894,15.967,36.533
97.865,273.654,15.706,36.859
94.314,275.351,15.480,37.127
100.323,271.533,15.714,36.783
92.942,268.146,15.806,36.956
85.857,271.511,15.983,36.933
81.434,271.244,15.987,36.940
74.893,270.724,15.646,37.460
67.905,270.338,15.380,38.036
71.759,269.603,14.987,38.538
68.783,274.133,14.915,38.439
67.606,279.592,15.367,37.557
65.245,281.600,15.172,37.428
64.284,283.180,15.437,36.793
60.508,284.476,15.695,36.236
57.089,285.774,15.947,35.729
53.061,285.274,16.329,34.872
46.486,283.451,17.476,33.095
42.382,284.546,18.301,31.849
35.542,285.335,19.167,30.444
29.424,287.391,18.827,30.394
25.412,288.517,18.220,30.766
19.609,289.408,17.298,31.744
13.051,289.303,16.726,32.296
3.291,287.112,16.903,32.411
0.861,287.378,16.431,33.117
-1.058,286.987,15.391,34.163
-0.908,286.886,15.104,34.360
-0.680,286.705,14.870,34.544
-0.284,286.181,14.686,34.733
0.079,285.393,14.581,34.834
0.533,284.498,14.567,34.847
1.307,283.675,14.560,34.854
2.022,283.440,14.550,34.861
2.587,282.840,14.538,34.868
3.110,282.639,14.530,34.871
3.102,281.980,14.524,34.872
2.893,281.689,14.520,34.870
0.137,281.441,14.465,34.912
0.754,283.079,14.367,35.002
1.317,281.759,14.260,35.097
1.390,280.448,14.174,35.155
1.348,279.440,14.017,35.208
1.257,277.849,13.776,35.242
1.137,272.632,13.526,35.338
1.090,273.346,13.395,35.645
2.233,271.888,13.369,35.846
4.703,272.289,13.945,35.316
10.118,273.112,14.330,34.626
15.638,273.413,14.689,34.114
17.857,273.888,15.038,33.509
18.062,271.291,15.285,32.982
21.841,268.849,14.761,33.392
24.442,271.458,14.354,33.881
27.346,270.524,14.118,34.037
27.427,271.141,14.519,33.690
26.669,262.441,16.055,31.776
20.117,265.336,17.552,30.328
19.936,265.335,17.812,30.061
22.390,264.874,17.785,30.061
25.201,268.463,18.124,29.792
27.825,268.872,18.734,29.235
25.219,266.124,19.387,28.637
25.405,271.266,19.081,29.015
22.003,263.161,18.800,29.314
28.812,259.992,18.200,29.959
35.125,260.235,18.075,30.012
35.105,250.884,18.935,29.006
31.426,250.409,19.177,28.610
31.935,249.896,19.181,28.605
32.725,248.609,19.178,28.608
32.667,248.338,19.177,28.609
32.594,249.521,19.177,28.608
32.784,250.259,19.178,28.607
32.058,250.718,19.179,28.607
31.232,250.740,19.180,28.606
30.920,250.622,19.181,28.605
30.969,250.688,19.181,28.605
30.988,250.312,19.181,28.605
31.072,249.495,19.181,28.605
31.047,248.558,19.181,28.605
30.946,246.895,19.181,28.605
30.983,245.862,19.181,28.606
31.088,244.899,19.180,28.606
31.182,244.109,19.180,28.606
31.002,244.319,19.181,28.605
30.580,244.522,19.181,28.605
30.035,244.715,19.182,28.605
29.072,244.905,19.182,28.604
2.852,236.526,20.046,27.388
2.959,236.877,20.962,26.483
2.895,237.363,21.870,25.733
1.897,238.074,22.817,25.066
2.480,237.820,23.286,24.859
5.536,237.644,23.583,24.663
6.335,237.942,23.825,24.383
7.646,238.294,23.975,24.202
8.983,239.446,23.878,24.092
9.509,240.684,24.047,23.835
10.178,240.690,24.196,23.610
16.150,237.830,24.279,23.438
18.097,237.575,24.206,23.340
0.248,246.023,22.339,24.684
-1.033,245.280,20.352,26.314
-0.845,244.701,18.750,27.451
-0.437,244.216,17.494,28.254
-0.776,243.571,16.626,28.887
-0.113,243.631,15.915,29.291
-0.102,243.174,15.577,29.275
0.671,243.325,15.381,29.076
0.948,243.733,15.268,28.908
0.689,249.944,15.125,28.869
-1.227,252.885,14.216,29.762
0.296,256.234,13.559,30.525
0.828,256.371,13.824,30.320
1.719,257.830,14.342,29.731
3.018,258.766,15.894,28.234
2.537,259.916,17.254,27.063
2.703,261.106,18.214,26.229
5.273,261.738,19.021,25.484
7.971,260.287,19.169,25.034
11.619,261.550,18.156,25.834
13.017,262.367,17.146,26.808
14.257,263.889,16.116,28.002
17.640,264.200,15.474,28.804
20.426,266.605,14.912,29.605
23.299,265.435,14.934,29.459
26.062,266.190,15.070,29.143
28.574,266.153,15.877,28.192
30.532,269.294,16.556,27.385
30.776,272.475,16.490,27.509
33.426,275.996,16.883,27.037
36.221,279.390,16.660,27.297
39.446,282.480,16.319,27.828
42.614,285.812,16.044,28.127
45.742,290.123,16.140,28.322
47.805,293.818,17.220,27.167
50.150,297.140,18.535,26.144
52.461,300.353,19.745,25.196
52.151,304.027,20.677,24.460
52.919,307.416,20.763,24.518
56.561,310.721,21.077,24.391
60.171,314.001,21.265,24.361
60.881,312.037,20.343,25.392
64.362,312.698,19.532,26.324
67.450,311.326,19.077,26.791
67.555,303.920,18.726,27.183
76.445,303.511,17.429,28.442
76.474,306.208,17.037,29.002
80.141,306.651,16.145,30.294
83.903,303.910,15.839,30.644
89.767,306.655,15.500,31.020
93.274,307.198,15.382,31.129
93.865,308.315,15.382,31.128
85.178,300.685,17.786,28.963
89.665,301.579,20.373,26.729
94.024,302.389,21.790,25.536
99.286,303.015,23.769,23.850
100.731,303.692,25.752,22.284
103.787,300.581,26.114,21.979
106.061,300.558,26.917,21.362
108.611,300.554,27.931,20.609
110.707,300.590,28.611,20.081
112.522,300.450,29.122,19.674
114.762,300.390,29.611,19.282
116.406,300.547,30.146,18.870
117.895,300.535,30.639,18.483
119.332,300.484,31.012,18.176
120.215,300.454,31.160,18.053
121.209,300.466,31.282,17.933
123.226,300.800,31.621,17.675
124.602,297.725,31.814,17.518
124.349,297.843,32.024,17.363
127.527,300.780,32.341,17.172
127.356,301.027,32.771,16.876
127.915,301.058,33.370,16.530
128.898,301.019,33.867,16.235
129.841,300.852,34.009,16.186
131.429,300.923,34.114,16.142
133.942,303.447,34.207,16.136
136.446,303.387,34.499,16.010
137.352,303.059,34.637,15.941
140.165,303.101,35.090,15.647
142.468,303.333,35.606,15.338
145.476,303.493,35.892,15.146
147.770,303.519,36.181,14.935
150.053,303.496,36.327,14.824
152.622,303.530,36.579,14.686
155.015,303.446,36.694,14.612
156.710,302.876,36.743,14.689
158.370,302.781,36.991,14.572
161.326,303.085,37.155,14.505
163.607,306.045,37.274,14.434
166.277,309.196,37.424,14.324
169.264,312.054,37.599,14.222
171.110,311.985,37.806,14.129
174.014,314.669,38.059,14.022
176.484,314.578,38.238,13.944
181.713,317.335,38.397,13.881
184.183,313.683,38.123,14.172
188.345,313.237,38.207,14.114
192.490,309.811,38.037,14.239
193.564,309.184,37.977,14.286
206.251,308.376,37.543,14.598
212.490,307.848,37.199,14.822
222.511,299.082,35.272,16.891
