262.000,94.000,16.000,26.000
262.205,93.004,15.637,26.701
261.749,92.308,15.391,27.130
261.124,91.144,15.081,27.614
260.506,90.160,14.861,27.895
259.304,88.635,14.851,28.108
257.310,87.720,14.996,28.155
255.420,85.533,14.858,28.607
254.333,84.208,14.914,28.833
253.487,82.318,14.936,29.222
252.329,80.158,15.192,29.411
251.337,78.709,15.338,29.608
249.421,76.574,15.165,30.189
248.620,75.188,15.459,30.357
246.056,73.266,15.464,30.803
245.269,72.857,15.728,30.674
243.933,72.004,16.039,30.694
242.515,70.682,16.327,30.855
240.818,69.314,16.449,31.148
239.620,67.749,16.568,31.360
237.052,65.496,16.702,31.735
235.553,64.828,17.185,31.641
232.174,62.789,17.423,31.903
231.320,61.362,17.786,32.046
230.526,59.516,17.974,32.356
229.754,57.877,18.069,32.731
230.249,55.162,18.099,33.212
229.567,54.313,18.371,33.276
229.258,52.727,18.479,33.470
228.106,51.460,18.707,33.604
226.943,50.286,19.020,33.767
225.574,49.334,19.255,34.082
224.278,48.658,19.468,34.527
222.977,47.965,19.838,34.935
221.658,47.514,20.000,35.316
218.707,47.134,20.076,35.577
218.589,47.056,20.158,35.470
216.390,43.114,20.133,35.871
215.271,43.284,20.395,35.761
211.915,38.974,20.565,36.143
210.592,38.736,20.624,36.313
209.280,38.828,20.727,36.441
208.484,38.721,20.866,36.486
207.715,38.856,20.936,36.410
207.554,39.131,20.907,36.268
207.667,39.471,20.840,35.884
207.949,39.493,20.757,35.452
208.908,39.888,20.587,35.040
209.434,39.827,20.466,34.594
211.749,41.069,21.600,33.318
211.864,41.994,22.204,32.433
212.082,42.854,22.662,31.612
212.529,43.606,23.072,30.873
213.116,43.846,23.402,30.186
213.944,43.343,23.723,29.537
214.576,42.627,23.819,29.055
217.921,43.111,24.213,28.447
218.488,39.967,24.023,28.366
219.161,39.928,24.025,28.137
220.904,39.617,23.968,27.958
224.439,40.135,23.987,27.780
225.583,41.030,23.744,28.142
228.767,43.790,22.729,29.710
235.976,44.663,23.346,29.637
239.350,52.667,23.910,29.569
248.959,68.378,24.625,29.150
269.914,68.756,25.199,28.743
279.547,65.275,25.451,29.094
285.045,63.583,25.122,29.560
288.352,66.890,24.376,30.381
296.018,73.201,23.537,31.417
303.388,74.069,21.759,33.391
318.451,69.311,20.065,35.149
314.418,68.667,20.045,35.168
315.127,67.310,20.034,35.181
314.268,67.207,20.052,35.159
314.945,67.434,20.068,35.144
315.030,68.272,20.072,35.140
307.299,71.035,19.790,35.508
307.374,70.577,19.789,35.509
307.875,71.364,19.789,35.509
308.904,71.762,19.790,35.509
310.002,72.080,19.790,35.508
310.615,72.453,19.790,35.508
310.972,72.766,19.790,35.508
311.295,73.062,19.790,35.508
311.487,73.375,19.791,35.508
311.890,73.668,19.791,35.507
311.782,74.024,19.791,35.507
311.971,74.292,19.791,35.507
312.121,74.537,19.792,35.507
312.256,74.793,19.792,35.506
312.366,75.009,19.792,35.506
312.427,75.235,19.793,35.506
312.559,75.472,19.793,35.505
312.671,75.716,19.793,35.505
312.857,75.969,19.794,35.505
312.907,76.297,19.794,35.505
312.958,76.624,19.794,35.504
313.029,76.933,19.794,35.504
313.280,77.263,19.795,35.504
313.540,77.595,19.795,35.504
314.063,77.952,19.795,35.503
314.488,78.203,19.795,35.503
314.882,78.447,19.795,35.503
315.149,78.703,19.796,35.503
315.034,78.993,19.796,35.503
314.896,79.263,19.796,35.502
314.813,79.549,19.796,35.502
314.902,79.807,19.797,35.502
314.777,79.961,19.797,35.502
314.676,80.199,19.797,35.501
314.555,80.399,19.798,35.501
314.480,80.626,19.798,35.501
314.412,80.852,19.798,35.501
314.266,81.120,19.799,35.500
314.121,81.387,19.799,35.500
313.589,81.722,19.799,35.500
313.170,82.074,19.800,35.499
312.845,82.410,19.800,35.499
312.524,82.745,19.801,35.498
312.229,83.077,19.801,35.498
311.882,83.391,19.801,35.498
311.539,83.705,19.802,35.497
311.875,83.888,19.802,35.497
312.164,84.069,19.803,35.496
312.468,84.246,19.803,35.496
312.769,84.425,19.803,35.496
313.008,84.615,19.804,35.495
313.313,84.808,19.804,35.495
313.592,85.023,19.805,35.495
313.862,85.244,19.805,35.494
314.025,85.470,19.806,35.494
314.258,85.684,19.806,35.493
314.635,85.942,19.806,35.493
314.948,86.206,19.807,35.493
315.255,86.480,19.807,35.492
315.487,86.780,19.808,35.492
315.646,87.074,19.808,35.491
315.754,87.332,19.809,35.491
315.887,87.595,19.809,35.490
316.047,87.852,19.810,35.490
