450.000,91.000,31.000,37.000
439.536,98.604,35.246,33.186
433.978,102.963,37.260,31.157
427.410,107.375,38.520,29.734
420.563,113.005,38.563,29.729
416.076,114.410,38.202,29.546
411.696,115.315,37.780,29.575
406.665,116.146,38.407,28.588
405.623,117.160,39.752,27.051
403.862,119.108,40.990,25.717
405.702,120.336,42.056,24.942
394.588,121.302,42.549,24.668
389.413,124.484,42.216,24.288
390.003,124.253,39.697,26.508
391.170,126.968,37.534,28.251
391.474,130.014,35.882,29.285
392.115,128.211,34.299,30.482
392.189,131.274,33.138,31.320
389.739,135.239,32.337,31.447
390.669,140.008,32.264,31.128
391.592,144.721,32.387,30.713
374.953,157.805,32.704,30.236
375.937,158.030,32.599,30.183
383.491,150.306,33.059,29.412
383.103,150.733,33.469,28.760
383.020,150.542,33.560,28.419
379.311,147.184,34.881,26.690
385.624,151.473,34.588,26.792
376.635,146.518,34.386,26.824
376.864,143.822,33.715,27.055
376.807,143.000,32.982,27.612
373.007,141.864,32.599,27.897
373.658,140.792,31.885,28.454
374.550,139.911,30.600,29.730
374.777,142.454,29.414,30.825
375.675,142.532,28.678,31.142
376.621,147.210,28.958,30.527
377.499,147.752,29.061,29.896
374.493,148.259,29.288,29.092
375.641,148.700,29.265,28.666
375.000,149.757,29.328,28.397
374.558,150.554,29.536,27.957
374.331,151.443,29.771,27.503
372.813,149.256,31.651,25.639
371.943,152.689,31.467,25.684
372.425,152.244,31.063,25.895
372.364,152.310,30.228,26.499
373.014,155.631,29.110,27.167
374.201,155.737,28.018,27.986
375.279,155.802,26.914,28.649
375.287,155.698,26.235,29.017
375.678,156.004,25.939,29.071
376.800,160.176,26.064,28.735
377.382,160.957,26.243,28.222
376.786,161.437,26.518,27.744
376.445,164.636,26.450,27.465
377.022,168.570,26.422,27.305
377.224,169.214,26.426,27.228
377.468,168.188,26.801,26.673
380.546,168.181,27.224,26.029
378.204,168.495,29.071,24.213
378.222,169.276,28.906,24.265
378.697,168.658,28.328,24.709
380.041,168.576,27.333,25.654
381.735,171.735,26.350,26.530
382.584,175.200,25.354,27.103
382.965,174.745,23.946,28.554
383.471,175.471,23.173,29.245
384.217,176.100,23.455,28.558
385.837,180.267,23.889,27.634
384.866,181.164,24.530,26.798
384.449,182.049,24.923,26.030
386.681,182.781,25.113,25.517
386.016,183.207,25.091,25.332
379.465,186.907,26.777,23.558
380.126,184.558,28.852,21.865
382.066,184.671,29.922,20.844
381.417,184.654,29.443,21.309
382.576,184.568,28.471,22.049
383.245,184.647,27.426,22.919
384.607,188.975,26.340,23.796
384.834,189.409,25.431,24.176
383.382,187.430,24.625,24.464
384.031,188.381,24.223,24.544
384.253,189.554,24.003,24.520
383.846,190.906,24.200,24.063
384.141,192.024,24.477,23.718
383.047,192.626,24.631,23.242
382.373,192.938,24.551,23.063
381.603,193.604,24.490,22.748
381.676,193.835,24.177,22.762
379.565,194.950,23.977,22.654
379.530,195.467,24.064,22.421
378.957,195.638,24.084,22.338
378.306,196.494,24.163,22.079
377.369,196.915,24.303,21.883
375.289,197.532,24.376,21.611
374.797,197.358,24.306,21.550
374.501,198.167,24.252,21.487
374.458,198.363,24.279,21.490
374.186,199.520,24.246,21.498
373.844,197.601,24.077,21.806
371.296,201.148,23.811,22.081
371.838,199.279,23.658,22.216
371.363,197.520,23.552,22.252
368.615,200.350,23.279,22.378
368.975,197.940,23.144,22.398
368.536,198.409,23.316,22.408
366.801,198.880,23.439,22.212
366.464,196.513,23.495,22.053
364.722,196.931,23.489,21.846
363.982,197.391,23.368,21.726
364.104,197.718,23.285,21.548
361.891,195.273,22.957,21.756
362.734,196.413,22.626,21.887
362.225,197.394,22.683,21.559
361.223,196.878,22.902,21.022
359.037,196.656,23.001,20.685
358.706,196.151,23.820,19.849
358.114,196.320,23.922,19.653
356.317,196.262,23.895,19.601
355.956,196.299,23.851,19.619
356.280,196.483,23.806,19.632
356.479,196.064,23.859,19.589
356.116,195.652,23.891,19.564
356.033,194.610,23.905,19.553
355.720,193.657,23.912,19.548
355.538,193.112,23.913,19.547
355.172,192.636,23.914,19.547
354.556,192.272,23.914,19.546
354.094,191.978,23.915,19.546
353.812,191.709,23.915,19.546
353.485,191.494,23.916,19.546
353.105,191.232,23.916,19.545
352.728,191.035,23.916,19.545
352.466,190.830,23.917,19.545
352.367,190.877,23.916,19.545
352.320,190.871,23.916,19.546
352.334,190.852,23.916,19.546
352.059,190.707,23.916,19.546
351.788,190.528,23.916,19.546
351.511,190.398,23.916,19.545
351.233,190.267,23.917,19.545
350.940,190.141,23.917,19.545
350.616,189.963,23.917,19.545
350.376,189.813,23.917,19.545
350.202,189.665,23.918,19.544
349.949,189.534,23.918,19.544
349.677,189.428,23.918,19.544
349.459,189.268,23.918,19.544
349.363,189.621,23.918,19.544
349.328,189.877,23.918,19.544
349.308,190.045,23.917,19.545
349.046,189.896,23.918,19.545
348.836,189.729,23.918,19.544
348.599,189.566,23.918,19.544
348.362,189.403,23.918,19.544
347.971,189.260,23.918,19.544
347.642,189.093,23.919,19.544
347.267,188.860,23.919,19.544
347.233,189.112,23.919,19.544
347.198,189.402,23.918,19.544
347.204,189.746,23.918,19.544
347.196,189.992,23.918,19.545
346.773,189.838,23.918,19.545
346.712,190.187,23.918,19.545
346.649,190.484,23.918,19.545
346.586,190.842,23.917,19.545
346.540,191.198,23.917,19.546
346.506,191.496,23.917,19.546
346.467,191.772,23.916,19.546
346.409,192.086,23.916,19.547
346.353,192.382,23.916,19.547
346.326,192.556,23.916,19.547
346.304,192.702,23.915,19.548
345.816,192.588,23.916,19.547
345.865,192.845,23.915,19.548
345.878,193.039,23.915,19.548
345.407,192.913,23.915,19.548
344.956,192.806,23.916,19.548
344.971,193.152,23.915,19.548
344.280,193.106,23.916,19.548
343.511,192.892,23.918,19.546
342.621,192.794,23.922,19.543
341.232,192.755,23.930,19.537
340.374,192.868,23.939,19.530
339.543,193.087,23.958,19.517
337.955,193.361,23.966,19.510
336.826,193.596,23.977,19.502
335.573,193.538,23.992,19.490
334.681,193.510,24.011,19.475
334.238,193.395,24.028,19.462
333.824,193.408,24.047,19.447
333.427,193.273,24.060,19.436
333.108,193.115,24.077,19.423
331.928,193.146,24.088,19.413
331.404,193.037,24.107,19.399
330.651,192.890,24.125,19.384
330.271,192.752,24.142,19.371
330.038,192.610,24.157,19.359
329.805,192.360,24.172,19.347
329.537,192.144,24.183,19.339
329.301,191.997,24.196,19.329
329.396,191.815,24.211,19.318
329.193,191.577,24.226,19.308
328.769,191.439,24.240,19.297
328.606,191.113,24.248,19.292
328.360,190.914,24.259,19.284
328.166,190.572,24.272,19.274
328.029,190.215,24.288,19.263
327.786,189.995,24.309,19.248
327.598,189.738,24.323,19.238
327.305,189.389,24.339,19.228
327.086,189.374,24.352,19.219
326.940,189.199,24.368,19.209
326.623,189.050,24.384,19.199
326.338,188.710,24.402,19.187
326.157,188.416,24.431,19.167
326.049,188.152,24.451,19.155
325.950,187.875,24.482,19.135
325.953,187.670,24.500,19.123
326.164,187.285,24.516,19.112
326.610,186.796,24.536,19.099
326.520,187.249,24.521,19.115
326.405,187.578,24.510,19.128
326.354,187.964,24.495,19.145
326.169,188.069,24.481,19.161
325.954,188.296,24.467,19.177
317.970,199.581,23.954,20.024
318.297,198.947,23.613,20.589
316.565,196.267,23.392,21.042
317.095,196.248,23.141,21.504
317.734,195.470,22.962,21.865
315.876,193.246,22.848,22.271
316.365,192.607,22.691,22.727
317.308,191.579,22.622,23.114
317.486,190.571,22.556,23.341
317.423,189.729,22.534,23.488
317.012,187.694,22.598,23.759
317.106,187.235,22.524,23.920
314.893,184.794,22.581,24.142
315.523,184.387,22.652,24.319
315.914,183.822,22.784,24.398
315.743,181.436,22.827,24.568
315.636,180.866,22.857,24.697
315.589,178.600,22.950,24.923
315.355,178.283,23.064,25.004
314.998,175.867,23.070,25.258
315.103,175.365,23.123,25.449
315.084,173.172,23.191,25.703
315.055,172.320,23.278,25.767
315.140,171.190,23.330,25.871
314.960,168.446,23.432,26.144
314.883,168.156,23.482,26.214
312.231,167.429,23.627,26.250
312.593,164.432,23.840,26.546
312.765,164.276,23.917,26.653
312.801,161.495,23.976,26.898
312.285,161.084,24.064,26.954
309.751,158.415,24.230,27.119
310.760,158.331,24.508,27.352
311.418,157.529,24.659,27.470
311.302,154.741,24.780,27.700
311.392,154.652,24.900,27.880
310.952,153.676,24.999,27.919
310.566,152.685,25.062,27.988
310.511,152.083,25.126,28.263
310.101,149.621,25.313,28.470
309.490,149.351,25.483,28.555
309.594,149.007,25.645,28.651
308.978,146.233,25.829,28.897
308.540,146.057,25.973,29.051
308.281,145.614,26.087,29.207
307.826,143.058,26.242,29.423
307.407,142.976,26.396,29.631
307.127,142.495,26.545,29.728
306.756,141.812,26.707,29.798
306.273,141.347,26.863,30.018
305.761,140.823,26.980,30.194
305.266,140.383,27.112,30.249
305.265,139.602,27.324,30.251
305.299,138.448,27.509,30.388
304.955,137.699,27.670,30.533
304.798,137.276,27.789,30.736
304.484,136.630,27.930,30.900
304.711,135.786,28.049,31.150
304.216,135.373,28.234,31.300
300.906,135.377,28.557,31.471
301.597,135.050,28.728,31.624
301.562,134.534,28.808,31.802
301.858,133.560,28.862,31.958
300.998,133.347,29.143,32.094
301.076,132.579,29.286,32.243
301.028,132.125,29.481,32.352
300.851,131.668,29.591,32.516
300.578,131.362,29.710,32.659
300.163,130.942,29.862,32.750
300.062,130.092,30.035,32.946
299.363,129.482,30.231,33.238
298.608,129.158,30.421,33.482
298.114,128.699,30.529,33.706
297.491,128.657,30.702,33.914
296.992,128.885,30.951,33.914
296.259,125.868,31.211,34.137
295.811,126.491,31.590,34.395
295.247,126.905,31.941,34.565
294.941,127.372,32.210,34.666
294.112,126.944,32.529,34.751
293.458,126.656,32.891,34.907
293.178,126.897,33.276,35.167
292.642,126.727,33.522,35.427
292.579,126.561,33.841,35.721
292.121,126.736,33.982,35.993
291.760,126.813,34.305,36.268
291.472,126.781,34.474,36.612
291.201,126.953,34.642,36.984
287.616,127.346,34.982,37.145
287.768,127.127,35.092,37.515
287.638,126.783,35.349,37.914
287.683,127.219,35.596,38.269
287.229,127.717,35.881,38.472
286.136,127.725,36.165,38.817
285.963,127.706,36.365,39.044
282.406,128.762,36.724,39.209
283.108,129.166,36.910,39.736
283.489,130.221,37.087,40.292
282.855,130.785,37.122,40.797
282.292,131.521,37.197,41.334
278.285,132.666,37.502,41.626
278.486,133.333,37.879,41.694
277.821,133.813,38.183,41.533
274.661,134.790,38.373,41.409
274.718,135.767,38.612,41.090
272.282,137.211,38.485,41.128
270.059,138.681,38.441,41.083
267.293,144.316,38.231,41.269
268.729,141.151,38.219,41.204
270.232,142.400,38.217,41.152
270.718,142.719,38.238,41.120
271.553,143.941,38.268,41.080
271.857,143.960,38.277,41.069
273.128,143.430,38.359,40.995
274.080,142.983,38.402,40.957
273.651,142.103,38.333,41.037
273.155,141.725,38.259,41.123
272.443,141.793,38.234,41.152
271.573,142.243,38.221,41.166
270.664,143.419,38.209,41.181
270.017,144.385,38.204,41.188
269.921,145.792,38.199,41.193
270.018,147.459,38.193,41.200
269.851,147.946,38.185,41.209
269.447,147.972,38.178,41.217
268.753,147.946,38.173,41.222
268.606,146.916,38.185,41.213
267.879,145.857,38.193,41.207
266.467,145.104,38.203,41.199
264.456,144.466,38.209,41.194
262.592,143.871,38.220,41.185
261.211,143.402,38.227,41.179
261.098,145.713,38.222,41.185
260.880,148.701,38.217,41.191
260.639,150.954,38.206,41.205
260.396,152.727,38.197,41.216
260.108,153.514,38.182,41.233
259.931,153.778,38.166,41.255
259.711,153.670,38.147,41.278
259.434,152.946,38.122,41.309
259.084,152.062,38.098,41.339
258.806,151.465,38.064,41.382
258.289,151.059,38.033,41.422
257.415,151.073,38.006,41.457
256.562,151.256,37.987,41.482
255.663,151.377,37.971,41.502
254.645,151.657,37.961,41.515
253.901,151.628,37.952,41.527
253.165,151.741,37.944,41.536
252.834,151.856,37.937,41.545
252.682,152.501,37.925,41.559
252.331,153.133,37.915,41.571
252.008,153.332,37.908,41.580
251.527,153.886,37.896,41.594
250.779,154.422,37.889,41.602
249.902,154.793,37.881,41.611
249.222,155.133,37.874,41.619
247.785,153.836,37.883,41.612
245.735,152.343,37.894,41.602
243.914,151.073,37.912,41.587
242.306,150.393,37.948,41.557
240.529,150.319,37.969,41.540
239.464,150.322,37.982,41.530
239.163,146.937,37.973,41.540
239.096,144.539,37.955,41.561
238.324,143.711,37.939,41.579
237.352,143.730,37.930,41.590
236.363,143.734,37.924,41.597
235.814,143.556,37.920,41.602
235.486,143.285,37.916,41.607
235.207,143.100,37.910,41.613
234.511,142.593,37.907,41.618
233.872,142.398,37.904,41.620
233.762,142.740,37.902,41.623
233.893,143.923,37.899,41.626
233.711,144.388,37.895,41.631
233.346,144.777,37.893,41.633
232.789,143.062,37.897,41.630
232.807,145.104,37.894,41.633
232.556,145.662,37.889,41.640
