228.000,236.000,80.000,64.000
230.449,231.883,81.121,63.649
235.164,235.067,82.199,63.035
236.152,242.971,82.008,62.987
234.445,250.722,82.398,62.965
228.828,255.136,83.921,62.508
226.704,245.438,83.968,62.498
225.118,237.853,84.545,61.913
224.573,228.559,85.130,61.709
226.991,239.957,84.106,63.096
225.062,255.740,83.599,64.114
224.448,262.848,83.739,64.194
224.485,253.954,83.905,64.086
229.844,226.684,82.869,64.949
233.146,218.237,83.519,64.755
236.301,230.303,83.794,64.989
243.825,242.510,88.220,61.510
250.226,232.789,86.421,62.996
250.584,215.410,86.805,63.132
232.082,216.786,92.153,59.527
202.432,219.673,96.341,57.292
177.402,232.839,97.797,56.770
195.893,243.067,99.519,55.526
226.122,251.985,100.686,54.302
229.618,259.025,102.932,53.252
209.061,259.717,104.474,52.791
181.115,255.857,104.866,52.948
163.591,251.288,104.913,53.283
154.709,248.414,104.496,53.609
174.523,248.596,104.390,53.658
196.730,243.954,103.710,53.823
196.240,229.599,102.861,54.646
184.868,228.332,103.229,54.246
188.779,229.730,102.828,54.688
200.623,230.830,102.877,54.743
211.717,226.648,102.403,54.829
203.394,224.383,103.107,54.568
196.845,226.230,101.890,55.277
202.929,238.703,97.075,60.736
210.028,264.004,94.721,63.672
216.079,269.106,95.699,62.270
201.838,270.453,98.862,59.831
186.010,269.029,101.662,57.867
174.047,273.458,102.640,57.377
177.294,277.736,102.312,58.088
191.575,285.321,104.157,56.852
202.624,284.197,104.053,56.597
215.138,287.189,103.643,56.891
204.240,284.321,103.150,56.861
211.569,267.520,103.517,56.906
224.225,251.508,104.449,56.344
240.702,247.856,105.218,55.820
256.157,251.918,103.763,57.156
247.159,263.428,104.090,56.474
224.322,262.397,105.974,55.628
201.372,252.399,106.691,55.090
189.735,245.782,106.597,55.263
200.667,244.085,106.036,55.347
211.166,247.364,105.200,56.529
219.281,256.204,106.228,56.119
227.932,248.991,106.569,56.263
227.787,232.070,106.436,56.355
221.063,228.792,106.087,57.190
229.857,228.085,106.717,56.587
246.891,226.825,108.403,55.367
266.731,223.912,110.296,54.795
273.351,224.796,108.387,56.113
269.459,239.342,107.112,57.596
254.252,253.401,108.126,56.974
237.709,250.958,107.551,57.148
254.428,238.424,107.301,57.054
263.350,231.784,107.414,56.886
264.394,228.380,108.081,56.441
267.139,213.593,106.839,57.549
253.339,198.358,108.856,57.141
234.282,185.642,109.902,56.571
205.733,183.078,110.246,56.295
195.180,180.328,109.902,56.435
197.725,177.543,111.152,55.853
208.404,171.765,111.031,56.435
212.566,165.638,111.412,56.243
221.549,173.242,109.405,57.753
222.112,186.977,107.678,59.340
211.585,200.889,106.684,59.916
211.121,205.211,105.872,60.340
198.992,206.669,107.820,59.194
177.318,203.782,108.894,58.266
173.492,188.705,108.680,58.569
185.386,174.182,111.161,57.208
205.228,174.292,112.307,57.802
229.489,206.870,111.763,59.352
240.253,232.820,105.927,64.777
236.601,247.296,107.020,63.674
223.635,245.146,107.102,62.988
216.540,229.845,107.930,62.072
211.540,215.139,108.673,60.875
220.017,212.907,107.508,60.460
223.693,215.252,107.920,59.965
232.585,213.433,108.132,59.311
232.608,207.264,108.860,58.700
217.891,204.243,111.021,57.457
207.865,206.872,109.661,59.061
210.981,219.981,110.498,59.467
237.076,231.431,115.392,56.026
270.484,224.669,115.247,56.125
266.759,219.679,115.256,56.143
244.820,218.344,116.680,56.341
217.168,227.653,117.311,56.759
201.451,224.725,115.147,58.200
203.091,209.132,112.879,59.597
201.871,203.714,113.044,59.320
211.619,201.797,111.101,60.413
208.979,212.673,111.502,60.744
234.500,224.743,117.052,57.110
272.946,226.054,117.732,57.447
280.279,222.020,116.154,58.569
256.675,212.102,117.174,58.169
204.515,201.918,122.309,55.241
145.988,200.763,125.385,53.622
114.547,193.868,121.947,56.380
128.286,190.733,120.561,57.008
151.230,190.351,118.887,57.873
155.218,185.532,115.996,59.479
165.024,185.670,115.347,59.604
181.823,182.707,116.742,58.324
195.621,180.119,115.086,59.311
204.473,192.465,113.191,60.185
213.677,201.501,111.411,60.369
218.103,202.883,110.515,60.496
219.794,198.548,110.530,59.784
229.937,196.027,109.710,59.698
221.320,205.181,108.893,59.826
226.599,206.930,109.342,59.475
244.152,209.626,110.605,59.074
262.785,220.628,110.730,60.339
276.431,242.897,105.794,64.938
278.065,258.731,102.586,68.691
274.491,272.999,100.428,71.317
277.530,278.786,100.012,72.358
274.319,273.986,98.688,72.564
276.732,266.022,98.080,72.022
275.173,256.644,97.045,72.712
273.504,226.870,96.544,72.999
278.872,195.403,96.431,72.963
275.866,192.007,96.908,72.979
264.713,221.077,96.278,74.168
254.452,262.096,95.560,75.052
252.110,288.476,94.984,75.938
249.020,287.936,94.628,76.029
237.946,258.396,95.877,75.292
225.557,253.385,97.640,73.319
219.049,254.837,97.670,74.192
218.942,246.456,96.350,74.369
218.115,235.871,95.809,73.464
220.112,227.679,95.904,72.878
231.856,227.376,96.100,72.507
235.863,219.168,93.991,73.307
233.367,194.588,93.276,74.116
225.011,166.242,93.784,73.823
224.839,161.571,93.461,73.294
231.198,174.051,95.303,72.154
243.043,178.904,95.575,72.251
244.496,183.115,96.791,71.743
227.725,185.816,101.339,68.132
205.820,195.936,105.368,64.635
179.283,185.462,106.284,63.382
178.339,181.629,106.938,62.446
196.922,166.491,108.333,61.195
209.784,144.752,104.037,64.420
202.567,129.680,105.223,62.954
200.248,126.181,104.906,63.093
206.490,139.102,104.018,64.072
207.995,149.820,104.703,62.831
222.792,148.438,105.705,62.034
227.946,146.898,105.670,61.346
226.695,149.367,105.076,62.285
232.370,165.120,101.395,66.099
225.572,192.198,99.599,68.374
212.134,207.750,98.223,70.061
206.640,210.372,96.866,70.725
206.283,191.982,95.429,71.453
195.888,155.365,94.243,72.458
182.688,116.958,94.219,72.918
183.121,109.512,94.155,72.366
193.598,118.379,94.804,72.127
207.787,141.918,94.944,72.066
226.001,155.263,99.589,68.351
244.697,156.895,97.669,69.042
240.847,151.626,97.165,69.334
238.675,143.541,96.186,70.095
247.507,149.093,94.408,70.660
245.998,154.229,94.531,71.143
234.220,160.143,95.014,70.304
232.471,166.026,94.309,71.760
231.034,181.183,94.691,71.217
235.637,179.930,93.544,70.774
243.570,177.873,92.966,70.295
248.412,171.475,90.946,70.609
246.658,164.311,90.433,70.457
243.932,165.831,90.289,71.603
236.549,209.890,88.913,73.171
247.265,248.106,90.311,73.387
255.486,265.462,92.131,72.224
263.284,270.756,91.365,72.211
254.944,256.820,92.519,71.892
240.961,249.792,93.274,71.083
245.820,248.263,92.129,71.223
260.628,264.915,92.653,70.741
267.612,268.575,91.773,70.438
262.644,258.977,91.771,70.166
251.977,251.838,92.897,68.712
242.651,243.080,93.549,68.498
251.062,233.689,92.046,68.478
264.781,215.620,91.361,68.394
266.608,195.933,91.232,68.344
258.626,188.033,91.654,68.567
260.256,201.471,90.844,70.034
264.320,219.106,90.631,70.687
259.638,224.847,91.871,70.478
245.777,216.532,93.070,69.545
228.834,209.858,94.190,68.929
222.648,218.152,93.167,70.576
229.119,251.570,91.962,71.997
238.913,266.399,92.979,71.056
243.964,248.625,91.483,71.818
230.357,220.425,93.819,70.661
221.973,212.800,94.249,69.657
249.387,216.231,98.337,66.243
278.708,225.351,101.313,63.203
289.420,210.281,101.199,62.778
266.664,188.158,104.330,60.517
225.125,178.242,106.673,59.003
187.605,188.640,107.890,58.798
165.661,189.533,105.946,60.270
171.184,184.426,104.349,60.907
175.958,169.963,103.639,60.613
191.351,168.300,105.741,58.902
223.124,166.580,107.679,57.579
251.019,162.019,107.634,57.051
249.236,159.293,105.711,57.849
230.611,162.073,106.250,57.325
206.639,163.372,106.461,57.442
186.375,174.184,105.651,58.654
181.836,186.234,103.835,60.562
176.898,200.717,101.125,64.050
149.694,211.181,102.785,62.060
131.680,196.971,103.678,61.519
136.826,176.723,100.580,63.314
162.747,178.585,103.803,61.669
188.352,201.405,100.945,65.314
196.976,225.197,97.121,68.240
190.476,235.094,95.693,69.338
181.470,225.531,95.458,69.248
168.958,217.562,94.586,70.197
175.133,219.427,93.452,70.066
186.302,222.460,93.746,69.892
220.878,224.690,98.493,66.081
261.917,216.757,101.802,63.461
291.225,202.401,102.013,62.074
282.385,202.143,102.095,61.918
261.036,222.841,103.526,61.585
248.837,226.457,100.734,64.441
243.931,217.222,97.657,66.783
230.011,198.716,98.482,67.245
205.193,185.671,100.970,64.546
179.905,184.247,102.438,63.468
185.313,197.923,99.686,67.024
216.578,232.216,103.195,65.602
245.017,246.692,100.191,68.026
233.144,243.837,102.116,66.074
211.815,231.275,104.510,64.092
189.137,215.185,101.151,67.366
202.422,220.280,100.762,68.456
230.911,245.052,105.237,65.514
270.455,255.250,105.255,63.957
272.768,240.958,104.855,63.704
253.692,227.720,106.153,62.213
230.353,214.725,107.211,61.304
222.823,201.349,106.457,61.013
251.915,210.394,108.255,59.403
275.868,217.190,102.965,63.239
256.195,215.585,105.644,61.378
231.577,200.776,104.971,61.077
233.008,189.064,104.348,60.395
252.836,187.861,104.927,59.239
270.695,185.871,103.925,58.860
260.830,183.391,104.013,58.262
238.582,171.580,103.642,57.981
242.893,171.051,101.917,59.193
249.400,181.664,100.469,59.912
259.073,179.012,96.113,62.905
270.622,169.989,94.630,63.421
283.320,169.153,95.934,62.081
295.582,189.123,93.703,64.490
301.619,205.055,91.823,66.538
292.242,206.823,91.204,67.342
290.367,198.925,90.124,68.058
273.550,198.825,95.351,63.801
225.349,199.266,100.560,60.626
181.976,210.831,100.893,60.646
195.897,211.826,102.477,59.553
220.851,198.137,104.537,57.975
236.234,186.403,99.792,61.201
230.152,184.630,100.224,60.228
219.228,188.102,100.129,61.201
224.356,201.363,101.107,61.361
254.898,214.379,103.174,60.076
283.038,202.545,102.827,59.907
299.081,182.415,99.008,62.400
299.105,169.418,100.530,60.801
276.180,176.916,102.115,60.468
274.682,199.068,99.394,63.984
293.211,222.679,101.980,62.407
320.107,212.716,102.991,61.369
329.625,191.168,100.381,63.563
319.586,182.657,101.653,61.544
297.020,194.870,103.116,60.621
284.577,198.615,102.623,61.131
288.692,201.102,98.718,64.133
286.875,198.304,99.134,62.762
279.975,195.627,99.966,61.490
277.600,191.403,100.316,60.522
276.292,187.804,100.345,60.230
269.511,186.843,100.272,59.568
260.468,188.777,100.413,58.922
256.548,190.495,100.233,58.714
261.053,193.278,99.333,59.240
256.433,195.660,99.440,59.373
256.592,198.228,100.173,58.901
271.259,210.324,103.260,57.914
287.234,220.798,102.612,58.682
277.881,229.507,103.278,58.451
262.519,226.074,104.848,58.408
253.214,219.714,105.060,58.319
260.411,216.808,105.121,58.431
276.871,218.387,106.320,58.059
270.858,227.206,108.024,57.298
225.281,227.453,112.242,54.574
207.922,220.314,111.123,55.933
220.264,205.209,110.093,56.937
231.594,199.323,104.366,61.629
236.251,199.344,104.259,61.376
242.287,198.808,103.620,61.250
237.216,201.113,104.566,61.114
228.147,203.581,105.353,61.057
246.191,204.355,106.000,60.555
244.340,204.933,106.422,60.781
231.279,203.519,107.076,60.930
236.066,199.590,107.899,60.204
243.653,187.627,107.660,59.887
236.840,183.122,108.799,59.852
231.259,179.683,108.436,60.601
240.921,181.612,109.391,60.993
246.688,192.565,108.580,61.271
236.643,194.324,110.377,60.887
219.419,189.917,112.215,60.676
207.773,173.769,111.605,61.120
