400.000,48.000,87.000,319.000
390.323,49.848,90.978,314.024
377.172,55.602,93.547,309.625
342.890,67.251,95.191,306.443
307.203,73.905,96.495,304.266
257.007,78.254,96.417,304.091
225.718,80.067,96.990,302.054
195.573,92.004,97.533,300.336
180.139,94.403,98.261,300.152
169.911,110.792,98.393,301.676
170.859,122.309,98.222,302.210
176.896,123.034,96.848,305.829
187.275,134.276,97.046,307.479
215.011,130.334,96.630,309.674
246.953,122.036,97.012,312.259
278.667,110.469,97.419,315.597
304.663,103.849,97.447,318.459
314.931,102.216,98.785,320.253
342.330,91.542,98.818,323.518
368.286,93.231,99.229,325.597
377.961,90.525,100.493,328.413
386.445,87.062,101.489,331.893
394.191,83.247,101.940,337.241
396.762,72.894,103.016,341.474
393.898,71.733,104.284,341.835
390.524,71.478,104.999,343.764
388.698,62.782,105.726,346.752
389.494,65.214,106.582,350.739
386.347,80.348,108.470,352.446
380.900,85.145,109.340,357.010
376.387,95.888,110.597,360.371
371.553,109.223,112.562,360.149
358.649,93.935,113.356,360.596
351.904,85.545,114.283,363.279
361.560,92.922,115.707,363.390
396.298,98.547,115.774,365.530
426.318,103.582,116.073,366.836
487.785,115.355,118.866,365.915
518.843,115.814,120.241,371.651
512.310,118.667,122.482,376.210
487.031,120.654,125.481,377.203
456.240,98.625,125.841,377.511
422.663,99.245,125.886,380.246
398.716,78.250,126.061,383.668
392.552,82.515,127.931,383.680
383.405,96.678,129.064,384.729
355.172,106.449,129.976,384.202
355.079,106.513,130.091,383.435
355.413,106.413,129.945,383.474
362.076,104.214,130.022,383.738
390.111,105.162,129.339,384.389
422.334,109.978,130.705,382.082
454.624,106.400,131.557,384.542
458.074,104.565,132.799,386.612
460.385,100.968,132.774,392.844
459.360,75.529,133.800,396.170
455.052,59.157,134.454,402.169
424.388,17.015,135.761,400.856
388.901,6.309,136.104,400.672
373.748,-13.998,136.778,401.377
364.863,-0.266,136.028,403.194
361.696,21.084,135.616,401.714
332.819,24.734,138.843,394.422
328.647,36.987,137.643,394.343
321.852,38.498,137.064,392.876
317.795,37.754,135.978,390.734
284.050,34.712,138.226,384.560
249.370,28.369,136.166,384.496
221.258,24.658,133.693,382.460
227.995,24.371,132.635,381.477
263.474,13.877,130.675,382.978
269.626,-4.651,130.741,378.066
267.872,3.822,130.085,373.807
263.310,17.350,129.804,368.835
275.386,28.939,128.176,367.060
280.202,34.552,126.813,365.219
272.997,45.567,126.617,362.784
247.313,46.076,126.254,359.300
249.541,39.482,125.354,357.262
256.886,48.283,125.522,351.639
261.082,51.965,125.844,346.780
258.889,43.626,125.973,345.526
254.786,39.713,125.064,348.246
252.288,37.733,126.370,344.461
227.695,39.751,125.156,343.173
216.821,44.464,130.598,335.162
213.756,43.178,129.609,335.872
213.732,39.194,127.902,336.867
203.779,37.122,128.634,334.835
203.033,48.447,126.057,335.909
233.787,68.129,128.918,327.631
266.402,83.676,130.186,320.797
271.107,83.368,129.293,317.406
264.217,99.614,133.479,309.568
231.110,100.370,135.157,306.144
200.093,103.097,133.259,307.506
194.784,119.298,127.817,314.441
193.772,125.622,124.779,318.703
218.392,126.070,126.184,313.766
251.984,129.100,125.587,311.543
280.121,121.074,124.696,309.939
301.135,111.610,126.871,305.145
309.636,91.187,121.413,310.027
308.036,70.873,117.104,315.823
283.668,33.170,119.279,309.232
252.152,22.637,122.597,302.150
201.326,12.616,124.066,296.284
153.057,7.322,119.344,298.927
144.615,24.240,119.695,296.819
173.688,57.065,120.678,293.573
222.111,48.912,121.153,289.805
231.856,49.184,116.119,294.397
240.126,65.523,112.237,296.336
246.358,59.883,109.068,298.792
255.233,58.289,106.512,299.329
235.642,73.978,105.366,297.547
217.124,73.795,103.282,299.215
219.937,66.586,102.086,298.462
273.418,102.110,105.321,291.982
308.101,93.117,102.954,295.504
306.116,81.449,101.686,296.899
309.341,84.166,100.278,299.802
329.046,79.077,100.034,299.943
327.962,82.542,99.746,299.410
299.752,103.305,100.485,296.081
275.848,84.586,100.872,297.534
298.880,105.599,101.208,295.021
326.700,99.423,101.892,295.834
321.792,97.860,100.898,296.650
300.923,95.825,100.621,298.069
294.489,97.035,100.313,298.573
271.731,120.863,100.125,297.268
241.896,123.457,99.947,295.711
209.403,123.456,99.541,296.293
183.432,130.829,99.355,297.128
169.967,128.456,99.140,298.271
171.739,129.849,98.761,299.299
197.348,131.163,98.793,296.701
228.492,124.056,99.257,292.930
258.090,125.128,98.963,291.528
286.860,122.994,98.596,288.961
315.885,119.369,99.365,286.170
326.146,105.477,99.661,285.321
318.579,91.230,98.421,285.587
288.235,90.586,98.335,283.437
240.254,79.865,98.735,280.803
192.777,80.985,98.462,279.344
161.372,85.010,97.320,279.212
147.110,81.460,96.427,281.612
149.058,84.815,94.989,283.762
171.400,86.564,94.910,282.842
192.888,92.248,94.276,283.127
215.074,100.151,94.145,280.913
238.244,104.049,93.964,278.931
245.987,105.204,93.662,278.019
248.466,99.237,93.724,277.004
245.058,104.609,93.314,276.293
245.935,103.498,92.622,277.321
268.253,118.015,93.777,273.942
299.287,115.173,95.288,269.864
327.335,103.238,96.215,266.830
334.312,102.019,96.400,264.152
341.245,95.984,96.103,262.784
340.324,86.354,95.515,262.280
317.699,85.810,94.771,262.293
289.488,92.224,97.205,258.701
244.637,91.135,96.385,259.255
216.094,89.241,95.382,260.878
208.617,85.973,95.035,262.235
214.525,95.904,93.970,264.402
215.939,103.669,93.032,267.963
214.046,107.730,92.585,270.945
215.596,110.381,92.158,274.187
213.053,112.803,92.286,274.760
189.403,116.265,92.445,273.282
160.213,108.570,93.519,272.399
156.006,102.669,93.905,272.992
161.903,106.073,94.160,272.792
204.140,123.972,94.469,271.173
225.592,112.019,94.867,269.489
232.668,103.024,95.901,268.788
238.235,106.645,95.574,268.716
258.224,114.088,94.954,268.565
263.270,103.379,94.919,268.821
258.459,115.895,95.087,266.746
229.641,116.141,95.318,266.119
220.491,124.389,95.383,266.301
218.450,132.218,94.716,267.384
260.822,147.597,96.697,262.962
288.411,142.944,95.195,261.899
297.033,141.731,93.963,262.127
314.484,133.533,93.676,262.104
320.911,128.211,92.364,262.046
316.598,120.538,94.350,257.468
269.267,108.100,95.977,254.249
206.129,105.880,93.815,255.115
187.111,107.605,91.439,256.715
179.988,121.047,90.510,259.037
195.712,126.621,89.830,260.016
237.824,144.244,89.778,258.340
276.932,141.948,88.624,257.582
286.626,139.737,87.700,259.070
310.369,143.471,87.108,257.875
338.934,146.200,86.574,256.866
349.032,149.074,85.767,257.408
344.629,151.805,84.860,258.739
325.236,151.912,84.236,258.101
301.375,151.262,83.742,257.217
274.763,145.508,83.946,256.717
249.023,135.264,84.351,256.290
247.388,128.677,83.733,257.155
290.059,124.253,83.912,255.650
333.859,114.591,83.979,254.971
370.833,116.482,84.419,254.629
409.536,123.411,85.325,253.660
447.744,127.285,86.031,252.045
469.526,121.404,84.819,252.930
475.274,116.405,83.923,254.311
472.489,115.417,83.180,254.608
451.632,111.003,82.955,253.784
426.907,113.186,83.889,252.199
382.710,113.992,84.679,250.505
336.810,118.996,85.719,249.228
290.085,118.750,86.373,248.854
263.722,124.034,86.776,249.294
240.776,126.727,86.885,251.597
235.517,129.964,87.192,254.054
257.644,140.329,86.603,256.068
284.657,141.141,86.346,258.371
308.475,133.118,86.097,260.215
306.269,125.348,85.354,262.941
285.437,125.545,85.234,264.273
259.987,109.447,86.160,263.559
218.480,115.972,87.340,261.949
172.184,124.047,88.509,259.339
121.105,113.013,89.036,260.729
92.670,100.691,88.538,264.882
87.795,103.305,88.068,266.992
94.773,108.454,87.899,269.094
136.526,108.585,86.905,271.163
160.257,103.071,85.912,273.800
186.034,104.612,85.671,274.517
226.582,102.627,86.146,275.762
251.422,101.306,86.014,277.191
270.793,92.688,86.329,279.293
277.210,92.476,86.291,281.786
283.472,91.483,86.592,284.406
278.952,83.076,88.013,284.586
252.172,76.038,89.545,284.469
222.014,73.194,90.692,284.814
195.535,69.513,91.496,285.672
165.390,72.958,92.585,285.652
144.921,72.770,91.500,288.474
148.412,85.197,91.270,289.299
190.943,85.809,92.216,289.948
217.879,90.231,92.109,290.307
243.980,101.893,91.927,290.477
265.789,111.098,91.764,291.369
267.647,110.363,91.248,293.079
271.724,106.021,90.393,294.579
268.285,106.945,91.439,294.893
239.624,105.604,92.123,295.207
220.223,99.599,91.910,296.586
236.897,101.106,93.031,296.397
261.720,92.106,93.216,297.462
267.065,85.126,93.388,297.472
245.862,86.250,93.598,298.061
226.444,93.883,94.347,297.701
227.354,90.026,94.754,298.937
224.885,90.439,94.998,301.756
178.899,114.256,95.630,301.058
128.289,110.654,96.161,301.642
104.720,105.184,95.932,303.451
98.700,106.194,97.649,304.108
72.754,106.686,98.406,304.070
76.101,105.107,98.558,305.526
103.213,103.711,98.408,307.499
132.427,102.659,98.593,307.328
163.218,99.218,98.664,306.588
184.470,94.739,98.496,309.337
191.066,81.744,98.511,309.765
198.045,72.955,97.891,310.774
191.489,76.381,99.035,309.466
159.395,81.573,100.300,308.190
128.554,66.305,100.090,309.785
129.476,63.456,99.610,312.303
151.459,64.662,100.739,312.231
182.722,92.450,100.316,313.698
230.446,92.248,100.489,313.982
234.798,83.653,99.029,316.258
237.766,82.011,98.968,316.054
269.349,75.754,99.168,316.614
273.790,72.787,98.980,317.817
249.972,79.821,99.298,317.556
251.677,116.262,98.692,320.798
301.455,128.220,99.486,320.016
321.857,117.230,99.864,318.639
322.107,117.630,98.559,319.542
329.637,113.697,97.987,319.849
332.834,105.567,97.625,321.529
303.329,106.253,99.457,318.968
226.961,105.324,99.755,318.478
171.369,103.841,101.320,315.417
147.520,104.883,101.695,316.115
124.832,109.097,101.844,318.968
99.364,118.173,102.753,321.594
95.109,124.948,104.351,323.768
92.195,126.318,105.476,326.654
117.504,132.052,106.636,330.166
166.506,128.023,107.316,331.653
189.016,117.205,108.447,333.265
215.424,105.242,108.141,336.781
239.133,93.296,108.648,338.995
247.981,99.626,108.613,339.827
245.918,86.035,107.076,343.515
232.679,53.811,108.304,344.275
202.340,57.999,108.055,347.234
174.754,51.109,107.284,350.326
167.032,54.665,107.434,348.243
173.475,60.035,106.355,351.238
202.536,59.963,105.880,354.369
232.981,65.331,106.389,354.340
259.321,62.115,105.975,354.681
282.231,66.748,106.699,349.840
286.683,73.217,107.462,346.999
286.479,76.862,107.834,343.780
289.863,71.009,108.078,343.203
289.849,60.685,108.382,338.932
287.475,65.966,109.058,333.957
290.627,57.375,108.931,333.972
322.704,45.790,109.053,333.901
329.742,46.965,110.541,329.749
327.420,50.468,110.737,324.473
322.591,53.574,111.660,316.679
