246.000,226.000,94.000,114.000
240.932,239.568,94.887,114.726
246.374,232.572,95.062,115.576
242.312,243.202,95.984,116.028
247.072,234.305,96.409,116.707
248.086,246.513,97.657,116.604
248.713,239.033,98.619,116.131
250.848,243.712,99.170,116.569
246.027,244.107,99.461,116.202
251.200,242.927,100.515,115.806
249.429,243.209,100.543,115.922
253.924,243.008,101.194,115.919
254.561,239.259,101.198,116.206
260.817,239.044,102.045,116.212
260.018,238.977,101.688,116.201
268.065,235.704,102.156,116.437
260.435,236.560,102.049,117.108
266.043,228.429,103.014,117.325
274.786,226.177,103.874,117.346
278.921,230.155,103.513,118.428
264.356,225.301,102.964,118.870
265.587,217.806,102.886,118.889
266.867,206.891,103.611,118.490
278.874,204.601,104.977,118.357
289.483,193.656,104.909,119.425
316.237,192.647,107.289,118.496
316.252,204.273,107.045,119.855
310.422,204.471,106.105,120.916
300.591,206.680,105.395,122.256
286.262,213.758,105.519,123.345
267.459,214.417,105.048,124.821
247.783,209.114,104.902,124.362
254.624,202.411,105.135,125.169
274.489,198.245,106.440,124.354
290.882,195.541,107.903,123.662
314.769,193.998,109.239,123.147
332.549,201.788,110.065,123.633
328.721,208.078,108.989,124.582
314.163,219.517,108.207,126.708
290.004,221.664,107.391,128.876
259.396,231.694,106.701,130.571
237.000,218.702,107.867,129.382
225.942,202.607,108.428,127.990
254.208,192.254,110.513,126.347
281.622,189.708,111.279,126.030
297.454,192.223,112.018,126.043
321.754,195.076,113.258,125.413
316.641,204.800,110.796,127.635
295.122,209.510,110.579,129.232
274.868,208.752,109.671,130.304
262.723,201.377,109.435,129.313
269.290,192.846,110.025,128.886
289.974,190.165,111.263,128.018
315.663,193.340,112.966,127.123
322.138,201.047,112.771,128.396
320.000,201.943,111.899,128.563
299.763,201.567,111.114,129.929
265.196,202.584,110.625,131.195
229.293,192.762,111.439,130.814
204.042,184.657,111.114,131.555
208.854,170.001,111.726,130.595
237.149,155.211,113.151,129.641
258.884,152.236,113.956,129.059
272.221,158.751,113.655,130.804
282.303,170.025,114.189,132.885
276.690,187.287,114.095,134.580
263.838,202.992,114.576,135.339
253.985,219.141,114.151,137.982
248.256,208.581,113.680,136.125
250.211,183.463,111.330,136.554
260.529,188.248,112.439,135.546
276.985,193.144,112.929,135.665
268.542,209.303,112.402,138.073
253.984,225.535,113.211,137.630
241.425,239.728,114.652,138.218
232.169,245.756,113.758,138.623
223.819,212.230,114.848,135.618
240.610,175.691,116.213,132.954
251.512,155.246,118.052,129.548
277.426,158.654,118.757,130.644
282.841,174.496,118.312,131.548
272.688,220.317,116.560,134.460
256.266,250.162,116.421,136.012
232.489,259.298,115.640,138.425
209.021,241.708,116.300,135.557
212.149,204.323,116.665,133.607
233.009,183.023,118.099,131.682
255.326,186.814,118.873,132.645
278.518,215.447,118.827,134.653
284.971,248.072,117.874,137.520
269.168,263.213,118.155,138.351
247.111,272.461,117.599,139.797
218.005,255.558,118.948,136.482
223.155,214.680,119.457,135.169
253.892,204.482,119.575,134.149
293.798,209.046,119.663,134.843
317.949,214.786,120.941,134.896
330.796,226.237,120.925,136.974
321.005,240.392,120.257,139.185
287.895,241.023,119.599,139.766
247.579,239.757,118.758,140.326
209.269,232.333,118.408,139.875
166.329,224.694,118.993,139.231
146.024,213.700,118.164,138.719
184.795,197.256,118.240,138.400
225.639,177.039,118.410,137.655
256.255,167.033,118.662,137.572
289.784,151.433,120.279,136.184
290.227,148.475,118.825,135.797
268.904,143.386,117.657,135.942
250.615,141.862,116.719,136.594
234.931,139.268,115.631,137.028
252.319,136.297,116.275,135.552
273.002,141.488,116.821,134.932
305.206,149.955,117.673,135.695
325.399,159.753,119.511,135.648
331.075,174.905,119.377,137.990
310.404,175.211,118.558,138.633
269.072,172.032,118.565,138.706
216.258,168.713,118.290,138.367
173.147,160.457,119.358,137.600
150.705,155.017,117.294,138.695
182.892,162.672,117.218,138.159
227.782,163.996,119.527,136.307
267.991,167.350,121.759,136.440
305.994,175.112,122.967,137.287
336.441,181.565,123.921,137.868
311.853,182.045,121.978,139.549
285.054,176.661,121.164,139.484
246.105,167.142,121.830,137.638
207.653,137.698,120.933,137.221
218.041,115.899,121.356,135.831
246.078,115.604,121.926,135.594
252.756,126.548,121.435,138.957
269.001,153.025,121.937,139.999
275.433,184.413,121.346,142.790
257.922,200.692,121.622,142.300
237.213,210.049,120.958,143.440
220.136,215.067,119.445,143.185
215.090,194.510,120.004,140.104
238.318,170.453,120.992,138.579
267.432,161.074,121.939,136.571
271.513,171.856,120.421,139.365
277.608,186.823,120.139,141.581
273.901,219.805,119.457,142.208
266.725,253.834,119.766,143.249
268.685,268.497,119.713,144.153
269.901,264.980,118.355,143.039
278.050,228.390,119.015,139.899
284.536,175.960,119.970,135.643
281.816,136.433,120.585,131.992
273.480,124.715,119.282,131.266
266.149,139.218,117.662,133.406
268.797,203.171,117.374,133.973
283.946,263.671,117.484,134.673
292.549,290.895,118.983,134.089
306.804,296.759,117.181,136.811
306.550,262.288,117.608,133.864
296.471,198.058,118.111,131.588
289.334,160.915,118.192,129.232
286.826,145.736,117.297,128.794
280.060,173.145,115.442,132.681
280.050,219.209,115.792,132.005
298.295,263.414,116.914,131.898
302.561,274.007,118.377,132.220
298.707,275.173,115.781,133.529
296.087,240.828,116.635,130.060
295.698,189.598,117.292,126.971
287.446,166.457,117.253,126.021
285.568,179.044,114.903,129.846
281.334,206.698,114.150,132.449
276.645,238.047,115.090,130.660
271.579,264.507,117.475,128.740
265.449,277.432,116.986,130.585
278.869,278.317,116.120,132.242
265.328,258.570,116.721,130.327
258.313,244.850,116.268,128.657
268.826,250.284,115.964,129.890
245.343,254.985,114.213,132.490
220.159,269.148,113.713,134.266
199.842,278.258,112.598,135.939
181.742,288.973,112.192,137.219
187.302,300.237,112.829,136.973
215.688,288.456,115.587,134.629
247.076,279.803,118.047,133.156
277.107,280.025,119.102,133.736
308.520,272.083,120.418,132.393
317.286,276.749,119.153,133.255
301.463,267.211,118.016,132.961
280.127,258.464,117.393,133.069
244.617,247.653,117.316,132.275
206.826,236.793,116.803,132.451
180.789,233.456,115.423,133.929
168.622,227.459,114.668,133.273
195.275,221.370,116.824,132.244
225.987,214.271,119.080,130.986
268.099,209.217,119.300,131.457
312.511,196.903,119.920,131.226
342.614,194.609,120.695,131.366
341.191,197.480,119.209,132.200
328.402,192.929,118.026,132.286
302.491,186.235,117.027,133.102
260.431,182.525,116.682,133.712
220.926,173.771,116.573,133.683
207.162,155.091,116.560,132.401
234.171,139.131,119.187,130.314
273.033,144.275,119.930,130.740
302.393,149.800,121.091,130.429
330.609,155.742,122.019,130.506
318.557,156.126,120.161,132.061
288.770,152.001,119.819,132.739
254.208,147.462,118.754,133.625
227.866,138.757,118.519,133.572
210.220,137.382,116.852,134.513
240.167,138.632,120.431,133.127
276.456,145.792,121.748,134.401
299.828,153.690,124.824,134.520
317.130,163.758,126.499,134.388
325.674,181.007,126.272,136.172
306.345,191.365,124.577,138.833
274.744,204.618,123.886,141.333
244.244,217.953,123.126,144.031
231.109,217.451,121.009,144.497
232.599,196.962,121.130,142.594
262.823,179.477,122.738,140.394
309.390,181.462,123.092,139.917
335.529,188.909,123.792,140.746
363.744,195.225,124.566,140.394
344.407,196.369,123.798,140.315
303.914,187.264,123.704,139.859
261.824,176.453,123.906,139.320
226.426,156.910,123.709,137.952
226.569,143.692,122.525,137.521
259.158,136.751,123.873,136.235
290.920,139.375,124.974,137.504
308.661,149.578,125.616,139.226
330.220,160.022,127.597,139.828
321.877,177.604,126.473,142.938
289.421,185.959,124.873,144.805
247.926,179.502,124.302,144.379
204.841,159.288,124.136,144.204
161.772,141.077,123.123,144.971
135.170,134.350,122.775,144.543
153.263,126.012,123.259,143.770
182.954,118.322,125.173,142.161
216.186,119.320,127.260,141.669
241.949,131.577,127.609,143.862
279.029,156.840,127.909,144.988
296.957,185.466,128.070,145.759
302.546,207.187,128.145,145.737
277.106,226.606,128.645,145.792
235.385,248.807,127.401,147.478
196.921,247.457,126.609,147.659
165.966,228.046,126.439,145.268
185.475,190.131,126.161,145.015
221.326,163.714,126.807,143.466
256.234,161.551,127.364,143.795
270.327,175.667,127.141,146.018
287.969,193.369,127.981,146.518
285.694,215.747,127.505,147.502
265.060,227.123,127.022,148.548
233.684,230.373,125.756,148.674
199.573,205.173,125.760,146.738
196.459,166.182,126.533,143.341
225.631,125.254,128.208,141.465
267.068,128.892,127.033,143.645
288.916,148.968,127.187,143.697
315.536,182.914,127.265,144.608
320.299,205.672,127.771,144.980
292.174,221.006,126.969,147.986
241.969,226.570,126.099,148.434
190.197,214.233,127.788,145.842
156.660,182.999,126.156,145.982
179.477,149.053,126.313,145.852
223.424,129.827,127.135,144.180
264.519,135.543,126.650,144.633
291.525,139.168,127.546,145.234
304.411,152.741,127.176,147.396
299.253,169.961,126.039,150.291
281.247,182.155,124.704,151.334
261.897,184.996,123.948,150.565
217.990,164.698,124.931,149.519
196.871,146.863,125.400,147.541
235.978,134.577,125.614,146.112
283.106,133.664,127.812,144.799
324.474,137.776,128.473,145.760
347.478,148.469,131.334,144.726
347.979,163.308,129.423,147.868
322.337,159.710,128.361,148.191
283.067,154.754,127.516,147.788
239.989,145.637,128.245,146.217
192.795,138.346,127.882,146.641
179.774,139.331,125.851,146.650
210.298,135.180,128.127,145.188
242.145,136.337,129.807,143.966
285.555,140.559,129.482,145.670
327.672,148.005,129.639,147.178
373.221,155.342,130.143,147.462
387.134,165.309,128.684,148.986
366.862,164.920,127.362,148.693
339.710,156.652,127.916,147.795
284.140,146.084,128.466,146.267
225.416,129.873,127.416,147.385
163.085,124.520,127.396,147.556
107.790,123.658,126.183,148.020
90.539,126.511,124.593,148.625
114.594,131.653,125.973,147.284
154.482,137.888,125.712,147.342
203.170,138.252,126.835,145.838
260.649,144.786,125.987,146.200
309.673,146.574,127.401,145.726
354.390,152.911,128.559,145.670
373.952,161.777,128.119,147.089
359.288,170.223,125.970,148.096
331.590,161.041,126.738,147.187
291.007,153.108,126.725,146.359
251.308,142.307,126.428,145.762
229.102,134.436,125.084,144.962
255.002,137.185,125.528,144.204
281.446,140.859,125.985,144.636
315.600,150.453,126.356,145.608
343.758,154.697,128.866,144.709
364.938,162.938,129.515,145.755
369.020,177.726,128.188,148.971
353.152,192.310,126.348,151.740
341.729,212.530,125.462,154.603
333.533,234.879,125.623,156.456
322.759,243.215,124.419,157.127
317.455,223.905,125.942,152.388
303.229,190.033,127.702,148.744
281.767,134.325,128.258,144.632
284.829,92.705,128.231,142.222
275.352,80.620,127.336,141.333
271.733,92.944,125.315,145.219
266.724,127.520,124.619,147.129
264.733,179.027,123.990,147.987
269.970,218.130,125.245,146.527
273.580,238.152,126.846,145.297
275.129,247.833,124.242,148.290
274.511,226.732,124.835,143.932
280.136,172.047,125.033,140.955
289.657,131.291,125.508,137.764
279.039,106.089,125.365,135.961
272.122,117.961,122.349,140.340
261.652,147.633,120.972,143.636
256.808,197.511,120.421,145.684
253.732,234.206,120.554,147.218
253.100,248.508,120.363,149.466
272.753,214.160,120.363,149.299
284.341,173.055,122.052,145.193
277.137,147.272,123.543,141.478
306.035,136.695,124.921,139.549
299.743,150.556,122.949,141.764
276.601,158.665,120.558,145.241
258.976,168.176,119.227,146.620
255.918,147.753,119.549,144.983
266.547,117.905,119.248,145.335
284.338,127.983,119.464,145.631
290.950,141.625,121.219,146.591
317.911,174.050,122.841,146.751
322.458,195.811,123.746,147.079
305.363,212.138,124.517,147.763
285.935,212.551,123.744,147.623
263.479,173.229,125.155,143.902
247.657,128.461,126.411,139.910
268.656,117.344,125.935,140.335
290.686,136.671,126.156,140.872
314.541,174.556,126.702,140.683
320.656,195.404,127.631,140.642
301.300,207.998,126.429,143.500
270.489,190.900,127.035,141.301
250.905,136.539,126.879,138.879
256.647,109.415,128.605,136.532
284.615,112.861,129.489,138.364
309.098,146.517,128.597,140.668
327.151,176.337,127.536,143.548
313.762,194.008,127.239,146.347
287.391,196.306,127.131,146.639
244.479,184.142,128.126,145.188
215.474,159.182,128.576,143.074
210.386,145.239,127.059,142.700
241.795,145.979,127.348,142.806
261.871,154.772,127.438,143.902
280.855,170.475,129.613,143.263
299.629,187.122,130.859,143.017
297.257,202.634,129.747,146.196
278.783,210.987,127.467,148.828
254.218,202.195,127.612,148.245
238.037,184.228,127.225,146.347
269.297,178.955,127.828,145.081
304.761,188.203,127.240,146.392
324.570,198.638,127.418,147.354
332.508,210.490,126.484,147.854
319.610,203.072,125.780,146.683
293.428,194.742,125.990,146.608
267.033,182.411,127.094,145.464
245.242,164.656,126.576,144.275
271.721,153.525,126.285,144.157
302.941,151.349,127.185,143.529
300.888,161.946,125.800,145.253
319.088,171.294,125.096,145.387
308.257,177.689,124.088,145.945
269.862,173.928,123.789,145.506
235.397,165.623,123.799,144.911
205.082,148.061,124.477,143.494
192.001,140.778,123.291,142.678
232.691,146.462,123.981,141.967
260.777,149.350,125.546,142.538
271.898,166.785,126.112,144.780
296.273,175.310,127.629,144.768
293.235,190.691,126.424,147.287
272.453,191.873,124.820,147.798
252.706,178.359,125.165,146.586
234.546,168.406,124.443,144.515
275.178,170.914,124.285,144.226
306.022,172.902,126.243,144.068
315.670,189.125,126.697,145.847
327.756,200.912,125.930,146.413
306.317,194.602,125.463,145.458
284.381,182.430,125.620,144.342
252.814,166.361,125.747,143.237
231.831,162.120,123.645,144.010
264.720,160.054,125.944,141.968
286.883,165.774,125.122,144.125
297.533,178.504,123.978,146.010
316.504,180.334,123.599,145.880
314.198,180.437,122.473,143.564
294.063,167.255,122.207,142.081
271.097,147.809,122.732,139.481
255.557,128.610,122.986,137.656
255.108,132.902,120.445,137.040
257.667,146.962,119.333,138.465
258.510,160.047,120.382,139.263
261.287,171.084,122.183,139.533
248.585,179.257,121.896,140.069
231.737,184.195,121.433,139.638
217.197,179.497,121.753,137.897
205.285,174.623,121.462,136.434
236.016,189.091,123.938,135.560
272.859,203.955,127.307,134.694
296.688,221.174,128.717,135.240
325.307,230.716,131.957,134.444
321.244,241.500,129.867,135.517
308.348,232.087,128.725,135.050
293.669,223.512,127.933,134.877
285.296,215.708,126.997,133.832
275.363,217.291,126.049,133.839
277.874,226.620,125.780,134.542
278.878,235.290,124.849,134.719
271.823,233.259,123.969,133.804
262.050,227.368,123.415,132.864
249.373,214.642,122.363,131.963
241.320,204.277,121.176,131.267
255.107,210.512,121.991,131.909
279.723,220.469,124.594,131.453
296.886,227.896,124.709,132.837
305.401,224.383,124.394,132.347
296.231,214.604,122.418,132.228
292.351,198.783,122.351,130.755
285.627,179.121,121.192,129.150
293.557,167.195,122.354,127.696
307.518,177.422,123.114,130.026
317.317,187.142,123.838,132.616
325.235,198.611,124.549,134.723
316.571,212.537,123.586,136.913
293.878,209.924,122.888,137.292
281.523,192.935,123.498,135.119
262.401,157.945,124.042,133.250
250.207,137.021,123.381,131.234
262.067,145.459,123.551,133.717
260.448,156.276,122.499,136.797
261.347,170.282,123.725,137.861
247.458,182.314,124.891,138.525
255.559,187.391,125.269,139.937
283.443,186.210,127.480,139.365
303.447,187.942,127.849,140.554
319.546,190.100,128.434,142.617
325.227,195.987,128.184,144.738
302.457,196.144,127.372,144.908
271.269,185.450,127.296,143.354
244.341,166.073,126.733,140.472
239.573,167.532,125.740,140.112
272.529,169.118,129.254,138.820
288.551,174.797,128.349,141.824
299.802,181.382,128.641,144.195
315.564,185.391,128.613,146.197
319.617,194.763,127.700,148.158
312.046,203.177,126.232,147.762
294.607,197.589,126.193,144.934
285.817,202.504,125.267,143.441
293.234,207.721,126.253,141.408
290.835,212.051,125.608,140.216
292.640,218.463,124.858,140.073
