352.000,197.000,56.000,100.000
354.260,195.462,55.053,100.616
356.481,194.390,54.089,101.459
357.691,194.104,53.308,101.928
359.669,194.455,52.864,102.172
359.183,194.165,52.243,102.516
358.851,193.741,51.904,102.758
359.562,193.881,51.499,102.955
359.567,192.090,51.527,102.598
357.281,189.676,51.467,102.592
357.554,189.917,51.056,103.012
357.106,184.937,50.689,103.140
357.534,185.531,50.489,103.247
357.444,183.709,50.317,103.238
358.498,181.104,50.433,103.135
359.490,177.725,50.296,103.375
360.881,175.850,50.061,103.879
364.299,169.027,49.648,104.451
366.575,165.767,50.079,103.889
368.524,169.412,50.520,103.659
371.256,176.373,50.357,103.902
373.528,190.873,49.637,104.731
374.615,215.938,49.381,104.950
374.826,237.788,49.235,104.729
374.781,261.121,49.617,103.819
372.145,266.886,50.113,104.032
370.983,250.360,49.570,105.220
370.840,226.344,48.108,107.312
372.098,199.486,47.988,108.147
369.626,184.154,48.466,108.250
367.716,168.509,48.448,109.289
364.496,160.874,48.027,109.468
360.047,161.893,48.241,109.955
355.562,171.592,49.527,108.184
344.046,189.887,50.627,105.642
328.391,205.467,52.207,102.669
307.961,210.845,52.270,101.219
300.024,211.262,51.700,102.974
306.813,202.149,51.526,102.348
327.287,191.690,52.104,100.741
347.400,169.355,49.375,104.290
351.208,142.919,47.483,107.390
339.333,115.624,48.376,106.098
331.252,109.814,48.005,107.338
334.541,123.457,46.278,110.205
351.227,175.189,46.367,109.947
369.695,237.473,47.054,109.273
382.000,265.636,48.067,107.633
389.829,285.596,49.725,104.639
390.966,272.354,49.320,105.899
383.061,231.010,47.533,108.595
384.982,178.264,46.107,110.137
394.875,152.402,47.604,108.058
395.784,164.186,47.382,108.482
383.028,205.678,47.618,107.855
354.421,242.032,48.909,104.848
338.317,259.957,49.813,103.132
342.139,252.230,49.861,103.296
353.702,220.789,47.607,106.570
362.137,178.475,45.818,109.178
360.628,152.893,46.796,108.141
340.079,138.935,47.829,106.688
328.672,171.134,46.169,109.271
318.202,223.389,44.772,111.488
315.670,252.962,45.956,109.514
317.446,264.511,47.337,106.637
318.389,233.168,45.603,109.505
317.425,182.833,44.534,111.401
314.531,136.829,44.208,111.887
313.851,133.692,44.271,112.038
305.742,165.080,43.133,113.855
302.843,210.440,42.438,115.542
310.191,238.173,45.536,110.116
341.717,239.844,47.324,106.196
356.188,225.625,47.715,106.664
336.488,196.315,48.483,105.218
287.291,159.118,49.141,104.479
287.952,161.183,49.373,105.040
307.212,193.218,47.361,108.422
315.933,237.024,46.133,110.300
322.592,264.404,48.712,106.363
334.705,263.326,49.095,106.275
336.266,222.318,47.293,109.502
324.832,178.052,47.469,109.581
300.945,140.827,48.709,108.505
290.955,152.363,47.060,111.030
281.163,187.356,45.603,113.309
273.978,222.603,44.953,114.084
279.657,243.144,46.965,109.188
291.627,233.412,45.882,110.850
300.176,192.462,44.997,112.626
282.492,121.743,44.749,113.970
274.687,101.875,45.215,113.558
273.039,123.468,44.002,115.838
271.132,184.306,43.035,117.638
269.873,230.313,43.194,117.913
272.012,250.598,46.446,112.216
279.251,248.462,45.928,113.639
276.513,206.380,45.062,115.424
268.289,161.645,44.775,116.541
264.837,144.412,45.588,115.323
252.177,156.120,45.635,115.228
241.063,182.736,44.861,116.561
258.660,224.523,47.084,113.391
265.026,223.338,47.090,113.385
340.655,228.812,49.718,109.032
354.444,210.486,48.447,111.197
349.541,193.353,49.782,109.879
344.828,196.556,50.458,109.273
350.570,198.437,52.283,107.348
360.466,206.987,53.826,104.994
369.069,219.414,53.507,104.667
371.056,230.287,53.582,103.123
367.939,227.925,53.563,104.050
355.197,212.023,53.386,104.158
350.570,212.526,53.471,104.080
349.808,214.383,53.471,104.081
349.009,214.219,53.471,104.081
348.627,214.132,53.470,104.081
347.755,214.587,53.470,104.082
280.283,212.593,53.888,102.512
307.906,214.701,54.081,101.146
329.115,212.719,54.040,100.744
345.784,197.890,53.273,102.554
347.462,186.749,53.000,102.459
333.930,192.734,53.809,101.763
325.504,195.637,53.138,102.289
317.456,195.215,52.853,102.450
320.665,193.541,52.663,103.071
328.941,199.733,53.396,102.536
326.281,202.860,52.817,102.770
304.366,196.384,52.907,101.642
286.911,196.303,52.473,102.246
284.736,190.885,51.971,103.589
294.537,183.019,51.748,103.356
290.777,173.085,52.166,102.745
290.526,166.113,51.999,103.521
296.716,149.085,51.931,104.727
299.658,142.812,51.895,105.279
298.803,143.439,52.613,104.623
306.299,152.222,53.106,104.079
305.372,158.241,53.053,104.147
301.329,154.880,52.829,105.178
310.478,144.341,54.151,102.562
340.796,138.842,54.198,102.049
341.354,140.360,54.460,101.839
338.281,151.124,54.332,101.419
336.624,157.633,54.506,100.658
315.161,158.408,54.408,100.615
314.867,157.880,54.407,100.616
311.480,157.348,54.408,100.614
310.632,159.844,54.407,100.615
309.591,161.174,54.407,100.616
307.996,161.271,54.445,100.582
310.762,160.843,54.450,100.578
311.407,160.996,54.449,100.578
312.897,160.855,54.449,100.579
314.359,160.566,54.449,100.579
314.943,159.935,54.448,100.580
316.359,159.987,54.451,100.577
314.918,164.021,54.605,100.369
278.592,179.579,54.531,99.759
273.493,188.679,54.516,99.321
258.385,194.085,53.895,99.114
259.475,193.182,53.714,99.132
286.198,175.886,53.872,97.276
316.282,168.242,54.026,95.849
318.166,165.532,54.025,95.849
318.034,164.903,54.025,95.849
318.506,164.085,54.025,95.850
318.004,163.351,54.024,95.850
318.197,161.914,54.024,95.850
319.006,161.634,54.024,95.851
319.901,161.620,54.023,95.851
319.839,159.814,54.023,95.851
319.867,159.121,54.023,95.851
319.994,159.087,54.023,95.851
319.720,158.642,54.022,95.852
319.309,158.456,54.022,95.853
318.481,158.485,54.020,95.855
317.712,157.403,54.019,95.856
317.860,155.897,54.019,95.856
318.219,155.336,54.018,95.857
318.201,154.858,54.018,95.857
318.434,154.535,54.018,95.857
318.637,153.990,54.018,95.857
318.814,153.008,54.017,95.858
318.995,152.337,54.017,95.858
319.091,151.865,54.017,95.858
319.559,150.799,54.016,95.859
395.531,190.426,53.680,95.322
383.562,194.896,53.264,96.236
377.194,191.693,52.087,97.932
367.618,194.141,52.212,97.641
356.868,201.984,52.692,97.459
360.667,203.657,52.568,97.674
380.489,201.924,52.835,96.335
405.205,200.080,52.817,96.773
404.405,187.409,52.465,97.940
376.772,177.015,52.324,97.485
354.054,178.660,52.381,97.226
338.488,179.417,51.572,97.956
322.977,182.427,51.523,97.954
311.654,186.201,52.044,98.205
310.499,192.006,52.356,97.902
318.461,195.432,52.107,98.173
333.287,194.684,52.075,99.237
339.488,186.921,50.932,101.535
330.199,178.971,50.664,101.940
316.127,181.419,51.586,100.825
297.241,180.315,51.279,100.815
276.026,179.542,51.158,101.589
262.545,173.385,51.026,101.920
258.497,179.236,52.023,101.666
264.682,183.274,52.272,101.278
280.517,184.555,52.401,100.348
308.496,179.325,52.620,98.307
331.555,179.273,53.105,97.638
339.563,178.893,52.808,99.244
325.638,181.664,53.591,97.631
302.916,184.861,53.589,96.878
285.200,188.316,53.171,97.011
263.076,184.181,52.553,97.180
246.108,182.577,51.858,97.979
243.439,178.122,51.378,100.043
240.809,164.245,51.228,101.191
229.485,147.902,50.306,102.702
237.009,121.249,51.547,101.024
259.442,142.445,50.783,102.714
271.573,182.303,48.664,105.998
290.070,235.324,49.004,105.644
300.482,265.583,50.062,103.203
299.203,270.188,50.855,103.230
299.370,247.249,48.449,106.214
309.663,198.026,46.949,108.042
322.064,171.294,47.732,107.119
335.062,160.328,49.804,106.041
346.175,184.064,47.800,109.141
347.330,235.037,45.876,112.072
349.890,278.026,45.099,113.937
366.042,310.878,47.464,109.512
369.712,323.213,48.950,106.952
367.552,308.042,47.470,109.745
357.158,256.248,45.926,112.361
355.233,210.914,45.664,113.503
330.418,178.065,48.510,110.026
317.181,192.462,48.740,110.229
326.702,227.284,48.970,110.108
345.362,273.875,49.592,109.029
356.294,295.420,50.513,106.421
355.917,307.771,51.368,104.028
346.553,291.313,50.751,105.326
326.109,245.863,49.946,106.617
309.412,200.984,48.140,109.496
309.091,163.691,48.828,108.471
318.956,164.198,49.484,108.024
320.311,197.519,48.540,109.469
322.722,266.116,47.062,111.383
330.568,296.189,47.936,109.776
326.321,313.707,49.846,106.846
314.802,299.415,49.966,107.409
304.455,258.948,48.436,109.376
304.714,196.829,47.072,111.166
325.258,161.086,49.380,107.822
333.718,171.118,47.729,109.852
332.241,221.758,46.263,111.875
323.592,273.051,45.194,113.010
313.938,303.519,47.619,108.693
306.592,303.976,48.889,107.491
306.950,272.525,47.051,109.611
316.199,230.710,45.800,111.017
334.457,194.202,48.056,107.317
346.205,207.690,46.656,109.511
345.361,210.865,46.649,109.521
345.304,210.944,46.648,109.522
348.700,220.311,51.228,105.204
329.327,304.594,49.036,108.220
320.606,263.876,47.347,111.101
309.189,202.951,46.091,112.833
306.130,165.143,48.033,110.215
316.621,178.148,46.934,112.291
326.029,230.804,45.601,114.262
335.310,285.293,45.299,114.758
336.461,316.609,47.750,110.419
331.814,314.141,49.092,109.300
322.454,281.404,47.425,111.512
323.728,276.362,47.387,111.568
323.994,272.229,47.387,111.569
324.122,273.349,47.387,111.569
324.487,268.847,47.386,111.569
323.749,263.458,47.367,111.596
315.925,259.224,46.761,113.328
333.430,287.874,49.104,109.888
336.328,298.496,50.789,106.372
329.257,282.732,50.324,107.744
319.362,249.372,48.635,110.506
301.389,170.130,46.988,113.325
302.820,142.201,46.973,113.665
312.766,138.473,47.676,113.207
311.645,171.039,46.561,114.773
311.269,175.097,46.560,114.774
311.006,173.789,46.559,114.775
312.417,184.051,49.948,111.765
310.203,182.881,49.974,111.742
329.746,253.278,47.939,114.143
332.393,211.423,46.894,115.784
323.846,175.055,46.521,116.863
320.077,159.807,46.433,117.412
312.888,160.435,45.995,117.835
312.219,203.573,45.129,119.108
313.773,241.158,44.689,120.110
321.238,276.233,46.844,116.082
323.374,283.889,47.629,114.466
334.780,253.073,46.317,115.874
343.886,212.103,45.549,116.737
339.819,176.359,46.663,115.420
326.113,148.308,47.001,115.319
323.987,147.315,47.693,114.472
324.290,172.738,46.661,115.842
321.784,216.558,45.734,117.080
322.717,253.554,47.020,115.200
331.184,276.843,49.072,111.208
333.326,285.640,49.781,109.578
336.143,261.103,48.032,111.933
337.798,219.917,46.655,113.824
337.004,176.665,45.790,115.562
326.459,136.756,46.760,114.929
322.441,139.061,47.640,114.186
321.638,150.581,47.323,114.186
322.201,184.254,46.115,116.208
332.469,230.390,45.371,117.484
328.577,271.214,47.878,113.305
317.098,279.896,50.040,109.588
318.075,264.070,48.347,111.745
326.926,222.983,46.889,113.311
328.267,187.673,46.188,114.857
325.838,161.851,46.418,114.981
318.110,151.441,46.220,115.786
316.522,163.549,45.863,116.031
303.139,199.251,46.805,114.222
292.809,225.713,45.988,115.073
285.476,254.735,47.289,112.950
282.399,269.235,48.818,109.511
292.633,270.493,50.602,105.597
323.181,254.871,51.789,102.357
351.171,242.519,53.142,99.620
390.237,238.681,53.174,99.011
411.825,242.458,53.689,97.354
439.407,254.232,54.075,96.706
447.200,260.038,54.118,96.700
434.917,259.299,54.236,96.258
430.260,259.428,54.323,96.179
429.679,260.245,54.322,96.180
430.212,258.924,54.322,96.180
430.165,258.647,54.322,96.180
430.176,258.305,54.322,96.180
430.297,257.903,54.322,96.180
429.019,257.536,54.319,96.183
421.946,256.039,52.736,97.864
425.183,244.315,50.808,100.174
427.943,239.879,48.877,102.282
391.167,202.852,48.678,102.018
376.483,196.984,50.326,99.299
337.785,208.260,50.453,98.219
298.299,227.149,50.635,97.049
267.690,240.074,51.449,95.403
263.644,244.936,51.491,95.585
283.270,241.627,51.489,94.945
286.981,241.358,51.496,94.938
287.189,239.629,51.496,94.938
287.130,239.140,51.496,94.939
286.916,238.451,51.495,94.939
286.831,238.186,51.495,94.939
286.836,237.043,51.495,94.939
287.062,236.056,51.496,94.938
291.936,236.577,51.502,94.933
290.955,233.221,51.499,94.931
286.571,233.904,51.545,94.890
285.925,234.248,51.545,94.891
286.202,233.639,51.545,94.891
286.305,232.968,51.544,94.891
285.912,233.602,51.544,94.891
284.476,232.442,51.686,94.760
284.353,229.544,51.686,94.761
360.417,151.292,51.305,95.821
371.749,146.691,51.637,96.980
388.079,156.246,52.338,96.610
395.319,160.408,52.246,96.137
386.997,158.001,52.449,96.129
356.752,147.809,52.364,95.780
355.496,148.085,52.361,95.782
355.662,147.990,52.361,95.782
355.741,147.189,52.361,95.782
355.780,146.579,52.361,95.783
356.783,147.136,52.360,95.783
356.864,146.684,52.360,95.783
357.206,146.365,52.360,95.783
357.233,146.103,52.360,95.783
309.595,141.791,51.820,95.965
278.518,116.428,51.321,96.353
267.025,114.681,51.431,96.601
244.450,117.618,51.615,96.109
228.042,124.352,51.781,96.532
232.590,127.238,52.955,96.187
251.853,137.806,53.689,95.812
271.823,139.803,53.287,95.386
298.405,138.994,53.352,94.157
327.009,128.708,53.345,94.647
336.727,122.982,51.976,97.033
342.738,123.915,51.613,98.720
337.496,129.172,52.227,98.850
324.688,133.520,52.732,97.427
303.058,135.440,52.593,96.957
269.736,138.714,52.877,96.137
256.406,144.878,53.033,96.122
258.873,142.668,52.013,99.115
267.123,129.334,51.124,100.785
287.052,98.393,50.999,100.320
335.364,79.109,51.039,99.594
364.833,84.078,52.369,97.683
379.070,96.819,52.838,97.689
389.067,117.064,51.945,98.410
382.167,131.389,52.627,97.163
359.730,135.593,52.960,95.730
329.737,146.058,52.750,95.105
313.017,152.744,52.607,95.661
319.315,148.712,52.280,96.658
329.630,133.634,51.110,99.062
333.685,105.915,49.068,102.511
340.987,98.003,49.536,101.986
359.663,111.410,50.660,100.939
382.587,135.046,50.901,100.913
392.074,164.308,50.796,100.647
369.737,178.186,50.874,99.279
362.332,178.086,50.886,99.268
362.216,178.065,50.886,99.268
361.934,177.347,50.886,99.268
361.679,175.897,50.886,99.268
361.528,174.570,50.886,99.268
361.947,174.312,50.885,99.268
361.650,173.427,50.885,99.269
361.949,172.910,50.885,99.269
360.978,172.684,50.884,99.270
331.416,187.179,50.755,98.401
345.161,210.416,50.203,99.119
341.168,224.611,51.179,97.358
317.862,222.681,51.340,96.978
298.189,206.266,49.710,99.441
298.761,164.869,49.024,100.235
327.264,124.707,49.149,99.541
355.696,93.319,49.824,98.093
384.974,81.650,50.410,98.484
397.025,93.661,49.776,100.491
406.350,117.643,48.781,102.204
409.878,159.248,46.948,104.804
407.158,188.997,48.328,102.193
378.519,200.339,48.723,100.864
375.926,200.831,48.739,100.849
300.970,181.920,49.502,101.393
298.872,165.097,47.420,104.590
299.004,131.805,45.827,106.942
308.644,98.443,46.973,105.669
330.009,82.282,48.853,103.088
357.252,98.147,49.641,101.949
378.711,130.096,49.803,102.245
398.731,163.571,49.693,102.508
395.716,199.855,50.912,100.164
364.179,209.857,50.942,99.392
324.317,193.228,51.022,98.912
293.974,162.234,50.624,99.240
254.366,119.168,49.729,100.441
241.551,85.116,48.785,102.033
257.853,65.365,52.576,97.239
296.438,67.070,52.320,98.060
313.457,91.113,51.177,99.596
334.673,132.761,51.510,99.217
355.982,158.582,50.467,100.684
343.235,180.749,51.659,98.800
319.570,182.262,51.714,98.393
310.788,174.008,50.387,100.668
311.038,147.615,48.353,103.867
317.484,132.874,48.613,103.699
326.132,117.147,49.561,102.008
341.180,120.357,50.818,101.251
345.562,138.225,50.627,101.585
334.084,163.663,52.044,99.611
319.203,180.365,52.926,99.070
315.235,186.623,52.838,100.386
320.479,181.521,52.053,103.019
329.742,166.707,51.039,104.482
340.015,138.555,49.464,107.271
320.214,105.591,50.781,105.471
286.224,110.421,51.521,103.810
284.873,142.792,49.109,107.721
301.420,177.877,49.889,106.504
310.147,197.298,51.335,104.751
314.564,190.773,50.777,106.553
333.861,159.629,51.055,105.769
352.403,133.850,49.330,108.866
348.890,112.881,50.375,107.474
332.208,115.533,51.934,105.379
320.527,142.921,50.931,107.074
328.910,178.500,50.761,107.647
317.121,197.341,51.374,104.649
284.864,204.647,51.968,104.620
283.511,191.196,49.782,107.354
301.429,149.297,50.231,106.898
311.222,128.112,50.310,107.123
303.538,128.283,50.657,107.862
305.295,152.290,50.302,108.683
333.203,197.491,51.639,107.065
332.761,213.621,52.551,104.976
322.509,209.636,52.163,106.446
325.249,181.618,50.384,109.241
330.340,170.100,51.089,108.650
322.671,191.308,49.228,110.582
300.201,235.947,50.096,108.711
288.472,260.080,51.145,106.327
296.849,248.732,49.187,109.253
298.488,205.130,47.630,111.669
305.783,161.565,48.723,109.716
329.267,155.074,50.133,108.864
332.137,185.789,48.188,111.801
324.056,246.873,46.648,114.398
313.900,287.948,48.505,110.394
302.031,290.872,49.968,109.147
301.454,267.938,48.225,111.906
302.066,189.158,46.943,113.856
316.365,163.953,50.050,110.175
330.400,184.079,48.357,112.950
330.808,227.574,46.817,115.365
316.213,269.494,48.368,112.122
301.399,276.481,50.372,109.081
292.105,251.939,48.472,112.107
298.602,192.384,49.013,110.796
326.160,170.749,51.245,108.165
338.537,192.205,49.160,111.280
338.720,237.029,47.377,114.043
328.601,276.671,49.411,110.148
305.720,280.801,51.355,107.070
285.797,255.760,49.510,110.000
284.097,193.621,48.262,111.538
308.172,170.784,50.438,109.332
310.568,192.555,49.365,110.907
309.647,194.802,49.363,110.909
269.169,173.146,49.846,109.289
270.675,174.165,50.330,107.380
279.539,134.418,48.873,108.583
281.099,131.709,48.861,108.601
324.816,222.493,50.488,106.541
317.146,235.327,48.336,109.428
310.513,277.302,46.543,112.401
317.747,309.665,48.887,108.280
324.950,309.927,47.468,110.589
324.475,268.181,46.186,112.764
315.371,221.496,45.807,113.930
305.126,201.080,46.017,113.559
297.106,212.328,44.734,115.795
285.980,250.803,46.021,113.743
272.194,269.408,48.806,109.581
269.935,255.201,47.331,111.765
278.661,204.870,46.274,112.896
299.283,166.246,50.315,107.774
318.936,187.826,48.630,110.213
310.653,228.754,47.254,112.067
287.430,277.196,49.168,107.844
279.781,282.077,49.614,106.958
289.188,251.554,48.253,108.699
290.970,247.042,48.248,108.707
292.323,245.183,48.247,108.708
292.807,243.366,48.247,108.708
291.719,237.587,48.220,108.745
281.217,234.980,46.938,110.844
270.333,245.577,49.142,106.791
264.701,243.639,49.079,107.023
267.166,193.031,47.502,108.982
296.648,157.343,48.764,107.146
304.112,150.087,49.564,106.951
293.478,174.759,49.724,106.555
278.147,208.024,50.369,105.457
262.996,225.317,51.672,102.766
243.445,231.012,52.170,100.759
228.353,234.356,52.730,101.025
232.128,225.734,53.150,100.218
258.480,224.525,53.488,99.303
269.944,229.158,53.611,99.357
274.311,229.762,53.484,99.597
288.325,223.726,53.113,100.567
297.470,215.986,51.676,102.523
301.225,197.348,50.997,103.440
307.622,190.678,50.952,104.487
303.239,196.568,51.868,103.605
295.279,202.492,52.094,103.056
286.958,200.186,52.217,103.412
271.599,200.254,52.280,103.352
265.087,202.114,52.593,103.209
281.593,195.397,53.431,101.588
304.423,178.966,52.498,102.815
317.004,161.475,51.960,103.999
334.526,147.788,52.380,103.340
353.188,151.287,53.161,102.389
348.327,155.883,53.636,101.374
325.718,156.442,53.406,101.069
300.448,160.537,52.932,101.368
296.817,163.659,53.100,101.932
292.472,160.079,53.039,102.409
280.366,153.202,53.353,103.072
277.350,146.723,53.067,104.018
288.380,133.276,53.387,103.816
298.737,124.705,52.410,105.390
305.293,126.623,52.642,106.356
308.127,133.958,53.073,106.785
309.481,137.374,53.576,106.856
316.954,141.795,54.187,106.141
326.827,149.468,54.934,105.822
321.400,154.304,55.346,105.028
308.402,158.593,55.684,104.004
300.203,165.714,55.491,103.968
300.218,170.087,55.410,104.473
310.214,174.798,55.791,104.130
321.395,182.401,56.037,103.780
323.804,194.506,55.081,104.271
322.171,202.923,55.511,103.601
317.023,213.424,55.339,104.248
318.323,219.105,55.267,105.157
321.139,222.227,55.680,104.913
319.825,222.628,55.062,105.758
311.984,226.168,54.666,105.597
307.047,231.873,55.049,105.837
310.366,231.566,54.700,106.864
308.731,235.851,54.917,106.935
