336.000,165.000,26.000,61.000
334.927,166.622,26.628,59.907
334.343,167.465,27.010,59.469
329.439,169.268,27.229,59.392
324.463,171.763,26.839,60.201
335.893,158.880,27.139,60.176
337.091,158.010,27.392,60.037
336.228,157.994,27.797,59.510
326.606,163.489,27.883,59.631
322.141,163.125,27.955,59.628
331.980,172.876,26.866,60.394
332.159,178.156,25.701,61.304
332.211,176.865,24.773,62.678
326.871,169.678,24.191,63.353
326.269,169.571,23.962,63.676
326.039,168.000,23.797,64.554
331.524,156.831,24.354,63.831
326.482,151.195,25.110,63.109
325.774,147.017,27.031,60.915
308.027,137.329,29.473,57.737
301.988,137.547,31.384,55.284
291.090,138.309,32.947,53.150
285.382,134.773,34.670,51.067
279.305,134.914,35.644,49.678
274.067,133.828,36.064,48.853
269.495,129.884,36.780,47.494
264.375,129.758,37.066,46.836
254.315,125.278,37.428,45.832
244.459,124.324,37.431,45.445
239.787,123.088,37.391,45.109
234.793,118.718,37.737,44.067
229.390,117.432,37.721,43.680
220.086,116.081,37.475,43.414
214.647,114.009,37.294,43.223
210.359,112.663,36.972,42.877
204.633,111.173,36.814,42.586
195.101,109.938,36.488,42.460
185.789,104.652,36.565,41.667
181.580,103.614,36.447,41.086
173.148,102.020,36.198,40.813
167.678,100.582,35.832,40.730
159.331,98.170,35.464,40.694
153.765,96.427,35.146,40.635
145.146,94.905,34.890,40.594
136.610,93.418,34.664,40.597
133.533,91.688,33.219,41.743
119.576,86.110,33.336,41.019
110.929,84.490,33.574,40.201
105.742,83.102,33.405,39.839
102.303,84.089,32.010,40.975
88.792,78.496,32.270,40.135
74.188,73.610,32.275,39.507
65.565,72.623,32.515,38.636
61.761,71.396,32.610,37.800
55.865,69.921,32.375,37.387
43.154,67.779,32.134,37.209
34.509,66.135,31.920,37.062
30.596,64.049,31.658,36.876
21.642,62.012,31.539,36.576
7.471,57.303,31.306,36.362
1.304,59.121,29.246,38.424
-0.968,57.419,27.649,40.262
4.728,55.743,27.153,40.772
1.070,50.796,26.719,41.217
2.769,50.265,26.202,41.500
-0.693,49.283,25.730,42.036
5.601,47.938,25.336,42.492
1.968,46.635,24.613,43.383
-1.815,44.957,24.379,43.704
-0.965,39.765,24.114,44.073
5.147,38.906,23.950,44.291
6.554,38.041,23.381,45.000
2.421,36.488,23.188,45.236
-1.214,34.948,22.997,45.509
12.660,29.814,22.361,46.402
4.871,24.462,21.633,47.378
5.230,22.286,21.325,47.828
1.477,20.980,21.198,48.003
7.588,20.429,20.969,48.327
4.402,15.670,20.605,48.818
4.277,14.339,20.405,49.069
0.864,0.645,19.965,49.744
1.446,0.303,19.656,50.255
1.846,-1.248,19.520,50.433
-1.608,-1.341,19.275,50.742
-1.182,-2.410,19.141,50.906
-0.580,-1.461,18.977,51.144
0.657,-0.207,18.848,51.288
1.923,-1.403,18.820,51.308
2.109,-2.360,18.794,51.294
2.088,-3.245,18.770,51.275
2.197,-3.969,18.754,51.218
2.105,-4.712,18.743,51.182
11.171,-3.502,19.695,50.078
8.624,-3.464,21.813,47.527
4.170,-2.467,21.885,47.166
-3.656,-0.849,21.415,47.786
-2.832,0.817,21.205,48.037
-1.746,1.089,21.089,48.192
-0.901,1.473,20.975,48.331
-0.355,1.105,20.831,48.524
0.322,0.341,20.725,48.664
-3.263,0.067,20.525,48.956
-2.376,0.178,20.364,49.165
-1.236,0.413,20.276,49.283
-0.564,0.843,20.172,49.413
0.056,0.831,20.040,49.595
0.739,0.496,19.938,49.742
-2.605,0.011,19.738,50.085
-1.437,-0.066,19.642,50.205
-0.742,-0.397,19.549,50.311
-0.027,-0.672,19.479,50.385
0.529,-0.028,19.386,50.513
-2.879,-0.400,19.200,50.844
-2.079,-0.628,19.006,51.180
-1.009,-0.091,18.935,51.288
-0.452,0.207,18.850,51.410
0.292,0.308,18.790,51.506
0.928,0.296,18.718,51.617
-2.570,-0.279,18.602,51.842
-1.804,-0.580,18.476,52.060
-0.713,-0.804,18.417,52.145
-0.236,-0.192,18.357,52.231
0.396,-0.152,18.313,52.298
0.982,-0.299,18.258,52.381
1.561,-0.386,18.213,52.456
-1.972,-0.809,18.118,52.636
-0.942,-0.957,18.043,52.749
0.242,-0.880,17.999,52.814
0.919,-0.506,17.954,52.869
1.566,-0.551,17.916,52.933
-1.937,-1.129,17.825,53.114
-0.941,-0.838,17.764,53.211
0.188,-1.031,17.731,53.264
0.825,-1.157,17.694,53.320
1.434,-0.721,17.662,53.377
2.058,-0.787,17.624,53.441
-1.452,-1.197,17.541,53.599
-0.417,-1.595,17.485,53.695
0.702,-1.285,17.456,53.734
1.288,-0.882,17.417,53.792
1.932,-0.909,17.382,53.850
-1.534,-1.493,17.302,54.012
-0.516,-1.360,17.253,54.100
0.631,-0.970,17.227,54.144
1.251,-0.933,17.197,54.187
1.902,-0.924,17.168,54.235
2.368,-0.993,17.146,54.274
-1.134,-1.359,17.077,54.407
-0.013,-1.721,17.044,54.460
0.596,-1.176,17.014,54.511
1.204,-1.048,16.987,54.550
1.793,-1.086,16.957,54.601
2.375,-1.310,16.936,54.644
-1.161,-1.665,16.871,54.770
-0.062,-1.455,16.844,54.814
0.528,-1.548,16.811,54.864
1.207,-2.123,16.793,54.881
1.923,-2.321,16.777,54.889
2.438,-2.524,16.768,54.894
-1.114,-2.613,16.704,55.011
-0.033,-2.246,16.677,55.043
0.578,-1.834,16.653,55.084
1.197,-1.184,16.637,55.107
1.752,-1.465,16.614,55.145
2.432,-1.609,16.597,55.182
2.914,-1.726,16.583,55.206
3.203,-0.947,16.581,55.211
3.506,-0.835,16.577,55.224
3.775,-0.645,16.574,55.236
4.201,-0.849,16.567,55.251
4.690,-0.510,16.565,55.261
0.875,-1.207,16.544,55.308
1.455,-1.362,16.521,55.347
2.026,-1.526,16.499,55.384
2.489,-1.684,16.486,55.411
2.931,-1.892,16.475,55.437
3.209,-1.078,16.474,55.440
3.507,-0.958,16.470,55.452
3.815,-0.772,16.466,55.465
4.291,-0.541,16.464,55.474
4.822,-0.882,16.461,55.488
5.153,-0.648,16.463,55.486
5.588,-1.084,16.463,55.487
5.987,-1.056,16.465,55.484
6.675,-1.107,16.470,55.476
7.388,-0.988,16.475,55.467
3.427,-0.860,16.469,55.486
3.788,-0.796,16.466,55.493
4.199,-0.680,16.463,55.501
4.806,-1.135,16.459,55.514
1.038,-1.356,16.434,55.562
1.588,-1.649,16.412,55.598
2.131,-1.887,16.392,55.629
-1.382,-1.739,16.334,55.762
-0.630,-2.186,16.278,55.894
0.421,-1.854,16.257,55.926
1.033,-1.574,16.238,55.977
1.609,-1.627,16.225,56.000
2.100,-1.619,16.210,56.024
2.548,-1.530,16.196,56.049
-1.327,-4.387,16.143,56.138
-0.865,-3.085,16.090,56.230
0.099,-2.592,16.065,56.282
1.168,-2.309,16.046,56.315
1.706,-2.167,16.037,56.339
2.169,-2.114,16.027,56.370
2.678,-2.134,16.017,56.399
-1.030,-2.456,15.971,56.528
-0.156,-2.565,15.950,56.577
0.957,-2.740,15.932,56.612
1.508,-2.516,15.924,56.615
1.972,-2.356,15.914,56.631
2.464,-2.289,15.907,56.653
-1.204,-2.729,15.863,56.782
-0.308,-2.933,15.846,56.822
0.728,-2.549,15.832,56.845
1.216,-2.370,15.827,56.855
1.750,-2.159,15.823,56.865
2.200,-2.078,15.817,56.883
2.847,-3.074,15.818,56.889
2.934,-3.217,15.824,56.872
3.037,-3.077,15.831,56.855
3.386,-2.060,15.847,56.824
-0.345,-1.823,15.826,56.937
0.839,-2.448,15.812,56.970
1.380,-2.399,15.807,56.979
2.004,-2.174,15.802,56.989
2.906,-1.796,15.802,56.998
8.205,-4.177,16.411,55.958
3.870,-1.965,16.420,55.937
4.278,-1.423,16.423,55.933
4.806,-2.264,16.428,55.920
9.305,-1.806,17.028,54.990
4.953,-0.620,17.040,54.961
5.314,-0.819,17.041,54.962
1.614,-0.719,17.005,54.995
14.034,14.240,19.479,51.658
5.292,22.985,19.310,51.770
6.100,21.963,19.304,51.776
6.431,20.724,19.298,51.783
7.032,19.178,19.293,51.787
7.587,17.704,19.289,51.791
8.327,16.129,19.287,51.793
9.011,15.209,19.284,51.796
10.428,15.005,19.279,51.800
6.584,12.744,19.199,51.887
7.203,12.169,19.188,51.899
7.770,11.562,19.177,51.909
8.437,10.855,19.173,51.913
8.889,10.438,19.168,51.918
9.373,9.920,19.162,51.924
9.797,9.702,19.158,51.926
10.268,9.423,19.156,51.927
10.865,9.160,19.154,51.928
11.428,8.557,19.152,51.929
11.984,8.013,19.151,51.929
12.759,7.487,19.149,51.929
13.405,7.069,19.147,51.930
13.998,6.482,19.146,51.930
14.887,5.663,19.145,51.930
38.301,20.670,22.742,47.989
34.415,19.126,22.979,47.686
35.361,18.262,23.525,46.995
35.775,16.869,23.997,46.415
36.586,14.703,24.310,46.067
36.624,15.246,24.474,45.889
34.430,18.567,24.810,45.543
34.164,18.678,24.805,45.541
37.157,17.195,24.839,45.512
36.645,16.350,24.924,45.438
37.142,15.977,24.940,45.419
38.357,15.525,24.986,45.368
33.598,15.762,26.185,43.964
33.729,15.163,26.472,43.657
34.255,14.842,26.174,43.961
25.600,14.244,25.033,45.174
12.313,13.823,23.777,46.451
3.165,17.804,23.071,47.338
2.953,17.142,23.019,47.404
2.704,16.781,22.976,47.458
2.370,15.805,22.935,47.510
2.807,14.830,22.918,47.530
2.552,14.429,22.880,47.579
2.719,13.732,22.861,47.603
-0.555,3.822,22.451,48.202
0.022,4.753,22.056,48.736
0.696,5.615,21.928,48.915
6.567,1.913,21.998,48.795
11.253,7.629,22.628,48.007
10.907,13.302,22.979,47.571
10.529,18.610,23.232,47.259
9.790,23.366,23.415,47.021
9.694,22.341,23.416,47.019
10.064,18.856,23.415,47.021
10.746,16.457,23.413,47.022
11.537,15.087,23.412,47.024
12.433,13.794,23.410,47.026
13.137,12.569,23.407,47.029
14.136,11.367,23.405,47.032
49.788,39.692,23.685,46.383
38.236,41.386,25.678,43.954
25.451,47.674,25.328,44.127
12.088,50.181,25.151,44.023
3.946,55.004,24.591,44.353
0.912,60.857,23.801,45.313
1.323,61.052,23.757,45.368
28.932,58.569,23.362,45.415
14.282,67.751,22.902,45.973
6.620,77.565,22.134,47.067
6.395,82.203,21.397,47.994
3.060,86.921,20.597,49.060
-0.718,91.642,20.235,49.570
0.345,90.612,20.212,49.601
1.054,89.841,20.155,49.689
1.668,88.731,20.124,49.734
2.214,87.934,20.097,49.773
2.636,86.820,20.081,49.794
3.008,85.817,20.070,49.809
3.201,84.675,20.064,49.817
3.344,83.837,20.055,49.827
3.475,82.999,20.047,49.836
40.237,118.611,20.816,48.887
40.989,119.784,21.436,48.007
41.325,120.883,21.958,47.196
39.395,125.442,22.172,47.487
38.218,125.520,22.252,47.778
37.171,126.274,22.267,48.216
33.257,126.625,22.480,48.150
32.673,120.746,22.528,48.051
32.290,122.096,22.754,47.420
31.781,124.391,23.116,46.805
31.232,126.576,23.342,46.400
31.221,128.616,23.493,46.123
31.296,131.093,24.135,45.016
31.843,132.692,24.550,44.116
30.481,133.393,26.324,41.990
30.612,134.014,26.231,41.928
30.158,135.900,27.444,40.264
29.941,137.478,28.132,39.183
30.352,139.242,28.266,38.521
30.584,140.663,28.524,37.692
30.532,141.403,28.800,37.072
30.742,142.675,28.700,36.709
30.764,145.002,28.847,36.102
31.130,146.516,28.953,35.311
32.145,147.512,28.866,34.853
32.507,148.276,28.852,34.508
32.802,148.697,28.651,34.317
32.649,148.595,28.561,33.991
