269.000,75.000,34.000,64.000
266.739,73.069,33.451,64.915
262.363,71.031,33.478,65.316
261.243,72.065,33.787,65.302
255.728,71.650,33.701,65.324
254.744,77.079,35.332,63.545
261.748,69.815,34.615,63.963
261.540,68.352,33.238,64.916
262.380,60.805,31.591,66.251
262.653,52.759,30.197,67.834
262.572,51.350,29.348,68.836
260.758,50.940,29.875,67.797
259.854,51.763,30.229,67.151
257.494,62.015,30.965,65.651
254.817,67.710,30.583,65.585
249.578,68.706,30.490,65.482
247.851,68.775,29.652,66.121
242.947,70.823,28.976,66.627
242.987,64.270,28.363,67.586
238.448,69.430,27.877,68.168
238.344,63.914,27.440,68.720
238.328,59.327,27.243,68.513
238.737,61.960,28.222,66.767
239.557,66.051,29.047,65.430
239.186,70.259,29.052,64.722
240.023,73.430,29.182,64.514
239.682,74.496,29.509,64.585
240.006,77.037,30.258,63.549
241.440,73.311,30.656,62.441
241.836,74.160,30.470,62.340
242.950,73.033,29.087,63.363
237.538,72.667,29.033,62.846
242.646,69.823,27.819,64.118
238.564,69.319,27.310,64.654
231.263,63.231,28.218,63.887
226.181,64.378,29.107,62.890
225.211,63.923,29.215,62.732
224.994,64.391,28.097,63.816
223.982,64.963,27.869,63.988
227.958,61.393,28.182,63.361
227.761,64.762,28.730,62.636
227.145,69.709,29.529,61.866
226.255,73.268,29.756,61.691
225.815,75.248,29.678,62.390
225.395,82.268,29.459,62.458
226.909,85.818,28.608,63.303
229.132,85.204,28.088,64.172
230.905,82.900,27.779,64.797
230.568,78.395,28.893,63.847
234.478,79.351,29.047,64.011
236.736,81.809,28.939,64.185
238.865,82.665,27.982,65.257
239.487,83.018,27.561,65.920
238.500,83.813,27.962,65.983
232.825,83.603,28.675,65.750
226.249,83.548,29.064,65.388
221.032,83.360,29.289,65.645
220.331,83.337,28.289,67.022
216.208,88.530,27.759,67.773
216.145,87.481,27.398,67.946
216.934,75.815,27.299,68.206
216.601,70.734,28.126,67.176
216.945,72.280,28.920,66.134
219.161,73.558,29.077,66.172
222.567,74.350,28.307,66.947
227.762,71.165,27.935,67.641
229.427,72.623,27.819,68.181
230.592,75.068,28.777,67.530
229.569,76.773,29.404,67.243
227.771,77.588,29.893,67.468
222.866,78.517,30.345,67.440
223.427,85.818,29.807,68.370
260.484,78.642,29.944,68.620
265.964,72.597,29.371,69.434
265.844,73.170,28.949,69.956
265.497,73.963,29.358,69.439
270.901,79.467,28.399,70.513
270.281,85.701,28.107,70.911
268.183,90.485,28.420,70.200
273.755,87.810,27.933,70.518
278.364,81.268,27.479,70.883
277.693,74.924,27.252,71.463
276.314,75.155,28.428,69.540
275.745,76.266,29.583,67.852
275.911,77.134,29.965,67.401
275.523,83.696,30.183,66.680
274.904,89.579,29.538,67.415
268.388,91.320,29.790,67.147
267.088,79.443,28.940,67.783
261.208,79.507,28.226,68.452
255.611,79.211,27.695,68.805
242.268,86.036,28.953,67.965
253.310,83.942,29.468,67.292
240.402,78.675,30.046,67.339
239.807,79.201,30.538,67.647
240.060,80.513,30.022,69.319
241.600,82.337,29.361,71.419
247.438,88.192,29.034,72.565
247.283,93.262,28.919,72.804
252.967,91.606,28.719,73.261
279.008,73.389,28.592,73.274
280.530,73.905,28.286,73.830
281.972,75.973,27.937,74.030
281.651,75.266,27.549,73.793
279.682,76.536,27.569,73.718
273.386,75.268,27.598,73.544
253.080,64.574,29.403,71.516
246.111,59.334,31.204,69.316
238.501,60.165,31.997,68.378
237.540,52.759,31.183,69.344
230.285,37.813,31.655,69.457
221.595,24.238,32.446,69.110
206.270,18.228,33.536,67.292
194.569,17.338,33.732,66.745
186.058,11.072,34.845,63.893
176.109,11.311,36.671,60.489
168.476,9.997,36.448,58.819
161.561,10.235,36.163,57.495
155.278,10.353,35.590,56.435
149.809,10.817,35.023,55.533
144.232,10.653,34.338,55.135
139.429,11.494,33.357,55.092
137.170,9.876,32.991,54.360
131.414,6.536,32.894,53.237
126.594,4.718,32.746,52.183
121.661,4.069,32.453,51.299
117.990,4.577,33.276,49.343
112.416,2.576,32.724,48.765
107.097,1.124,32.160,48.138
100.792,1.106,31.676,47.457
94.380,0.674,31.243,46.949
88.575,0.896,30.764,46.469
76.648,0.534,30.486,45.712
70.387,-0.248,30.103,45.026
64.850,-0.005,29.541,44.582
57.689,-0.488,29.153,44.005
50.013,-0.533,30.033,42.534
39.620,-1.366,29.924,41.773
29.085,-2.653,30.009,40.674
17.886,-2.905,30.474,39.331
3.608,-3.173,30.813,38.410
4.429,-2.905,30.891,38.295
2.956,-4.033,30.975,38.153
7.052,-4.609,31.055,38.074
8.199,-4.838,31.708,37.451
4.010,-3.960,32.146,36.926
6.870,-6.553,33.041,36.048
4.641,-6.974,33.170,35.904
7.353,-7.902,33.221,35.853
8.996,-8.768,33.247,35.829
9.426,-9.585,33.257,35.820
9.009,-10.228,33.261,35.817
9.188,-10.663,33.265,35.814
9.655,-10.908,33.271,35.809
9.395,-10.870,33.276,35.804
8.896,-10.820,33.280,35.801
9.124,-10.546,33.285,35.796
7.559,-10.150,33.291,35.792
6.624,-9.576,33.293,35.790
5.584,-7.696,33.297,35.786
4.328,-5.190,33.297,35.783
-0.861,-1.221,33.260,35.723
0.340,-1.841,33.276,35.667
5.947,-5.550,33.587,35.333
6.312,-5.447,33.816,35.094
7.153,-5.589,34.026,34.890
6.257,-5.335,34.362,34.542
4.637,-5.632,34.429,34.460
4.461,-5.638,34.451,34.436
6.278,-6.484,34.459,34.428
7.184,-7.378,34.463,34.425
6.817,-7.813,34.466,34.422
7.383,-8.275,34.469,34.420
8.927,-8.845,34.471,34.418
8.661,-9.219,34.473,34.416
44.501,7.834,31.942,35.753
35.192,5.907,30.258,36.378
25.859,4.172,28.874,36.828
16.673,2.652,27.530,37.055
5.125,0.154,26.552,37.115
-2.756,-0.814,25.565,37.328
-2.302,-0.603,25.512,37.350
2.578,-4.273,25.652,37.137
35.645,-1.688,24.680,36.990
26.939,-1.489,24.885,35.874
17.084,-2.154,25.320,34.641
3.555,-2.663,25.934,33.117
-4.023,1.501,24.714,34.182
-3.992,2.069,24.648,34.256
-4.019,2.142,24.635,34.270
-3.801,2.430,24.618,34.290
-4.121,2.214,24.588,34.326
-4.170,2.060,24.548,34.371
-4.211,1.902,24.512,34.412
-4.204,2.119,24.483,34.444
-4.187,2.491,24.454,34.476
-4.070,2.260,24.414,34.522
-4.046,1.901,24.387,34.551
-3.732,2.225,24.364,34.577
-3.544,2.998,24.326,34.618
-3.508,3.470,24.311,34.635
-3.595,3.808,24.250,34.709
-3.560,5.016,24.224,34.738
-4.258,5.068,24.198,34.769
-3.632,4.749,24.165,34.809
-3.678,4.932,24.160,34.815
-3.712,5.530,24.146,34.834
-3.777,6.110,24.139,34.841
-3.694,5.785,24.119,34.866
-3.763,5.779,24.113,34.873
-4.031,5.672,24.102,34.888
-4.054,5.951,24.100,34.890
-3.602,6.497,24.069,34.929
-3.110,6.960,24.045,34.951
4.370,14.612,24.308,34.598
0.908,19.190,23.985,35.107
-2.018,19.896,22.545,37.025
1.955,23.292,21.968,37.582
-1.731,22.870,21.043,38.449
29.014,8.994,20.607,39.204
20.854,10.064,20.304,39.872
12.770,11.269,19.682,40.836
1.488,9.531,19.640,41.145
-2.518,9.457,18.757,42.349
-2.359,10.581,18.745,42.370
-2.099,10.961,18.740,42.376
-1.789,10.955,18.738,42.380
-1.514,11.353,18.734,42.384
-1.153,11.273,18.731,42.390
-0.903,11.452,18.728,42.394
-0.564,10.999,18.720,42.405
-0.733,11.022,18.715,42.410
-0.585,10.959,18.712,42.413
-0.541,10.996,18.710,42.416
-0.413,11.341,18.706,42.420
-0.174,11.055,18.701,42.425
0.687,10.813,18.701,42.420
6.633,24.476,21.485,39.347
0.123,25.963,21.117,39.466
-3.298,22.880,20.748,39.710
-3.475,22.501,20.722,39.735
-3.275,21.653,20.715,39.743
-2.996,20.790,20.700,39.760
-2.740,20.923,20.695,39.767
-2.656,20.636,20.691,39.771
-2.578,20.865,20.689,39.774
-2.689,20.611,20.687,39.777
-2.587,20.292,20.684,39.779
-2.708,19.549,20.679,39.785
-2.673,18.957,20.676,39.789
-2.654,18.183,20.673,39.793
-2.669,17.362,20.670,39.797
-2.710,17.196,20.668,39.800
27.529,44.299,22.605,37.670
22.325,36.836,24.200,36.093
14.290,34.376,23.514,36.591
-0.461,34.820,22.676,37.596
-1.589,34.954,22.669,37.605
-1.872,34.829,22.665,37.609
-2.040,34.442,22.659,37.615
-2.465,33.830,22.652,37.623
15.969,53.456,22.312,37.150
0.925,53.780,21.830,36.998
0.464,53.346,21.812,37.015
-0.683,53.152,21.808,37.020
-1.458,52.047,21.803,37.025
-1.504,51.522,21.799,37.030
-1.766,50.901,21.791,37.039
-1.971,50.558,21.780,37.049
-1.870,49.815,21.748,37.081
16.709,43.220,23.131,35.654
4.714,43.929,24.404,34.513
-1.723,43.764,22.337,37.204
-5.217,43.547,22.130,37.447
-5.038,43.310,22.122,37.458
-4.887,43.562,22.112,37.469
-4.743,43.439,22.102,37.480
-4.782,43.133,22.092,37.492
-4.797,43.242,22.085,37.499
-4.671,43.274,22.074,37.512
-4.550,43.464,22.065,37.523
-4.383,43.694,22.057,37.533
-4.350,43.858,22.052,37.540
-4.324,43.780,22.048,37.545
-3.569,44.394,22.045,37.549
0.053,45.595,21.274,38.438
-0.776,46.481,21.266,38.447
-1.144,46.730,21.263,38.451
-1.191,47.287,21.255,38.459
-1.217,47.823,21.252,38.463
-1.216,48.271,21.249,38.467
-1.200,48.639,21.243,38.474
-1.294,48.917,21.234,38.484
