478.000,143.000,80.000,111.000
469.321,145.693,83.043,107.224
470.485,146.586,85.021,103.726
467.351,144.676,86.356,101.528
465.954,143.903,86.866,99.468
464.678,142.463,87.068,98.047
463.461,140.876,86.547,97.159
462.716,139.873,85.938,96.445
461.725,138.317,85.357,95.786
461.146,137.681,84.757,95.019
461.250,136.176,84.082,94.317
460.630,136.341,83.388,93.684
459.842,137.051,82.929,92.907
459.065,137.208,82.464,92.413
458.522,136.143,81.965,92.062
458.449,135.203,81.345,91.743
458.415,134.990,81.489,90.982
456.747,133.915,81.707,90.289
454.105,134.678,81.859,89.892
451.833,134.428,82.450,89.328
449.664,134.378,83.021,88.742
446.306,134.533,83.543,88.279
441.891,135.470,84.160,88.262
439.211,136.561,84.914,88.057
434.938,138.629,85.776,87.704
429.099,141.676,87.141,87.096
422.125,144.078,88.934,86.669
415.686,147.522,91.522,85.799
409.062,152.512,94.140,85.204
398.015,156.345,94.658,84.512
387.756,159.340,95.103,83.559
379.282,162.453,94.988,82.587
369.587,166.680,95.196,81.901
357.542,170.929,94.752,81.766
345.495,174.392,94.038,82.103
334.154,177.358,94.858,82.272
322.845,181.708,95.146,81.953
308.206,183.865,95.236,82.323
295.123,186.029,95.469,82.866
286.328,187.770,95.454,84.289
276.054,189.651,95.025,85.833
265.025,183.707,95.370,86.087
259.818,189.774,96.468,86.631
256.521,193.142,96.922,88.410
249.981,187.148,98.716,88.707
245.691,192.556,98.977,90.293
246.887,196.858,98.993,91.239
245.386,192.185,99.779,91.628
247.670,197.228,99.444,92.362
247.999,191.608,99.674,92.676
250.026,186.012,100.119,92.019
255.081,190.389,98.931,93.219
255.481,183.051,99.892,93.108
257.388,173.451,99.938,92.970
259.569,174.989,99.574,94.251
260.864,165.375,99.739,95.108
263.505,154.082,99.849,95.343
265.909,142.655,99.401,95.788
265.776,131.164,99.340,96.076
267.016,118.670,99.292,96.267
268.308,107.901,99.032,96.924
266.358,95.341,99.055,97.279
265.862,90.661,99.573,97.866
267.387,77.340,99.264,98.282
266.159,73.514,99.345,99.123
266.340,68.600,99.270,99.868
267.792,63.648,98.345,101.151
267.606,59.145,97.195,102.786
268.653,55.853,96.536,103.705
269.317,52.150,95.867,104.332
271.168,50.181,94.884,104.863
274.183,47.184,94.019,105.331
277.687,44.350,93.276,105.544
281.118,42.911,91.426,105.570
285.333,42.782,90.027,105.729
291.427,43.019,88.614,105.713
300.688,46.478,84.447,108.505
309.113,46.379,81.535,110.243
314.709,47.999,80.276,110.665
323.206,51.844,79.621,110.673
327.795,54.124,79.254,111.056
336.636,54.912,78.623,111.638
346.845,54.759,77.950,112.287
357.205,55.753,77.298,113.024
366.761,55.724,76.596,114.093
376.362,54.996,75.815,114.568
387.484,56.533,76.151,114.207
402.008,56.854,79.940,109.903
412.228,56.736,83.652,105.415
421.217,59.771,86.510,101.581
437.628,64.889,89.838,98.246
450.773,67.358,92.732,95.854
462.138,68.598,94.502,93.882
469.723,72.788,97.868,91.403
477.686,76.670,99.744,89.679
486.066,82.650,100.077,88.778
495.756,88.430,99.355,88.520
501.032,92.663,98.440,88.769
504.975,95.880,97.753,88.850
507.103,99.807,98.147,88.136
509.126,105.087,98.660,87.385
505.151,108.741,98.693,87.488
501.912,113.806,98.193,87.377
496.908,116.294,96.956,88.588
490.050,119.802,95.684,89.561
485.408,125.511,94.496,90.151
477.623,129.320,94.489,90.213
468.680,132.856,95.403,89.774
461.347,138.045,95.757,89.546
458.036,142.720,94.491,89.904
450.860,144.310,93.484,90.658
440.797,145.786,93.938,90.927
432.557,148.171,94.260,91.128
423.116,151.111,94.963,91.083
414.979,156.144,96.324,90.299
409.071,162.156,98.669,89.156
402.689,167.922,100.854,88.286
391.810,171.273,100.914,87.655
388.034,175.876,101.295,87.413
378.686,179.530,99.649,88.481
371.714,181.828,97.407,89.804
363.316,186.188,98.098,88.756
354.379,190.747,98.793,88.016
345.244,193.502,98.982,88.025
339.307,197.809,99.092,87.679
331.496,201.091,99.186,87.978
324.651,204.807,98.812,88.532
319.672,208.233,98.640,89.721
314.182,211.437,98.195,91.370
309.693,214.041,97.498,92.840
303.613,205.935,98.109,92.762
302.334,208.246,97.272,94.359
307.194,209.676,95.903,95.438
313.795,209.550,94.868,95.932
318.251,209.847,94.380,96.440
324.221,209.755,93.735,97.170
330.686,210.223,93.422,97.077
339.799,210.533,92.805,97.061
349.965,212.545,93.067,96.663
361.940,218.044,93.826,95.264
370.357,222.958,94.732,94.164
377.441,226.412,96.559,93.277
391.403,229.355,98.155,92.646
406.275,232.757,99.064,91.831
418.698,236.478,98.869,91.939
428.695,240.723,98.823,91.390
435.124,245.015,99.095,91.092
442.402,250.895,99.657,90.385
446.267,258.756,100.679,89.560
448.624,266.336,101.971,88.940
451.074,270.413,102.319,89.177
449.609,268.128,102.551,90.211
444.930,266.427,103.414,91.009
439.563,261.836,103.800,92.114
437.234,253.891,103.845,93.702
434.723,240.493,103.971,94.464
433.576,239.759,102.975,95.920
431.379,240.312,101.821,97.016
429.485,241.844,101.181,97.591
430.843,240.113,101.078,97.822
431.747,239.254,101.338,97.796
432.082,237.235,101.841,97.612
432.247,233.654,102.269,97.577
431.668,221.333,103.516,96.533
430.864,212.367,105.153,94.480
429.606,217.524,106.575,93.046
426.212,221.607,107.208,92.899
421.674,224.193,107.606,93.457
416.230,226.046,108.135,94.582
405.035,215.368,108.960,94.436
400.144,215.747,109.984,94.832
387.968,216.239,110.408,95.621
377.747,217.360,110.089,96.426
366.005,218.804,109.065,97.607
354.576,218.149,107.124,99.017
341.790,215.726,106.305,100.245
327.081,214.034,106.388,100.898
313.266,211.399,106.674,101.953
297.230,208.127,107.746,102.981
281.602,203.398,108.204,104.479
267.038,200.734,108.666,105.268
255.798,197.746,107.094,106.487
245.772,194.639,106.068,107.690
236.242,193.603,105.937,108.212
226.828,191.842,106.419,108.759
219.298,191.348,107.649,109.017
212.901,192.492,109.609,109.519
206.288,192.252,110.953,110.970
201.474,192.268,112.275,112.570
194.724,192.841,113.369,114.362
187.907,194.955,114.623,116.758
181.391,196.778,115.869,119.238
178.336,199.087,117.607,121.281
172.934,200.584,118.735,123.372
168.716,201.484,118.898,125.465
162.680,203.627,119.169,126.998
159.851,206.008,119.407,128.457
154.298,208.978,120.982,128.657
154.278,210.330,121.388,129.002
153.532,212.604,121.712,129.145
150.638,212.726,122.650,128.722
147.482,211.707,123.409,128.891
146.372,212.927,123.744,128.844
146.865,212.949,124.386,128.477
144.128,211.153,125.552,127.841
142.324,207.767,126.414,127.229
140.688,201.596,127.052,126.337
139.290,194.270,127.551,126.040
136.383,188.683,128.251,125.342
130.094,180.523,129.551,124.302
125.971,172.629,128.980,124.506
121.977,167.691,128.640,124.481
107.676,159.019,127.107,125.766
100.301,140.637,128.042,125.806
99.697,127.787,127.864,126.555
96.772,113.800,127.065,127.592
99.653,98.035,125.342,128.434
104.030,88.663,123.238,128.811
108.641,79.942,121.773,128.719
111.456,69.310,120.158,129.640
118.782,61.555,118.324,131.237
121.098,56.349,118.727,131.545
128.463,37.170,119.095,130.590
133.934,30.661,118.552,130.006
140.677,22.654,118.664,128.326
148.512,22.441,119.417,125.932
152.611,18.933,120.323,123.806
152.777,13.642,121.386,123.036
156.704,5.648,123.703,122.217
173.405,6.092,122.524,123.623
185.986,4.109,120.754,124.436
200.023,6.181,118.430,124.575
219.469,5.445,110.546,130.096
222.849,5.622,109.826,129.407
229.999,4.916,108.321,128.842
235.974,8.397,106.404,128.446
237.267,12.300,104.566,127.201
241.064,16.254,103.484,125.251
244.057,16.958,102.064,123.604
245.389,22.896,100.405,122.101
245.779,25.157,98.638,120.129
245.315,27.152,97.111,118.206
245.668,30.292,95.763,116.320
244.651,31.997,94.250,114.375
241.839,33.919,92.706,112.501
240.862,34.839,91.094,111.666
241.186,37.593,90.041,110.656
239.994,40.401,88.912,109.369
240.975,44.379,88.007,108.165
241.564,47.836,87.137,106.417
244.231,51.349,86.226,104.800
247.845,51.449,84.915,103.989
253.152,52.649,83.103,103.266
253.631,55.399,82.484,101.591
257.211,57.140,82.053,100.514
262.965,61.715,81.794,99.497
266.815,63.583,81.025,98.330
269.618,63.074,81.926,96.961
271.867,62.296,83.021,95.939
273.958,60.715,83.935,95.509
276.369,59.867,84.200,95.353
278.892,59.812,82.942,95.433
280.442,60.454,81.221,95.534
281.492,60.159,79.878,95.603
283.490,60.786,78.634,95.341
283.744,60.738,77.889,94.682
282.849,61.266,77.642,93.417
283.063,63.672,77.407,92.090
281.179,66.396,77.438,90.489
281.351,70.603,77.172,88.892
278.808,73.700,76.914,87.559
277.610,77.423,76.910,85.810
276.311,79.706,76.678,84.212
275.442,81.374,76.482,83.007
275.163,83.555,76.200,81.809
275.483,86.769,76.248,80.268
277.804,89.072,75.520,79.386
278.553,93.296,74.544,78.691
280.967,95.192,72.931,78.600
281.855,97.064,72.265,77.993
282.838,99.626,71.673,77.548
283.569,103.318,71.285,76.728
283.565,105.528,70.954,75.991
284.153,107.629,70.592,75.261
284.619,110.014,70.270,74.583
286.063,113.047,69.984,73.838
285.636,115.691,69.598,72.807
284.162,119.277,69.206,72.054
285.356,120.742,68.601,71.727
285.544,124.351,67.992,71.237
287.252,128.255,67.814,70.649
288.214,131.825,67.575,70.529
290.208,134.538,67.795,70.571
291.859,135.780,67.925,70.193
293.075,137.495,67.970,69.542
295.279,138.829,67.563,68.989
297.331,141.338,67.015,68.042
299.653,144.131,66.742,66.805
300.892,146.386,66.534,65.797
302.086,149.752,66.462,64.844
303.751,152.864,66.519,63.768
304.520,156.057,66.752,62.588
306.914,158.727,67.484,61.045
307.852,161.387,67.792,60.067
309.607,164.003,68.616,59.145
309.743,165.129,69.347,58.837
310.194,166.059,69.382,58.626
310.072,167.050,69.539,58.288
308.562,168.131,69.377,57.903
308.279,167.679,69.485,57.613
307.807,168.098,69.919,57.172
309.327,168.424,69.720,57.015
309.245,169.222,69.547,56.681
309.375,170.654,69.657,56.259
310.669,170.112,69.923,56.087
310.383,168.941,69.808,56.311
309.927,165.992,69.331,56.927
310.663,164.557,68.636,57.380
311.349,163.539,68.153,57.482
312.497,161.254,67.298,57.853
312.979,157.347,65.918,58.514
311.669,154.300,65.150,58.744
311.857,150.916,64.053,59.458
311.857,147.571,63.406,60.015
312.820,144.589,63.373,59.929
313.514,139.852,63.335,60.034
314.990,135.452,63.278,60.305
314.581,125.144,62.533,61.264
316.275,121.951,62.277,61.975
318.677,119.049,62.514,62.540
322.355,107.945,62.567,62.863
323.449,104.333,63.146,63.092
327.499,101.461,63.862,63.249
331.295,99.283,64.497,63.523
332.187,89.232,65.129,64.078
336.780,87.283,65.601,64.388
339.952,85.745,66.611,64.232
343.891,84.057,67.381,63.965
348.930,82.362,68.208,63.839
356.280,82.746,68.276,63.442
361.358,72.873,69.030,63.605
370.463,71.826,69.434,63.380
376.855,62.041,70.037,64.198
382.134,51.321,69.982,65.283
391.873,41.037,69.730,65.987
400.874,34.190,69.619,66.351
408.945,34.692,69.782,66.479
415.054,27.443,69.638,66.704
423.651,29.159,69.266,66.490
433.453,33.279,69.491,65.822
441.705,37.771,69.603,65.205
452.481,40.891,69.757,65.272
461.451,50.178,70.017,65.579
467.065,53.423,70.172,65.352
473.407,62.276,70.098,65.310
480.388,67.497,70.870,64.750
484.260,72.737,70.400,64.568
486.312,84.491,70.147,64.586
483.737,89.317,70.174,64.272
481.281,101.831,69.907,64.492
479.120,105.902,70.096,64.383
476.681,108.693,69.968,64.747
470.660,112.193,69.557,65.356
467.771,116.089,69.136,65.814
465.959,119.953,68.674,66.135
462.394,124.625,68.042,66.438
460.483,137.946,67.530,66.604
459.347,141.536,67.169,66.813
459.789,147.016,66.711,66.843
458.938,151.752,66.539,67.075
459.223,155.978,66.214,67.380
459.721,160.088,65.806,67.467
463.359,165.340,65.864,66.970
462.451,170.745,65.348,66.907
464.488,174.833,65.325,66.449
462.959,178.340,65.922,65.647
463.716,182.505,66.500,64.613
467.216,185.403,67.434,63.506
472.665,189.926,67.651,63.021
476.859,192.907,67.224,63.395
477.656,195.868,66.275,63.878
481.426,197.970,65.391,64.280
480.174,197.776,64.499,64.888
481.409,197.165,63.985,65.163
480.878,196.694,63.373,65.584
480.778,196.743,63.424,65.714
478.949,196.953,64.024,65.386
477.115,195.311,64.641,65.443
475.724,192.265,65.493,65.497
476.476,182.739,66.179,65.881
478.947,182.361,67.013,65.545
480.170,180.011,67.540,65.382
481.558,169.148,67.759,65.621
481.570,166.564,67.519,66.377
483.567,164.764,67.784,66.677
485.366,153.858,68.040,67.485
486.353,143.738,68.440,67.710
486.431,142.442,69.019,67.614
487.361,141.528,69.745,67.605
486.409,132.396,70.772,67.509
484.989,130.799,71.722,67.772
484.607,121.584,72.442,68.030
483.628,113.432,72.635,68.474
483.919,104.785,72.350,68.875
483.732,103.670,72.066,69.178
481.159,100.829,71.959,69.897
475.471,91.897,72.280,69.993
472.561,91.512,73.037,70.052
464.195,82.254,73.683,70.206
457.151,72.729,73.512,70.910
452.815,65.336,73.565,71.507
442.537,63.583,73.956,72.041
432.052,61.275,74.293,72.618
422.140,58.710,74.487,73.287
413.369,57.054,74.972,73.630
404.177,56.493,75.721,73.724
393.758,56.445,76.010,74.071
383.558,55.177,76.588,74.276
374.504,53.508,75.590,75.467
365.322,51.602,75.026,75.872
351.439,40.667,75.228,76.033
338.977,37.650,74.622,77.175
329.532,34.207,74.301,78.296
321.347,31.139,74.036,79.335
314.956,29.076,73.407,80.527
306.782,27.719,73.050,81.486
300.155,27.654,72.701,82.003
293.404,28.117,72.401,82.383
284.908,28.138,72.929,82.514
277.019,27.133,73.649,82.819
272.645,25.813,74.348,83.295
269.927,24.801,74.275,83.978
266.631,25.236,74.085,84.497
259.747,26.110,74.861,84.352
257.518,26.490,75.046,83.727
253.754,28.289,75.658,83.057
252.840,29.928,75.681,82.991
250.861,31.783,75.116,83.396
249.021,32.973,74.782,83.781
244.024,35.788,74.850,83.325
239.295,39.174,75.936,81.832
234.573,42.869,77.305,80.407
231.030,45.571,77.460,79.434
226.658,47.341,76.674,79.043
221.683,50.235,75.281,78.954
215.320,53.492,74.652,78.592
211.738,57.999,74.300,77.731
213.301,61.163,73.240,77.305
213.335,64.228,72.734,76.924
210.980,67.434,72.664,76.027
204.339,70.148,73.776,75.539
200.751,72.996,74.957,74.567
197.346,74.974,75.403,73.972
196.752,77.798,75.676,72.981
197.886,80.267,76.275,72.474
198.277,93.693,77.291,71.203
198.843,106.567,78.397,69.961
200.371,109.354,78.787,69.230
199.894,112.224,78.573,68.808
203.005,121.227,78.009,69.904
205.555,131.795,78.393,70.538
208.262,133.010,78.435,71.117
208.588,144.596,78.798,71.072
208.587,148.408,79.439,70.782
207.907,152.366,80.157,70.482
207.609,155.081,80.565,70.385
207.471,156.533,80.994,69.993
207.683,156.446,80.807,70.154
206.953,156.606,80.686,70.301
207.637,157.086,80.927,70.109
206.618,157.527,80.975,70.107
208.016,158.369,81.260,70.116
207.224,160.392,81.524,70.371
206.114,161.276,81.324,70.902
204.622,160.955,81.105,71.548
206.271,160.945,80.630,72.193
204.881,160.928,80.647,72.408
206.551,160.697,80.840,72.261
206.721,162.308,81.191,71.956
206.041,161.694,80.972,72.308
206.362,161.204,80.778,72.665
207.095,161.319,80.517,72.729
207.456,161.865,80.244,72.824
208.612,161.686,79.973,72.854
207.331,162.390,79.808,72.651
207.388,162.330,79.404,72.470
206.482,162.273,79.135,72.505
208.200,163.295,79.399,72.229
205.051,163.892,79.719,71.820
205.948,164.746,79.544,71.465
206.680,164.354,79.265,71.339
207.776,163.842,79.137,71.096
206.130,163.410,79.202,70.810
207.913,163.729,78.948,70.871
206.377,162.956,78.959,70.794
208.767,163.061,78.892,70.945
207.412,164.225,79.119,70.797
207.525,164.541,79.638,70.198
206.708,164.040,79.698,70.056
209.640,164.678,79.302,70.054
208.147,164.993,79.252,70.011
207.560,165.030,78.887,69.856
207.597,164.636,78.711,69.753
208.033,164.681,78.335,69.683
208.322,164.519,77.728,69.788
208.411,165.494,77.315,69.790
208.783,166.222,77.013,69.483
208.772,166.697,76.809,69.134
208.425,167.157,76.704,68.669
208.884,167.652,76.585,68.271
209.410,167.006,76.722,67.989
208.339,166.982,76.714,68.013
209.519,167.422,76.617,67.827
208.779,167.104,76.684,67.943
208.969,167.497,76.535,67.935
208.781,167.743,76.512,67.906
208.837,167.636,76.615,67.765
208.677,166.778,76.378,67.693
209.444,166.901,76.416,67.460
209.418,166.580,76.526,67.366
209.488,166.098,76.648,67.297
209.466,166.206,76.616,67.363
209.684,166.256,76.675,67.412
208.496,166.143,76.815,67.569
208.744,166.138,76.768,67.564
208.869,166.335,76.751,67.627
208.826,166.795,76.691,67.553
209.156,166.813,76.555,67.348
208.750,166.216,76.646,67.230
209.369,167.095,76.395,67.119
208.016,166.985,76.658,67.087
208.910,166.626,76.372,67.088
209.034,167.153,76.310,67.116
208.434,166.819,76.155,67.109
208.716,166.893,75.810,66.986
209.133,167.352,75.619,66.874
209.137,167.196,75.436,66.871
209.283,167.576,75.273,66.772
209.359,167.820,75.317,66.662
208.854,167.496,75.337,66.586
208.612,168.223,75.114,66.574
208.749,168.303,75.275,66.280
209.095,168.989,75.360,65.919
209.169,168.507,75.503,65.782
208.728,168.721,75.470,65.715
208.874,169.488,75.529,65.538
208.725,169.929,75.401,65.528
208.382,170.391,75.269,65.496
208.268,170.484,75.528,64.862
208.426,170.231,75.596,64.526
208.330,170.993,75.379,64.528
208.379,170.807,75.417,64.191
208.627,170.937,75.250,64.007
208.533,171.505,75.110,63.790
208.151,170.914,75.040,63.532
208.505,170.323,74.579,63.668
209.340,170.803,74.639,63.673
209.310,171.217,74.385,63.674
208.449,170.689,74.296,63.549
209.176,171.669,74.511,63.342
208.215,170.841,74.318,63.417
208.701,170.688,74.122,63.552
208.905,170.293,73.802,63.657
208.501,170.783,73.546,63.727
208.458,171.919,73.646,63.491
208.671,172.519,73.896,63.015
208.733,172.741,74.046,62.558
208.497,172.786,73.964,62.172
209.430,173.694,73.914,61.802
209.177,173.209,73.692,61.487
208.587,172.954,73.185,61.519
208.831,171.993,73.034,61.379
209.397,173.545,72.569,61.589
209.719,173.587,72.323,61.264
209.313,173.641,72.393,60.713
209.778,173.034,71.924,60.877
209.310,172.732,71.891,60.941
209.295,172.956,71.355,61.160
208.699,172.532,70.707,61.242
208.453,173.858,70.145,61.030
207.036,174.130,69.316,60.717
201.917,165.437,68.893,60.488
196.443,164.790,68.182,60.459
218.044,140.052,72.714,55.868
204.320,140.367,77.826,51.872
198.600,134.652,82.722,48.156
215.480,153.433,88.256,44.736
218.927,156.818,92.463,41.482
209.833,159.402,95.401,39.511
203.603,160.031,98.011,38.123
201.529,160.675,100.634,36.638
199.359,160.526,102.671,35.717
199.170,159.813,104.447,35.211
202.702,159.211,106.512,34.697
206.043,158.585,107.861,34.822
208.176,157.361,109.015,35.062
212.484,157.355,110.341,35.369
218.549,157.148,111.575,35.462
224.901,157.218,112.924,35.464
231.283,157.017,113.567,35.681
235.583,157.855,114.355,35.906
248.353,157.762,112.839,36.867
251.119,157.507,112.595,37.325
259.610,156.962,111.174,37.826
262.974,158.135,109.107,39.485
269.998,157.268,105.161,41.570
269.087,156.939,103.324,42.855
259.117,148.133,104.598,41.952
251.276,142.356,108.164,40.128
254.530,141.618,109.740,39.499
252.080,139.481,112.030,38.854
251.167,137.392,113.771,38.653
247.529,135.569,115.169,38.577
246.381,133.714,116.661,38.707
252.774,135.596,114.917,40.318
242.523,134.098,116.144,40.723
243.039,126.404,118.038,40.198
244.081,127.425,119.316,40.201
246.354,126.818,120.559,40.605
245.839,125.366,121.463,41.420
248.698,123.628,122.228,42.285
255.610,123.721,121.756,44.039
254.095,120.778,122.710,44.739
260.263,118.936,121.493,46.929
260.720,117.352,119.818,49.155
262.164,116.497,118.040,51.198
266.943,115.863,116.364,53.091
266.724,113.926,114.675,55.650
269.235,112.185,113.708,57.201
269.340,110.607,113.055,58.469
269.409,109.183,112.771,59.449
269.378,108.065,112.729,60.136
271.095,108.100,112.236,60.661
280.374,117.605,108.458,66.213
290.741,115.561,103.941,70.918
297.584,117.695,99.570,74.706
303.691,118.053,95.772,78.055
307.427,120.363,93.167,80.311
313.528,121.833,91.775,81.896
313.775,123.008,91.911,82.726
317.734,122.858,92.079,83.530
318.900,124.709,92.877,83.859
323.064,127.270,93.250,83.955
326.561,131.030,93.566,83.966
330.365,134.539,94.196,84.135
334.310,137.659,94.997,84.269
335.993,139.790,94.718,85.029
337.933,143.954,94.840,85.485
340.035,147.055,94.439,86.247
338.995,150.991,94.105,86.533
337.801,155.008,94.674,86.588
338.503,158.410,95.872,86.409
338.895,162.460,95.894,86.956
337.314,165.848,95.524,87.553
332.689,171.081,95.958,87.404
326.966,178.741,96.899,86.835
321.947,183.536,98.298,86.382
312.868,189.791,99.128,86.258
307.094,197.126,98.422,86.188
299.527,202.915,97.372,87.154
296.038,208.817,96.450,88.281
290.680,215.128,95.138,89.517
290.161,220.535,93.174,90.854
291.933,224.946,91.471,91.724
293.026,227.806,90.657,91.818
294.331,231.159,89.634,92.136
293.852,233.984,89.565,91.838
297.542,237.035,89.228,91.229
300.621,239.684,89.247,90.481
303.062,240.695,88.386,90.430
305.183,241.487,87.506,90.208
306.819,241.177,86.529,89.892
306.428,241.405,86.089,89.392
306.834,241.031,85.481,89.135
307.100,241.068,85.272,88.910
306.739,241.181,84.778,88.788
307.114,241.635,84.368,88.546
307.369,242.130,84.135,88.273
307.178,242.986,83.806,87.868
308.247,242.787,83.601,87.290
307.864,243.405,83.532,86.808
307.125,242.313,83.636,86.330
308.006,243.142,83.340,86.145
307.295,244.282,83.393,85.806
307.957,244.336,83.297,85.430
307.370,244.407,83.068,85.260
308.112,244.408,83.120,84.886
307.632,244.098,83.098,84.717
307.369,244.522,83.071,84.531
308.198,245.001,83.016,84.095
307.166,244.869,82.957,84.032
308.118,244.253,82.992,83.843
307.420,244.542,83.238,83.547
307.894,244.881,83.421,83.149
307.359,244.888,83.339,83.218
307.755,245.434,83.406,83.019
307.253,244.961,83.119,83.190
307.742,244.426,82.842,83.133
306.853,245.564,83.144,82.908
308.249,245.311,82.970,82.902
307.717,245.801,83.106,82.668
307.797,244.718,82.868,82.954
307.016,245.367,83.091,82.815
308.304,245.453,83.042,82.725
307.999,245.953,83.140,82.643
307.274,244.472,82.853,83.006
308.845,245.794,82.922,82.794
306.906,244.557,83.113,82.807
308.069,245.580,83.246,82.691
307.394,245.324,83.052,82.910
307.901,245.849,83.108,82.652
308.014,244.756,82.822,82.888
307.347,245.174,83.021,82.843
308.558,244.896,83.080,82.706
306.307,244.868,83.130,82.820
309.676,244.862,83.214,82.730
306.796,244.389,83.321,82.457
308.537,245.599,83.368,82.340
306.888,245.653,83.470,82.493
308.736,245.034,83.134,82.798
306.537,244.783,83.161,82.893
308.624,244.708,83.192,82.995
306.900,245.275,83.453,83.087
308.276,244.631,83.057,83.180
306.356,245.635,83.354,83.019
308.976,245.487,83.102,83.091
307.035,244.791,83.198,83.305
308.451,244.928,83.100,83.154
307.012,245.043,83.095,83.209
307.969,244.970,82.918,83.135
307.533,245.388,83.008,83.052
308.030,245.214,82.905,82.913
307.516,245.523,83.048,82.780
306.705,245.817,83.219,82.668
308.320,244.428,83.138,82.753
308.345,245.583,83.431,82.455
306.438,245.293,83.413,82.599
308.708,245.037,83.274,82.749
306.587,244.730,83.473,82.743
309.215,245.246,83.848,82.649
306.842,244.785,83.975,82.419
307.643,245.639,83.941,82.418
305.944,245.026,83.547,82.894
308.546,244.886,83.478,83.086
306.667,244.886,83.624,83.153
307.725,244.795,83.639,83.074
307.063,245.030,83.509,83.175
308.314,244.807,83.517,83.182
306.523,245.281,83.658,83.236
307.889,245.536,83.373,83.204
307.523,244.971,83.083,83.356
307.873,244.375,82.775,83.218
307.254,245.250,83.165,83.043
307.825,245.065,82.980,82.858
307.130,245.326,83.075,82.815
308.467,245.386,83.003,82.708
306.720,245.483,83.052,82.819
308.283,245.603,82.994,82.680
307.781,245.074,82.978,82.710
307.498,245.453,83.070,82.610
307.323,245.593,83.122,82.480
307.250,244.378,82.881,82.558
307.399,245.322,83.208,82.290
307.366,245.815,83.242,82.214
307.178,244.587,83.025,82.396
307.550,245.650,83.352,82.052
307.513,244.857,83.011,82.213
308.126,246.100,83.144,81.969
307.459,245.659,83.084,82.241
307.304,244.896,82.866,82.311
307.755,245.367,83.139,82.113
307.481,245.671,83.022,82.024
307.493,245.959,82.794,82.046
308.549,245.771,82.803,82.187
306.725,245.217,82.656,82.727
308.961,244.038,82.611,82.956
307.508,245.395,82.914,82.893
307.557,245.862,83.085,82.633
307.657,244.782,82.966,82.718
307.844,246.046,83.202,82.392
307.212,244.948,83.105,82.533
308.535,244.772,83.064,82.514
306.566,245.680,83.313,82.413
308.033,244.851,83.075,82.533
307.435,245.962,83.258,82.421
307.932,244.965,82.988,82.641
307.317,244.955,83.016,82.648
307.444,245.156,82.978,82.510
307.280,245.737,83.019,82.338
307.456,244.773,82.793,82.503
307.748,245.820,83.017,82.325
307.680,244.772,82.715,82.492
308.024,245.672,83.071,82.205
307.503,244.843,83.009,82.444
307.715,245.580,83.270,82.148
307.727,244.419,83.060,82.336
307.905,245.441,83.232,82.133
305.349,245.098,83.339,82.460
309.297,244.147,83.176,82.375
307.243,244.535,83.524,82.139
307.773,245.828,83.803,81.882
307.281,246.119,83.676,82.035
307.176,245.215,83.233,82.270
306.885,245.995,83.395,82.101
306.356,244.155,83.367,82.369
305.113,243.364,83.615,82.408
303.352,241.440,83.781,82.315
301.527,238.955,83.827,82.068
297.616,236.199,83.334,82.355
299.815,233.006,82.631,82.697
300.963,229.816,82.535,82.714
304.111,226.648,82.647,82.798
305.444,223.525,83.142,83.009
309.739,219.869,84.127,82.915
313.498,216.772,85.132,83.170
318.257,212.949,86.154,83.341
322.384,208.981,87.601,83.293
325.770,204.079,88.413,83.246
330.624,193.591,89.347,83.203
336.846,184.278,89.546,83.803
343.402,181.993,89.830,84.525
352.316,170.898,89.300,85.615
357.957,170.062,89.322,86.150
365.604,168.678,89.541,86.500
372.657,147.013,91.183,85.837
382.722,141.442,92.151,85.305
387.645,141.734,92.716,85.396
396.550,134.944,93.366,85.457
406.491,138.040,93.367,85.955
410.663,137.282,95.093,85.946
415.997,138.185,97.075,85.568
421.018,137.160,98.613,85.810
424.542,136.866,99.359,86.656
426.459,137.428,100.263,87.848
431.233,137.858,101.228,88.894
434.807,139.949,101.914,90.080
439.941,140.432,102.417,92.042
441.920,143.668,102.502,93.523
446.825,143.228,101.496,96.388
449.454,144.610,101.038,98.169
452.402,147.154,100.419,99.336
457.285,150.329,99.661,100.306
459.482,152.461,98.499,101.289
462.998,155.439,97.521,101.730
464.415,160.010,97.043,101.405
466.545,163.720,96.645,101.255
467.856,166.250,96.624,100.874
470.482,169.545,96.976,100.546
471.676,172.693,96.845,100.546
474.256,173.209,96.615,100.749
472.843,176.196,96.103,101.017
472.245,177.545,95.693,101.285
472.329,182.309,95.139,101.138
470.970,184.688,94.218,101.244
469.469,186.337,93.441,101.252
467.642,187.622,92.668,100.893
467.074,188.236,92.047,100.437
465.297,187.780,91.322,99.782
463.728,187.031,90.543,98.907
461.938,185.832,90.149,97.702
459.546,186.214,89.361,97.221
457.274,183.611,88.340,96.903
456.888,182.371,87.970,96.749
455.394,182.322,87.519,96.664
455.490,181.379,87.377,96.362
455.426,180.264,87.129,96.193
455.842,179.244,86.801,96.447
457.891,177.355,86.239,96.523
459.234,174.916,86.243,96.545
461.994,172.318,85.905,96.628
463.630,170.666,85.512,96.526
465.762,168.738,85.470,96.220
467.518,167.707,85.329,95.782
468.528,166.011,85.305,95.358
470.446,166.684,85.226,95.198
470.858,165.714,84.222,95.245
469.495,164.597,83.210,95.272
469.788,164.302,82.166,95.218
470.209,168.191,81.079,94.773
463.126,167.542,81.166,93.999
462.770,166.945,80.888,93.927
460.308,166.796,80.292,93.637
459.928,165.197,80.024,93.265
459.474,164.101,80.168,92.521
461.964,163.294,80.738,91.652
463.313,162.473,82.201,90.588
463.125,161.387,84.031,89.993
464.638,161.793,85.835,89.567
464.524,162.257,88.123,89.339
464.904,162.660,89.791,89.756
464.643,162.214,91.440,90.383
464.906,163.029,93.244,90.629
465.136,163.044,94.554,90.613
464.548,162.887,95.259,91.074
464.896,163.357,94.886,91.811
461.713,160.573,94.445,92.875
467.548,158.505,93.690,93.755
467.076,156.662,94.214,93.534
471.903,154.375,94.143,93.930
470.953,152.558,94.170,94.357
470.085,151.656,93.540,95.417
464.428,151.886,92.415,96.002
458.394,151.585,91.753,96.288
450.647,152.867,91.423,96.441
444.018,152.966,91.697,96.508
436.669,153.953,91.594,96.826
430.461,154.235,91.210,97.244
425.588,156.518,91.791,96.809
422.194,157.998,92.641,96.231
421.699,156.928,93.936,95.257
418.975,155.814,95.586,94.620
416.463,153.557,97.163,95.553
416.014,151.916,96.614,97.702
432.700,153.157,95.248,99.816
434.805,155.462,93.134,102.054
445.820,158.058,90.957,103.615
446.145,159.999,89.291,104.282
447.544,162.066,88.310,104.536
446.648,163.227,88.346,104.509
438.441,154.034,89.144,104.811
429.761,155.818,90.528,104.506
423.268,159.699,92.977,103.455
419.239,161.244,94.720,102.728
414.682,164.425,96.737,102.040
411.016,166.890,98.603,101.791
407.601,169.763,101.233,101.076
401.951,173.108,103.033,100.043
396.912,178.189,105.664,98.226
381.496,184.214,107.166,97.561
363.851,177.788,107.500,96.922
348.489,184.219,106.480,96.080
338.082,187.208,107.323,96.700
327.533,188.206,107.809,99.320
315.036,192.890,107.583,100.318
301.751,196.516,106.891,101.833
296.357,197.497,106.615,104.138
289.235,197.603,106.681,105.470
281.256,195.685,106.474,106.941
272.736,195.055,106.954,107.700
264.245,194.498,107.017,108.482
257.328,191.639,105.629,109.730
255.295,188.859,104.231,110.363
252.630,187.666,103.693,110.296
252.740,185.144,103.830,109.588
253.411,182.601,104.032,109.083
254.330,181.113,105.003,108.429
258.482,179.124,105.605,108.001
264.759,170.406,107.302,107.417
269.167,167.056,108.339,107.768
278.367,160.541,108.741,108.577
287.017,154.704,109.382,108.608
294.710,136.118,109.286,108.776
302.161,130.522,108.823,108.880
303.907,122.838,108.334,109.800
305.582,113.978,106.902,111.146
306.596,105.005,105.742,111.928
309.604,97.971,104.980,112.063
311.139,93.717,104.710,111.580
310.943,89.959,104.283,111.677
306.633,85.994,103.699,111.984
303.431,83.113,102.269,113.086
301.605,78.732,101.074,113.548
297.168,75.107,100.638,113.515
289.765,60.836,99.688,112.961
283.656,56.618,98.741,112.867
279.831,53.066,96.854,112.778
274.982,52.136,96.122,111.736
270.010,53.098,95.242,111.094
268.085,53.966,94.334,110.294
266.849,55.942,92.982,109.217
266.427,57.148,91.604,108.371
266.179,58.779,90.572,107.034
267.554,60.953,89.890,105.782
271.154,64.292,89.491,104.106
274.638,64.979,89.242,102.920
276.790,66.450,89.471,101.644
282.846,68.902,89.294,100.373
291.994,73.787,88.418,98.670
299.577,79.666,87.628,96.665
305.979,85.984,87.351,93.910
311.535,92.449,87.230,91.135
318.896,98.702,86.742,88.744
326.507,107.451,86.530,86.136
333.889,114.350,86.467,84.223
340.259,119.929,86.510,82.911
345.677,135.600,86.571,81.822
350.537,142.384,86.864,80.706
353.971,149.455,87.183,79.353
358.024,157.880,87.390,78.327
356.264,164.068,87.548,77.752
353.752,165.266,87.595,78.251
347.287,165.163,88.200,79.045
340.265,166.735,89.346,79.034
333.935,171.839,90.950,78.600
327.096,175.918,92.102,78.498
317.962,181.524,91.767,78.695
312.241,186.147,91.387,79.836
305.822,186.769,90.287,81.260
298.651,185.970,89.549,82.519
293.581,183.943,88.480,83.909
287.201,180.767,87.465,85.212
287.241,176.978,87.233,85.217
289.702,174.683,86.835,85.188
291.528,172.375,86.801,84.861
296.705,170.444,85.451,85.284
300.022,169.183,84.707,85.685
304.567,168.914,84.350,85.793
305.649,168.190,83.957,85.399
306.874,166.703,83.752,85.094
310.377,157.060,83.935,84.345
314.118,156.722,83.877,83.643
314.327,148.061,84.538,82.504
314.731,150.581,84.289,81.986
314.163,152.970,83.438,82.265
311.377,153.538,82.736,82.950
307.819,152.490,82.818,83.012
302.622,150.597,83.005,83.463
296.663,143.150,84.412,82.297
289.299,144.439,85.735,81.915
284.581,144.256,86.598,81.388
281.864,142.908,86.932,81.917
280.712,142.406,88.191,81.812
280.513,142.081,88.463,82.542
283.144,142.397,88.881,82.605
289.142,142.937,88.273,82.989
295.090,141.749,86.745,83.286
295.277,141.149,85.933,83.884
294.148,142.023,85.214,84.545
295.963,142.223,84.455,85.042
294.787,136.796,84.629,84.630
292.731,140.564,84.447,85.276
295.290,141.898,84.087,86.245
296.112,140.770,83.961,87.127
294.489,139.852,84.321,87.497
294.623,139.623,84.438,86.967
295.824,137.502,84.096,86.723
297.168,136.812,83.979,86.280
297.300,137.603,84.209,85.419
296.536,137.370,83.905,85.364
297.794,137.408,84.053,84.553
298.247,137.121,84.055,83.906
300.624,137.077,83.698,83.675
300.789,135.107,83.560,83.783
300.896,134.255,83.471,83.261
301.807,133.263,83.674,82.604
301.280,133.790,84.032,82.017
301.270,134.361,84.453,81.545
301.680,135.367,84.810,81.184
302.057,135.848,84.868,81.076
302.412,134.905,84.723,81.156
302.271,134.425,85.003,81.090
302.036,134.477,85.530,80.876
302.645,134.832,86.016,80.553
303.593,135.694,86.673,80.160
302.256,135.225,86.892,80.278
302.410,134.817,87.142,80.281
302.272,135.966,87.994,79.769
301.125,136.977,88.712,79.612
299.804,137.072,89.325,79.159
298.690,136.491,89.493,78.941
299.880,135.831,89.617,78.448
298.590,135.559,89.722,78.223
297.948,135.374,89.952,77.823
297.306,134.994,90.169,77.420
297.719,134.233,89.697,77.490
298.052,133.405,89.594,77.313
298.281,133.787,89.522,77.042
298.351,133.163,89.217,77.248
298.638,131.904,88.999,77.595
299.729,130.520,88.386,78.294
300.239,130.031,87.601,79.129
300.353,130.817,86.988,79.380
298.465,130.351,86.155,79.788
296.655,130.804,85.646,80.007
294.095,131.377,85.338,79.986
292.184,131.720,85.038,79.957
293.660,131.204,83.884,80.278
292.159,130.447,83.211,80.542
292.814,128.545,82.585,80.757
293.015,129.215,82.415,80.752
292.678,121.697,81.932,80.222
296.242,123.828,81.050,79.954
294.787,125.449,80.729,79.630
298.166,124.747,80.150,79.170
298.450,123.944,80.049,78.829
298.908,122.917,79.695,78.724
301.202,123.247,78.939,78.473
301.740,121.923,78.412,78.487
303.812,120.919,77.394,78.641
305.915,119.753,76.477,78.739
310.135,118.834,75.627,79.070
312.817,117.640,75.693,79.094
316.844,116.870,75.842,78.918
320.385,115.716,76.060,78.714
321.888,116.568,75.863,78.294
325.855,117.503,75.399,77.857
330.076,118.363,75.239,77.570
334.489,118.324,75.200,77.363
338.534,119.438,74.927,77.211
343.359,120.843,74.909,77.069
347.801,122.797,75.594,76.681
351.078,125.134,76.404,76.346
355.829,127.024,76.845,76.254
358.185,128.505,76.945,76.525
362.856,129.925,76.999,76.472
366.594,131.761,77.310,75.943
371.492,132.870,77.470,75.309
374.531,134.052,78.459,74.500
378.160,135.375,79.078,73.867
379.681,135.482,79.702,73.454
381.482,136.806,80.319,73.139
382.537,137.856,80.725,72.910
383.872,137.997,81.365,72.674
384.875,138.082,81.818,72.775
385.428,138.217,82.455,73.005
385.612,139.113,82.915,73.220
385.104,139.893,83.118,73.554
385.283,139.504,83.227,74.074
385.089,139.431,83.502,74.378
384.420,138.811,83.525,74.754
384.317,137.836,83.588,75.023
385.808,137.180,83.221,75.495
386.861,136.675,82.935,75.926
387.084,136.756,82.629,76.533
389.543,137.228,82.333,77.129
390.109,137.237,82.228,77.472
392.322,137.983,81.860,77.931
395.204,138.526,81.198,78.725
398.237,139.759,81.007,79.172
401.247,141.736,81.129,79.178
404.340,144.703,81.274,79.040
407.854,147.017,81.787,78.738
410.876,148.672,82.176,78.622
413.030,151.461,82.425,78.363
414.574,154.579,82.959,78.292
415.715,156.901,83.647,78.142
418.231,159.303,84.218,77.876
418.458,162.715,85.237,77.736
417.749,166.034,85.839,77.810
417.337,168.866,86.584,77.591
416.042,171.462,87.650,77.409
414.048,173.731,88.504,77.157
412.142,176.721,89.151,77.376
408.806,178.660,89.751,77.397
405.862,180.822,89.826,77.696
402.121,172.727,89.851,78.024
394.220,174.202,89.827,77.735
390.495,167.770,89.798,77.609
385.612,167.754,89.596,78.439
379.161,168.362,89.167,78.521
373.194,168.268,89.755,78.849
369.738,160.940,89.345,79.360
363.895,160.915,88.810,80.219
358.459,153.021,87.814,80.833
355.203,153.054,86.175,81.788
352.238,151.484,84.775,82.399
352.262,149.575,83.143,83.194
351.643,148.500,81.955,83.850
351.699,147.507,81.270,84.255
349.925,146.152,80.619,84.546
353.081,144.144,79.621,84.474
