164.000,121.000,27.000,24.000
164.096,121.685,27.195,23.371
165.797,122.395,28.734,21.806
164.307,122.108,28.605,21.710
164.295,122.428,28.400,21.573
165.935,122.417,28.065,21.710
166.628,121.788,27.762,21.930
166.783,121.605,27.572,21.985
166.595,122.252,27.547,21.805
167.045,122.155,27.554,21.683
167.268,122.317,27.530,21.575
166.880,123.436,28.659,20.370
168.026,122.650,28.273,20.627
167.587,125.153,29.216,19.674
168.336,124.334,28.522,20.246
168.734,123.528,28.122,20.492
169.331,123.117,27.649,20.832
168.437,122.951,27.627,20.868
169.322,122.945,27.379,20.976
169.692,122.346,27.251,21.031
170.151,122.770,27.278,21.005
171.172,122.584,27.252,20.883
171.030,123.273,27.173,20.918
171.283,123.226,27.089,20.811
171.189,123.185,27.092,20.870
171.340,122.824,27.007,20.896
171.255,125.789,28.164,19.847
171.777,122.558,27.765,20.179
171.052,121.734,27.564,20.394
170.777,121.154,27.408,20.552
171.291,121.736,27.296,20.744
171.070,122.658,28.463,19.679
170.266,123.152,29.305,18.964
169.799,123.843,28.819,19.431
170.302,124.069,28.341,19.891
169.626,124.394,28.067,20.173
170.022,123.954,27.733,20.427
169.658,124.005,27.815,20.403
169.633,123.702,27.554,20.641
169.295,122.965,27.392,20.656
168.648,123.134,27.542,20.527
169.308,122.904,27.292,20.733
169.132,123.356,27.369,20.618
168.870,123.994,27.302,20.677
168.931,126.191,27.516,20.463
168.339,126.736,27.524,20.421
169.079,126.689,27.456,20.476
169.194,126.444,27.378,20.599
168.447,126.510,27.474,20.615
168.566,125.997,27.443,20.684
168.981,125.652,27.497,20.749
168.281,126.411,28.759,19.610
168.231,126.096,28.591,19.859
167.917,125.325,28.228,20.125
167.741,125.835,29.285,19.223
167.650,126.071,30.122,18.571
167.199,125.258,29.438,19.228
167.035,127.702,29.941,18.759
167.298,127.237,30.375,18.408
167.324,127.390,30.770,18.079
167.403,127.498,31.059,17.839
167.215,127.172,31.236,17.654
166.866,129.381,31.513,17.619
166.531,128.319,31.732,17.512
166.643,127.462,31.648,17.609
166.618,127.176,31.801,17.539
166.070,126.454,31.727,17.568
166.554,125.930,31.816,17.574
165.795,125.334,31.766,17.590
166.432,125.514,32.029,17.473
166.427,125.284,32.127,17.455
166.142,125.652,32.070,17.465
166.956,126.353,32.253,17.414
165.875,128.647,32.360,17.313
165.995,127.888,32.526,17.263
165.947,127.418,32.509,17.369
165.354,126.874,32.456,17.396
166.271,128.911,32.410,17.315
166.239,127.966,32.432,17.292
166.153,127.187,32.400,17.385
166.292,125.843,31.274,18.434
167.833,124.664,30.497,19.145
167.049,126.895,30.937,18.688
166.552,126.838,31.297,18.354
167.834,125.186,30.299,19.068
167.651,127.340,30.759,18.607
167.422,126.903,31.281,18.273
166.976,126.984,31.498,18.010
168.402,127.072,31.629,17.798
169.195,125.654,30.581,18.798
168.308,127.858,30.723,18.537
168.001,127.750,31.159,18.139
168.004,127.244,31.401,17.921
168.522,126.740,31.442,17.811
170.413,125.110,30.248,19.063
170.952,124.141,29.515,19.996
171.614,125.105,29.047,20.386
171.173,127.541,29.999,19.555
171.330,125.766,29.346,19.997
171.861,125.376,29.121,20.411
172.703,124.539,28.779,20.714
171.946,125.978,28.677,20.821
172.694,125.779,29.718,19.840
172.744,126.145,30.367,19.317
172.671,128.464,31.022,18.596
172.074,128.580,31.453,18.186
173.127,128.510,31.977,17.705
171.592,128.244,32.362,17.381
173.251,127.424,32.343,17.316
173.185,127.156,32.133,17.342
173.328,126.814,31.961,17.402
172.998,126.912,32.209,17.338
172.266,127.007,32.089,17.455
172.981,127.063,31.868,17.516
173.574,126.182,30.724,18.518
172.782,128.758,31.123,18.030
174.041,127.974,31.306,17.720
172.805,127.973,31.500,17.533
173.205,128.100,31.400,17.478
173.724,128.217,31.577,17.317
172.555,128.145,31.611,17.246
172.903,128.124,31.738,17.143
173.314,127.527,31.650,17.152
172.138,126.854,31.561,17.176
171.788,126.847,31.804,17.092
171.946,127.071,32.045,16.947
172.379,127.063,32.335,16.832
171.690,127.000,32.592,16.738
171.982,129.604,32.346,16.956
171.487,129.770,32.456,16.899
171.050,129.388,32.517,17.018
170.607,129.359,32.703,16.938
170.754,129.340,32.705,16.910
171.298,129.023,32.505,17.004
172.062,128.587,32.677,16.878
171.636,128.438,32.616,16.894
171.086,127.768,32.616,16.885
171.704,127.298,32.505,17.006
170.913,127.124,32.635,17.004
171.781,126.963,32.448,17.184
171.770,126.762,32.451,17.240
171.520,126.662,32.594,17.231
171.421,126.555,32.606,17.381
172.075,125.050,31.534,18.416
171.327,124.890,32.061,18.109
170.924,124.624,32.145,18.118
170.962,124.409,32.350,18.010
170.051,124.345,32.846,17.752
170.741,123.527,31.722,18.935
171.294,123.738,31.972,18.533
170.824,123.698,32.175,18.397
169.614,123.804,32.479,18.148
170.538,125.778,32.655,17.959
170.118,125.558,32.708,17.973
169.723,125.658,32.664,17.963
170.523,125.177,31.557,18.995
170.400,128.079,31.930,18.648
170.167,127.871,32.164,18.404
169.590,127.614,32.242,18.273
170.630,127.298,32.357,18.115
169.918,126.994,32.780,17.947
169.562,126.900,33.029,17.665
170.329,126.994,33.122,17.599
169.660,126.770,33.149,17.651
169.224,126.586,33.235,17.617
169.517,126.444,33.272,17.598
169.182,126.538,33.469,17.532
170.624,129.071,33.604,17.312
168.962,128.922,33.560,17.377
169.914,131.249,33.363,17.391
169.913,130.500,33.088,17.401
169.116,130.232,32.870,17.395
169.014,129.265,32.861,17.349
169.378,128.517,32.920,17.331
169.321,130.853,33.031,17.174
168.788,129.968,33.081,17.091
168.477,129.130,33.012,16.960
168.496,128.429,32.809,17.000
168.355,127.695,32.794,16.836
167.819,127.229,32.747,16.818
168.382,126.273,32.500,17.030
167.894,125.702,32.400,17.133
168.055,125.738,32.455,17.082
168.484,125.585,32.262,17.169
167.608,125.242,32.414,17.109
167.783,125.071,32.338,17.151
167.558,127.186,32.054,17.256
167.525,126.527,32.085,17.255
167.226,125.903,32.187,17.193
167.349,125.578,32.461,17.016
166.331,124.835,32.405,17.128
166.251,124.316,32.505,17.093
166.289,124.044,32.455,17.115
165.837,123.670,32.510,17.108
165.883,123.069,32.567,16.980
165.608,122.837,32.656,17.005
164.670,122.877,32.919,16.856
164.809,124.942,32.850,16.842
165.106,124.098,32.857,16.885
164.367,123.626,32.784,17.007
163.904,123.038,32.809,16.983
163.369,122.019,32.715,17.047
163.710,121.270,32.694,17.024
162.693,120.895,32.892,16.929
162.138,120.639,32.936,16.931
162.376,120.203,32.933,16.982
162.562,120.597,32.775,16.994
162.402,122.338,32.660,17.101
162.899,120.729,31.440,18.086
162.583,123.015,31.455,17.847
162.094,122.580,31.645,17.688
161.887,122.904,31.916,17.506
162.170,121.121,30.976,18.395
162.201,124.401,31.278,18.155
162.459,124.772,31.594,17.949
162.117,127.059,31.796,17.909
161.615,127.128,31.991,17.634
161.598,127.390,32.051,17.506
161.176,127.381,32.218,17.373
159.726,127.518,32.367,17.183
160.117,127.906,32.320,17.134
160.495,127.617,32.438,17.247
160.298,126.726,32.392,17.350
160.179,125.906,32.596,17.330
159.083,125.755,32.753,17.331
159.679,125.613,32.729,17.382
159.666,123.870,31.672,18.593
158.937,126.212,31.888,18.409
158.718,125.661,32.225,18.127
158.527,125.085,32.458,17.959
158.987,123.808,31.328,19.030
159.395,122.393,30.892,19.667
159.501,122.571,31.738,18.990
158.938,122.797,32.247,18.587
159.105,125.140,32.488,18.307
158.161,124.627,32.880,18.041
159.099,123.640,32.023,18.864
159.385,123.366,32.663,18.465
159.750,122.292,31.821,19.258
159.077,122.002,32.401,18.862
159.971,121.540,33.206,18.366
158.716,121.784,33.517,18.157
158.789,123.994,33.417,18.124
159.077,123.189,33.245,18.192
158.742,122.428,33.334,18.123
159.844,121.870,33.189,18.209
160.197,121.763,33.376,18.037
160.029,121.355,33.532,17.942
159.577,120.696,33.821,17.707
160.360,119.888,33.915,17.708
159.666,119.477,34.146,17.568
160.268,119.405,34.117,17.599
160.245,119.442,34.023,17.586
160.549,121.552,33.729,17.694
161.248,120.930,33.730,17.565
161.047,120.369,33.901,17.472
161.618,120.745,34.010,17.382
160.565,120.781,33.570,17.539
161.137,123.398,33.421,17.544
163.039,122.685,33.145,17.574
162.568,122.098,33.243,17.543
161.826,121.439,33.412,17.397
161.364,121.134,33.470,17.358
162.107,120.915,33.818,17.194
162.016,121.035,33.969,17.144
162.970,120.539,34.081,17.063
162.122,120.268,34.370,17.040
162.826,120.537,34.431,17.036
163.227,122.797,34.315,17.152
164.558,122.235,34.377,17.033
163.543,121.634,34.374,17.069
163.574,121.583,34.305,17.125
164.335,121.486,34.398,17.063
163.754,121.069,34.413,17.104
165.035,121.104,34.263,17.214
165.609,121.299,34.142,17.221
165.002,121.593,34.224,17.188
165.758,121.862,34.158,17.223
166.064,121.913,33.970,17.257
166.324,122.460,33.677,17.308
166.115,122.142,33.729,17.370
167.314,122.075,33.899,17.263
167.810,121.544,33.660,17.506
167.875,121.621,33.730,17.444
167.968,121.943,33.805,17.382
167.491,124.407,33.504,17.485
168.368,123.785,33.135,17.653
168.457,123.521,33.135,17.588
169.875,123.304,33.398,17.445
169.785,123.085,33.394,17.286
169.586,122.720,33.404,17.359
170.093,122.839,33.404,17.385
170.446,122.896,33.327,17.525
170.384,123.127,33.375,17.509
170.256,123.290,33.500,17.484
171.328,122.021,32.272,18.760
171.640,124.621,32.649,18.317
172.122,124.313,32.786,18.212
172.290,123.613,32.850,18.134
172.401,123.247,32.868,17.996
172.776,122.496,32.911,17.882
172.602,121.961,32.902,17.900
172.044,122.167,33.154,17.651
172.847,122.385,33.121,17.488
171.436,124.831,33.202,17.443
171.620,124.415,32.991,17.586
172.560,124.046,33.020,17.604
172.531,124.104,33.017,17.636
172.301,126.425,32.870,17.609
172.612,124.478,31.806,18.515
173.336,123.076,30.974,19.316
173.229,123.217,31.466,18.815
172.798,123.470,31.896,18.422
172.072,123.824,32.160,18.205
173.322,124.044,32.176,18.068
173.213,124.068,32.317,17.833
172.310,124.053,32.686,17.609
172.453,123.669,32.842,17.631
172.134,126.550,33.125,17.500
172.371,126.142,33.106,17.506
172.806,126.025,33.316,17.308
171.836,126.135,33.510,17.236
172.924,125.966,33.621,17.236
172.071,125.576,33.499,17.387
171.706,125.081,33.436,17.467
171.346,127.609,33.231,17.546
171.506,126.569,33.136,17.611
172.233,125.872,33.012,17.689
172.088,125.195,33.109,17.642
171.789,124.517,33.115,17.579
171.320,124.313,32.849,17.832
172.180,122.753,31.671,18.964
171.592,122.911,32.121,18.703
171.445,125.308,32.484,18.373
171.178,124.909,32.561,18.217
170.399,124.783,32.588,18.118
170.674,123.883,31.658,19.183
170.355,124.078,31.900,18.883
170.308,126.604,32.195,18.610
169.962,126.477,32.477,18.336
167.425,126.474,32.607,18.117
168.720,125.985,32.742,17.980
168.116,128.122,32.768,17.970
168.305,127.208,32.849,17.826
168.099,126.534,32.877,17.677
167.394,125.829,33.072,17.634
166.594,125.456,33.120,17.627
165.791,125.230,33.182,17.678
165.496,125.390,33.382,17.534
164.569,127.825,33.415,17.449
164.021,127.172,33.386,17.534
164.158,126.920,33.216,17.601
163.292,126.628,33.216,17.578
162.556,126.119,33.393,17.464
161.821,126.332,33.487,17.453
161.991,126.001,33.350,17.465
161.613,125.768,33.402,17.520
161.055,125.622,33.413,17.473
162.020,125.803,33.496,17.514
162.120,128.080,33.447,17.495
162.215,127.447,33.366,17.529
162.076,126.735,33.418,17.376
161.711,125.736,33.401,17.447
160.666,125.547,33.588,17.373
160.375,125.766,33.735,17.379
160.259,125.408,33.610,17.451
160.676,124.960,33.301,17.622
160.377,124.729,33.365,17.636
161.215,123.507,32.030,18.945
162.898,122.739,31.215,19.860
162.055,123.104,31.717,19.325
162.490,123.459,32.059,18.976
162.135,123.600,32.506,18.667
162.617,123.827,32.604,18.515
162.712,123.020,31.784,19.426
161.831,123.169,32.303,19.030
162.487,125.780,32.425,18.700
162.267,125.565,32.653,18.518
162.527,124.917,32.742,18.469
162.475,124.383,32.991,18.306
162.485,123.735,33.040,18.291
162.321,126.101,33.140,18.171
162.345,125.349,33.211,18.173
161.756,125.441,33.404,17.980
162.764,125.302,33.189,18.059
162.638,125.280,33.319,18.024
163.514,125.446,33.369,18.013
163.501,127.816,33.615,17.804
163.317,126.767,33.394,17.909
163.128,126.011,33.426,17.885
163.243,125.231,33.547,17.929
163.197,124.728,33.490,18.020
163.504,124.458,33.512,18.020
163.271,124.834,33.689,17.993
163.680,124.805,33.630,18.025
163.473,127.242,33.523,17.992
163.838,126.456,33.492,18.052
164.554,125.975,33.567,18.112
163.221,125.771,33.709,18.019
164.000,125.847,33.846,18.011
164.272,125.897,33.836,18.059
163.664,125.974,34.023,17.920
164.572,124.798,32.903,19.148
164.027,124.775,33.189,18.904
163.949,127.223,33.446,18.783
163.845,126.442,33.710,18.607
163.711,126.277,33.856,18.489
163.995,125.516,33.994,18.447
163.826,125.086,33.999,18.460
164.061,124.508,33.054,19.591
164.315,123.550,32.258,20.540
164.382,126.690,32.754,20.024
165.182,125.455,32.201,20.833
164.673,125.278,33.069,20.190
164.514,125.283,33.326,19.955
164.879,124.380,32.570,20.710
164.828,127.299,33.119,20.109
164.903,126.363,33.296,19.860
164.475,125.992,33.806,19.525
165.744,125.580,34.216,19.178
164.428,125.046,34.392,19.033
163.366,127.634,34.467,18.896
163.644,126.864,34.443,18.879
165.064,126.201,34.427,18.962
165.628,124.653,33.419,20.010
165.202,123.878,32.975,20.810
166.083,123.270,32.332,21.438
165.139,126.193,33.101,20.838
165.194,125.727,33.517,20.375
165.820,123.924,33.023,20.967
165.840,123.180,32.520,21.539
165.094,123.336,33.355,20.842
165.531,125.359,32.762,21.522
164.898,124.306,32.521,22.021
164.903,123.613,32.230,22.488
165.505,122.661,32.063,22.922
164.435,122.944,33.288,22.040
163.816,123.172,34.240,21.212
164.206,122.916,33.705,21.936
164.199,122.509,33.377,22.432
164.912,125.048,32.919,22.894
164.889,124.360,32.898,23.120
165.209,123.621,32.628,23.500
164.704,122.390,32.592,23.872
165.090,122.091,32.443,24.123
162.720,121.929,32.419,24.233
162.559,121.189,32.668,24.306
163.050,123.788,32.877,24.373
162.809,122.945,32.829,24.570
160.921,122.314,32.677,24.858
161.697,122.212,32.977,24.884
161.638,121.712,33.100,24.969
161.411,124.371,33.181,24.984
160.573,123.454,33.379,24.916
160.504,122.871,33.458,24.916
160.055,122.480,33.674,24.909
157.947,122.453,33.664,25.127
158.254,122.772,34.196,25.037
158.113,122.524,34.430,25.098
157.498,122.828,34.642,25.254
155.635,123.405,36.120,23.893
156.333,123.276,35.817,24.414
154.698,123.649,36.952,23.508
154.314,123.691,37.929,22.827
152.541,123.866,38.527,22.213
153.445,127.322,38.947,21.799
150.998,126.589,39.312,21.582
150.166,126.540,39.613,21.362
150.008,126.520,39.698,21.254
149.415,126.259,39.641,21.299
147.968,126.239,40.029,21.150
147.738,128.901,39.954,21.133
147.462,127.741,39.942,21.213
146.697,127.253,39.965,21.191
146.269,126.856,40.097,21.309
147.503,125.867,40.102,21.351
144.985,125.430,40.237,21.316
144.593,125.031,40.367,21.326
143.788,124.909,40.547,21.267
143.830,124.334,40.218,21.617
141.081,123.220,38.728,23.082
141.703,125.396,37.865,23.959
142.624,123.308,37.333,24.495
142.567,121.921,36.586,25.146
140.671,120.805,35.575,26.120
141.722,120.416,35.615,26.381
141.741,119.859,35.441,26.760
139.846,119.853,35.120,27.199
140.162,119.557,35.326,27.191
139.757,118.630,35.332,27.289
139.889,117.963,35.258,27.402
137.666,120.914,34.806,27.859
138.150,120.258,34.958,27.883
138.450,123.027,35.343,27.600
138.466,121.577,35.405,27.503
137.957,120.248,35.117,27.830
138.655,119.381,35.294,27.779
137.503,118.837,35.245,27.941
137.110,121.768,35.271,28.123
136.732,120.323,35.379,28.187
134.367,119.527,35.164,28.478
134.805,118.466,35.640,28.423
135.848,119.114,37.311,27.062
133.784,122.868,38.914,25.841
131.615,121.476,38.464,26.346
131.490,120.522,38.139,26.824
132.344,120.571,40.031,25.579
129.680,124.142,40.795,24.984
130.598,123.632,41.857,24.398
129.440,126.800,42.723,23.860
128.879,126.029,43.210,23.570
129.852,125.294,43.465,23.392
128.510,124.872,43.903,23.227
127.982,127.529,44.290,23.026
125.076,127.013,44.547,22.891
124.875,126.279,44.814,22.806
124.797,125.242,45.128,22.774
122.816,124.533,45.101,22.806
123.553,124.598,45.030,22.836
122.650,127.409,44.773,22.898
123.336,126.315,44.966,22.884
121.429,125.598,44.908,22.863
121.417,125.132,45.093,22.830
120.151,125.135,44.875,22.926
121.309,127.761,44.646,23.102
121.605,126.820,44.685,23.063
121.331,126.245,44.688,23.139
120.430,125.569,44.995,23.085
120.261,124.451,45.072,23.163
118.468,124.373,44.871,23.265
119.013,127.270,44.958,23.255
118.818,126.288,45.009,23.347
117.291,125.718,44.928,23.393
115.830,125.392,44.720,23.343
116.005,125.321,45.011,23.106
114.934,125.428,44.875,22.975
115.251,124.992,44.986,22.983
115.632,124.446,45.242,22.938
112.910,124.324,45.092,22.943
113.031,124.205,45.278,22.882
111.066,124.040,44.992,22.894
111.433,123.678,44.962,22.965
111.629,126.455,45.203,22.797
111.541,125.529,45.342,22.728
111.996,124.408,45.163,22.760
110.661,123.888,45.384,22.779
108.155,123.639,45.158,22.862
108.758,126.931,44.914,22.836
107.997,126.773,45.222,22.690
106.785,126.189,45.291,22.727
109.446,125.605,45.816,22.464
106.331,125.403,46.218,22.297
105.643,128.342,46.215,22.470
104.669,127.347,46.251,22.560
103.547,126.820,46.557,22.466
102.626,126.626,46.393,22.558
105.325,125.767,46.658,22.530
104.279,125.206,46.845,22.529
103.093,125.002,46.968,22.592
101.908,125.290,47.220,22.529
98.744,125.340,47.309,22.330
99.182,125.296,47.166,22.381
101.982,124.606,46.780,22.793
101.227,124.706,47.340,22.716
96.995,124.623,47.544,22.544
96.984,124.808,47.864,22.314
96.438,124.720,47.739,22.407
96.175,124.322,47.870,22.363
96.320,124.600,48.397,22.262
95.938,124.655,48.740,22.142
96.408,124.765,48.732,22.236
96.380,124.934,49.027,22.238
95.144,124.974,49.233,22.256
96.327,124.801,49.230,22.377
95.471,124.422,49.378,22.622
95.508,123.455,49.172,22.954
95.847,122.953,49.001,23.181
95.136,123.142,48.921,23.396
95.341,123.111,48.984,23.531
95.639,123.410,49.100,23.582
94.005,123.175,49.169,23.766
95.627,122.981,48.951,24.094
95.524,126.725,49.068,24.137
95.443,125.812,48.843,24.394
94.790,124.613,48.881,24.551
93.967,123.838,48.878,24.736
95.013,123.276,48.616,24.932
94.798,123.330,48.655,24.924
94.702,123.154,48.663,25.014
94.458,122.957,48.834,24.948
94.873,122.890,49.087,24.986
94.701,122.654,49.114,25.076
94.603,122.000,49.297,25.150
94.467,122.183,49.424,25.150
94.780,122.005,49.395,25.274
95.038,121.729,49.236,25.408
92.926,121.723,49.386,25.425
94.046,121.461,49.055,25.596
93.518,121.833,48.839,25.690
93.928,121.976,48.815,25.671
94.951,122.100,48.940,25.542
93.579,122.415,49.328,25.411
94.515,122.648,49.105,25.557
94.309,122.870,49.113,25.665
94.897,122.320,48.998,25.795
93.174,122.654,49.330,25.617
94.192,122.092,49.096,25.870
94.485,122.423,49.008,25.830
94.010,122.442,48.900,26.016
93.210,122.142,48.769,26.206
93.144,120.582,46.985,27.858
93.675,119.417,45.486,29.140
93.847,118.383,44.467,29.931
94.520,118.049,43.833,30.516
94.578,117.154,43.249,31.071
94.806,117.174,43.025,31.347
95.546,117.278,42.929,31.478
95.882,116.913,42.709,31.620
96.097,121.803,44.360,30.027
95.731,121.369,45.298,29.223
94.909,120.739,45.893,28.518
94.165,121.156,46.605,27.837
93.173,120.483,46.672,27.580
93.748,120.698,47.125,27.122
93.964,120.462,47.172,26.950
93.504,120.351,47.629,26.615
92.490,120.723,47.881,26.347
92.240,121.316,48.225,26.028
92.590,121.604,48.458,25.828
91.894,121.434,48.443,25.797
93.140,121.979,48.350,25.604
92.089,121.868,48.512,25.624
91.895,121.596,48.462,25.640
91.861,120.976,48.000,25.946
92.590,121.126,47.910,25.834
92.034,121.196,48.009,25.643
91.882,121.612,48.168,25.370
91.200,121.727,48.312,25.203
93.291,121.646,48.135,25.293
90.648,121.818,48.456,25.181
91.796,122.118,48.482,25.147
91.278,121.419,48.186,25.385
92.150,121.120,47.989,25.560
91.119,121.555,47.953,25.446
91.508,121.716,47.777,25.500
91.300,122.083,47.930,25.247
91.208,121.432,47.700,25.434
90.727,121.532,47.558,25.423
91.038,121.346,47.389,25.561
91.643,121.021,47.119,25.689
91.239,121.069,47.187,25.526
91.327,124.281,47.363,25.306
91.436,123.258,47.352,25.311
90.906,122.560,47.433,25.228
90.287,122.328,47.303,25.273
90.364,122.858,47.338,25.136
89.498,123.494,47.452,24.824
89.894,123.111,47.371,24.980
89.178,122.869,47.430,24.847
89.995,125.973,47.235,24.903
90.692,125.234,47.020,25.007
90.009,124.669,46.873,25.118
90.546,124.497,46.921,25.105
90.133,124.111,46.732,25.179
89.537,124.446,47.020,24.967
89.797,124.121,46.675,25.250
88.301,124.502,46.929,25.068
88.840,124.167,46.480,25.307
88.991,124.260,46.576,25.196
88.292,124.270,46.667,25.126
88.778,124.213,46.799,25.028
87.892,123.864,46.816,25.100
87.981,123.533,47.082,25.017
87.386,123.778,47.258,24.958
87.110,126.613,46.937,25.113
87.363,125.731,46.843,25.227
87.159,125.142,46.857,25.254
86.203,125.000,46.989,25.260
86.575,124.883,47.087,25.182
87.096,124.484,47.000,25.246
85.327,124.511,47.310,25.165
85.970,125.357,47.329,25.042
85.435,125.242,47.446,25.044
85.926,125.238,47.453,25.097
85.683,125.102,47.771,24.899
85.043,124.576,47.675,25.034
85.555,125.211,47.783,24.881
84.858,125.496,47.874,24.848
84.038,125.827,48.052,24.742
85.157,125.919,47.749,24.831
84.456,125.987,47.632,24.928
84.740,126.416,47.497,24.849
84.358,126.283,47.373,24.878
85.206,125.885,47.192,24.993
84.641,125.532,47.275,24.775
84.389,125.721,47.252,24.781
84.010,125.867,47.098,24.797
85.257,125.890,47.188,24.755
84.612,125.952,47.348,24.663
84.088,126.015,47.428,24.607
84.395,125.854,47.227,24.730
84.396,125.876,47.395,24.646
83.857,126.240,47.483,24.542
84.373,126.130,47.468,24.612
83.897,125.663,47.749,24.420
85.150,125.047,47.677,24.333
84.889,124.576,47.976,24.144
84.451,124.850,48.142,24.048
84.465,125.273,48.043,24.067
84.731,124.871,48.039,24.140
84.678,125.146,48.102,24.150
84.339,124.947,48.192,24.109
84.472,124.493,48.301,24.199
84.880,124.761,48.130,24.178
85.719,124.356,47.916,24.305
85.190,124.376,48.344,24.065
84.740,124.128,48.471,23.965
85.307,124.093,48.485,24.011
85.497,124.246,48.659,24.034
84.227,124.250,48.778,24.109
84.971,124.144,48.531,24.264
85.328,124.311,48.577,24.234
84.208,124.235,48.550,24.323
85.071,123.980,48.668,24.151
85.563,123.812,48.646,24.174
85.472,124.057,48.805,24.166
85.752,124.300,48.613,24.223
85.982,124.157,48.784,24.232
86.564,123.900,48.780,24.279
86.351,123.338,48.775,24.267
85.894,123.780,48.866,24.201
86.513,123.536,48.695,24.337
86.544,123.702,48.900,24.294
86.722,123.479,48.780,24.414
87.261,123.535,48.829,24.366
87.117,123.560,48.879,24.356
87.838,123.849,48.997,24.343
87.492,123.857,49.301,24.298
88.302,123.731,49.270,24.457
88.258,123.360,49.391,24.587
88.977,122.759,49.300,24.719
89.251,122.708,49.149,24.818
87.803,123.020,49.327,24.767
88.679,123.068,49.312,24.842
88.535,123.205,49.616,24.812
88.195,122.935,49.688,24.829
89.170,122.806,49.890,24.758
88.442,123.038,49.842,24.893
88.587,123.513,49.879,24.825
89.384,123.692,49.817,24.897
90.030,123.288,49.663,25.068
90.410,122.719,49.480,25.317
90.223,122.711,49.301,25.540
89.798,122.544,49.325,25.640
90.252,122.594,49.458,25.677
90.122,122.758,49.682,25.573
90.262,122.693,49.666,25.614
90.353,122.353,49.602,25.635
89.913,122.142,49.596,25.623
90.773,122.715,49.701,25.570
90.050,122.860,49.635,25.583
90.868,123.108,49.688,25.676
92.059,122.739,49.845,25.685
91.578,122.395,49.798,25.614
91.179,122.419,49.769,25.682
91.258,122.581,49.695,25.704
92.316,122.841,49.561,25.668
91.360,122.456,49.459,25.692
90.914,122.607,49.552,25.583
91.993,122.968,49.694,25.506
92.004,122.860,49.494,25.692
91.001,123.194,49.761,25.557
91.325,122.939,49.691,25.776
91.825,123.239,49.729,25.769
92.047,122.873,49.525,26.010
92.563,123.043,49.543,25.906
93.362,122.580,49.347,26.057
93.757,125.783,49.238,25.951
93.786,124.753,49.150,26.060
94.103,124.540,49.381,25.923
93.927,123.487,49.483,25.854
93.693,122.646,49.507,25.939
93.572,122.476,49.409,26.006
94.303,122.691,49.249,25.952
94.347,122.265,48.942,26.132
94.467,122.409,48.993,26.116
94.843,122.977,49.218,25.939
93.905,123.294,49.242,25.957
94.461,123.239,48.872,26.222
95.189,123.484,48.863,26.219
94.823,123.577,48.929,26.207
95.791,123.798,49.085,26.105
95.037,123.640,48.776,26.189
96.164,122.958,48.767,26.257
95.621,123.326,48.861,26.189
95.239,123.576,49.021,26.105
96.053,123.844,48.678,26.264
96.893,123.273,48.764,26.163
96.915,122.196,48.550,26.304
95.608,122.576,48.537,26.188
96.293,122.557,48.599,26.215
96.813,123.078,48.658,26.122
96.190,123.302,48.647,26.016
96.262,123.152,48.304,26.067
95.965,123.028,48.152,26.195
96.078,123.139,48.359,26.052
95.722,123.299,48.317,26.046
95.711,123.185,48.236,25.960
96.137,122.957,47.899,26.051
95.921,122.707,47.571,26.000
96.169,122.370,47.370,25.971
95.637,122.813,47.468,25.726
95.470,123.555,47.594,25.441
95.448,123.764,47.582,25.300
94.923,123.703,47.439,25.368
96.362,123.438,47.012,25.549
95.300,123.910,47.147,25.314
95.105,123.977,47.108,25.233
95.896,123.977,46.912,25.209
95.138,123.867,46.916,25.109
95.481,123.671,46.740,25.154
95.920,123.231,46.495,25.285
95.628,122.835,46.325,25.203
95.482,122.637,46.081,25.233
95.565,121.787,46.054,25.295
95.767,121.379,45.787,25.294
95.693,120.924,45.892,25.405
95.711,121.105,46.022,25.149
95.630,121.400,45.681,25.335
95.588,121.821,45.478,25.375
94.867,121.066,43.866,27.023
96.346,119.374,42.666,28.106
96.897,118.776,42.084,28.730
97.011,118.845,41.828,29.079
96.772,118.509,41.823,29.345
96.637,118.503,41.567,29.598
97.253,117.892,41.425,29.871
97.144,118.442,41.315,30.240
97.760,119.046,41.130,30.523
98.179,119.332,41.385,30.573
97.526,118.891,41.631,30.647
96.965,119.605,41.934,30.740
96.866,119.941,42.143,31.039
96.976,118.224,42.139,31.384
96.852,117.685,42.309,31.679
96.819,117.750,42.355,32.062
97.658,119.010,42.246,32.476
97.034,118.308,42.605,32.735
96.359,117.649,42.633,33.186
97.029,118.488,42.580,33.545
96.217,117.669,42.652,33.986
96.803,117.953,42.795,33.958
96.835,117.392,42.918,34.156
96.199,117.411,43.110,34.308
96.555,117.705,43.097,34.609
95.818,116.883,43.057,34.882
96.273,117.553,43.067,35.000
94.769,117.365,43.092,35.126
95.366,117.356,43.073,35.245
95.412,116.707,43.107,35.461
94.814,116.983,43.100,35.538
94.640,116.282,43.038,35.634
95.487,117.062,43.091,35.619
94.956,118.308,43.449,35.487
94.358,117.933,43.379,35.630
94.956,116.893,42.902,35.825
95.443,116.207,43.160,35.638
94.944,116.010,43.391,35.531
94.775,116.261,43.432,35.571
94.964,115.876,43.198,35.831
94.948,115.343,43.101,35.914
94.684,115.481,43.238,36.034
94.910,115.857,43.261,36.160
95.006,116.129,43.253,36.261
95.127,115.744,43.391,36.072
94.119,116.096,43.542,36.048
94.700,116.901,43.751,35.896
94.171,116.938,43.974,35.819
94.454,115.651,43.763,35.993
94.685,115.503,43.644,36.101
94.237,115.963,43.849,35.997
95.010,116.616,43.949,35.924
94.552,115.434,43.837,36.045
94.263,115.010,43.861,36.215
94.746,115.292,43.724,36.216
94.480,116.341,43.736,36.138
94.703,116.526,43.798,36.198
94.707,116.508,43.683,36.445
94.655,117.013,43.921,36.480
94.614,116.665,44.146,36.567
94.348,116.863,44.395,36.524
94.331,116.765,44.402,36.600
94.207,117.560,44.461,36.770
93.717,117.711,44.695,36.685
94.266,117.373,44.529,36.891
93.829,117.562,44.659,36.908
93.555,117.354,44.565,37.029
93.242,118.138,44.706,37.069
92.904,118.547,44.704,37.166
94.084,118.297,44.520,37.360
93.844,117.961,44.702,37.210
92.961,117.276,44.730,37.299
92.713,117.554,44.854,37.069
93.132,117.384,44.735,37.139
92.787,117.583,44.774,37.133
92.438,118.090,44.957,36.916
92.539,118.636,44.862,36.955
92.619,118.526,44.813,36.865
93.234,121.171,44.893,36.603
93.091,119.590,45.164,36.216
92.300,119.255,45.026,36.030
92.580,118.564,44.982,35.886
92.538,120.209,45.178,35.496
92.581,119.434,45.335,35.372
92.423,121.548,45.355,35.002
91.836,120.435,45.392,34.825
91.476,120.660,45.163,34.768
92.120,120.278,44.860,34.658
92.477,120.174,44.657,34.468
91.517,121.394,45.978,32.987
92.816,121.406,45.331,33.147
92.186,120.415,45.320,33.183
91.991,124.287,46.487,31.914
91.618,123.476,47.152,30.982
91.603,123.204,47.792,30.167
91.021,123.455,48.070,29.561
91.575,123.165,48.193,29.245
91.016,123.334,48.295,28.829
91.613,123.563,48.402,28.489
90.915,124.039,48.464,28.268
90.972,123.923,48.706,28.015
90.826,124.320,48.596,27.961
91.586,124.731,48.500,27.728
91.303,124.421,48.348,27.638
91.706,123.796,48.494,27.540
92.224,123.625,48.313,27.517
92.144,123.777,48.375,27.405
92.491,123.202,48.224,27.434
92.561,123.200,48.187,27.346
91.658,123.362,48.156,27.284
92.688,123.279,48.013,27.293
91.985,123.369,48.179,27.099
93.001,123.179,48.383,26.923
93.056,123.298,48.347,26.828
93.445,124.088,48.311,26.691
94.174,123.962,48.243,26.756
93.868,123.535,48.135,26.824
94.723,123.825,48.132,26.698
94.991,124.088,48.324,26.563
94.127,124.421,48.713,26.343
94.786,124.367,48.642,26.505
93.938,125.005,48.411,26.543
94.941,124.889,48.230,26.681
95.885,124.755,48.727,26.361
95.453,125.422,48.826,26.195
96.245,125.414,48.555,26.404
96.585,125.434,48.633,26.416
96.892,128.476,48.489,26.389
96.474,127.619,48.349,26.426
96.791,127.396,48.353,26.240
96.654,126.834,48.489,26.190
96.266,126.438,48.406,26.193
98.102,126.261,48.446,26.358
97.235,125.690,48.234,26.459
97.174,125.288,47.817,26.682
97.296,124.911,47.637,26.813
97.582,128.486,47.825,26.520
96.866,126.973,48.109,26.301
97.061,126.201,48.203,26.245
98.960,125.738,48.342,26.177
97.772,125.267,48.388,26.164
98.027,124.978,48.014,26.332
98.214,124.519,47.817,26.449
98.657,124.342,47.843,26.396
97.987,124.087,47.706,26.453
97.740,127.121,47.739,26.333
98.014,126.302,47.727,26.078
98.698,125.839,47.964,25.960
98.472,125.976,47.754,26.024
98.706,126.002,47.875,25.872
98.322,125.505,47.656,25.935
99.311,125.231,47.783,25.869
99.171,125.104,47.677,25.875
98.474,124.874,47.794,25.795
98.770,124.673,47.698,25.721
98.285,124.642,47.502,25.599
99.206,124.603,47.249,25.661
98.829,127.874,47.330,25.619
98.374,127.158,47.360,25.597
97.545,127.219,47.145,25.677
97.957,127.431,47.154,25.436
98.569,127.092,46.959,25.602
97.271,130.127,47.154,25.455
97.639,129.364,47.016,25.373
98.067,129.056,47.178,25.353
97.291,128.602,47.415,25.224
97.237,131.472,47.498,24.975
97.059,130.549,47.550,24.947
96.528,129.961,47.570,24.945
95.286,130.053,47.747,24.804
94.325,129.965,47.614,24.856
94.959,129.746,47.422,24.924
93.317,129.542,47.762,24.914
93.038,132.612,47.591,24.906
92.049,131.427,47.333,25.110
92.100,130.701,47.166,25.302
91.836,130.251,47.070,25.415
91.458,129.791,47.096,25.511
90.726,129.624,47.333,25.441
91.075,132.625,47.351,25.345
90.270,131.249,47.406,25.243
89.281,130.548,47.382,25.208
89.325,130.010,47.513,25.173
88.506,129.723,47.633,25.160
89.011,132.529,47.672,25.024
88.472,131.571,47.682,25.011
88.682,131.117,47.789,24.919
88.282,130.369,47.884,25.102
87.049,130.101,47.955,25.050
87.518,129.654,48.107,25.077
87.071,129.302,48.218,24.994
86.073,129.254,48.344,25.010
86.282,132.293,48.224,25.021
86.203,131.265,48.134,25.086
85.658,130.364,48.045,25.244
85.503,129.363,48.220,25.377
85.435,129.208,48.234,25.409
84.971,128.640,48.356,25.469
84.238,128.668,48.210,25.582
84.762,128.451,48.255,25.672
84.587,128.331,48.246,25.693
84.732,128.105,48.021,25.713
84.317,127.725,47.986,25.688
84.111,127.449,48.152,25.695
83.844,126.760,47.897,25.922
83.337,126.840,47.879,26.111
83.993,126.685,47.845,26.184
84.260,129.707,47.760,26.228
83.344,128.790,48.092,26.133
83.339,128.394,48.186,26.132
83.018,127.960,48.429,26.011
83.681,127.411,48.391,26.066
83.277,126.811,48.286,26.040
82.635,129.666,48.093,26.135
83.629,129.084,48.265,26.051
83.256,128.536,48.402,26.061
82.942,131.303,48.394,25.968
83.339,130.367,48.219,26.183
83.380,129.315,47.956,26.233
82.982,128.437,48.052,26.077
83.636,127.828,48.277,26.008
83.225,131.024,48.438,25.906
82.663,130.039,48.356,26.053
83.639,128.982,48.133,26.250
83.961,128.307,47.980,26.404
83.583,131.549,47.950,26.311
83.924,130.621,48.121,26.221
83.766,129.769,48.201,26.388
83.510,133.078,48.433,26.242
83.816,132.158,48.453,26.257
83.701,131.291,48.511,26.315
84.283,130.737,48.503,26.458
84.708,130.281,48.654,26.413
83.811,129.678,48.531,26.637
84.120,127.815,47.037,28.193
85.031,127.738,47.417,27.761
84.733,131.379,47.755,27.533
84.578,130.716,47.882,27.461
84.988,130.398,48.363,27.169
84.448,129.783,48.668,27.035
84.227,129.724,48.803,27.122
85.267,129.120,48.991,27.054
84.710,128.714,49.245,26.912
85.156,127.960,49.359,26.986
84.535,128.100,49.595,26.782
83.880,127.565,49.504,26.904
84.252,127.118,49.768,26.757
83.309,130.449,49.770,26.717
84.746,129.722,49.745,26.819
83.623,128.912,49.861,26.858
84.172,132.051,49.690,26.821
83.880,130.714,49.471,26.937
84.405,129.806,49.495,27.074
84.773,129.226,49.683,27.112
83.820,128.412,49.643,27.130
84.348,128.074,49.577,27.154
83.536,131.507,50.229,26.948
83.001,129.563,50.203,27.101
82.927,128.305,50.263,27.209
83.356,127.474,50.414,27.283
81.928,127.496,50.380,27.202
82.199,130.482,50.338,27.126
83.050,129.325,50.264,27.194
82.686,128.563,50.164,27.244
81.889,127.736,50.043,27.316
82.122,127.260,49.968,27.346
81.591,126.826,49.974,27.467
81.151,126.842,50.344,27.184
82.177,130.318,50.220,27.334
82.179,129.131,50.017,27.643
81.959,128.036,50.226,27.586
81.967,127.393,50.301,27.481
80.872,127.117,50.428,27.417
80.725,126.913,50.650,27.315
80.697,126.056,50.518,27.619
80.884,125.419,50.546,27.699
79.643,125.531,50.679,27.547
80.055,125.582,50.726,27.454
80.340,129.142,50.667,27.333
80.498,128.193,50.592,27.352
80.104,127.672,50.510,27.413
79.481,126.924,50.650,27.338
80.543,125.919,50.333,27.623
79.679,125.396,50.676,27.577
79.274,125.054,50.881,27.576
79.345,124.951,51.061,27.418
78.994,124.632,51.034,27.453
79.894,124.338,51.053,27.483
79.414,123.881,51.304,27.342
78.300,123.680,51.251,27.397
78.926,123.417,51.233,27.344
78.096,123.243,51.355,27.202
77.753,123.280,51.619,26.954
77.434,123.418,51.602,26.901
78.426,127.519,51.134,27.213
78.032,126.915,51.129,27.387
77.817,124.921,49.370,29.177
78.210,125.056,49.669,28.851
77.233,124.799,50.214,28.392
78.482,124.901,50.455,28.007
77.694,124.843,50.801,27.631
77.278,124.467,50.849,27.534
77.088,124.458,50.943,27.431
77.054,124.502,51.006,27.308
77.901,124.251,50.484,27.597
77.545,124.260,50.612,27.491
77.697,124.195,50.776,27.404
78.675,123.830,50.522,27.581
77.970,123.464,50.422,27.468
76.885,123.312,50.594,27.227
78.473,122.037,48.552,29.130
78.447,122.374,49.029,28.543
78.511,122.646,49.258,28.076
78.393,122.826,49.561,27.716
78.210,123.122,49.633,27.441
78.001,123.526,49.809,27.190
79.838,123.599,50.306,26.747
78.435,123.378,50.318,26.635
78.203,123.455,50.220,26.669
78.331,123.314,50.150,26.595
79.741,123.577,50.602,26.293
78.397,123.864,50.651,26.149
77.573,123.942,50.208,26.280
78.106,123.622,50.196,26.190
79.059,123.621,49.725,26.223
78.347,123.318,49.600,26.147
79.137,122.823,49.492,26.196
79.229,122.575,49.277,26.302
78.664,122.480,49.216,26.209
79.770,122.362,49.470,25.962
78.637,122.518,49.672,25.687
79.590,122.597,49.809,25.494
78.704,122.517,49.712,25.411
78.977,122.685,49.677,25.253
78.678,122.425,49.449,25.283
79.765,122.466,49.293,25.148
78.612,126.843,49.239,25.297
78.933,126.422,49.084,25.322
79.508,125.937,48.900,25.444
79.583,125.608,48.811,25.307
81.439,129.592,49.230,25.181
78.925,124.578,49.239,25.090
79.196,124.959,49.167,24.970
81.015,120.798,49.213,24.810
79.602,121.217,49.143,24.701
79.661,121.337,48.986,24.732
79.391,121.572,48.986,24.629
79.238,121.873,48.987,24.551
80.752,122.204,49.342,24.334
79.294,122.227,49.499,24.237
78.783,126.788,49.549,24.201
80.459,130.083,49.355,24.518
78.863,133.161,49.374,24.623
79.600,131.927,49.144,24.916
79.855,130.843,49.402,25.029
79.128,130.039,49.402,25.149
79.166,133.224,49.220,25.378
78.964,131.765,49.345,25.452
78.760,130.494,49.313,25.647
79.390,129.877,48.953,25.958
78.115,125.135,49.169,25.610
78.866,128.966,48.853,25.845
79.315,128.187,48.614,25.973
79.632,127.710,49.074,25.729
78.283,130.966,49.209,25.833
79.704,130.303,49.111,25.867
79.467,129.435,49.424,25.828
79.056,128.664,49.595,25.933
78.530,127.702,49.569,26.145
79.097,131.255,49.778,26.009
78.269,130.030,49.759,26.181
79.684,129.542,49.642,26.249
78.068,128.875,49.937,26.225
77.308,128.393,50.216,26.231
79.712,132.072,50.694,26.022
78.820,130.616,50.477,26.199
78.733,129.854,50.463,26.323
77.581,129.019,50.500,26.428
78.415,132.233,50.509,26.587
78.735,131.115,50.368,26.804
79.768,130.267,50.267,26.946
79.418,129.633,50.080,27.078
77.802,128.911,49.976,27.273
78.353,132.544,49.969,27.152
78.727,131.615,49.637,27.204
79.215,130.775,49.822,27.116
79.607,130.031,49.631,27.355
78.328,129.111,49.947,27.261
79.096,132.671,49.879,27.236
79.489,131.558,50.007,27.097
81.231,130.933,50.413,26.942
81.167,130.171,50.367,27.008
78.492,129.919,50.375,27.012
81.022,129.350,50.620,26.903
79.389,128.879,50.884,26.899
80.717,132.675,50.820,26.881
80.810,131.449,50.560,27.178
80.867,130.188,50.507,27.329
80.934,128.947,50.171,27.551
81.473,128.096,50.222,27.523
81.892,127.331,50.318,27.468
81.353,131.158,50.304,27.342
81.439,130.393,50.240,27.354
81.134,129.844,50.181,27.373
81.621,129.365,50.103,27.472
81.516,132.602,50.081,27.364
82.713,131.612,50.099,27.372
81.763,130.985,50.416,27.175
82.656,129.966,50.157,27.268
83.174,129.120,50.370,27.083
82.602,128.213,50.479,27.082
82.715,127.861,50.666,27.028
82.085,127.876,50.774,26.828
83.366,131.742,50.439,26.915
82.904,131.267,50.528,26.994
82.738,130.406,50.577,27.027
83.186,129.803,50.546,26.998
82.388,133.073,50.668,26.997
82.681,132.339,50.559,27.030
83.392,131.618,50.447,27.073
82.972,131.424,50.554,26.963
84.100,131.139,50.544,26.927
83.921,130.989,50.425,26.988
84.564,130.662,50.293,27.038
84.894,130.839,50.387,27.048
84.921,130.483,50.373,27.008
85.246,130.418,50.622,26.751
84.685,130.165,50.687,26.715
83.651,130.192,50.757,26.513
84.384,133.127,50.571,26.606
84.579,132.632,50.390,26.718
85.397,132.391,50.524,26.722
85.737,131.870,50.339,26.781
85.437,131.342,50.287,26.789
84.203,131.102,50.597,26.622
84.526,134.166,50.667,26.432
85.566,132.594,50.492,26.543
84.265,131.864,50.366,26.681
84.507,131.067,50.112,26.670
85.761,130.747,49.863,26.885
86.225,130.134,49.971,26.801
85.996,130.070,49.886,26.808
85.935,130.158,50.154,26.718
86.175,130.156,50.279,26.710
86.101,129.784,50.349,26.645
86.429,129.599,50.143,26.633
86.745,129.433,50.225,26.574
86.951,132.652,50.499,26.222
86.145,131.296,50.793,26.045
86.093,130.024,50.432,26.407
86.257,129.680,50.354,26.446
85.745,132.549,50.008,26.531
84.682,131.698,49.861,26.593
85.587,131.122,49.738,26.718
85.324,130.798,49.626,26.706
85.910,130.398,49.770,26.726
85.256,130.001,49.876,26.652
87.208,133.412,50.057,26.381
85.474,131.858,50.347,26.175
84.810,131.053,50.276,26.326
85.437,130.486,50.315,26.260
85.369,130.083,50.302,26.343
85.706,129.999,50.248,26.323
85.375,129.805,50.332,26.238
85.855,129.674,50.270,26.301
85.530,132.776,50.203,26.338
84.530,132.278,50.342,26.247
84.682,131.461,50.213,26.378
84.456,130.844,50.013,26.507
85.379,130.925,49.936,26.568
84.936,130.657,49.878,26.485
85.107,130.382,49.760,26.519
85.147,133.292,49.775,26.337
83.219,132.474,50.061,26.132
84.293,131.833,49.807,26.308
84.041,134.646,50.061,26.109
83.097,133.290,49.970,26.190
83.139,132.669,49.885,26.308
83.578,132.055,49.692,26.275
83.992,131.436,49.550,26.252
82.917,130.604,49.561,26.287
85.532,130.243,49.786,26.093
84.044,133.103,49.671,26.118
83.708,131.841,49.066,26.463
84.520,131.201,49.077,26.463
83.927,131.012,49.301,26.328
84.342,130.353,49.368,26.292
84.279,133.714,49.469,26.346
84.551,133.191,49.626,26.154
83.073,132.522,49.590,26.259
83.325,131.818,49.782,26.255
83.552,130.907,49.791,26.296
83.973,134.076,49.925,26.087
82.838,133.100,49.950,26.097
83.474,131.978,49.700,26.258
82.890,131.599,49.601,26.295
83.587,134.450,49.409,26.320
83.509,132.729,49.543,26.302
83.210,131.965,49.479,26.277
83.531,134.951,49.402,26.163
83.270,134.554,49.322,26.302
82.812,133.738,49.729,26.120
83.816,132.930,49.266,26.358
83.649,132.689,49.265,26.328
83.769,131.945,49.125,26.523
84.276,131.661,49.303,26.447
83.689,131.108,49.368,26.441
84.172,130.559,49.541,26.414
83.380,130.010,49.641,26.501
83.774,129.608,49.524,26.642
83.269,132.502,49.706,26.568
83.857,131.543,49.500,26.607
84.207,130.851,49.402,26.733
84.093,130.371,49.530,26.694
83.898,130.022,49.543,26.720
84.885,129.534,49.636,26.650
84.254,129.656,49.938,26.478
83.655,129.660,50.234,26.464
84.112,129.464,50.189,26.586
83.692,128.965,49.868,26.709
83.152,129.001,49.710,26.848
84.077,132.343,49.490,26.794
83.127,131.847,49.701,26.623
83.304,131.014,49.861,26.688
84.628,130.141,49.395,26.990
84.786,129.850,49.346,26.898
84.173,129.348,49.585,26.789
84.620,129.691,49.875,26.612
84.119,129.776,50.215,26.474
84.261,129.775,50.264,26.473
83.520,129.225,50.453,26.530
83.672,128.858,50.191,26.827
83.461,128.306,50.103,26.971
83.458,128.011,50.007,26.936
82.876,127.436,50.116,26.998
83.156,127.213,49.982,27.079
81.736,126.903,50.169,27.065
82.412,126.565,50.274,27.072
81.886,126.365,50.456,27.050
82.297,126.332,50.246,27.232
82.230,130.056,50.204,27.301
82.127,129.272,50.361,27.167
81.616,129.013,50.571,27.077
81.397,128.864,50.368,27.299
81.765,128.476,50.717,27.242
81.452,128.444,50.800,27.100
81.814,128.373,50.766,27.041
81.161,128.172,50.974,26.877
80.012,131.247,50.914,26.939
80.019,130.122,50.691,27.147
79.555,129.645,50.713,27.235
79.900,129.243,50.518,27.301
78.692,128.730,50.456,27.298
77.344,128.454,50.492,27.311
76.987,128.540,50.567,27.140
77.783,128.789,50.492,27.153
77.639,128.839,50.992,26.866
76.951,129.106,51.259,26.668
76.298,128.516,51.118,26.891
75.978,128.476,51.334,26.738
76.509,128.677,51.305,26.701
76.025,128.223,51.528,26.566
73.801,128.746,51.768,26.479
73.524,128.922,52.049,26.381
73.253,128.832,52.050,26.515
75.453,128.174,52.277,26.493
74.488,127.723,51.904,26.829
73.865,126.982,51.969,26.832
73.853,130.136,51.878,26.899
73.295,130.107,52.065,26.873
72.249,130.048,52.464,26.834
72.487,130.133,52.341,26.902
72.473,129.854,52.221,26.965
72.310,129.195,52.093,26.995
71.466,128.807,52.096,27.123
70.793,128.528,52.160,27.072
69.509,128.101,52.338,26.929
70.131,128.137,52.512,26.803
69.888,127.998,52.431,26.976
69.942,127.966,52.445,27.007
68.889,127.462,52.477,27.029
69.002,130.755,52.442,27.195
68.502,129.673,52.478,27.244
68.790,129.067,52.054,27.521
68.383,128.309,51.972,27.620
68.648,128.395,51.993,27.543
67.113,128.093,51.984,27.605
67.117,127.583,51.707,27.790
67.487,127.092,51.481,27.878
67.837,126.382,51.398,28.121
68.202,124.179,49.750,29.715
68.377,127.916,49.945,29.354
67.831,126.907,50.435,28.978
66.474,126.300,50.753,28.724
65.921,125.074,51.164,28.532
66.037,124.205,51.502,28.354
65.161,123.847,51.798,28.222
62.867,123.576,52.259,27.975
62.931,123.343,52.312,28.015
61.993,122.678,52.158,28.132
62.778,121.856,50.004,30.024
62.813,120.053,48.706,31.305
61.785,118.743,47.759,32.150
61.984,117.583,46.894,33.033
62.712,117.255,46.345,33.583
63.081,116.816,46.088,33.837
62.519,116.232,45.853,33.982
62.754,115.324,45.410,34.359
62.789,114.658,45.249,34.396
62.157,119.419,47.279,32.670
61.530,117.731,46.772,33.155
60.195,118.326,48.019,31.890
59.938,118.909,49.296,30.824
58.548,119.707,50.339,29.846
58.015,119.457,50.821,29.239
57.671,119.186,51.911,28.593
55.656,118.962,52.619,27.966
58.753,122.966,52.591,27.914
57.696,121.691,52.610,28.027
56.287,120.679,52.593,28.031
55.943,119.870,52.436,28.131
55.295,119.631,52.606,27.915
55.113,120.027,52.639,27.649
55.194,119.722,52.770,27.512
55.387,118.867,52.743,27.634
54.461,118.590,52.574,27.705
57.373,122.291,52.492,27.708
55.299,121.321,52.764,27.594
54.571,120.437,52.719,27.751
54.295,119.842,52.627,27.673
53.227,119.260,52.727,27.541
53.190,119.008,53.048,27.234
54.028,118.829,53.125,27.062
53.050,118.367,52.876,27.144
52.958,118.677,52.801,27.154
51.828,118.297,52.631,27.141
52.911,117.754,52.353,27.187
52.912,117.926,52.115,27.235
52.385,118.459,51.888,27.182
52.177,118.316,51.780,27.158
52.633,118.518,52.044,27.021
51.810,118.575,51.991,26.936
51.773,118.328,51.863,27.070
51.518,118.017,51.633,27.061
52.030,118.463,51.684,26.977
51.391,118.154,51.472,27.066
51.063,118.440,51.404,26.939
51.660,118.943,51.555,26.931
51.627,118.836,51.133,27.006
51.298,118.848,51.065,26.926
51.357,118.763,50.951,26.917
51.103,118.688,50.920,26.867
50.961,119.023,50.946,26.689
50.715,118.551,51.035,26.568
51.141,118.269,51.331,26.425
49.509,118.203,51.524,26.366
50.084,118.495,51.378,26.440
48.695,118.521,51.327,26.388
49.977,118.752,51.130,26.405
49.570,118.372,50.830,26.558
48.502,118.173,50.700,26.665
48.938,118.213,50.481,26.684
48.596,118.165,50.610,26.532
48.686,117.829,50.630,26.564
48.287,117.814,50.504,26.635
47.957,117.821,50.524,26.598
48.394,117.403,50.399,26.692
47.661,117.880,50.242,26.662
47.825,117.754,50.162,26.751
47.898,117.896,49.812,26.814
47.758,118.235,49.529,26.782
47.710,118.195,49.673,26.484
47.823,118.241,49.336,26.522
48.065,118.418,49.240,26.563
48.923,118.530,49.030,26.663
48.467,118.828,48.982,26.542
48.406,119.235,49.019,26.418
47.869,119.065,48.776,26.429
47.722,119.261,48.613,26.318
47.965,119.535,48.567,26.189
48.411,119.999,48.689,26.080
46.976,120.039,48.595,26.135
47.693,119.721,48.622,26.228
48.773,118.704,47.079,27.739
48.640,118.493,45.928,28.872
49.240,117.691,45.215,29.862
49.563,116.778,44.603,30.581
48.993,117.714,44.253,30.949
49.531,117.586,43.937,31.324
49.453,116.774,43.890,31.527
49.082,117.108,43.730,31.627
49.617,117.045,43.564,31.789
50.129,117.254,43.478,31.849
49.127,117.587,45.239,30.384
49.823,117.858,44.806,30.755
49.724,117.377,44.658,30.983
49.978,117.498,44.617,31.146
49.743,116.373,44.443,31.473
49.543,116.320,44.305,31.630
49.795,116.126,44.221,31.813
49.539,116.562,44.297,31.810
50.175,116.754,44.266,31.882
50.186,116.796,44.330,31.824
50.817,115.415,44.228,31.978
50.858,115.906,44.490,31.931
49.441,116.284,46.145,30.392
49.662,116.445,47.343,29.260
48.773,116.794,48.252,28.346
48.774,117.526,48.455,27.965
48.684,117.885,48.723,27.832
49.438,118.049,48.756,27.629
48.808,117.899,48.938,27.418
49.607,117.890,49.010,27.272
49.605,117.852,49.101,27.111
49.368,117.848,48.972,27.128
49.318,118.074,48.941,27.166
49.260,118.404,48.806,27.167
48.831,118.699,48.817,27.132
49.794,118.993,48.935,26.927
49.308,118.924,48.949,26.908
49.536,119.276,49.037,26.815
49.648,119.370,48.799,26.962
51.219,119.445,47.263,28.415
50.738,123.378,48.097,27.743
51.912,122.519,48.410,27.437
49.753,122.102,48.745,27.228
49.987,121.830,48.903,27.115
50.729,121.322,48.677,27.190
50.133,120.958,48.579,27.147
50.166,120.778,48.667,27.125
50.272,120.969,49.110,26.814
49.924,120.878,48.939,26.891
50.067,120.955,49.045,26.685
50.992,124.306,49.030,26.607
50.759,122.985,49.288,26.478
50.024,122.172,49.044,26.734
50.753,121.311,48.708,26.975
50.481,120.753,48.737,26.984
49.152,120.690,48.805,26.925
50.614,124.071,48.835,26.814
50.270,122.823,49.045,26.647
51.086,122.193,48.755,26.699
51.513,121.470,48.865,26.537
50.068,120.942,48.924,26.571
50.214,120.815,49.023,26.599
49.719,121.012,48.984,26.632
50.081,121.019,48.895,26.620
49.868,121.050,48.753,26.689
50.285,121.434,49.009,26.557
51.066,120.924,48.860,26.400
49.688,120.881,48.930,26.417
52.494,123.931,49.015,26.142
51.300,122.970,49.250,26.044
51.991,121.966,49.283,26.212
50.739,121.604,49.254,26.300
52.227,120.898,49.080,26.343
49.608,120.543,48.955,26.473
51.400,119.256,47.372,27.990
54.578,122.888,47.768,27.669
51.906,122.122,48.034,27.433
52.324,121.055,47.771,27.605
53.622,119.337,46.411,28.819
51.865,119.794,47.444,28.092
52.595,120.127,48.115,27.431
51.356,119.380,48.006,27.474
52.205,119.281,48.339,27.135
53.747,118.722,48.308,27.031
51.385,118.999,48.414,27.076
51.749,118.682,48.368,27.119
53.034,118.761,48.851,26.858
51.612,118.711,49.102,26.677
52.342,119.112,49.133,26.516
51.718,119.239,49.212,26.391
52.174,119.806,49.679,26.083
52.497,119.870,49.465,26.175
53.028,120.428,49.710,25.949
53.298,120.142,49.432,25.999
53.373,119.514,49.414,26.125
53.393,119.173,49.618,26.032
52.320,119.153,49.917,25.862
53.170,119.601,50.321,25.628
52.368,119.963,50.412,25.667
54.034,120.336,50.621,25.562
52.344,120.178,50.443,25.751
52.334,120.273,50.394,25.636
54.041,120.533,50.400,25.660
54.354,120.673,50.445,25.674
55.455,120.457,50.185,25.933
54.342,120.693,50.129,26.023
54.545,121.315,50.198,25.912
54.351,121.814,50.173,25.912
54.582,121.870,50.212,25.906
54.480,122.200,50.386,25.781
54.860,121.611,49.824,26.194
56.344,121.294,49.655,26.171
55.386,121.283,49.979,26.027
55.188,121.364,49.829,26.025
54.923,121.400,50.015,25.934
54.604,121.529,50.305,25.694
55.173,121.435,50.073,25.820
53.809,120.652,50.189,25.884
53.874,120.818,50.353,25.665
54.584,120.874,50.294,25.737
54.508,121.025,49.979,25.885
55.050,120.713,49.598,25.988
54.301,120.544,49.594,25.992
53.449,120.136,49.503,26.059
55.947,120.399,49.459,25.998
54.357,120.173,49.599,25.925
58.218,123.075,49.255,25.842
57.557,122.207,49.150,25.819
56.424,121.921,49.214,25.751
56.509,121.418,49.404,25.691
54.307,120.863,49.388,25.657
53.590,120.681,49.316,25.804
55.691,124.597,49.098,25.746
55.625,123.657,49.168,25.741
54.571,122.891,49.082,25.923
53.619,122.700,49.067,25.992
54.340,122.359,48.791,26.198
56.503,121.854,48.246,26.380
56.324,121.563,47.904,26.574
57.013,121.298,47.513,26.801
56.826,120.838,47.608,26.693
56.075,120.375,47.495,26.864
55.961,119.699,47.441,26.996
55.269,118.959,47.394,27.004
55.500,118.869,47.515,26.845
56.611,118.356,47.527,26.867
56.929,117.825,47.595,26.872
56.651,117.608,47.661,26.740
56.756,117.923,47.954,26.542
55.926,118.438,48.221,26.385
57.001,118.978,48.156,26.273
57.207,119.182,48.416,26.319
56.004,119.060,48.382,26.395
56.501,119.370,48.582,26.461
57.385,119.471,49.092,26.152
57.074,119.668,49.003,26.283
56.410,119.734,49.308,26.271
56.786,119.534,49.148,26.539
56.949,119.277,48.918,26.841
56.783,119.316,48.910,26.890
56.318,119.467,48.924,26.782
56.651,119.734,49.051,26.696
57.176,119.937,49.012,26.579
55.617,119.357,49.146,26.511
56.334,115.111,49.225,26.388
55.632,119.332,49.194,26.453
56.344,115.054,49.765,26.116
56.950,115.483,50.088,25.835
54.810,119.533,49.804,26.176
54.601,119.058,49.585,26.473
55.816,119.050,48.201,28.080
55.040,119.032,48.468,27.807
55.062,122.660,48.379,27.730
55.947,120.595,47.206,28.985
56.779,120.359,46.137,30.149
57.170,119.939,45.270,31.135
58.152,119.262,44.766,31.719
58.017,118.851,44.611,31.929
58.024,118.817,44.436,32.269
59.183,118.518,43.820,32.775
59.761,117.668,43.354,33.219
59.507,117.453,42.980,33.541
59.851,117.310,42.407,33.832
59.381,117.966,42.449,33.882
59.913,118.366,42.440,33.932
59.850,118.023,42.338,33.957
60.142,118.082,42.450,33.785
60.416,118.108,42.543,33.658
60.351,117.501,42.479,33.557
61.213,117.493,42.306,33.654
60.586,117.425,42.168,33.759
60.585,117.273,42.628,33.489
60.151,116.613,42.609,33.578
61.441,116.309,42.434,33.646
61.657,119.442,42.498,33.352
61.637,118.918,42.505,33.281
61.618,118.384,42.511,33.231
61.580,118.733,42.641,33.088
61.352,118.413,42.576,33.232
61.910,118.007,42.623,33.173
62.173,117.094,42.617,33.165
62.371,116.544,42.326,33.423
62.078,119.950,42.500,33.129
59.128,121.188,44.281,31.172
61.044,121.165,43.812,31.494
59.045,122.207,45.493,29.893
58.282,123.065,46.584,28.779
57.581,123.090,47.354,28.149
57.123,123.521,47.896,27.564
58.854,123.465,48.236,27.149
58.406,122.440,48.386,27.143
57.293,122.481,48.809,26.841
56.404,122.905,49.254,26.434
56.363,123.418,49.501,26.212
56.495,123.499,49.615,26.088
56.337,123.644,50.074,25.873
54.650,124.004,50.437,25.736
58.934,126.973,50.371,25.676
58.048,125.875,50.614,25.473
57.071,125.182,50.851,25.523
56.319,124.160,50.979,25.524
55.841,123.846,51.243,25.468
54.833,123.913,51.008,25.565
54.647,124.207,51.101,25.504
54.775,123.904,50.704,25.853
54.709,123.687,50.226,26.146
54.038,123.818,50.051,26.202
56.026,123.829,50.113,26.277
54.309,123.762,50.181,26.481
57.628,127.271,50.191,26.379
55.918,126.777,50.542,26.049
54.534,125.572,50.768,25.850
54.102,124.352,50.555,25.953
53.259,123.788,50.778,25.755
56.912,127.020,50.760,25.644
54.377,126.112,51.045,25.502
54.373,124.906,50.761,25.689
58.232,124.009,50.505,25.855
58.115,121.259,48.516,27.876
57.839,120.182,47.201,29.363
58.409,119.542,46.170,30.327
56.472,119.932,47.259,29.472
54.983,119.746,48.148,28.828
54.585,119.337,48.818,28.322
53.432,119.406,49.286,27.880
56.876,122.739,49.475,27.521
55.870,121.825,49.917,27.220
54.636,121.371,50.357,26.993
54.745,121.218,50.385,27.108
54.525,121.174,50.648,27.006
54.065,121.274,50.720,26.979
53.128,121.514,51.190,26.706
52.591,121.690,51.174,26.575
52.978,121.760,51.407,26.336
51.651,121.828,51.705,26.128
51.163,121.431,52.109,25.940
53.682,121.071,52.447,25.927
52.498,120.926,52.640,25.884
52.052,120.915,52.953,25.796
50.920,120.290,53.151,25.907
51.632,123.422,52.650,26.037
52.016,121.892,52.240,26.211
51.999,121.525,52.108,26.417
52.047,121.233,52.089,26.459
51.407,121.509,52.052,26.399
50.540,121.318,51.943,26.486
53.449,124.756,51.598,26.506
52.689,123.266,51.308,26.490
51.512,122.668,51.223,26.740
51.709,122.259,51.284,26.612
50.859,122.037,51.491,26.500
50.111,121.769,51.794,26.359
50.604,121.845,51.975,26.126
50.595,121.348,52.260,25.989
49.644,121.338,52.565,25.854
49.122,120.573,52.583,26.009
49.676,120.417,52.307,26.473
56.005,120.156,50.365,28.488
56.475,118.963,48.751,30.099
57.837,118.070,48.022,30.967
56.858,117.016,47.404,31.612
54.202,117.588,48.773,30.539
51.472,117.622,50.249,29.466
50.051,117.565,51.335,28.695
48.923,118.163,52.091,28.151
52.729,122.506,51.937,28.135
51.855,121.838,51.818,28.115
50.978,121.643,52.398,27.768
49.700,121.095,52.673,27.628
52.927,120.957,52.610,27.796
52.030,120.747,53.027,27.539
51.893,120.211,52.920,27.495
51.518,119.375,53.174,27.340
51.059,118.248,53.040,27.463
54.338,117.440,53.384,27.443
53.518,116.829,53.577,27.371
52.213,116.386,53.781,27.302
51.155,116.021,54.018,27.089
50.042,116.201,54.579,26.902
49.294,115.662,54.672,26.889
52.451,115.973,54.343,27.151
51.133,115.919,54.588,27.069
49.617,116.007,55.115,26.733
50.083,115.910,55.052,26.778
50.657,115.687,55.242,26.663
54.153,115.697,54.937,27.010
53.345,120.011,54.610,27.224
53.429,119.125,54.914,27.116
52.935,118.716,54.997,27.144
52.555,117.679,55.024,27.234
51.627,117.625,55.289,27.164
50.984,117.537,55.757,26.926
53.739,117.625,55.630,27.169
53.819,117.271,55.252,27.503
60.702,116.806,52.686,29.582
61.043,116.578,50.673,31.234
61.456,115.887,49.485,32.334
62.133,115.982,48.745,32.953
63.565,115.281,48.346,33.270
63.550,115.227,47.994,33.663
63.898,115.550,47.759,33.803
63.805,115.889,47.417,33.936
63.661,114.723,47.078,34.131
64.242,114.028,46.996,34.184
65.249,114.322,46.519,34.463
64.448,114.771,46.646,34.376
64.381,115.686,46.645,34.375
64.773,116.350,46.962,34.208
63.414,120.677,48.588,32.572
64.124,118.001,48.087,33.119
64.621,116.687,47.759,33.534
65.059,115.945,47.486,33.770
65.644,115.289,47.132,34.093
65.813,115.384,47.116,34.172
66.051,115.162,47.029,34.386
63.401,120.835,48.766,32.706
62.423,120.792,49.952,31.521
61.332,120.538,51.137,30.495
60.641,120.449,51.991,29.805
60.201,120.203,52.113,29.571
65.922,119.106,50.536,30.893
59.613,119.204,51.473,30.175
65.262,119.233,50.098,31.385
62.416,119.384,50.735,30.615
61.230,119.596,51.582,29.744
59.763,119.627,52.093,29.069
58.139,119.390,52.621,28.555
56.716,119.805,53.687,27.606
60.672,124.248,53.528,27.439
60.333,123.889,53.588,27.272
59.602,123.316,53.283,27.530
62.956,121.581,51.113,29.522
63.377,120.885,49.491,31.138
64.587,119.444,48.398,32.283
64.716,119.547,48.066,32.696
65.031,118.719,47.544,33.321
64.644,117.995,46.904,33.787
64.713,118.147,46.679,34.131
64.764,117.709,46.224,34.699
64.792,118.476,46.129,34.837
64.819,118.041,46.045,35.011
64.706,118.199,46.068,35.097
65.008,118.171,46.100,35.131
64.747,118.842,45.970,35.359
65.150,118.912,45.978,35.399
64.967,118.786,46.255,35.207
65.092,117.562,46.238,35.191
65.748,116.942,46.314,35.059
66.402,117.200,46.255,34.851
65.657,117.518,46.239,34.739
65.969,118.584,46.349,34.408
66.388,118.399,46.232,34.358
66.279,119.149,46.280,34.026
66.549,117.985,46.298,34.022
66.199,118.349,46.264,33.939
65.898,118.198,46.275,34.021
65.612,118.638,46.690,33.722
66.646,118.644,46.791,33.700
66.857,117.208,46.257,34.246
67.173,116.244,46.008,34.534
67.784,116.309,45.534,34.679
67.615,117.120,45.527,34.712
67.566,116.717,45.331,34.888
67.695,116.564,45.695,34.690
67.872,116.779,45.710,34.646
67.521,116.708,46.068,34.379
66.991,117.090,46.140,34.404
67.384,116.983,46.081,34.451
67.341,116.582,45.944,34.578
67.460,116.002,45.945,34.546
67.395,115.753,45.896,34.541
67.014,115.816,46.046,34.464
67.704,116.125,46.004,34.448
67.584,116.265,46.007,34.356
67.603,116.660,46.070,34.179
67.739,116.698,46.024,34.013
67.266,116.576,45.897,33.881
67.989,117.172,45.682,33.785
68.426,117.398,45.351,33.927
68.196,118.395,45.254,34.107
68.341,118.917,44.728,34.298
67.896,118.275,44.424,34.352
67.018,117.668,44.603,34.162
67.640,117.567,44.931,33.797
67.062,117.326,44.918,33.559
66.858,117.936,44.965,33.360
66.565,118.378,44.869,33.370
66.141,117.992,44.927,33.165
65.725,117.832,45.090,33.025
65.311,118.032,45.190,32.957
64.949,117.955,45.235,32.984
65.214,118.255,45.189,32.997
64.612,117.921,45.119,33.097
65.598,118.417,45.128,33.040
65.628,117.939,44.806,33.258
64.180,117.517,45.045,33.183
65.082,118.046,44.858,33.168
65.894,117.844,44.755,33.197
66.104,118.613,44.796,33.227
66.106,118.756,44.427,33.379
66.032,118.294,44.536,33.277
66.022,118.424,44.494,33.415
67.139,118.422,44.529,33.462
67.710,117.881,44.134,33.614
67.161,116.763,44.224,33.611
68.619,115.309,44.168,33.688
68.290,118.420,44.343,33.520
68.888,117.710,44.506,33.521
68.276,117.132,44.545,33.761
69.397,117.588,44.585,33.864
70.000,117.534,44.434,34.179
70.873,117.374,44.351,34.181
70.278,116.726,44.709,33.967
70.905,117.806,44.768,34.173
71.148,118.331,44.965,33.991
71.645,118.924,44.857,33.995
72.047,117.671,44.696,34.126
72.518,116.453,44.798,34.090
72.263,116.565,44.873,34.262
72.674,117.226,44.990,34.346
72.344,120.425,45.251,34.178
71.681,117.947,45.401,34.201
71.468,116.815,45.671,33.995
68.753,122.069,47.643,32.172
70.683,119.650,47.171,32.831
71.423,118.072,46.726,33.456
71.107,117.209,46.174,34.086
72.019,117.340,45.664,34.764
72.894,117.212,45.212,35.282
72.624,116.231,45.247,35.389
72.737,116.046,45.079,35.649
72.834,119.561,45.174,35.617
73.452,119.649,45.218,35.584
74.278,119.465,44.815,35.838
72.495,119.610,44.886,35.544
72.700,118.964,44.822,35.484
73.168,118.252,44.962,35.297
72.909,117.474,45.197,35.083
73.463,116.235,44.965,35.061
72.467,114.879,45.147,34.987
71.838,113.329,45.190,35.145
71.681,113.326,45.023,35.249
70.928,113.207,45.084,35.051
70.864,113.537,45.431,34.994
71.328,112.833,45.567,35.001
71.722,112.797,45.352,35.040
70.662,112.128,45.644,34.697
70.565,111.966,45.664,34.685
70.049,112.195,45.453,34.954
70.213,112.313,45.566,34.916
69.790,112.927,45.637,34.994
70.428,112.645,45.523,34.844
69.936,112.211,45.117,34.944
70.010,112.950,45.148,35.044
70.466,112.704,45.138,35.195
69.983,112.396,44.779,35.350
69.691,112.304,44.969,35.202
68.389,112.400,44.996,35.323
70.392,112.311,44.711,35.372
70.109,112.597,44.522,35.354
69.809,113.237,44.742,35.144
69.899,112.407,44.871,35.119
69.536,112.803,44.957,34.944
69.449,113.009,45.014,34.806
69.244,113.248,44.950,34.777
68.758,113.135,44.866,34.796
68.721,113.348,44.547,34.873
69.403,113.491,44.787,34.810
68.468,113.041,45.063,34.702
68.537,113.837,45.176,34.567
68.879,113.786,45.086,34.661
68.323,113.215,45.172,34.637
68.355,113.787,45.070,34.707
68.456,114.127,45.133,34.666
68.233,113.489,45.206,34.654
68.022,113.303,45.341,34.603
68.611,112.474,45.342,34.684
69.220,112.235,45.030,34.834
68.422,112.189,44.874,34.950
67.497,111.514,44.757,35.099
67.249,112.185,44.898,35.009
66.525,111.892,44.696,35.135
65.753,112.194,44.683,35.198
66.113,112.192,44.501,35.280
67.136,112.319,44.714,35.166
65.598,111.914,44.860,35.193
66.191,111.643,45.083,35.227
66.060,111.222,45.051,35.188
65.725,111.699,44.895,35.200
65.374,111.772,44.760,35.201
65.568,111.785,44.477,35.470
65.780,111.531,44.421,35.502
64.651,112.144,44.563,35.374
63.843,111.782,44.541,35.440
64.537,111.887,44.765,35.516
64.362,112.215,44.957,35.297
64.135,112.865,44.924,35.377
63.504,112.964,44.952,35.432
63.848,112.965,44.933,35.435
63.481,112.714,45.024,35.412
63.483,112.791,44.977,35.468
63.389,112.649,44.770,35.609
63.263,112.750,44.774,35.633
63.127,113.434,45.112,35.341
62.763,113.785,45.404,35.294
62.878,114.526,45.170,35.230
61.511,113.900,45.160,35.241
62.070,113.759,44.950,35.273
62.544,113.891,44.974,35.296
61.671,114.858,45.187,35.321
61.984,114.734,44.973,35.384
61.860,115.109,44.978,35.312
61.134,115.177,44.962,35.243
61.060,115.073,45.121,35.209
61.600,114.501,45.064,35.227
60.180,113.557,45.076,35.230
60.773,113.086,45.151,35.220
59.871,115.877,45.172,35.239
60.289,115.123,45.080,35.148
60.771,115.030,45.073,34.920
60.110,114.447,44.916,35.062
60.388,114.706,44.617,35.217
59.441,113.719,44.677,35.129
59.209,113.845,44.682,35.077
59.581,117.039,44.822,34.953
59.302,116.240,44.976,34.731
59.052,115.850,45.023,34.540
58.793,115.444,45.108,34.523
58.933,115.295,44.902,34.392
58.725,115.016,44.237,34.651
58.555,114.796,44.524,34.335
58.718,114.982,44.255,34.365
58.663,115.195,43.975,34.397
59.695,118.033,44.063,34.285
58.834,117.222,44.012,34.272
59.381,116.602,44.129,34.208
58.302,116.205,44.065,34.205
58.767,116.217,44.017,34.144
58.187,116.144,44.111,33.993
58.442,116.339,44.205,33.776
57.819,116.081,44.171,33.601
57.696,115.137,43.846,33.878
58.470,115.172,43.771,33.887
58.545,115.693,43.716,33.896
58.680,115.489,43.523,34.064
58.943,115.927,43.526,34.008
59.061,115.819,43.530,34.057
58.984,116.134,43.649,34.029
58.736,115.552,43.767,33.992
59.983,118.058,43.625,34.013
59.414,116.070,43.346,34.297
60.852,118.683,43.435,34.280
60.412,116.964,43.355,34.374
60.524,116.129,43.142,34.446
60.913,115.441,42.920,34.422
60.739,117.619,43.128,34.295
61.290,116.052,42.799,34.464
61.566,118.285,42.991,34.493
61.421,117.541,42.919,34.309
62.138,117.326,42.870,34.205
62.232,116.863,42.683,34.260
62.134,117.110,42.751,34.041
61.919,117.439,42.787,33.987
61.811,117.906,43.027,33.827
61.296,117.508,43.031,33.816
60.251,117.935,42.956,33.830
52.643,118.330,44.895,32.262
52.196,118.398,46.070,31.393
51.784,118.583,47.334,30.542
57.346,118.478,46.703,31.387
53.686,118.301,45.921,31.946
52.461,119.039,47.176,30.952
54.002,119.754,48.225,30.034
52.255,119.716,48.887,29.658
54.174,120.250,49.339,29.234
52.961,120.830,49.502,29.006
53.064,120.930,49.359,28.982
51.914,120.727,49.262,28.927
53.904,119.603,49.399,28.885
52.968,119.014,48.819,29.190
52.386,119.841,48.851,28.836
52.452,120.222,48.881,28.562
52.325,120.167,48.951,28.377
52.517,119.907,48.768,28.324
57.482,118.935,46.978,29.880
58.576,118.903,45.872,30.934
59.522,118.675,44.775,31.826
59.499,119.188,43.786,32.545
59.719,119.146,43.706,32.638
59.950,119.232,43.303,32.923
60.528,119.387,43.160,32.975
60.660,119.029,42.924,33.044
61.770,119.609,42.658,33.097
62.002,119.787,42.500,33.092
61.532,119.787,42.104,33.183
62.244,120.257,41.933,33.038
62.536,120.161,42.026,32.793
62.526,120.034,42.043,32.634
62.846,120.546,41.836,32.519
63.834,120.579,41.763,32.349
63.654,121.284,41.578,32.339
65.017,121.704,41.196,32.522
65.404,121.590,40.987,32.546
66.151,121.551,40.802,32.531
66.481,122.032,40.799,32.373
66.116,122.331,40.788,32.265
66.979,121.106,40.562,32.464
67.925,120.925,40.650,32.385
68.943,119.873,40.275,32.498
69.494,119.666,39.953,32.506
70.015,120.176,40.028,32.211
70.068,121.169,40.011,31.960
71.177,121.415,39.918,31.758
71.454,121.035,39.881,31.759
71.270,119.687,40.080,31.680
72.139,121.210,40.033,31.501
72.937,122.174,39.955,31.427
74.468,123.152,39.805,31.345
74.002,123.454,39.877,31.149
74.789,123.694,39.591,31.201
74.315,124.163,39.825,30.929
76.131,124.065,39.690,31.060
76.777,123.791,39.484,30.963
77.181,122.267,39.710,30.822
78.225,122.168,39.490,30.880
78.647,122.125,39.369,30.905
77.911,121.276,39.672,30.719
79.526,121.380,39.519,30.861
79.004,121.693,39.692,30.537
80.462,121.881,39.630,30.473
80.161,122.335,39.610,30.297
81.488,122.123,39.610,30.264
81.906,122.502,39.388,30.327
82.288,122.701,39.463,30.172
82.972,123.331,39.380,30.142
83.887,123.192,39.277,30.167
84.790,122.785,39.148,30.256
84.876,122.629,39.197,30.278
85.396,122.017,39.173,30.407
86.198,121.728,39.228,30.334
86.597,121.624,39.100,30.462
88.143,121.773,38.995,30.593
88.208,122.001,39.224,30.374
89.215,122.027,38.855,30.703
90.614,122.194,38.869,30.491
90.199,121.876,38.950,30.548
91.981,121.744,38.832,30.574
92.119,121.763,39.008,30.467
94.164,121.699,38.596,30.690
94.371,120.199,38.292,30.795
94.163,119.838,38.767,30.515
95.191,119.061,38.852,30.263
95.969,119.569,38.386,30.503
95.902,120.306,38.748,30.294
97.309,120.491,38.679,30.364
97.476,120.889,38.649,30.475
97.630,121.321,38.502,30.526
98.424,121.619,38.653,30.569
99.792,122.670,38.525,30.579
99.975,122.652,38.458,30.496
100.989,122.919,38.546,30.359
101.123,122.583,38.431,30.407
101.984,122.577,38.210,30.514
101.517,121.590,38.207,30.617
101.833,122.605,38.034,30.580
102.106,123.929,38.231,30.260
101.490,124.300,38.302,30.229
103.233,123.307,38.005,30.434
103.125,122.944,37.987,30.321
102.321,123.339,37.910,30.307
102.716,124.218,37.957,30.197
103.572,123.735,37.953,30.189
103.064,122.611,37.648,30.313
102.354,121.375,37.664,30.311
103.739,121.087,37.668,30.260
102.888,121.069,37.660,30.179
102.635,120.890,37.598,30.150
102.856,120.356,37.514,30.200
103.131,119.889,37.334,30.219
103.240,120.451,37.167,30.301
102.769,120.590,37.153,30.122
101.629,121.387,37.348,29.847
101.862,121.908,37.481,29.656
101.186,122.127,37.633,29.595
101.700,121.743,37.155,29.782
102.771,121.887,36.779,30.072
102.483,129.914,37.311,29.701
101.824,128.193,37.458,29.542
101.031,127.960,37.566,29.376
100.946,125.614,37.277,29.636
100.194,121.552,37.106,29.749
99.251,120.285,37.328,29.592
99.235,120.405,37.260,29.766
99.375,121.133,37.110,29.767
99.471,120.572,37.168,29.553
99.064,120.872,37.315,29.511
98.709,119.972,37.307,29.537
99.410,119.389,37.125,29.702
98.673,119.581,37.345,29.507
98.796,120.335,37.407,29.347
98.101,120.111,37.446,29.461
97.782,120.152,37.519,29.471
97.660,119.929,37.738,29.306
97.129,119.348,37.721,29.426
97.904,119.658,37.743,29.253
96.695,120.185,37.821,29.066
96.944,119.690,38.021,28.954
97.134,120.167,38.047,28.951
97.315,120.968,38.073,28.982
96.816,120.781,37.917,29.253
96.955,120.636,37.904,29.471
96.739,120.826,38.324,29.258
96.019,120.561,38.477,29.216
97.014,120.807,38.563,29.261
96.389,121.361,38.650,29.199
96.081,121.082,38.464,29.443
96.580,121.311,38.341,29.533
95.689,121.132,38.417,29.550
95.503,121.899,38.213,29.733
95.506,121.767,38.238,29.827
95.846,120.786,38.052,30.171
96.531,121.449,38.067,30.109
96.227,120.589,38.098,30.247
96.496,120.847,38.079,30.281
95.565,121.286,38.523,30.127
95.545,121.384,38.563,30.006
95.535,121.253,38.473,30.057
96.716,121.807,38.517,29.866
96.259,122.151,38.416,30.000
95.663,121.578,38.249,30.285
97.370,122.756,38.398,29.991
96.294,122.093,38.460,30.089
96.019,122.252,38.562,30.089
95.739,121.432,38.508,30.038
96.599,120.696,38.262,30.159
96.843,120.646,38.064,30.326
96.723,120.587,38.175,30.341
97.299,120.499,38.032,30.363
96.574,120.783,38.215,30.245
98.088,120.461,38.242,30.297
96.378,121.171,38.515,30.055
96.988,121.010,38.683,30.165
98.024,121.170,38.665,30.236
97.332,121.284,38.598,30.419
97.657,121.083,38.711,30.537
97.522,121.050,38.931,30.550
98.074,120.373,38.873,30.626
98.706,119.626,38.606,30.790
98.651,118.780,38.612,30.958
98.146,119.247,38.802,30.790
99.009,119.425,38.879,30.607
99.372,120.095,39.173,30.416
99.069,120.292,39.029,30.431
100.182,120.791,39.266,30.258
100.569,121.021,39.629,30.108
100.224,121.306,39.952,29.951
100.536,120.840,39.872,30.147
100.460,120.811,39.976,30.045
100.971,120.614,39.840,30.268
101.069,120.258,39.869,30.345
100.800,119.823,39.815,30.646
100.998,119.636,39.981,30.714
101.420,119.990,40.282,30.667
101.478,120.083,40.465,30.594
100.750,119.910,40.828,30.711
101.075,119.541,40.779,30.848
100.941,120.189,41.064,30.863
100.994,119.619,40.937,31.070
100.258,120.261,41.231,31.024
100.895,120.749,40.872,31.341
100.856,121.073,41.234,31.108
100.861,121.456,41.305,30.994
100.673,121.778,41.466,31.011
101.245,120.451,41.494,31.162
100.948,120.929,41.548,31.211
100.460,121.449,41.494,31.269
101.481,122.021,41.514,31.315
101.011,121.375,41.698,31.375
101.683,121.343,41.446,31.600
101.818,121.138,41.444,31.602
102.446,119.880,41.415,31.691
102.607,119.566,41.385,31.704
102.422,119.441,41.327,31.755
102.828,119.541,41.336,31.781
102.267,119.766,41.591,31.684
102.776,120.338,41.715,31.616
102.752,120.156,41.396,31.895
102.616,120.875,41.467,31.838
102.628,121.215,41.519,31.840
103.523,120.088,41.453,32.080
102.879,120.365,41.931,31.866
103.073,120.263,41.964,31.915
103.348,120.696,42.010,32.045
103.080,120.634,41.987,32.019
103.604,120.691,41.777,32.060
104.399,120.367,41.689,32.065
104.334,120.640,41.636,32.250
104.154,120.691,41.855,32.123
104.085,121.035,41.863,32.184
103.876,121.336,41.829,32.209
104.217,121.604,42.187,32.007
104.370,121.439,42.283,32.144
103.773,119.591,42.440,32.353
104.733,120.214,42.127,32.527
103.733,120.939,42.073,32.618
104.308,121.185,42.030,32.614
104.114,120.258,41.972,32.662
104.322,120.812,41.955,32.572
103.950,120.750,42.251,32.392
104.147,121.208,42.364,32.322
103.264,120.634,42.456,32.452
104.417,120.825,42.276,32.490
103.848,120.804,42.448,32.429
103.741,120.241,42.271,32.640
103.062,120.056,42.301,32.664
103.636,120.357,42.149,32.822
102.895,119.793,42.320,32.854
102.067,119.444,42.280,32.992
102.308,119.410,42.151,32.921
102.435,118.727,42.116,33.051
102.901,118.576,42.082,33.206
103.468,118.823,42.088,33.425
103.189,121.018,42.404,33.471
102.838,118.527,42.585,33.552
102.689,118.038,42.299,34.056
103.139,117.727,42.176,34.309
102.366,120.372,42.639,34.408
101.983,118.847,42.897,34.456
101.632,117.663,42.829,34.725
101.152,117.182,43.159,34.674
101.385,116.535,43.197,34.797
101.853,116.731,43.468,34.851
101.693,115.856,43.606,34.912
101.287,118.349,43.707,35.028
100.927,117.173,43.744,35.216
101.081,116.248,43.789,35.424
101.050,115.378,43.807,35.666
101.367,114.420,43.885,35.862
101.311,118.063,44.051,36.073
100.001,116.023,44.059,36.241
99.706,115.088,44.122,36.434
100.382,114.124,44.128,36.724
100.355,113.649,44.036,37.145
99.541,115.834,44.166,37.328
100.605,114.828,44.488,37.254
99.241,114.109,44.867,37.229
99.015,116.444,45.124,37.283
99.575,114.340,45.302,37.370
99.446,113.490,45.310,37.707
99.828,116.383,45.559,37.724
99.293,115.407,45.828,37.772
99.051,114.881,45.614,38.314
98.583,114.749,45.686,38.498
99.580,115.030,45.533,38.816
99.462,117.749,45.659,38.766
99.327,116.828,46.163,38.603
99.406,115.922,46.389,38.591
98.905,115.701,46.733,38.476
98.594,115.469,47.007,38.536
98.507,114.961,46.800,38.962
98.278,118.775,46.791,39.069
98.053,117.866,47.174,38.916
97.744,116.686,47.450,38.748
98.088,116.580,47.379,38.791
98.064,119.080,47.488,38.691
98.218,117.232,47.337,38.847
97.528,116.484,47.559,38.835
96.993,115.581,47.710,39.056
98.587,118.478,47.941,38.830
96.679,117.278,48.077,38.875
97.361,116.621,48.095,38.850
97.362,116.537,48.108,38.914
97.030,117.031,48.729,38.702
96.711,117.323,48.963,38.560
97.268,117.167,48.842,38.812
96.909,116.553,48.760,38.932
96.708,119.094,48.782,39.089
96.165,117.396,48.637,39.261
96.630,117.318,48.725,39.446
96.023,117.089,49.039,39.299
96.388,116.758,48.891,39.491
96.934,116.492,48.801,39.579
95.829,116.554,49.058,39.547
95.576,116.330,49.078,39.643
96.254,116.041,48.769,40.093
95.854,115.861,48.554,40.219
96.224,115.659,48.356,40.390
96.915,114.732,47.979,40.590
95.459,114.769,47.933,40.829
97.217,117.929,47.617,40.904
96.271,115.580,47.324,40.996
96.014,114.470,47.161,41.168
95.973,115.109,47.065,41.162
95.215,114.269,47.148,41.053
95.883,114.183,46.788,41.366
96.157,114.748,46.541,41.420
95.837,114.010,46.663,41.220
95.054,114.021,46.939,40.915
94.561,118.090,47.293,40.646
95.489,115.868,47.105,40.664
94.244,115.055,47.194,40.473
93.689,118.526,47.579,40.278
94.282,117.060,47.590,40.130
93.073,115.743,47.579,40.032
93.322,114.967,47.673,40.012
93.778,119.048,47.913,39.829
93.231,117.563,47.851,39.588
93.430,117.455,47.510,39.606
92.583,116.263,47.668,39.428
92.690,115.230,47.650,39.282
92.292,115.058,47.184,39.600
92.776,119.138,47.221,39.424
91.735,117.805,47.762,38.929
91.019,117.367,47.817,38.960
91.426,116.392,47.742,39.097
91.356,116.157,47.685,39.402
91.508,119.922,48.079,39.278
91.987,119.494,48.431,38.954
90.700,118.833,48.523,39.094
91.210,118.848,48.604,39.025
90.714,118.557,48.960,38.977
94.135,118.468,48.955,38.966
92.304,118.222,48.840,39.442
91.016,118.585,49.247,39.557
91.100,117.915,49.461,39.532
91.760,117.711,49.509,39.599
92.373,116.736,49.708,39.699
92.134,116.822,49.769,39.944
92.501,119.449,50.247,40.026
93.526,118.516,50.535,39.832
93.560,117.983,50.525,39.930
93.840,120.418,51.044,39.912
93.828,119.467,51.461,39.737
93.943,119.095,51.457,39.726
95.171,118.864,51.473,39.665
94.474,119.444,51.836,39.538
94.427,118.978,52.136,39.339
95.758,118.532,51.821,39.496
96.254,118.731,51.890,39.437
96.370,119.469,51.958,39.408
95.783,119.418,52.107,39.398
99.846,119.603,52.126,39.634
98.048,119.595,52.044,39.527
98.191,119.536,52.135,39.363
97.793,119.952,52.439,39.265
98.909,120.143,52.423,39.302
99.139,120.282,52.570,39.192
99.510,119.786,52.473,39.294
99.201,119.581,52.376,39.301
100.870,120.268,54.278,37.741
100.208,120.106,53.984,38.130
98.766,125.346,55.665,36.524
99.949,123.683,55.301,37.169
99.137,128.402,56.688,35.857
100.836,125.538,55.527,36.790
99.801,125.251,56.900,35.485
99.861,125.337,57.943,34.436
97.505,125.136,58.872,33.770
102.321,123.647,57.363,35.238
103.099,121.983,56.203,36.485
103.781,121.483,55.120,37.282
101.462,126.406,56.456,36.025
102.241,126.419,57.691,34.898
101.165,126.410,58.519,34.000
101.795,126.494,59.153,33.448
100.980,126.494,59.452,33.250
101.643,126.436,59.488,33.023
102.298,126.339,59.763,32.780
102.948,125.775,59.869,32.766
102.671,125.985,59.785,32.941
103.095,125.923,60.096,32.927
102.357,125.797,60.273,32.929
103.253,125.495,60.449,32.913
103.930,125.699,60.704,32.735
105.416,125.972,59.056,34.490
106.728,125.893,57.736,35.891
107.198,125.189,57.114,36.895
107.127,124.144,56.490,37.849
107.860,123.526,56.230,38.338
108.145,123.166,56.410,38.506
108.519,122.127,56.076,39.012
109.310,120.849,55.898,39.581
108.193,119.659,56.007,40.225
109.346,119.661,56.199,40.469
108.497,117.988,56.142,40.942
109.264,117.858,56.058,41.094
108.228,116.822,56.324,41.353
108.987,116.470,56.214,41.448
108.290,116.769,56.293,41.704
108.375,115.863,56.313,41.937
107.282,116.251,56.308,42.403
108.108,116.055,56.393,42.839
106.630,116.154,56.254,43.409
105.876,114.986,56.572,43.883
104.956,115.388,56.786,44.331
104.223,116.238,57.165,44.661
103.947,117.345,57.348,44.837
104.204,117.639,57.426,45.207
104.834,116.909,57.019,45.776
104.536,115.341,56.695,46.160
103.333,115.487,57.034,46.104
103.411,115.897,57.277,45.994
102.845,116.100,57.141,45.888
102.650,115.255,57.154,45.639
102.152,115.910,57.702,45.156
102.182,115.078,57.620,45.276
101.975,116.448,58.002,44.833
101.958,115.895,57.594,45.097
101.597,117.128,57.489,45.000
102.091,117.060,57.332,44.948
102.648,117.496,57.268,44.927
102.813,116.681,57.180,44.743
102.690,116.177,57.266,44.549
103.108,115.888,57.097,44.631
102.736,115.608,57.104,44.417
103.943,115.478,57.201,44.277
103.730,115.848,57.125,43.995
104.335,115.630,56.979,43.812
104.101,116.036,56.930,43.639
104.970,116.163,57.338,43.196
104.139,116.423,57.582,43.062
104.941,116.145,57.783,42.805
104.622,116.760,57.895,42.700
105.808,121.175,58.141,42.614
105.131,119.015,58.344,42.857
105.238,117.556,58.590,42.893
105.943,116.879,58.942,42.698
106.168,117.731,58.661,42.768
107.050,121.372,58.463,43.090
106.799,120.554,58.589,43.007
106.919,121.138,58.982,42.837
107.920,120.100,58.738,43.016
108.982,119.394,58.611,43.060
108.622,117.450,58.268,43.440
109.683,116.825,58.149,43.459
109.499,115.457,57.934,43.423
109.102,114.487,57.703,43.405
108.977,114.501,57.372,43.235
109.664,114.958,57.168,43.143
108.594,115.069,57.492,42.840
109.843,114.984,57.419,42.623
109.963,115.676,57.105,42.631
110.494,115.455,56.896,42.726
109.301,115.907,57.221,42.746
109.784,116.870,57.047,42.786
110.503,116.694,56.974,42.645
110.378,116.269,57.144,42.548
111.389,117.014,56.790,42.535
110.905,118.295,56.521,42.619
109.927,119.441,56.586,42.694
109.139,119.055,56.519,42.630
110.225,118.338,56.300,42.773
110.477,117.790,56.453,42.589
109.632,117.683,56.476,42.497
109.862,118.079,56.457,42.148
110.199,117.421,56.457,42.065
109.587,117.197,56.201,42.131
109.761,116.156,56.162,42.054
108.839,115.717,56.502,41.708
108.832,116.501,56.641,41.476
108.319,114.883,56.551,41.470
107.842,114.523,56.447,41.521
107.562,116.090,56.710,41.354
107.024,115.765,56.513,41.386
107.723,117.181,56.453,41.473
106.440,117.198,56.110,41.689
105.829,118.162,56.350,41.688
105.431,119.384,56.479,41.717
105.863,120.171,56.388,41.639
105.322,119.850,55.884,42.140
104.895,119.465,55.883,41.946
104.129,118.642,55.359,42.254
104.499,118.383,55.316,42.019
103.565,118.737,55.410,41.888
104.007,119.809,55.588,41.736
104.184,119.007,55.227,41.898
104.307,119.465,55.069,41.840
104.168,118.613,54.683,41.961
103.109,118.229,54.657,41.938
103.220,117.790,54.815,42.013
103.334,117.738,54.814,42.053
102.381,118.721,55.372,41.879
102.011,119.364,55.528,42.058
103.456,119.284,55.247,42.136
102.202,120.263,55.481,42.170
102.954,120.211,55.508,42.146
102.154,120.041,55.380,42.092
102.547,120.528,55.558,41.932
102.134,119.992,55.502,41.801
102.503,119.382,55.476,41.883
102.125,119.036,55.291,42.004
102.134,119.882,55.203,41.847
101.844,120.457,55.349,41.701
102.541,121.821,55.326,41.524
102.485,121.077,55.388,41.365
103.110,121.616,55.290,41.251
103.234,122.178,55.259,41.274
102.393,122.425,55.469,41.146
103.903,121.836,55.657,40.977
103.353,120.574,55.459,40.851
103.415,121.234,55.447,40.561
103.047,120.572,55.456,40.596
103.089,120.078,55.237,40.875
103.582,119.860,55.126,40.979
102.203,120.578,55.310,41.206
103.204,120.641,55.266,41.300
102.328,120.012,55.109,41.352
103.366,120.085,55.057,41.278
102.894,120.028,54.977,41.326
101.873,120.955,54.997,41.433
101.269,121.722,55.227,41.279
101.608,122.231,55.134,41.286
102.259,121.727,54.761,41.353
102.532,121.075,54.830,41.240
101.505,120.743,54.941,41.323
101.693,121.017,54.633,41.556
101.359,121.085,54.559,41.785
101.171,121.252,54.577,41.713
102.229,120.861,54.691,41.449
102.004,120.306,54.998,41.228
102.094,120.171,55.076,41.108
102.054,120.613,54.784,41.163
101.789,120.573,54.675,41.044
101.675,121.060,54.910,40.912
101.210,121.055,54.971,40.831
101.259,120.748,55.159,40.637
101.013,121.060,55.350,40.705
100.103,121.029,55.654,40.538
99.849,120.517,55.465,40.728
100.283,121.275,55.318,40.777
100.064,121.759,55.283,40.731
100.171,122.340,55.425,40.398
99.954,121.660,55.140,40.458
100.278,121.480,55.169,40.383
99.569,122.027,54.846,40.426
100.408,121.305,54.525,40.674
100.269,122.147,54.240,40.575
101.168,121.239,54.231,40.436
99.700,120.313,54.013,40.475
100.574,120.342,53.847,40.745
99.360,121.057,53.648,40.871
98.710,120.387,53.365,40.967
99.012,120.251,53.357,40.940
99.464,120.240,53.240,41.012
98.827,119.386,52.913,41.150
99.622,122.958,52.687,41.064
99.844,121.239,52.386,41.133
99.013,119.602,52.422,41.121
99.597,123.003,52.161,41.353
98.159,121.188,52.296,41.252
98.871,120.477,52.530,41.130
99.182,119.898,52.684,40.825
98.263,119.184,52.621,40.971
99.612,122.431,52.446,41.209
98.514,121.157,52.505,41.281
99.810,119.594,52.137,41.592
99.872,120.019,51.975,41.584
99.508,119.858,51.868,41.599
100.275,123.072,51.496,41.953
99.696,120.738,51.558,41.930
100.522,119.482,51.449,41.865
100.015,119.121,51.472,41.673
101.225,118.782,51.414,41.716
100.063,118.939,51.473,41.788
101.163,122.258,51.415,42.009
100.617,120.586,51.372,41.925
102.306,119.715,51.188,41.945
101.157,119.758,51.335,41.727
101.361,119.798,51.064,41.759
102.515,119.324,50.850,41.667
102.423,120.112,51.023,41.465
102.140,118.998,51.030,41.502
103.403,119.102,51.331,41.292
104.619,118.686,51.378,41.080
103.513,118.421,51.124,41.178
104.216,122.162,51.222,41.000
104.860,120.284,51.631,40.758
105.476,119.962,51.807,40.487
105.414,119.582,51.907,40.401
105.002,118.942,51.974,40.130
105.711,119.556,51.919,40.129
106.420,123.304,51.778,39.876
106.868,122.308,51.700,39.847
107.296,121.360,51.624,39.840
107.711,120.826,51.743,39.785
107.916,120.223,51.637,39.684
108.434,121.038,51.452,39.466
108.145,120.880,51.520,39.384
108.134,119.597,51.357,39.565
108.661,120.348,51.121,39.568
109.865,120.410,51.360,39.295
109.530,119.851,51.309,39.139
109.335,120.631,51.085,39.289
111.155,120.022,50.817,39.353
110.448,120.552,50.787,39.426
110.933,121.019,50.607,39.270
111.051,121.414,50.622,39.262
111.072,121.324,50.698,39.442
111.602,120.616,50.447,39.543
111.123,120.331,50.240,39.700
111.534,121.326,50.317,39.688
111.427,121.830,50.157,39.684
110.457,121.016,50.517,39.444
111.016,120.506,50.241,39.551
111.472,120.406,50.295,39.735
111.745,119.510,50.033,40.032
111.926,120.204,50.127,39.934
111.659,119.862,50.018,39.937
110.900,120.360,49.973,39.991
111.306,121.015,50.030,40.073
111.512,120.814,49.695,40.239
111.871,121.404,49.726,39.971
111.829,121.496,49.657,39.893
112.121,120.062,49.538,39.960
111.654,119.326,49.549,39.874
111.499,119.133,49.648,39.860
111.238,119.167,49.794,39.878
110.930,122.225,49.960,40.105
111.656,120.196,49.834,40.143
111.287,119.448,49.416,40.431
112.425,119.247,49.576,40.205
111.619,119.058,49.544,40.315
112.262,118.954,49.466,40.409
111.458,119.174,49.522,40.348
111.343,119.950,49.692,40.241
111.062,119.896,49.773,40.140
110.454,119.519,49.735,40.167
111.177,119.427,49.989,40.162
110.232,119.031,49.880,40.033
110.647,118.511,49.943,39.796
109.353,119.296,50.125,39.606
110.605,119.538,50.065,39.504
109.842,119.645,49.966,39.381
110.488,119.292,49.830,39.074
110.247,118.224,49.704,38.926
109.521,117.863,49.922,38.928
109.045,118.419,50.127,38.751
108.647,117.785,50.136,38.668
108.045,117.707,50.222,38.794
108.272,117.329,50.005,39.153
108.434,117.635,49.870,39.116
108.393,118.044,49.731,39.249
107.884,118.048,49.673,39.309
106.911,118.397,49.748,38.982
106.854,118.519,49.784,38.937
107.151,117.662,49.736,38.746
106.589,117.982,50.082,38.573
106.415,117.455,50.278,38.424
106.831,117.431,50.369,38.190
106.116,118.035,50.510,38.040
105.659,116.997,50.662,37.894
106.508,116.688,50.695,37.855
105.011,116.602,50.815,37.933
105.525,117.296,50.826,37.851
105.290,116.623,51.061,37.693
104.826,116.864,51.110,37.616
104.644,115.981,51.003,37.655
104.165,116.239,51.019,37.746
103.106,115.080,50.728,38.157
103.500,116.230,50.814,38.131
103.292,120.156,50.905,38.221
103.776,118.384,51.289,38.160
103.380,117.139,51.117,38.355
103.619,116.242,51.171,38.340
103.533,116.638,51.186,38.348
103.477,115.989,51.058,38.426
103.165,114.680,50.846,38.617
103.552,114.787,50.937,38.535
103.573,114.213,51.083,38.383
102.960,113.327,51.164,38.121
103.131,113.767,51.054,38.195
103.155,114.069,51.007,38.145
102.992,114.649,50.981,37.990
102.999,114.225,50.934,37.781
102.081,114.037,50.992,37.692
102.239,114.490,50.901,37.717
102.010,114.654,51.079,37.651
101.051,115.146,51.048,37.651
101.096,114.006,51.108,37.607
100.601,114.813,51.084,37.459
99.796,116.171,50.841,37.612
99.871,116.809,50.744,37.711
99.184,117.541,50.939,37.599
98.593,117.109,50.641,37.805
100.020,120.487,50.888,37.936
99.815,119.192,50.604,38.037
99.136,119.637,50.716,37.872
98.100,120.273,50.573,37.837
98.235,120.860,50.764,37.694
97.350,120.923,50.601,37.723
97.331,122.339,50.992,37.370
97.265,121.933,50.778,37.315
97.324,125.325,50.702,37.538
96.524,123.484,50.515,37.760
95.668,122.115,50.585,37.792
95.738,122.011,50.567,37.775
95.385,125.586,50.634,37.792
94.833,123.526,50.546,38.054
94.095,122.810,50.628,37.851
93.082,121.846,50.582,37.789
92.383,122.633,50.686,37.824
93.053,121.873,50.558,37.917
91.865,122.692,50.572,37.885
90.976,121.605,50.545,38.022
90.890,122.144,50.567,37.955
90.840,120.426,50.739,38.131
90.599,121.000,51.073,38.074
90.696,119.422,51.069,38.201
89.614,118.851,51.288,38.055
89.194,119.221,51.200,38.170
89.889,118.440,51.180,38.274
89.207,117.346,51.037,38.211
89.045,117.033,51.209,38.249
89.859,116.198,51.335,38.128
88.226,117.114,51.559,38.103
88.380,118.283,51.832,37.989
87.893,117.324,51.880,38.166
87.447,116.121,52.295,38.149
85.508,116.812,53.943,36.533
86.512,116.928,53.499,37.045
86.812,116.921,53.258,37.340
85.385,122.460,54.837,35.757
85.908,120.598,54.009,36.641
86.418,118.848,53.542,37.329
86.154,117.290,53.125,37.762
85.584,115.922,53.098,37.854
85.372,115.454,52.788,38.394
84.277,116.301,53.104,38.396
85.043,116.064,52.780,38.897
84.671,115.401,52.681,39.038
83.697,115.480,52.714,39.252
83.660,120.037,52.691,39.541
83.900,117.384,53.056,39.749
84.586,115.473,52.866,40.044
83.488,114.653,53.152,39.902
83.330,114.031,53.282,40.051
82.881,113.737,53.012,40.267
80.464,120.075,55.025,38.382
81.848,117.374,54.398,38.920
82.063,115.414,53.995,39.464
81.435,113.490,53.718,39.760
81.923,113.171,53.580,40.040
81.744,113.309,53.472,40.413
82.377,116.746,53.357,40.721
82.606,114.961,53.135,40.972
81.705,113.820,53.122,41.000
81.421,112.980,52.877,41.289
81.695,113.554,53.032,41.331
82.223,113.013,52.825,41.543
82.100,116.920,53.360,41.122
82.551,114.690,53.337,41.160
82.083,113.568,53.234,41.107
82.185,113.776,53.371,41.089
81.945,114.030,53.131,41.224
82.604,114.750,53.080,41.535
82.958,114.210,52.698,41.632
83.113,114.473,52.806,41.803
83.081,114.806,53.004,41.779
82.635,115.467,53.253,41.707
82.599,115.921,53.325,41.693
82.795,116.755,53.568,41.725
82.979,117.089,53.844,41.709
82.645,117.553,54.122,41.562
82.932,117.347,54.081,41.502
83.439,116.962,54.091,41.483
84.074,117.624,53.963,41.313
84.583,116.902,53.947,41.206
83.600,117.285,53.964,41.224
83.652,117.676,53.583,41.392
83.770,118.248,53.575,41.384
84.042,118.751,53.585,41.351
83.832,118.441,53.529,41.186
83.783,117.749,53.396,41.096
83.631,117.826,53.507,40.961
83.829,117.634,53.334,41.058
83.192,115.608,53.205,41.084
83.970,119.134,53.231,41.236
83.370,117.642,52.891,41.240
84.575,117.553,52.732,41.208
83.248,117.998,52.680,41.273
82.654,117.868,53.124,41.088
82.929,118.406,53.180,40.982
82.788,117.502,53.126,40.862
82.554,117.417,53.138,40.919
82.530,118.391,53.445,40.792
81.440,118.067,53.238,40.803
82.341,118.077,53.329,40.897
82.467,118.512,53.595,40.795
81.372,118.410,53.445,41.008
82.063,117.950,53.313,41.172
82.360,118.074,53.266,41.056
82.935,116.902,53.286,41.051
81.777,116.810,53.301,40.948
81.924,116.254,53.258,40.919
82.293,116.780,53.255,40.931
81.906,116.835,53.210,41.130
82.564,116.141,53.016,41.249
81.688,115.085,52.830,41.547
81.849,118.205,52.980,41.430
81.528,117.894,53.230,41.151
81.420,117.238,53.397,40.954
81.922,116.329,53.477,40.924
81.700,115.846,53.713,40.694
80.954,114.953,53.712,40.874
81.131,113.766,53.582,40.966
80.183,113.487,53.852,40.844
80.834,114.168,54.217,40.644
80.628,117.146,54.347,40.630
80.371,115.835,54.411,40.654
80.517,114.814,54.284,40.862
80.368,113.759,54.177,40.908
80.372,113.404,54.298,40.758
80.368,116.675,54.607,40.590
80.300,115.179,54.432,40.601
79.491,113.354,54.101,40.908
80.342,112.864,54.240,40.903
80.922,113.384,54.829,40.624
79.528,113.597,54.991,40.475
80.391,116.848,55.005,40.649
80.550,116.039,54.805,40.989
81.022,114.847,54.490,41.228
81.148,114.826,54.538,41.161
81.048,115.153,54.314,41.124
80.857,115.460,54.413,40.955
80.828,114.851,54.156,41.143
81.372,113.762,53.929,41.299
81.097,114.614,54.303,41.037
80.606,113.502,54.090,41.104
81.209,114.196,54.333,40.906
80.976,113.281,54.208,41.077
80.434,114.454,54.571,40.916
80.597,114.819,54.680,40.955
80.529,114.186,54.491,41.183
80.860,113.494,54.431,41.139
81.213,113.743,54.509,41.290
80.437,115.036,54.827,41.158
80.899,113.923,54.625,41.251
79.984,112.871,54.583,41.311
78.491,114.794,54.782,41.192
79.312,114.765,54.906,41.156
78.071,114.880,54.879,41.139
78.584,114.289,54.781,41.250
77.734,112.718,54.523,41.378
77.867,117.106,54.729,41.213
78.500,114.853,54.374,41.547
76.690,114.498,54.617,41.233
75.844,113.842,54.554,41.224
75.826,114.283,54.481,41.176
75.740,113.583,54.403,41.266
75.540,113.854,54.566,41.224
75.144,114.376,54.699,41.133
75.177,113.783,54.546,41.222
74.053,116.749,54.664,41.334
74.306,115.552,54.941,41.240
73.358,114.888,54.967,41.065
72.958,114.348,55.032,41.111
72.794,117.999,54.863,41.175
71.297,123.089,56.830,39.189
69.730,122.063,58.150,37.756
69.070,121.313,59.368,36.620
70.543,118.800,58.169,37.859
69.890,116.712,57.330,38.731
69.200,115.512,56.691,39.409
70.511,115.263,55.758,40.083
70.692,116.231,55.650,40.259
68.623,116.280,55.527,40.488
68.734,115.493,55.707,40.525
68.398,114.231,55.198,40.814
67.535,114.719,55.024,40.811
68.131,118.018,54.818,40.919
67.263,115.811,54.742,41.028
65.954,119.203,54.835,40.870
65.001,116.677,54.543,41.013
64.439,116.083,54.620,40.915
64.134,115.391,54.811,40.968
63.196,115.597,54.861,41.023
63.180,115.385,54.563,41.224
62.135,115.034,54.407,41.263
62.267,115.108,54.320,41.447
60.820,115.072,54.287,41.579
61.116,118.378,54.161,41.696
60.311,116.883,54.014,41.847
59.259,116.464,54.054,41.839
59.453,116.958,54.274,41.634
56.955,115.722,54.175,41.680
56.700,116.784,54.250,41.748
55.862,116.854,54.756,41.682
55.066,117.555,54.854,41.502
53.921,116.121,54.903,41.600
53.205,116.339,54.851,41.708
53.639,120.061,54.819,41.778
51.907,117.659,54.952,41.854
51.618,115.713,54.677,42.186
48.058,115.636,55.058,42.065
49.042,115.550,55.011,42.222
46.913,115.481,55.522,41.921
46.527,115.515,55.813,41.720
44.864,115.861,56.229,41.452
44.094,116.538,56.028,41.429
41.855,116.091,56.321,41.335
41.304,115.851,56.839,41.092
39.903,115.942,56.932,41.224
38.647,116.612,57.120,41.411
36.132,122.115,59.024,39.615
37.074,119.627,58.285,40.216
35.070,117.946,57.927,40.752
34.648,117.332,57.423,41.236
30.215,118.596,59.376,39.513
31.265,119.061,59.054,39.781
27.263,119.324,60.550,38.532
26.693,119.868,61.209,37.683
24.017,119.932,62.094,36.891
23.438,120.267,62.651,36.470
24.739,119.060,61.134,37.851
23.778,117.966,60.271,38.968
18.267,118.702,61.679,38.014
19.529,119.104,62.285,37.538
16.748,118.661,62.751,37.232
15.643,117.855,63.110,37.054
15.118,122.868,63.316,36.627
13.468,122.527,64.010,36.033
11.939,121.983,64.328,35.832
9.945,120.416,64.380,35.964
9.882,120.634,64.361,35.855
7.700,120.484,64.413,35.909
6.810,120.329,64.453,35.841
