73.000,126.000,29.000,23.000
73.711,125.222,28.907,23.079
74.928,124.105,28.528,23.317
75.914,123.339,28.130,23.410
75.910,123.530,28.011,23.429
76.632,123.017,27.834,23.497
77.475,123.186,27.385,23.660
78.278,122.805,27.278,23.552
79.110,122.340,27.194,23.535
79.603,121.910,27.001,23.395
79.905,121.746,26.818,23.282
79.751,121.772,26.780,23.257
80.927,120.962,26.560,23.231
81.474,120.651,26.393,23.294
82.302,119.757,26.410,23.092
83.259,119.627,26.383,23.005
83.704,119.011,26.308,22.787
83.698,118.243,26.275,22.770
83.888,117.835,26.091,22.893
84.556,119.870,26.151,22.661
84.530,119.392,26.190,22.612
81.354,112.385,25.850,22.669
81.587,111.924,25.274,22.870
81.893,110.989,24.842,23.002
82.143,110.649,24.663,22.930
82.244,110.929,24.335,22.968
85.421,111.014,23.995,22.989
85.392,110.948,23.896,22.871
88.398,111.336,23.689,22.726
84.802,111.474,23.438,22.519
88.391,111.777,23.141,22.463
88.569,111.749,22.825,22.507
91.094,111.981,22.603,22.407
91.130,112.230,22.307,22.243
90.529,112.273,21.948,22.091
90.747,112.142,21.589,22.075
90.872,112.245,21.309,21.981
91.716,112.312,21.126,21.850
93.549,112.776,21.052,21.560
93.046,113.368,21.061,21.072
93.099,113.807,20.890,20.792
92.851,113.928,20.640,20.747
92.803,116.586,20.421,20.598
93.059,116.521,20.293,20.377
93.532,113.880,20.074,20.298
93.962,116.365,20.024,20.129
95.878,113.825,20.050,19.989
95.403,114.038,19.869,19.840
95.294,114.843,19.568,19.785
94.468,115.458,19.422,19.644
95.025,115.886,19.276,19.518
94.904,115.642,19.239,19.311
96.912,113.453,19.111,19.150
96.675,113.611,18.885,19.072
98.380,113.699,18.678,19.078
96.247,112.935,17.547,20.067
96.919,112.425,16.744,20.696
97.577,112.944,16.951,20.287
97.552,113.324,17.023,19.914
99.501,113.557,17.357,19.430
99.442,113.765,17.618,19.054
99.232,113.851,17.680,18.906
99.024,113.573,17.788,18.685
99.207,112.574,16.676,19.778
99.339,111.847,15.908,20.345
99.215,112.433,16.132,19.914
99.818,111.454,15.402,20.632
99.538,111.757,15.836,20.037
99.470,111.840,16.112,19.597
99.084,112.011,16.388,19.134
97.056,114.294,16.378,18.988
99.526,113.436,15.599,19.701
99.979,110.622,15.090,20.194
100.628,110.487,14.611,20.594
100.885,110.087,14.054,21.057
101.095,110.196,13.607,21.332
101.470,110.115,13.332,21.475
101.862,109.958,13.088,21.667
101.336,110.368,13.572,21.035
98.975,112.635,13.877,20.598
100.876,113.012,14.200,20.205
101.312,110.416,13.941,20.398
101.203,112.802,14.328,19.959
100.860,112.908,14.689,19.540
98.690,113.182,14.859,19.307
100.673,111.361,15.049,19.004
100.431,111.609,15.192,18.813
98.040,113.958,15.422,18.444
98.050,116.186,15.548,18.213
97.928,114.277,15.749,17.886
97.798,114.344,15.849,17.721
97.789,112.624,16.039,17.429
97.663,112.946,16.076,17.287
97.951,114.987,16.068,17.192
97.500,112.884,16.185,17.054
97.976,113.134,16.106,17.042
97.734,113.205,16.134,17.015
96.188,113.783,16.056,16.999
98.169,112.235,16.069,16.906
97.871,111.994,16.057,16.832
96.580,114.473,15.999,16.775
97.226,112.505,16.042,16.666
97.223,112.808,16.023,16.622
95.539,114.666,15.992,16.546
95.782,114.831,15.947,16.504
96.246,114.722,15.941,16.376
96.030,114.820,15.912,16.300
95.573,114.892,15.862,16.232
95.341,114.344,15.814,16.198
95.167,114.578,15.894,16.067
95.053,114.906,15.809,16.001
94.795,114.839,15.815,15.923
94.490,114.724,15.830,15.844
94.451,114.870,15.759,15.770
94.350,114.751,15.733,15.707
94.113,114.688,15.783,15.592
93.647,116.134,15.763,15.478
93.821,115.776,15.645,15.373
93.759,115.211,15.792,15.262
93.699,114.771,15.636,15.316
93.717,114.630,15.629,15.303
93.915,114.590,15.527,15.345
92.311,114.419,15.460,15.321
92.552,114.772,15.527,15.131
92.914,114.687,15.585,14.981
93.407,114.989,15.557,15.010
93.062,115.029,15.574,14.896
93.093,115.340,15.665,14.724
93.147,115.103,15.636,14.703
92.988,115.277,15.822,14.543
93.194,115.207,15.901,14.453
91.586,114.779,15.960,14.409
91.749,114.755,15.701,14.506
93.134,116.858,15.949,14.206
92.846,116.457,16.101,13.980
92.378,116.438,16.231,13.943
92.205,118.038,16.250,13.862
91.654,117.656,16.336,13.674
91.167,117.946,16.355,13.734
92.918,117.991,17.044,13.097
90.566,117.377,17.060,13.170
90.722,116.854,16.936,13.263
90.528,116.401,16.923,13.354
90.508,115.941,16.713,13.484
90.380,115.462,16.647,13.572
88.621,115.296,16.455,13.701
90.750,117.133,16.964,13.254
88.949,116.670,16.900,13.322
87.096,114.147,16.647,13.519
87.507,110.708,15.414,14.676
85.723,114.673,15.355,14.601
85.818,114.684,15.335,14.565
86.096,114.510,15.321,14.451
84.263,114.074,15.374,14.345
84.224,114.181,15.380,14.347
84.484,114.259,15.339,14.315
84.762,114.120,15.202,14.345
82.625,113.948,15.233,14.200
82.679,114.140,15.200,14.153
81.917,114.319,15.297,14.047
83.437,114.201,15.193,14.151
82.891,114.420,15.203,14.109
84.653,116.319,15.119,14.038
84.422,116.169,15.118,13.940
82.611,116.333,15.160,13.770
82.776,116.535,15.103,13.703
82.794,116.841,15.059,13.661
81.042,116.999,15.778,12.975
80.530,117.055,16.252,12.467
80.351,117.131,16.705,12.005
80.073,117.343,17.167,11.671
79.464,117.463,17.509,11.396
79.152,117.315,17.814,11.183
78.642,117.308,18.115,10.956
81.322,117.103,17.496,11.388
79.709,115.055,17.041,11.855
82.148,114.788,16.541,12.189
80.633,114.590,16.234,12.429
82.893,116.006,15.847,12.664
83.192,114.541,15.368,12.920
83.382,114.695,14.954,13.021
82.006,114.799,14.664,13.089
82.504,115.146,14.503,13.097
82.685,116.504,14.151,13.160
82.409,116.619,13.933,13.089
82.101,118.366,13.787,13.049
81.576,118.305,13.731,12.972
81.337,120.108,13.723,12.930
81.047,119.943,13.640,12.890
80.743,119.762,13.702,12.725
80.494,119.670,13.700,12.638
80.476,117.745,13.531,12.594
82.218,115.847,13.391,12.533
82.194,115.667,13.263,12.479
82.234,115.763,13.069,12.459
80.769,115.539,13.071,12.388
80.734,115.729,13.022,12.265
80.529,115.524,12.881,12.267
80.278,115.394,12.743,12.345
80.367,115.074,12.599,12.388
80.449,113.748,12.523,12.262
80.444,114.033,12.467,12.144
80.495,114.096,12.402,12.079
80.245,113.810,12.315,11.982
80.121,113.907,12.209,11.898
79.929,113.618,12.104,11.744
79.540,113.469,11.910,11.669
79.306,113.307,11.805,11.546
79.065,112.925,11.741,11.462
78.786,113.225,11.639,11.439
79.238,113.029,11.429,11.373
78.601,113.117,11.390,11.290
78.606,113.084,11.270,11.261
78.702,113.629,11.119,11.164
78.263,113.629,11.101,11.054
77.966,114.804,11.020,10.895
78.448,115.126,10.904,10.793
77.545,114.554,10.808,10.622
78.123,114.604,10.665,10.589
77.740,114.604,10.533,10.422
77.495,114.484,10.485,10.317
76.817,114.127,10.429,10.255
76.678,114.491,10.429,10.157
75.835,114.375,10.374,10.088
75.987,114.075,10.293,10.005
75.037,113.969,10.191,10.000
75.238,113.649,10.126,10.000
75.057,113.342,10.133,10.000
74.566,113.314,10.260,10.000
74.499,112.695,10.268,10.000
73.807,112.388,10.216,10.000
72.877,111.962,10.126,10.000
73.116,111.626,10.057,10.000
71.962,111.420,10.106,10.000
71.796,111.059,10.197,10.000
71.311,111.001,10.116,10.000
70.268,110.797,10.041,10.000
70.202,110.566,10.000,10.000
69.699,110.794,10.000,10.000
68.498,110.585,10.000,10.000
68.563,110.291,10.000,10.000
67.921,110.862,10.000,10.000
67.690,110.674,10.000,10.000
66.476,110.589,10.001,10.000
66.258,110.489,10.056,10.000
65.992,110.767,10.094,10.000
64.754,110.707,10.216,10.000
63.660,110.587,10.232,10.000
63.617,110.730,10.289,10.000
62.255,109.429,10.300,10.000
61.854,109.367,10.311,10.000
60.416,108.031,10.352,10.000
60.095,107.958,10.309,10.000
58.609,107.993,10.268,10.000
58.524,106.634,10.151,10.000
57.118,107.674,10.232,10.000
55.690,108.944,10.409,10.000
55.866,108.657,10.393,10.000
54.409,107.284,10.323,10.000
54.239,107.301,10.374,10.000
52.990,109.019,10.402,10.000
51.935,107.654,10.438,10.000
50.860,110.633,10.442,10.000
50.614,110.575,10.463,10.000
50.748,110.804,10.500,10.000
49.379,112.330,10.610,10.000
52.206,112.292,10.611,10.000
52.335,112.157,10.573,10.000
52.536,111.931,10.549,10.000
53.995,112.037,10.532,10.000
52.557,112.076,10.487,10.040
52.883,112.112,10.402,10.209
52.588,110.702,10.342,10.254
52.825,108.881,10.000,10.670
51.263,108.835,10.096,10.574
51.077,108.850,10.231,10.431
50.666,110.193,10.291,10.372
49.165,111.483,10.304,10.289
48.744,111.390,10.353,10.134
48.788,111.077,10.247,10.191
48.811,110.828,10.220,10.127
48.632,110.840,10.290,10.000
47.788,110.711,10.214,10.000
47.798,110.403,10.066,10.084
46.703,110.391,10.008,10.052
45.844,110.124,10.000,10.041
45.865,110.113,10.000,10.028
44.855,110.109,10.000,10.111
44.962,110.057,10.000,10.102
44.559,109.942,10.000,10.107
44.142,109.597,10.000,10.125
43.788,109.356,10.000,10.136
42.537,109.377,10.037,10.012
42.558,108.167,10.080,10.000
40.292,110.713,10.000,10.000
39.214,109.550,10.017,10.000
39.064,109.820,10.108,10.000
38.037,109.451,10.057,10.000
36.686,109.189,10.178,10.000
35.705,109.208,10.188,10.000
34.550,109.400,10.175,10.000
34.466,109.159,10.223,10.000
33.456,109.896,10.140,10.000
32.286,108.757,10.062,10.000
32.090,108.648,10.040,10.000
31.666,108.571,10.004,10.000
30.339,108.803,10.022,10.000
29.603,110.017,10.032,10.000
27.509,111.207,10.000,10.000
26.650,112.643,10.000,10.000
25.615,112.419,10.000,10.000
24.023,114.942,10.000,10.000
22.656,116.004,10.000,10.000
21.659,116.186,10.000,10.000
20.203,117.283,10.000,10.000
19.925,118.391,10.000,10.012
18.327,118.223,10.000,10.019
17.225,118.411,10.000,10.015
15.884,116.823,10.000,10.002
13.427,116.477,10.000,10.000
12.417,115.083,10.000,10.000
12.025,114.785,10.000,10.000
10.366,113.426,10.000,10.000
7.588,113.444,10.000,10.000
5.926,111.723,10.000,10.000
4.878,110.226,10.000,10.000
3.715,111.257,10.000,10.000
1.314,111.271,10.000,10.000
1.465,110.921,10.000,10.000
0.259,111.025,10.000,10.001
-1.051,110.260,10.000,10.476
-2.461,110.188,10.000,10.785
-2.297,109.300,10.000,10.794
-2.043,108.659,10.000,10.797
-1.800,108.063,10.000,10.802
-1.754,107.468,10.000,10.820
-1.825,107.021,10.000,10.832
-1.876,106.462,10.000,10.843
-1.854,106.019,10.000,10.864
-1.830,105.613,10.000,10.881
-1.617,105.128,10.000,10.899
1.028,104.839,10.000,11.366
-0.295,105.739,10.000,12.036
-1.552,105.148,10.000,12.735
-2.777,105.006,10.000,13.164
-2.571,104.127,10.000,13.181
-2.538,103.422,10.000,13.206
-2.501,102.640,10.000,13.233
-2.410,101.724,10.000,13.261
-2.303,100.938,10.000,13.286
-2.191,100.243,10.000,13.308
-2.108,99.373,10.000,13.335
-2.067,98.954,10.000,13.366
2.629,108.434,10.000,13.664
1.339,108.280,10.000,13.911
1.171,108.140,10.000,14.070
-0.276,108.082,10.000,14.262
1.366,111.695,10.000,14.037
1.503,113.015,10.000,13.926
1.681,112.845,10.000,13.647
2.094,112.721,10.000,13.584
0.648,112.663,10.000,13.621
0.700,112.325,10.000,13.633
1.439,115.374,10.000,13.527
1.238,114.884,10.000,13.685
-0.090,114.844,10.000,13.869
1.563,113.099,10.000,13.683
0.827,112.919,10.000,13.551
1.262,114.490,10.000,13.417
1.702,113.203,10.000,13.031
2.194,113.385,10.177,12.676
2.331,113.542,10.508,12.323
2.576,113.747,10.674,12.091
1.315,115.603,10.887,11.774
0.932,117.187,10.970,11.422
0.126,117.002,10.751,11.402
0.179,117.246,10.670,11.423
-1.042,115.576,10.304,11.824
-0.959,113.561,10.132,12.045
0.068,117.776,10.149,11.981
4.478,118.405,10.000,12.643
3.166,117.517,10.000,13.527
1.426,116.604,10.000,14.323
-0.043,117.260,10.000,15.233
-1.396,116.149,10.000,15.957
-1.547,116.729,10.000,16.661
-2.959,115.850,10.000,16.968
-2.974,115.543,10.000,16.993
3.968,120.522,10.000,17.225
2.596,118.324,10.000,17.256
1.360,118.072,10.000,17.336
0.420,118.004,10.000,17.391
0.127,120.077,10.000,17.420
