298.000,160.000,48.000,80.000
299.478,161.472,46.386,81.017
300.044,163.256,45.209,81.780
301.429,167.465,44.273,82.251
303.519,169.887,43.227,82.759
305.539,174.191,42.618,83.029
308.490,176.402,41.850,83.679
310.321,178.457,41.336,84.678
311.019,180.354,41.474,85.138
310.823,183.732,41.734,85.837
311.356,183.864,41.796,87.027
312.116,183.195,42.011,88.033
311.977,183.160,42.035,89.379
310.721,183.274,42.114,91.113
309.187,184.756,42.590,92.274
306.379,184.690,42.902,93.891
303.719,184.949,43.703,94.702
301.805,186.146,44.574,95.466
299.629,186.725,45.529,96.436
298.151,186.030,46.211,97.473
296.088,180.504,47.352,97.238
293.117,181.535,48.330,97.611
288.832,176.996,49.659,97.031
285.486,178.687,50.735,96.741
282.680,177.295,51.736,95.951
280.120,178.063,52.890,95.235
279.207,181.444,52.991,95.736
284.213,183.232,52.752,96.160
290.387,185.495,52.651,96.220
302.937,190.528,51.794,98.293
308.956,192.851,51.518,100.321
318.111,196.787,51.957,101.789
327.198,198.104,52.679,102.573
329.828,199.812,53.952,101.854
332.193,205.632,54.581,101.405
330.629,212.871,54.417,102.136
318.240,216.806,55.341,101.604
309.245,220.322,55.235,102.110
300.135,222.406,56.219,101.453
288.457,212.183,60.147,96.704
275.888,207.467,64.212,92.504
265.589,211.412,66.064,92.021
254.550,211.767,63.284,95.096
242.945,203.609,61.559,97.408
235.337,200.112,59.431,99.396
234.086,189.045,58.155,100.069
232.942,179.463,57.613,99.966
236.557,174.092,56.844,100.013
245.997,171.104,56.558,99.532
252.415,159.800,56.366,99.402
266.519,160.830,56.037,99.996
279.245,162.861,55.925,100.626
291.605,164.554,55.755,101.281
305.482,166.467,54.919,102.290
316.756,167.812,54.410,102.908
328.091,165.658,54.454,102.399
341.136,162.684,54.825,102.323
354.437,160.140,55.281,103.040
367.901,161.365,55.173,104.887
381.688,164.622,55.426,106.653
395.743,166.972,55.235,108.971
408.198,172.443,55.228,111.632
413.033,178.557,55.489,113.369
416.632,183.353,56.083,114.355
416.603,187.392,56.590,115.605
407.328,189.879,57.031,117.250
397.017,190.815,57.275,118.401
382.379,190.285,57.540,119.544
363.267,193.303,58.149,120.042
349.156,192.944,58.777,120.045
336.446,192.878,59.128,119.732
323.186,194.594,59.592,119.958
312.130,195.069,59.310,121.086
307.677,189.348,59.560,120.945
301.068,189.526,59.577,121.072
295.606,188.621,59.459,121.691
285.247,182.123,60.690,119.865
278.373,180.120,59.829,118.960
274.736,174.072,60.430,116.552
271.224,174.287,60.105,115.149
267.767,167.753,60.399,113.806
265.418,168.215,59.659,112.321
263.272,167.607,58.958,110.867
262.555,167.176,58.332,110.055
259.602,167.410,58.527,108.732
259.213,168.982,58.460,107.503
258.634,169.540,58.103,106.136
256.945,170.023,58.109,104.352
257.095,169.403,58.210,103.240
254.902,169.446,58.417,102.103
252.177,169.196,58.583,101.157
248.897,170.426,58.499,100.900
247.003,169.446,58.277,100.312
245.577,167.289,57.890,100.216
244.324,165.738,58.004,99.746
243.117,163.849,58.092,99.359
242.405,164.874,58.510,98.632
242.216,164.462,58.347,98.503
242.040,164.208,58.410,98.314
242.286,164.830,58.732,97.945
241.219,165.256,59.200,97.595
241.432,166.709,59.644,96.877
241.700,167.618,59.801,96.679
240.504,168.015,59.754,96.797
239.748,167.063,59.497,96.998
238.783,165.372,59.546,97.442
238.751,164.485,59.023,98.721
243.047,166.724,58.343,99.658
245.696,165.713,57.906,100.269
247.482,165.086,57.317,101.109
248.641,164.680,56.405,102.063
251.841,162.783,55.255,102.884
255.600,162.773,54.494,103.315
258.856,160.925,54.068,103.426
260.642,159.967,53.923,103.738
262.799,158.703,54.319,103.763
263.796,157.748,54.744,104.143
264.510,155.998,55.421,103.810
265.749,155.338,56.022,104.331
266.548,154.764,56.812,104.722
267.255,153.829,57.580,105.566
267.846,153.053,58.390,106.100
267.307,149.138,58.772,106.770
267.669,149.513,59.844,106.109
266.741,147.496,60.579,105.344
266.441,146.698,61.256,105.141
266.345,145.746,61.411,105.364
267.186,143.882,61.296,106.188
266.745,138.987,61.184,106.966
265.545,135.587,60.882,107.722
265.612,129.613,59.803,109.238
265.627,125.592,59.051,110.160
266.704,122.699,58.426,110.739
267.322,120.609,58.086,110.737
268.574,120.264,57.845,110.492
269.735,116.250,57.424,110.855
271.005,116.058,57.131,111.447
272.761,114.554,56.863,112.307
275.303,113.677,56.852,113.023
276.069,113.117,56.821,113.305
278.548,111.684,56.495,114.050
279.500,110.456,56.354,114.758
279.711,109.411,56.285,115.399
279.172,108.843,56.298,115.933
276.701,109.549,56.277,116.724
274.393,110.280,56.546,117.383
270.667,109.505,57.296,117.316
267.444,111.911,58.063,117.432
265.678,112.598,58.884,117.150
264.982,114.380,59.197,117.573
263.944,116.449,59.534,117.144
263.163,121.108,59.433,116.965
261.611,123.090,59.457,116.817
258.882,126.400,59.463,116.609
259.336,131.107,58.933,116.820
259.631,133.547,58.443,116.718
261.875,135.300,58.362,116.060
264.198,140.038,58.248,116.302
268.440,142.097,58.189,116.446
272.487,148.307,58.054,116.729
277.369,152.480,57.910,117.282
283.921,157.372,57.212,118.094
296.413,164.733,56.664,119.010
306.620,172.529,55.478,121.141
311.768,176.288,53.624,124.366
323.938,178.534,53.255,126.192
336.006,171.248,52.684,127.867
345.685,166.147,52.545,128.981
348.497,161.817,52.597,129.122
352.030,148.783,52.926,129.005
353.652,141.195,52.861,128.478
351.460,133.341,52.947,127.845
340.223,123.431,52.953,126.536
326.401,116.304,54.967,123.046
311.231,112.775,56.482,121.268
294.516,112.663,58.172,120.093
279.634,115.146,59.527,119.746
268.138,123.040,59.947,120.089
265.274,132.108,60.409,120.360
254.569,145.292,60.219,120.424
254.103,155.520,59.914,120.928
253.885,165.824,59.677,121.088
254.998,170.968,59.155,121.992
257.534,184.914,58.854,123.064
269.135,188.071,59.286,123.507
273.487,190.227,59.842,122.059
287.961,195.692,61.232,120.133
299.210,198.658,61.418,119.576
303.918,201.159,61.303,118.983
314.494,203.919,60.635,119.991
325.332,206.712,60.300,121.923
340.173,198.445,60.089,123.514
351.639,197.647,58.391,126.811
351.734,189.525,59.346,126.687
349.936,180.647,59.495,126.905
344.058,168.726,60.049,126.689
331.909,164.337,60.091,127.025
320.174,161.167,60.206,126.413
309.421,163.579,57.346,130.967
299.527,161.437,54.964,134.154
289.053,149.873,54.605,134.002
276.751,142.367,55.015,132.519
263.082,142.076,56.923,128.687
250.820,141.902,56.734,127.168
243.308,145.746,59.085,123.404
234.914,148.025,60.669,120.476
227.883,149.192,61.063,118.851
222.192,150.549,61.173,117.704
216.198,150.981,60.803,117.409
211.740,153.270,60.665,116.765
208.313,154.540,60.196,116.255
208.763,157.351,59.503,115.810
210.037,159.675,58.956,115.133
216.430,164.245,57.998,115.385
228.285,168.968,57.154,116.542
242.215,172.734,56.216,118.278
256.172,177.508,55.654,119.341
269.152,180.578,56.170,120.402
279.363,180.931,57.888,119.936
291.590,182.450,58.429,120.795
300.701,183.637,57.968,122.452
304.514,180.981,56.101,125.803
306.445,175.434,54.472,128.911
305.493,171.474,53.264,131.418
302.283,168.058,53.517,131.792
292.408,157.321,53.867,131.618
288.905,156.704,55.638,130.217
283.176,147.719,58.203,128.374
279.424,143.994,61.022,125.934
275.128,146.162,62.686,124.864
272.378,147.133,63.952,123.854
271.515,146.413,64.593,123.834
271.622,145.235,64.711,124.043
274.314,145.375,65.304,124.260
280.932,146.022,65.620,123.772
286.748,145.097,65.705,123.895
291.174,143.945,65.726,124.424
295.616,141.247,65.367,125.604
299.381,139.025,65.264,126.421
301.924,136.778,64.783,127.467
303.008,124.908,65.197,127.501
302.665,121.005,65.171,127.130
303.137,115.421,65.354,126.703
304.373,113.795,65.928,125.611
305.718,112.009,66.468,124.572
306.358,116.004,66.800,123.609
307.469,120.379,66.638,123.516
309.064,128.845,65.617,125.033
309.010,139.213,64.551,126.287
308.062,148.813,63.714,126.472
307.267,161.431,62.973,126.185
304.971,172.624,62.554,125.196
304.576,185.394,62.682,122.653
303.827,207.450,62.714,121.253
304.015,222.486,62.212,119.777
304.005,230.119,62.276,117.300
305.000,237.925,61.878,115.114
305.763,243.346,61.368,113.879
306.508,244.931,60.714,113.450
306.863,244.087,60.141,113.139
307.379,244.318,59.620,112.846
295.389,244.973,62.974,108.393
292.993,245.710,65.796,104.437
289.609,247.621,68.918,100.066
284.761,241.691,71.913,96.164
282.440,233.186,74.536,93.000
278.977,225.273,76.289,91.631
276.514,215.946,76.447,92.362
274.985,215.964,75.100,94.070
278.630,207.231,72.000,98.293
284.275,201.484,69.616,101.217
295.653,198.571,66.982,105.052
305.705,195.449,63.959,109.141
318.351,184.924,61.817,112.738
332.067,180.728,60.728,114.693
347.706,175.800,60.362,115.900
362.559,175.065,60.428,116.230
376.656,172.779,60.117,117.025
382.540,169.143,59.878,116.647
383.359,162.081,59.568,116.532
377.701,157.654,59.388,116.109
364.819,151.175,59.353,115.158
351.382,137.474,59.707,114.639
339.456,130.853,59.881,113.854
324.411,116.322,60.323,114.393
310.449,113.251,61.309,113.653
295.816,110.026,62.481,113.124
281.239,104.720,63.237,113.246
271.256,103.121,63.354,114.000
255.508,103.365,63.459,115.233
241.732,111.371,63.661,115.810
