144.000,63.000,57.000,89.000
143.567,67.103,56.057,88.958
143.612,63.638,54.605,90.382
143.293,63.528,53.986,90.487
144.237,64.012,53.490,90.506
144.036,63.397,52.851,90.651
143.856,63.381,52.560,90.611
144.269,62.819,52.431,90.603
144.671,63.348,52.298,90.303
144.304,62.873,51.997,90.359
145.001,63.086,52.105,89.991
144.300,63.700,51.817,89.731
145.062,63.572,51.693,89.389
144.546,63.722,51.650,89.477
144.821,62.870,51.519,89.380
144.630,64.214,51.389,88.920
144.644,63.972,51.021,88.869
145.919,64.280,51.199,88.556
145.551,63.133,50.800,88.731
144.740,63.883,50.876,88.339
144.758,64.250,50.479,88.340
145.706,65.544,50.604,87.946
145.589,65.272,50.206,88.086
146.465,64.550,49.858,88.087
146.300,64.099,49.829,88.034
145.194,63.457,49.584,87.908
146.072,65.008,49.738,87.169
145.586,63.982,49.312,87.258
146.659,64.898,49.192,86.804
146.180,65.020,48.924,86.620
146.626,66.532,49.637,85.559
146.457,65.321,49.232,86.255
146.241,65.096,48.869,86.072
147.304,65.892,49.027,85.330
146.966,64.810,48.873,85.191
145.485,65.518,48.968,84.931
146.685,64.012,48.962,84.936
146.693,64.063,48.999,84.786
146.753,64.100,48.973,84.854
146.440,64.797,48.966,84.830
145.827,63.759,48.670,85.067
146.013,63.471,49.161,84.438
145.081,63.539,49.449,84.028
145.761,63.614,50.045,82.497
146.000,63.706,50.259,81.386
145.755,64.873,50.647,80.015
145.505,63.311,50.753,78.790
144.446,62.501,50.926,77.322
143.838,61.184,52.761,74.732
142.827,69.411,51.762,75.733
144.474,65.270,53.187,74.328
143.724,68.789,52.061,75.387
143.872,69.566,51.368,76.540
145.047,68.087,52.589,76.681
145.245,68.095,51.845,77.857
144.843,68.628,51.301,78.892
144.934,66.938,51.094,79.706
143.199,64.838,52.753,79.784
143.500,65.682,54.205,79.178
143.439,65.460,55.656,78.623
143.180,65.474,56.600,79.011
143.022,65.040,57.319,79.647
142.155,66.538,58.023,79.890
142.490,65.955,58.860,80.333
142.452,66.180,59.420,80.661
142.428,64.871,59.999,81.519
140.854,65.473,60.222,82.432
140.410,65.427,60.740,82.746
139.857,64.966,61.239,83.527
139.024,64.254,61.832,84.228
138.076,64.459,62.441,84.815
137.611,64.067,62.677,85.917
137.723,64.048,63.249,86.918
137.660,64.630,63.782,87.531
137.828,66.333,64.101,88.468
138.498,64.477,64.076,89.672
137.345,65.786,64.144,90.401
138.616,64.965,64.627,91.224
140.636,67.553,63.202,92.887
141.277,67.945,62.475,94.209
141.225,66.511,62.383,94.986
141.113,66.502,61.868,96.127
142.015,67.177,61.531,96.960
141.311,63.459,61.542,97.535
142.049,64.916,61.625,97.797
141.067,63.961,61.461,98.466
140.587,65.317,61.764,98.233
141.475,65.147,60.895,98.456
141.931,64.921,60.368,98.547
141.995,64.966,59.897,98.642
138.378,61.519,62.879,95.372
136.807,64.520,64.918,92.966
135.710,66.480,66.606,91.471
135.332,67.953,67.802,90.657
135.576,66.447,68.920,90.259
142.245,64.755,69.220,90.981
139.042,66.401,70.123,90.359
138.444,65.880,70.959,90.068
137.838,66.388,71.998,89.524
136.808,67.015,72.845,89.295
136.094,66.770,74.038,88.573
135.942,66.662,74.055,89.012
135.864,66.625,74.221,89.184
136.077,66.475,74.562,89.284
136.305,65.605,75.204,89.097
135.543,65.937,76.204,88.566
136.025,65.536,76.469,89.060
135.491,65.596,77.399,88.721
134.225,66.685,78.008,88.609
134.755,64.089,77.690,89.728
134.399,66.017,78.254,89.623
132.606,64.830,78.057,90.438
133.814,67.162,77.702,90.687
136.249,63.619,77.249,91.304
137.534,65.517,76.862,91.896
136.955,65.469,77.092,92.111
136.309,65.216,77.251,92.150
135.008,64.718,77.514,92.628
135.721,64.231,77.444,93.326
134.746,64.063,77.319,93.761
135.732,64.465,77.572,93.961
134.670,64.542,78.011,94.196
133.814,62.980,78.096,94.687
132.389,64.232,78.435,94.879
131.072,65.396,78.520,94.822
131.229,64.894,79.806,94.373
129.781,64.867,80.894,93.952
127.780,65.734,82.215,92.891
125.325,66.197,83.755,91.560
123.673,66.903,85.825,90.393
121.884,69.404,87.944,88.673
153.980,71.620,85.255,89.934
153.166,72.457,83.160,90.283
162.823,73.104,81.137,90.939
162.973,74.787,79.154,91.253
163.728,73.640,77.608,91.667
163.221,74.885,76.252,91.631
164.346,73.930,74.920,91.723
165.290,73.696,73.809,91.999
166.300,74.481,72.825,91.823
166.260,74.306,72.285,91.400
165.881,75.305,71.653,90.965
164.967,77.039,68.320,91.565
164.514,74.028,65.389,92.384
165.597,76.147,63.148,92.742
166.269,74.192,60.987,93.332
166.743,74.216,59.266,93.486
167.408,72.397,57.903,93.609
168.045,72.838,57.107,93.345
167.979,73.021,56.207,92.934
169.122,72.816,55.625,92.441
169.169,73.538,55.147,91.802
169.258,74.202,54.708,91.484
169.159,74.421,54.114,91.215
169.401,74.570,53.580,91.156
169.854,75.187,53.510,90.655
170.481,74.271,52.749,90.765
169.505,75.924,52.241,90.483
170.335,74.145,51.760,90.384
170.382,77.165,51.783,89.942
171.602,73.697,50.895,90.535
170.907,75.238,50.882,90.343
170.948,75.170,50.731,90.097
172.356,75.727,50.474,90.063
171.196,75.394,49.948,89.954
172.250,76.147,49.950,89.611
171.735,76.094,49.583,89.352
172.163,74.668,49.220,89.580
171.599,76.712,49.381,88.745
172.540,75.061,48.832,88.948
171.942,76.985,48.975,88.161
173.028,74.926,48.443,88.416
172.212,77.611,48.916,87.591
173.488,75.101,48.472,87.931
173.759,75.211,48.281,88.047
174.046,75.369,48.128,88.217
174.523,74.336,47.808,87.941
174.404,73.776,47.436,87.958
174.153,74.383,47.048,88.158
173.514,75.714,47.244,87.580
173.750,76.707,47.039,87.252
172.587,75.153,46.874,87.259
173.139,75.788,46.968,87.271
172.936,75.957,47.060,87.093
172.727,76.151,47.156,86.938
173.346,76.694,46.889,87.009
173.672,76.581,46.696,87.170
173.629,75.570,46.329,87.629
175.441,73.856,45.927,88.441
175.096,74.258,46.197,88.636
175.297,76.096,46.898,88.267
178.333,75.836,46.821,88.840
178.381,76.165,47.303,89.156
178.730,76.433,47.291,89.604
180.186,77.809,47.925,89.676
181.378,76.858,47.928,90.149
182.997,75.927,47.995,90.790
183.751,75.869,48.357,91.198
185.465,77.096,48.630,90.847
185.715,77.007,48.625,90.929
185.856,77.304,48.777,91.003
186.453,76.995,49.006,91.045
186.444,77.534,49.376,90.778
186.691,78.516,49.677,90.442
185.888,76.272,49.291,90.543
185.923,77.728,49.292,90.528
187.000,78.389,49.168,90.729
187.635,77.680,48.826,91.264
189.158,76.952,48.513,92.494
192.391,77.671,48.153,93.161
196.552,77.885,47.986,93.960
200.183,79.237,48.193,94.181
203.076,79.944,48.424,94.556
205.386,80.493,49.010,94.803
208.458,82.165,49.347,94.795
209.450,82.210,49.339,95.180
211.260,81.971,49.253,95.712
213.594,83.905,49.326,96.095
214.967,84.450,49.957,95.989
214.469,83.594,50.645,95.893
214.387,83.300,51.121,95.943
214.805,82.601,51.473,96.267
214.382,86.200,51.344,96.528
218.100,86.004,50.982,96.846
217.835,85.397,51.419,96.526
217.565,86.312,51.766,95.741
217.682,84.463,52.085,95.545
218.799,81.627,52.373,95.685
219.762,77.955,52.541,96.452
219.982,76.732,52.949,95.942
220.107,76.313,53.492,94.968
220.414,77.168,53.659,94.432
218.837,76.228,53.457,94.624
218.861,78.022,53.418,94.737
217.402,76.361,53.171,95.127
215.380,77.459,52.563,95.565
212.849,76.247,51.968,96.124
210.370,78.113,51.519,96.233
202.999,74.416,50.777,97.502
200.482,76.033,50.260,97.518
197.175,76.781,50.304,96.920
190.697,74.077,49.822,97.509
187.661,74.447,49.614,97.598
184.613,74.764,49.433,97.561
181.038,73.779,49.524,97.176
178.295,74.144,49.711,96.241
175.245,74.006,49.953,95.452
172.208,75.225,50.029,94.631
169.031,74.757,50.095,93.937
167.232,74.835,50.306,93.207
165.899,75.774,51.040,91.854
165.266,75.502,51.043,90.920
164.787,75.133,51.115,90.254
164.484,76.448,51.184,89.739
164.285,76.587,51.256,89.768
163.672,76.061,51.350,89.692
169.222,77.848,50.565,89.982
166.806,76.663,49.913,90.157
168.862,75.664,49.239,91.133
176.397,78.228,48.715,91.167
177.079,77.905,48.418,91.674
183.785,78.125,48.105,92.107
183.826,78.589,48.292,92.957
188.356,79.060,47.993,94.119
193.550,80.790,47.978,95.064
199.127,80.537,48.128,95.993
201.481,81.133,48.714,96.111
206.395,81.384,49.218,96.822
207.340,83.012,50.140,96.663
208.364,80.875,50.827,96.924
207.323,82.964,52.080,96.415
206.260,83.393,52.792,96.565
207.181,81.734,52.997,97.102
205.114,82.889,53.655,96.629
202.945,83.158,53.574,97.136
199.259,82.762,53.390,97.306
192.740,80.776,52.923,98.339
189.519,79.656,52.742,98.263
185.825,79.625,52.632,97.802
182.711,78.890,51.963,98.201
175.851,78.643,51.389,98.368
174.000,77.715,50.836,98.256
170.600,77.496,51.007,97.567
168.129,77.435,51.302,96.623
167.737,77.618,51.556,95.748
167.187,79.300,52.518,93.961
166.317,80.237,52.721,93.111
166.009,80.333,52.600,92.875
164.893,78.155,52.619,92.626
166.217,80.241,52.273,92.459
173.731,80.808,50.915,93.122
173.350,80.934,50.069,93.692
173.808,81.354,49.874,93.808
180.240,79.351,49.364,94.597
182.952,79.449,48.626,95.254
187.294,79.838,48.403,95.920
191.744,80.972,48.194,96.696
196.249,81.163,48.249,97.132
200.093,81.539,48.292,97.413
200.724,82.321,48.785,97.165
200.818,83.516,49.207,96.584
202.120,84.435,49.812,95.566
203.674,84.022,49.544,96.091
204.730,84.382,49.927,95.513
205.554,84.573,50.273,95.043
205.116,85.258,50.716,94.785
205.806,85.125,51.075,94.662
206.152,85.428,51.489,94.471
205.746,85.180,51.917,94.487
206.572,85.682,52.315,94.014
205.787,88.722,52.352,93.886
204.823,86.791,52.388,94.371
205.507,86.120,52.088,94.554
206.433,84.903,52.389,94.286
205.538,88.282,52.532,94.370
204.509,86.678,52.698,94.275
205.280,86.051,52.328,94.514
205.901,86.022,52.701,94.300
205.523,86.710,53.072,94.148
205.813,85.722,53.467,93.985
205.102,87.940,53.639,93.791
205.205,85.752,53.291,94.228
204.759,86.622,53.495,94.116
206.392,85.389,53.593,93.984
204.881,87.856,53.382,94.366
204.753,86.146,53.292,94.334
206.285,84.930,53.458,94.118
