561.000,311.000,22.000,51.000
559.303,310.889,21.433,51.631
554.889,310.275,21.189,52.282
553.178,310.927,21.804,51.673
547.581,312.223,22.361,51.187
542.803,313.494,22.101,51.730
538.430,313.916,22.571,51.416
533.436,314.264,22.681,51.153
532.054,315.421,22.832,51.311
530.586,316.632,23.294,50.761
525.417,313.000,23.447,50.493
520.759,315.258,23.682,50.273
516.501,317.857,23.808,50.192
511.244,318.575,23.863,49.960
506.921,317.907,22.984,51.258
505.895,317.321,22.801,51.686
501.775,316.648,22.450,52.397
500.161,316.465,22.693,52.204
499.354,316.881,22.137,53.035
494.586,316.217,22.110,53.040
493.141,317.347,22.568,52.611
487.898,317.785,22.808,52.457
482.512,318.483,22.703,52.733
480.081,318.259,22.553,53.059
478.344,318.555,22.290,53.824
475.757,318.286,22.492,53.686
474.070,317.547,22.854,53.495
472.929,317.679,23.155,53.231
468.354,318.349,23.128,53.322
468.226,322.213,22.444,54.213
463.041,324.516,22.964,53.545
457.521,322.590,23.697,52.833
453.083,319.963,24.095,51.898
452.284,318.280,24.179,51.593
450.387,316.329,24.167,51.534
446.252,316.200,23.857,51.944
445.133,315.933,23.789,51.970
440.580,317.022,24.025,51.955
438.575,317.818,24.162,52.205
437.292,318.900,24.110,52.703
436.444,319.167,24.544,52.794
430.878,318.743,25.011,52.320
426.010,317.268,25.387,51.681
424.463,317.284,25.723,51.021
423.001,317.737,26.288,50.045
421.339,318.675,26.402,49.522
416.065,319.200,25.786,49.951
414.636,320.343,25.397,50.182
413.060,321.225,25.139,50.244
406.711,322.543,24.982,50.171
401.244,324.050,24.574,50.482
400.350,325.654,24.331,50.822
397.829,326.177,24.431,50.520
392.787,327.846,23.988,51.194
391.621,328.589,23.569,51.805
387.123,329.864,23.335,52.192
381.852,330.351,23.593,51.820
380.439,330.909,23.835,51.517
374.743,334.932,24.480,50.830
369.874,334.238,24.234,51.093
369.004,334.382,24.127,51.197
368.163,334.644,24.128,51.111
361.486,334.038,24.301,50.850
356.246,333.144,24.390,50.614
354.921,333.408,24.865,49.980
353.529,334.539,25.250,49.439
347.915,335.490,25.394,49.437
346.803,335.445,25.881,48.997
341.629,334.531,25.661,49.125
340.997,334.525,25.812,49.153
335.489,332.365,25.722,49.115
330.322,330.997,25.266,49.646
330.082,330.402,24.895,50.300
326.103,330.221,24.475,51.064
320.965,330.070,24.337,51.324
316.807,330.101,23.775,52.077
314.999,334.867,23.816,52.203
310.885,333.052,23.378,52.738
309.800,333.246,23.081,53.254
308.029,331.804,23.152,53.156
302.620,329.852,23.457,52.555
301.284,328.205,23.621,52.247
299.977,327.185,23.597,52.355
293.878,326.838,23.908,52.256
292.479,327.086,24.372,51.974
290.446,326.724,24.842,51.460
288.512,326.684,25.111,51.294
286.817,325.375,25.215,51.108
281.129,324.114,24.853,51.227
279.328,323.652,24.599,51.359
277.421,324.132,24.258,51.683
272.507,325.666,23.832,52.377
271.320,326.120,24.215,51.902
267.099,326.680,24.366,51.568
262.939,326.293,24.243,51.418
261.246,325.885,24.545,50.786
259.555,325.963,24.573,50.462
254.165,327.227,24.036,50.909
252.518,327.217,23.738,51.422
250.674,327.207,23.465,51.943
245.260,326.540,23.483,51.968
240.589,326.193,23.771,51.582
239.312,325.894,23.786,51.475
234.877,325.962,23.298,52.006
230.457,325.484,22.962,52.530
229.332,325.151,22.914,52.721
227.157,324.339,23.023,52.803
221.993,324.098,22.812,53.150
220.697,325.122,22.690,53.438
218.854,325.200,22.960,53.339
213.537,325.383,23.001,53.586
212.256,325.310,23.332,53.672
207.093,325.110,23.395,53.691
202.183,324.542,23.232,53.648
201.358,323.620,23.097,53.664
199.849,323.188,22.971,53.774
193.190,323.309,22.925,54.018
187.524,323.922,23.147,53.984
186.405,324.008,22.999,54.481
184.766,323.834,23.262,54.324
180.362,322.706,23.163,54.456
179.643,321.698,23.113,54.486
178.347,320.865,23.334,53.910
176.985,321.499,23.339,53.884
171.443,322.166,23.648,53.495
166.512,322.515,23.866,53.291
162.152,323.876,24.168,53.103
157.780,325.423,24.487,53.129
157.257,326.664,24.730,53.570
156.049,327.517,25.342,53.577
150.936,326.471,25.317,53.957
149.813,325.929,25.275,54.409
145.312,326.215,24.993,55.178
144.320,326.421,25.077,55.343
138.857,326.099,25.355,55.136
134.213,325.178,25.383,55.152
129.007,319.151,24.905,55.422
123.881,318.658,24.435,55.705
122.986,318.783,24.153,55.682
117.156,319.060,24.501,55.322
115.186,319.710,24.781,55.167
113.576,320.098,25.352,54.832
111.669,320.229,26.065,54.344
109.677,321.754,26.424,54.335
107.678,322.115,26.746,54.372
102.607,321.212,26.392,54.995
101.603,321.755,26.489,55.187
100.765,322.380,26.628,55.334
100.588,322.470,26.416,55.798
95.065,323.710,26.895,55.577
94.869,323.371,27.139,55.514
83.476,323.583,27.176,55.237
78.456,320.884,26.523,55.408
77.421,320.889,26.080,55.587
71.282,317.401,26.219,54.397
70.487,318.681,25.915,53.787
69.976,319.836,25.373,53.598
68.638,320.082,25.131,53.179
67.216,320.344,25.007,52.813
65.962,320.320,24.900,52.739
65.724,323.874,25.055,52.343
64.752,321.629,25.326,51.817
60.132,321.009,25.468,51.460
60.043,322.996,25.745,51.015
59.298,325.568,27.982,48.746
58.365,327.215,29.835,46.826
57.006,327.033,31.450,45.223
54.954,327.091,32.572,43.928
53.712,326.938,33.456,43.013
52.418,326.911,34.397,41.923
51.580,327.353,35.143,41.134
50.751,332.140,35.850,40.296
51.226,332.491,36.489,39.369
51.722,333.141,36.965,38.728
52.010,333.083,37.309,38.209
46.099,333.423,37.741,37.879
45.360,333.738,38.151,37.516
40.375,332.252,37.868,37.581
36.717,327.208,34.340,41.134
36.923,322.537,31.621,43.975
37.055,320.601,29.773,45.731
36.703,320.274,28.465,46.722
36.707,319.812,27.418,47.645
36.731,319.637,26.721,47.774
36.975,319.769,26.273,47.796
37.064,319.448,25.907,47.691
37.329,319.864,25.585,47.577
37.261,319.954,25.279,47.497
37.187,319.756,25.231,47.284
36.880,319.787,25.160,47.151
36.276,320.002,25.099,46.900
36.178,319.490,25.179,46.468
35.488,319.713,25.247,46.124
35.471,319.246,25.065,46.021
35.437,319.300,24.733,46.101
35.084,319.414,24.661,45.989
34.746,318.877,24.519,46.032
34.470,319.089,24.575,45.647
34.487,318.613,24.590,45.588
34.132,318.042,24.761,45.330
33.389,318.130,24.922,45.033
33.197,318.512,25.092,44.759
32.837,318.342,25.156,44.636
32.790,317.600,25.128,44.748
32.692,317.524,25.109,44.526
32.635,317.216,25.023,44.592
32.340,317.262,25.199,44.520
32.117,317.220,25.336,44.486
32.115,316.891,25.440,44.471
32.278,316.719,25.539,44.424
32.289,316.213,25.524,44.510
32.055,316.088,25.419,44.586
31.811,316.178,25.347,44.678
31.563,316.187,25.295,44.748
31.314,316.732,25.246,44.796
31.608,316.560,25.026,45.100
31.643,316.175,24.986,45.342
31.823,315.998,24.914,45.482
32.082,315.773,24.865,45.558
32.277,315.952,24.833,45.501
32.259,315.690,24.692,45.737
32.125,315.836,24.573,45.751
32.339,315.829,24.579,45.817
36.746,317.247,24.136,46.614
36.828,318.929,23.762,47.484
36.855,316.794,23.634,47.781
37.276,318.646,23.358,48.301
36.987,315.937,23.440,48.336
37.357,317.305,23.285,48.683
37.395,314.813,23.319,48.592
37.186,316.481,23.291,48.757
36.735,314.818,23.265,48.720
36.047,315.044,23.359,48.530
35.587,314.450,23.356,48.563
35.253,313.468,23.401,48.539
34.987,313.145,23.469,48.436
34.666,313.170,23.499,48.246
34.620,313.306,23.588,47.984
34.765,313.405,23.531,47.989
35.293,313.235,23.450,47.874
35.670,312.861,23.374,47.858
35.722,313.553,23.362,47.873
36.017,313.616,23.311,47.863
36.159,313.181,23.265,47.758
35.963,313.441,23.244,47.477
35.641,313.848,23.224,47.285
35.827,313.786,23.173,47.065
35.833,313.658,23.151,46.891
35.744,313.932,23.089,46.653
35.615,314.233,23.053,46.570
35.609,313.987,23.016,46.412
35.526,314.374,23.067,46.362
35.770,314.201,23.046,46.350
35.716,314.008,23.059,46.246
35.651,313.620,23.197,45.964
35.599,313.976,23.240,45.766
35.370,314.315,23.226,45.477
35.521,314.837,23.118,45.379
35.852,314.998,22.917,45.377
36.019,314.520,22.691,45.494
36.203,313.920,22.528,45.572
36.307,314.295,22.460,45.508
36.548,314.221,22.231,45.550
36.744,314.260,22.057,45.563
36.922,313.914,21.931,45.643
37.136,313.857,21.867,45.561
37.287,314.291,21.715,45.554
37.467,313.825,21.643,45.556
37.520,313.798,21.588,45.510
37.611,313.773,21.531,45.535
37.675,314.026,21.513,45.574
38.085,313.844,21.411,45.633
38.149,314.813,21.423,45.826
41.386,315.047,21.255,46.204
40.995,314.382,21.066,46.687
40.819,313.807,21.078,46.992
40.662,314.301,21.143,47.117
40.462,314.138,21.244,47.202
39.908,314.741,21.377,47.198
39.939,314.956,21.426,47.309
39.631,316.243,21.685,47.071
39.700,319.017,22.082,46.976
39.433,321.216,22.346,46.770
39.347,323.410,22.434,46.672
39.192,322.844,22.533,46.819
38.907,323.169,22.665,46.738
38.614,325.932,22.509,46.726
38.492,324.561,22.518,46.598
38.354,324.444,22.526,46.300
38.165,325.330,22.499,46.029
37.987,326.490,22.320,45.796
37.895,327.398,22.204,45.601
37.814,327.592,22.075,45.391
37.589,327.293,21.990,45.026
37.332,326.832,21.927,44.666
37.372,326.677,21.882,44.466
37.303,326.624,21.823,44.195
37.257,326.876,21.664,44.014
37.366,326.280,21.512,43.928
37.405,325.848,21.232,43.992
37.043,325.434,21.219,43.952
36.416,324.721,21.123,43.991
35.715,324.629,20.997,44.011
35.347,324.112,20.844,44.257
34.960,322.031,20.354,45.091
34.105,320.879,20.266,45.268
33.152,320.222,20.401,45.228
28.380,316.409,20.611,45.364
25.230,315.481,20.228,45.960
25.787,314.415,19.918,46.691
26.127,314.333,19.721,47.157
26.370,315.186,19.501,47.752
26.796,319.019,19.398,47.980
25.850,318.858,19.874,47.362
21.853,315.557,20.323,46.833
21.364,317.150,20.848,46.212
20.466,319.136,21.327,45.661
19.501,320.651,21.793,45.175
18.469,321.436,22.169,44.800
14.103,317.852,24.391,42.233
14.234,318.264,24.247,42.243
14.443,318.603,24.250,42.112
10.299,316.241,25.940,40.154
9.662,317.012,27.149,38.748
8.808,317.538,28.008,37.669
8.104,318.184,28.435,37.019
7.647,318.944,28.776,36.549
8.318,318.753,27.544,37.863
7.125,319.808,28.137,37.203
7.107,320.789,28.774,36.576
7.261,317.649,29.148,36.087
6.873,318.331,29.442,35.711
5.936,319.014,29.641,35.530
5.729,319.717,29.797,35.390
5.062,320.279,30.018,35.248
4.551,321.079,30.195,35.201
4.575,321.955,30.292,35.187
5.339,321.639,28.507,37.140
2.542,317.300,26.907,39.086
3.654,317.154,25.637,40.531
4.463,318.015,24.988,41.333
4.391,315.882,24.486,41.948
4.518,317.182,23.906,42.603
3.964,315.217,23.506,43.162
0.562,315.855,22.967,43.950
1.168,315.853,22.552,44.735
0.961,315.298,22.278,45.426
