150.000,53.000,40.000,148.000
147.415,50.919,40.382,150.073
144.434,49.198,40.604,152.801
142.570,45.336,41.012,154.980
140.301,40.597,41.315,157.764
137.285,40.099,42.001,159.602
134.442,41.742,42.806,160.718
131.830,47.782,43.967,160.675
129.321,53.370,45.360,160.704
126.904,59.791,46.566,160.450
124.392,65.416,47.735,159.734
121.505,66.350,48.706,159.126
120.347,70.592,49.211,158.941
118.813,68.518,49.674,158.670
117.352,69.266,49.979,158.889
116.673,68.393,50.073,159.267
116.495,66.414,50.010,159.492
116.146,63.359,49.938,159.549
115.352,62.196,49.924,159.832
114.353,61.763,49.920,159.604
113.626,59.596,49.988,159.963
112.379,59.922,50.222,160.162
111.245,59.374,50.642,159.990
111.017,59.517,50.920,160.140
110.292,59.994,51.276,159.773
109.532,63.085,52.194,158.622
109.771,65.452,52.672,158.463
110.701,65.360,53.348,157.933
112.300,66.607,53.356,158.164
113.782,65.197,53.014,158.797
116.029,61.891,52.529,159.628
118.711,60.457,51.663,160.645
121.615,60.169,50.818,162.608
124.697,56.574,49.849,165.167
126.074,54.426,49.416,167.325
127.294,49.648,49.192,169.604
128.894,45.264,49.177,171.769
129.790,40.374,48.947,173.851
131.423,38.366,48.583,176.577
133.025,37.550,48.719,178.333
134.458,33.138,48.954,179.839
136.608,31.941,49.231,181.285
138.685,34.798,49.816,181.574
140.815,40.265,50.529,181.688
142.836,41.452,51.616,180.793
144.780,40.775,53.015,179.083
146.317,42.223,54.264,176.989
148.508,44.850,55.322,174.511
151.478,50.250,55.802,172.881
154.941,48.776,55.958,171.138
158.799,50.487,56.350,169.481
161.395,53.137,56.823,167.427
163.053,54.114,57.380,165.087
164.440,54.245,57.765,162.862
165.844,54.104,57.724,161.147
167.492,56.569,57.436,160.651
168.795,56.342,57.353,160.370
169.483,55.479,56.851,160.940
169.213,51.423,56.561,161.406
168.983,50.082,56.399,161.822
169.388,49.302,55.994,162.652
169.695,49.221,55.709,163.554
170.756,51.957,55.604,164.053
170.394,51.985,55.663,164.082
170.686,51.159,55.863,164.053
170.270,54.126,55.995,164.036
169.699,55.238,55.808,164.042
169.268,56.271,55.746,163.660
168.749,57.142,55.773,162.750
169.019,57.960,55.923,161.767
168.597,57.918,55.815,161.780
166.368,57.068,55.381,162.963
165.073,54.712,54.581,165.507
163.503,51.959,53.594,168.671
161.546,45.886,52.944,171.313
159.400,43.388,52.584,173.989
157.317,40.260,52.147,176.976
155.095,34.740,51.799,179.740
153.610,31.983,51.387,182.570
151.712,28.320,51.092,184.714
149.106,27.963,51.054,186.238
146.186,29.261,50.847,188.613
143.496,30.605,51.056,189.964
140.743,33.829,51.486,190.731
137.612,37.982,52.228,191.227
134.929,42.510,53.622,190.078
131.399,46.582,55.120,188.114
128.410,49.327,56.581,185.740
124.724,49.777,57.936,183.084
120.932,54.085,59.272,180.136
118.643,58.711,60.303,177.689
117.231,62.426,61.217,175.235
115.436,62.625,61.298,173.303
114.012,63.576,61.005,172.119
113.533,62.985,60.840,170.394
112.173,63.314,60.247,168.898
110.787,61.037,59.766,167.498
110.006,60.681,58.778,167.032
109.794,62.273,57.961,167.322
109.369,58.857,57.051,167.928
108.341,58.493,56.686,167.953
108.652,56.877,56.574,167.885
108.748,57.753,56.644,167.533
108.829,61.182,57.031,166.961
110.265,57.910,56.556,167.582
111.036,57.344,56.297,167.614
112.281,56.927,56.066,168.097
114.507,53.704,55.576,168.256
117.047,53.527,55.055,168.915
120.376,53.703,54.628,169.011
123.271,53.783,54.558,168.890
125.786,51.042,54.355,169.402
128.162,48.547,54.165,170.323
130.209,49.366,53.818,171.715
132.356,48.402,53.719,172.604
134.583,47.222,53.749,173.406
136.177,47.234,53.875,173.779
137.254,50.380,54.516,173.979
137.421,54.586,55.358,174.018
137.140,58.756,55.988,173.574
138.336,58.787,56.241,173.353
138.377,59.450,57.133,170.755
138.899,62.160,57.635,167.784
140.551,63.199,57.949,164.953
142.060,62.747,57.728,163.324
142.405,67.428,57.991,161.085
142.584,65.097,57.863,159.509
142.801,68.256,57.741,158.440
143.897,72.016,57.714,157.335
145.995,67.651,57.499,156.349
147.253,71.222,57.060,155.642
149.047,69.897,56.779,154.093
149.657,70.002,56.622,153.200
149.487,68.748,56.209,153.406
149.485,65.212,55.671,153.804
150.929,65.235,54.965,154.633
153.538,64.994,54.038,155.375
154.752,62.898,52.885,156.380
155.649,61.023,51.728,157.293
155.632,63.276,51.054,157.625
155.213,61.069,50.466,158.247
155.664,59.117,49.821,159.808
155.761,55.021,49.253,162.007
156.113,52.536,49.078,163.675
156.922,51.748,49.257,165.158
157.625,47.979,49.204,167.736
157.553,44.833,49.402,169.670
158.225,39.924,49.574,172.380
158.342,39.836,49.834,174.075
158.612,38.140,50.361,175.211
