129.000,80.000,64.000,78.000
117.934,78.198,65.684,76.810
111.022,76.525,67.113,76.000
104.810,72.015,68.352,75.255
97.687,66.503,69.165,74.859
91.634,64.972,69.314,75.036
94.238,63.081,68.782,75.520
90.462,66.079,68.424,76.247
91.996,70.354,67.643,77.041
88.451,76.612,67.008,77.839
86.742,81.125,67.182,78.034
82.721,84.656,67.529,78.230
75.700,85.107,68.207,77.929
69.075,84.172,68.620,78.234
62.871,81.173,69.281,78.238
57.997,77.948,69.266,77.933
60.824,71.549,68.858,77.652
59.181,70.332,68.501,77.819
63.342,68.508,68.246,77.608
68.500,67.819,68.039,77.478
72.113,72.741,67.012,78.275
76.276,76.882,66.469,78.554
75.297,79.088,65.794,78.427
82.144,79.868,65.911,77.620
85.241,82.824,65.544,77.770
91.579,81.266,65.833,76.677
94.339,78.379,65.743,75.732
101.308,74.205,65.320,74.940
105.664,65.032,64.898,74.532
112.903,60.464,64.388,75.154
122.176,55.610,63.919,75.372
133.320,57.057,64.116,74.925
136.243,64.463,64.408,75.799
138.059,65.469,64.216,76.339
140.350,66.697,64.170,76.855
142.522,68.884,64.319,77.334
142.994,70.967,65.220,77.376
142.313,70.766,65.328,77.516
141.519,69.274,66.034,77.697
143.527,64.861,66.908,77.716
142.472,66.741,67.802,78.063
139.944,63.628,68.294,78.151
141.728,64.016,68.716,78.464
139.317,65.092,69.172,78.720
139.389,65.333,70.060,78.795
138.466,68.692,70.379,79.425
137.149,66.580,71.151,79.471
136.526,67.781,71.944,79.652
136.734,66.976,71.845,80.056
138.255,67.261,71.259,80.060
140.600,61.168,70.445,80.162
143.160,56.145,69.737,79.923
149.556,54.538,69.239,78.990
153.097,53.559,68.665,78.628
155.087,59.399,67.945,78.525
154.751,66.395,67.402,78.411
152.563,73.201,67.271,77.907
153.194,78.549,66.715,77.069
152.519,80.239,66.129,76.469
148.304,75.734,66.106,76.025
147.801,69.834,65.168,75.543
153.316,63.400,64.632,74.590
160.610,60.591,64.218,73.310
163.801,63.499,63.347,72.901
163.766,65.628,62.209,72.698
164.470,67.578,61.590,72.116
160.216,68.624,61.391,71.659
152.600,68.590,61.410,71.240
147.179,69.304,60.979,70.733
140.238,69.166,61.307,69.902
131.703,66.737,61.093,69.746
127.798,64.569,60.080,69.552
127.468,59.443,59.067,69.118
132.759,57.196,58.797,68.027
132.838,59.447,58.312,67.643
132.118,61.446,58.324,66.939
132.040,64.759,58.248,66.710
132.222,67.722,57.852,66.262
129.177,68.271,57.418,66.326
127.816,68.948,57.102,66.202
124.259,70.053,57.068,65.983
123.863,67.521,56.329,65.586
127.836,64.582,56.206,64.914
131.633,62.528,55.573,64.551
134.633,61.981,55.786,63.940
143.855,66.697,56.554,63.115
149.892,69.803,56.412,63.080
156.761,70.330,56.967,62.538
164.563,68.248,56.903,62.188
167.566,66.948,56.668,61.830
170.710,64.964,56.505,61.394
171.331,63.484,56.389,61.139
174.859,63.085,55.991,60.820
172.928,57.229,55.674,60.454
175.671,55.013,55.028,60.224
174.302,54.074,54.605,60.078
172.973,52.450,54.097,59.774
172.750,55.660,53.513,59.712
176.132,59.595,52.716,59.749
174.729,63.424,52.729,59.761
171.315,67.352,52.411,60.138
166.413,71.269,52.581,60.059
159.098,71.123,52.677,59.942
156.025,71.148,52.469,59.673
155.708,67.977,52.266,59.090
160.950,63.648,52.349,58.081
163.199,61.577,52.508,57.388
162.505,61.685,52.820,56.998
162.230,65.323,53.382,56.915
163.603,68.737,53.747,56.669
163.278,71.033,53.645,56.592
163.233,72.471,53.453,56.278
164.368,75.075,53.643,55.619
164.943,77.517,53.372,55.292
167.504,78.738,53.457,54.486
169.264,76.331,51.884,54.709
169.612,71.973,50.592,54.768
172.945,70.477,50.690,53.782
174.700,73.040,51.023,52.915
172.674,77.314,50.969,52.387
171.080,80.861,51.061,51.628
166.616,83.382,50.632,51.514
163.024,83.029,50.145,51.182
161.714,84.034,49.451,50.954
161.005,83.758,48.542,50.868
159.826,81.637,48.118,50.529
155.990,80.623,47.721,50.314
152.682,78.002,47.025,50.251
149.413,75.847,46.748,49.958
147.365,73.971,46.192,50.209
147.643,69.874,45.563,50.416
146.406,66.388,45.280,50.296
142.498,67.928,45.191,49.787
142.235,69.143,46.063,48.790
141.373,71.967,46.645,48.082
139.012,75.914,47.255,47.519
137.924,78.496,47.243,47.427
136.487,79.906,47.406,47.145
135.854,80.305,46.947,47.315
138.868,77.984,47.017,46.998
143.812,77.423,47.146,46.627
151.260,79.069,47.295,46.219
159.587,81.151,47.391,46.016
163.311,80.832,46.958,46.052
166.932,80.493,46.940,45.882
169.260,81.330,46.754,45.956
168.726,82.938,46.876,45.854
169.941,83.555,47.024,45.904
172.919,81.526,46.569,45.945
171.631,79.577,45.760,45.968
170.738,78.994,45.381,45.925
166.034,77.934,45.105,45.800
162.712,75.643,44.428,45.555
162.797,75.725,44.155,45.193
160.495,78.013,43.913,44.953
159.923,81.168,44.030,44.280
159.717,83.470,44.039,43.352
159.074,84.590,43.761,42.665
163.275,85.844,43.645,41.922
165.114,85.379,43.297,41.278
166.291,86.899,43.109,40.646
167.216,89.176,42.738,40.195
169.498,88.710,41.944,39.827
169.006,88.018,41.167,39.478
168.144,87.229,40.794,38.971
166.466,87.911,40.455,38.697
164.665,88.265,40.100,38.754
161.722,89.553,39.644,39.186
160.992,88.375,38.982,39.382
159.805,87.987,38.639,39.663
155.217,88.434,38.114,40.137
151.666,87.082,37.564,40.498
148.765,87.390,37.600,40.389
145.919,87.749,37.281,40.742
144.327,88.812,37.634,40.258
143.422,89.221,37.600,40.307
143.265,89.019,37.708,40.356
144.455,87.915,38.040,40.401
146.312,86.643,38.190,40.381
148.605,84.717,38.324,40.490
150.332,82.191,38.275,40.553
151.822,80.431,38.574,40.362
152.121,80.655,38.835,40.434
151.088,80.604,39.191,40.137
148.781,80.154,39.255,40.022
147.077,79.463,39.154,40.172
145.812,78.890,39.348,40.416
145.493,79.436,39.164,40.645
146.684,78.585,38.987,40.881
147.614,76.646,39.309,40.629
145.400,74.700,39.741,40.472
148.716,73.391,39.675,40.476
150.631,71.817,40.552,39.837
150.484,71.746,41.603,39.468
145.148,68.060,41.449,40.206
143.035,66.617,41.804,40.631
141.534,68.942,42.724,40.884
136.776,70.239,43.183,41.397
135.460,73.021,44.076,41.551
131.679,70.932,44.450,42.017
134.044,71.768,44.734,42.362
135.309,69.072,45.402,42.371
140.678,67.665,45.820,42.404
144.552,64.650,45.727,43.037
146.952,62.008,46.182,43.449
151.948,61.212,46.553,43.709
155.360,64.534,46.980,44.463
158.300,64.900,47.223,45.070
162.177,65.457,47.617,45.481
164.807,65.305,47.649,46.125
164.612,61.421,47.299,46.774
165.386,57.343,47.251,47.025
168.237,53.607,48.222,46.717
172.314,54.596,48.346,47.235
168.012,57.272,48.397,48.191
168.450,62.515,48.376,49.308
164.534,66.103,48.857,49.629
158.402,67.418,49.353,50.194
151.752,67.379,49.830,50.514
144.307,68.577,50.166,51.193
136.255,67.253,50.422,51.659
135.517,69.033,50.319,52.270
131.546,68.570,50.103,52.460
130.392,65.477,49.906,52.710
136.522,64.579,49.774,52.433
135.985,65.528,50.052,52.365
140.354,66.261,50.123,52.285
144.383,68.270,50.456,52.120
144.359,71.543,50.588,52.152
147.838,75.122,51.065,52.028
153.107,78.482,51.384,51.860
155.641,81.413,51.626,51.888
157.053,79.661,51.673,52.260
158.838,75.525,51.487,52.943
159.131,69.627,52.192,53.237
159.646,69.131,53.002,53.695
160.864,69.683,53.676,54.163
162.396,71.123,54.000,54.879
160.614,71.384,54.668,55.430
160.747,70.848,54.928,56.126
157.578,65.818,55.487,56.532
154.868,61.579,55.676,56.984
154.091,58.761,55.627,57.489
154.388,55.675,55.795,58.025
149.688,48.993,56.655,57.955
147.745,50.998,56.179,58.838
144.128,50.297,56.810,59.182
138.455,51.732,56.282,59.889
135.120,55.852,55.870,60.667
135.910,56.278,55.639,60.851
136.026,54.981,55.053,60.903
135.595,56.455,54.645,60.780
133.429,56.583,54.312,60.811
132.318,56.476,53.699,60.595
134.099,52.026,53.151,59.940
137.742,52.289,52.227,59.338
138.211,57.070,51.644,59.287
141.435,60.491,51.060,58.988
141.066,66.021,50.616,58.782
140.501,70.636,50.206,58.362
141.523,72.796,50.524,57.482
139.310,72.827,50.824,56.929
141.075,68.919,50.431,57.106
143.980,63.739,50.253,57.219
147.906,58.594,50.080,57.228
150.626,58.488,50.351,56.891
153.394,63.416,50.677,56.591
152.646,69.197,51.430,55.961
150.338,70.889,52.010,55.560
148.566,72.316,52.516,55.265
148.071,73.963,52.507,55.182
146.453,73.250,52.470,55.229
147.641,68.981,52.513,55.138
150.955,70.788,52.561,55.213
150.831,71.517,52.569,55.227
144.155,68.197,52.644,55.445
139.818,71.234,52.097,55.943
138.201,68.845,51.991,55.881
132.302,69.514,51.770,56.115
127.000,66.636,51.566,56.230
121.794,66.009,51.225,56.015
117.611,64.366,51.234,55.818
113.104,65.840,50.730,55.882
119.359,64.929,50.794,55.292
119.373,63.973,50.564,54.972
120.810,58.902,50.541,54.594
126.271,59.476,50.589,54.231
127.935,64.101,50.564,54.432
131.255,68.802,50.688,54.455
134.880,73.597,51.358,54.215
140.529,75.386,51.560,54.190
148.468,73.385,51.228,54.585
152.263,70.453,50.188,55.497
155.826,67.601,49.619,55.966
157.079,64.276,49.260,56.165
158.655,62.300,49.403,55.970
160.058,60.303,49.225,56.184
161.571,59.444,49.474,56.159
161.467,58.358,49.578,56.221
162.419,61.029,49.783,56.323
161.077,64.207,50.150,56.253
157.888,65.305,50.576,55.760
155.102,67.328,50.641,55.597
154.084,66.025,50.639,55.598
152.097,62.266,50.635,55.641
151.379,60.283,50.552,55.769
153.058,58.809,50.819,55.449
151.629,57.511,50.773,55.460
151.074,59.862,50.688,55.983
151.181,60.617,51.055,55.822
150.765,62.704,51.290,55.992
153.643,62.436,51.780,55.694
156.262,64.353,51.939,55.930
155.961,62.577,51.986,55.827
154.150,64.044,51.612,56.456
157.698,65.771,51.788,56.409
156.369,65.671,51.543,56.880
152.223,68.152,51.224,57.696
151.314,73.653,50.787,58.642
152.437,78.896,50.936,59.082
152.517,82.293,50.850,59.207
150.622,85.053,50.701,59.029
145.815,81.769,51.380,58.228
145.958,81.433,51.334,57.700
147.569,79.727,51.217,57.102
145.030,77.623,51.100,56.528
146.315,74.690,51.081,55.791
149.581,73.796,51.228,55.609
152.470,74.319,51.470,55.465
155.697,75.044,51.572,55.488
159.938,76.710,51.285,55.764
160.596,76.093,51.263,55.507
163.904,75.699,51.204,55.426
164.615,75.558,51.303,55.192
165.381,71.083,51.190,54.817
163.964,68.900,51.122,54.647
161.268,66.349,51.090,54.283
157.003,62.817,51.281,53.889
154.431,63.120,51.067,54.173
149.695,64.709,50.831,54.741
145.345,67.140,50.965,55.356
140.762,68.414,50.956,55.971
137.021,70.628,51.201,56.475
131.986,71.223,51.486,56.674
127.750,72.716,51.566,57.103
126.384,75.144,51.362,57.395
122.195,72.250,51.415,57.107
122.242,68.232,51.071,56.858
125.883,66.622,50.949,56.688
128.499,68.395,50.762,56.583
130.044,71.504,50.273,56.889
133.315,75.277,50.231,57.070
138.928,79.338,50.354,57.081
143.502,82.319,50.550,57.063
149.310,83.089,50.487,56.920
153.266,83.383,49.992,56.521
160.264,81.450,49.643,56.216
167.815,80.074,49.214,55.789
171.094,80.118,48.998,55.286
174.681,82.423,48.969,55.347
175.684,85.500,48.977,55.783
175.540,87.671,48.883,56.281
174.642,89.634,48.613,56.261
170.336,86.983,48.854,55.554
165.798,85.708,48.793,55.279
162.889,83.933,48.504,54.944
161.945,83.236,48.382,54.507
158.492,82.391,48.200,54.536
156.317,82.436,47.842,54.508
157.772,82.710,47.437,54.492
156.479,82.075,47.210,54.073
156.027,83.349,47.377,53.897
152.852,84.796,47.181,53.913
149.631,84.584,46.927,54.000
147.781,85.915,46.777,53.861
147.598,85.498,46.698,53.453
147.077,85.140,46.502,53.191
146.469,84.187,46.218,52.768
148.296,83.290,46.077,52.346
150.079,82.450,45.975,51.854
153.331,82.853,45.879,51.677
159.189,84.262,45.570,51.843
164.348,87.698,45.748,51.953
167.535,90.537,46.001,51.721
169.551,93.014,46.012,51.624
170.811,93.330,46.365,51.195
173.108,94.034,46.451,51.081
175.423,93.157,46.357,50.781
175.500,91.676,46.452,50.296
175.121,89.853,46.510,49.829
176.439,89.442,46.498,49.596
176.520,86.641,46.466,49.180
177.948,84.840,46.265,48.901
178.884,82.009,45.748,49.192
182.670,81.270,46.306,49.272
186.520,80.182,46.558,49.265
186.904,78.306,46.893,48.756
188.373,75.754,47.945,47.943
189.416,73.432,48.151,47.651
189.250,80.459,48.442,47.549
184.798,92.298,48.513,48.010
184.934,95.003,48.455,48.719
181.574,94.676,48.153,49.532
179.359,93.481,48.074,49.985
176.244,91.830,48.080,50.460
173.824,89.343,47.888,51.079
174.508,90.051,47.903,51.741
173.483,88.143,48.384,52.059
171.421,87.660,48.638,52.650
169.682,86.370,48.289,53.418
165.958,84.337,48.712,53.734
163.473,80.176,49.028,53.703
162.096,76.286,49.357,53.435
160.966,74.834,50.179,52.737
158.043,71.536,50.309,52.375
162.919,71.986,50.820,51.855
166.760,73.219,50.659,51.722
169.481,76.915,50.982,51.708
172.418,80.394,50.759,52.171
175.627,81.272,50.452,52.455
176.702,81.574,50.598,52.468
179.475,82.224,50.293,52.669
178.731,79.857,50.157,52.714
175.310,79.803,50.231,52.892
173.525,76.688,49.869,53.122
176.197,74.481,49.393,53.244
172.521,76.130,49.618,53.627
168.534,78.245,49.652,53.898
169.018,81.992,49.311,54.419
165.736,84.219,49.494,54.446
164.548,85.274,49.709,54.647
158.678,83.780,50.177,54.655
153.623,81.349,50.311,54.596
153.196,78.303,50.199,54.439
149.346,77.836,50.337,54.522
146.841,76.375,50.170,54.338
146.773,75.125,50.070,54.269
142.671,75.133,49.763,54.401
142.283,75.778,49.463,54.271
142.328,78.215,49.067,54.538
145.016,78.762,48.942,53.983
148.500,78.832,48.839,53.932
152.884,77.735,49.037,53.411
157.089,79.142,49.028,53.326
162.524,78.430,49.022,53.038
166.983,77.538,49.173,52.642
168.633,76.443,48.885,52.583
172.140,74.826,48.652,52.739
173.327,76.288,48.578,52.904
175.166,78.649,48.262,53.462
174.633,82.237,48.142,53.992
174.154,84.176,48.103,54.206
171.650,87.111,47.980,54.437
170.504,88.351,47.672,54.564
168.120,90.212,47.254,54.690
166.836,89.614,47.215,54.632
162.908,87.578,47.164,54.683
163.179,83.381,46.585,54.795
157.502,82.291,46.802,54.813
155.172,80.988,46.729,54.590
148.998,83.644,47.102,54.694
145.431,84.993,46.952,54.732
144.833,85.674,46.720,54.638
145.091,83.763,47.067,54.245
141.848,83.930,46.943,54.439
140.145,84.634,47.147,54.405
138.649,82.687,47.261,54.294
136.331,83.409,47.563,54.134
134.790,83.568,47.782,53.939
132.143,82.744,47.872,53.925
129.453,80.611,48.045,53.935
