141.000,73.000,27.000,34.000
140.397,74.492,27.353,33.887
141.489,73.858,27.874,33.486
141.020,74.220,28.270,33.200
141.708,74.125,28.513,33.018
141.674,74.097,28.617,32.993
142.438,74.071,28.785,32.827
142.384,74.053,28.884,32.801
143.067,74.021,28.943,32.727
143.668,74.310,29.031,32.605
145.234,74.211,28.916,32.741
144.664,74.275,28.816,32.944
145.876,73.982,28.851,33.012
146.485,74.622,28.982,33.131
146.795,74.306,28.986,33.419
146.806,74.406,29.157,33.549
148.668,74.142,29.262,33.562
149.037,74.237,29.329,33.582
149.420,74.138,29.342,33.712
150.967,73.905,29.365,33.825
153.122,74.242,29.760,33.740
152.890,74.481,29.901,33.974
153.563,74.184,30.203,34.091
155.110,73.713,30.409,34.235
156.973,73.916,30.676,34.274
158.050,74.467,30.932,34.286
158.776,74.389,31.108,34.561
160.244,74.292,31.420,34.719
161.417,74.425,31.675,34.760
162.025,74.442,31.804,34.890
164.237,73.617,31.975,35.021
164.974,73.617,32.111,35.005
165.920,74.040,32.220,34.998
167.124,73.961,32.429,35.024
167.984,73.541,32.433,35.280
169.350,73.768,32.656,35.233
170.126,73.450,32.697,35.514
171.458,73.215,32.620,35.791
172.426,73.643,32.704,35.940
172.406,72.551,32.620,36.329
173.969,72.891,32.792,36.321
173.866,72.706,32.903,36.351
174.207,73.349,33.107,36.397
174.225,72.419,33.099,36.564
174.188,72.102,33.163,36.657
174.228,72.176,33.302,36.824
173.794,72.654,33.372,37.011
173.208,72.086,33.277,37.237
172.558,72.382,33.208,37.439
172.000,72.448,33.255,37.517
169.845,72.370,33.253,37.803
169.422,71.949,33.362,37.834
168.091,72.284,33.458,37.834
167.132,71.906,33.458,37.939
165.322,71.574,33.425,38.047
163.335,71.907,33.405,38.139
161.766,72.002,33.472,38.322
160.274,71.707,33.433,38.570
158.840,71.208,33.404,38.694
156.806,71.472,33.515,38.849
151.700,72.472,33.726,38.842
151.924,71.997,33.736,39.134
149.529,71.841,33.818,39.472
147.937,72.093,33.786,39.667
146.449,71.553,33.669,39.948
144.773,71.690,33.553,40.037
142.192,70.965,33.544,40.275
140.323,71.807,33.661,40.175
138.572,71.234,33.603,40.290
136.899,71.656,33.728,40.169
132.402,71.524,34.066,39.926
132.512,70.854,34.346,39.604
130.953,71.012,34.420,39.477
128.676,70.882,34.374,39.444
126.749,70.699,34.299,39.344
124.835,71.933,34.453,38.972
123.452,72.073,34.421,38.731
121.837,72.041,34.312,38.686
119.982,72.316,34.247,38.721
118.564,72.660,34.304,38.645
115.893,72.375,34.376,38.655
115.851,72.082,34.563,38.490
114.640,72.176,34.738,38.421
113.938,72.129,34.946,38.302
112.766,71.884,34.987,38.393
111.486,71.791,34.917,38.856
111.349,72.247,35.029,39.181
111.340,72.177,35.106,39.543
110.432,71.646,35.031,39.975
109.775,71.612,35.216,40.402
109.125,71.782,35.313,40.994
109.142,71.022,35.302,41.586
108.457,71.269,35.390,42.057
108.201,70.552,35.521,42.554
107.281,70.515,35.831,42.828
106.605,70.339,36.330,43.085
105.843,70.454,36.802,43.508
105.469,69.897,37.219,43.900
105.143,69.671,37.739,44.078
105.227,69.132,38.183,44.276
105.271,68.582,38.600,44.411
105.279,68.049,39.031,44.498
104.599,68.183,39.428,44.596
104.909,67.779,39.681,44.854
105.227,67.283,39.821,45.143
105.985,67.215,39.904,45.435
106.656,67.207,40.055,45.782
107.332,67.388,40.162,46.000
108.482,67.606,40.157,46.448
109.909,68.120,40.207,46.826
112.757,68.738,40.288,47.073
113.470,69.034,40.293,47.615
115.001,68.930,40.381,47.940
116.368,69.405,40.498,48.269
117.863,68.821,40.267,48.720
119.919,69.116,40.253,48.716
121.981,69.309,40.385,48.627
123.616,69.617,40.577,48.428
124.719,69.465,40.463,48.393
126.350,68.397,40.242,48.388
129.913,68.896,40.119,48.079
129.896,69.842,40.211,47.860
131.072,69.636,39.844,47.964
132.394,68.472,39.475,48.033
134.373,68.958,39.269,47.645
135.328,68.737,38.757,47.496
136.744,68.832,38.252,47.158
138.722,69.864,37.759,46.716
140.014,69.124,37.103,46.623
141.504,69.673,36.523,46.342
143.991,70.503,35.924,46.164
144.780,71.286,35.631,45.656
145.787,71.978,35.453,44.973
147.271,72.743,35.190,44.321
147.932,72.906,34.945,43.876
149.337,73.659,34.803,43.291
150.380,73.752,34.521,42.977
150.786,73.361,34.186,42.701
151.373,73.604,34.004,42.395
151.894,74.956,33.995,41.885
152.658,75.570,33.857,41.524
153.021,75.896,33.665,41.298
153.411,75.959,33.453,41.183
153.806,76.620,33.269,40.738
154.049,77.117,33.040,40.533
154.622,77.982,32.969,40.126
154.572,78.586,32.747,39.976
154.630,79.482,32.470,39.813
155.412,80.066,32.443,39.486
154.209,80.648,32.295,39.251
154.290,82.252,32.335,38.693
154.647,82.679,32.296,38.481
154.498,83.152,32.318,38.121
154.639,83.421,32.326,37.586
153.966,84.640,32.292,37.039
153.955,84.886,32.316,36.498
154.433,86.244,32.353,35.873
154.616,86.843,32.456,35.245
154.696,88.451,32.580,34.414
154.756,89.356,32.836,33.723
155.534,90.535,33.034,33.018
155.419,90.778,32.939,32.551
155.636,91.097,32.960,32.157
155.686,91.561,33.095,31.709
156.068,92.253,33.067,31.351
156.145,92.499,33.037,31.086
156.157,92.612,32.882,30.822
155.748,92.869,32.680,30.666
155.620,92.878,32.554,30.453
155.656,92.872,32.614,30.159
155.136,93.026,32.471,30.052
155.044,93.324,32.497,29.808
154.661,93.022,32.427,29.676
154.672,92.813,32.327,29.494
154.668,92.453,32.131,29.555
153.558,92.173,32.098,29.475
153.555,91.398,31.932,29.500
153.185,91.354,31.810,29.469
152.506,90.171,31.495,29.761
152.054,89.213,31.088,30.078
152.041,88.358,30.791,30.416
151.703,88.204,30.647,30.518
151.032,87.290,30.460,30.780
150.172,86.849,30.230,31.117
149.596,85.796,30.113,31.372
149.207,85.076,30.246,31.516
149.012,84.218,30.347,31.793
148.502,83.540,30.318,32.172
148.931,83.001,30.300,32.472
148.799,82.193,30.193,33.053
149.359,80.916,29.935,33.673
149.507,79.817,29.806,34.216
149.111,79.381,29.752,34.575
149.141,78.738,29.831,34.770
148.988,78.495,29.921,35.000
149.138,78.016,29.909,35.177
149.090,77.823,30.088,35.252
148.913,77.547,30.144,35.379
149.345,76.919,30.013,35.580
148.930,76.793,30.241,35.575
149.561,75.620,30.111,35.733
148.817,75.890,30.414,35.683
149.110,76.469,30.629,35.524
149.371,75.418,30.597,35.644
149.204,75.157,30.636,35.661
149.116,75.619,30.741,35.551
149.201,75.425,30.765,35.642
149.252,75.233,30.797,35.661
149.039,75.007,30.926,35.666
148.579,74.713,31.048,35.651
147.129,75.410,31.196,35.451
146.413,75.830,31.308,35.419
145.769,76.193,31.381,35.287
144.160,76.621,31.617,35.209
142.792,76.997,31.845,35.043
140.875,77.078,32.126,34.980
138.428,77.129,32.611,34.790
136.334,77.130,32.871,34.788
132.804,77.217,33.010,34.721
131.309,77.715,33.165,34.825
125.251,78.108,33.150,35.053
125.548,77.900,33.116,35.326
122.885,78.329,33.024,35.613
119.973,78.928,33.046,35.926
117.593,78.551,32.806,36.505
114.989,78.228,32.744,36.809
112.475,77.983,32.597,37.085
110.202,77.688,32.423,37.415
109.318,78.208,32.470,37.542
107.224,78.155,32.608,37.665
104.574,77.597,32.904,37.763
104.234,77.010,33.109,37.684
102.347,76.616,33.389,37.693
101.473,75.783,33.670,37.739
100.366,75.177,33.839,37.839
100.020,75.005,34.038,37.869
98.998,74.680,34.130,38.047
98.509,74.085,34.301,38.128
98.212,73.963,34.467,38.337
97.410,74.017,34.643,38.462
97.004,73.414,34.729,38.686
96.469,73.157,34.876,38.788
96.208,72.798,34.987,38.901
95.656,71.950,35.396,38.889
95.338,72.073,35.744,38.900
95.774,72.132,35.918,38.978
95.257,71.666,36.196,39.261
95.415,71.277,36.340,39.441
95.297,71.506,36.504,39.573
96.097,71.878,36.726,39.609
96.441,73.383,36.818,39.455
96.703,73.057,36.784,39.733
97.091,74.032,36.842,39.796
97.633,74.868,37.053,39.820
97.553,75.055,37.095,40.129
96.629,74.780,37.075,40.427
96.641,75.681,37.156,40.553
95.678,75.426,37.219,40.733
94.094,75.095,37.037,41.001
93.633,74.779,37.180,41.113
89.888,74.451,37.425,41.201
90.216,75.113,37.429,41.324
88.757,74.445,37.453,41.425
86.791,74.203,37.336,41.671
84.983,73.824,37.364,41.708
83.252,74.391,37.490,41.719
81.060,73.785,37.649,41.710
78.661,73.726,37.710,41.730
76.284,73.784,37.749,41.799
74.017,73.502,37.842,41.883
67.522,74.908,38.288,41.813
68.981,74.241,38.023,42.004
65.281,73.764,38.323,42.027
62.156,73.900,38.476,42.054
58.686,73.290,38.760,42.139
55.795,73.411,38.898,42.235
52.199,73.645,39.217,42.225
48.534,73.214,39.327,42.464
46.114,73.290,39.343,42.594
42.280,73.315,39.581,42.714
37.201,73.622,39.535,43.018
37.524,73.823,39.218,43.230
34.788,73.557,39.228,43.124
32.032,73.900,39.375,43.110
29.774,73.782,39.155,43.161
27.866,74.198,39.053,43.175
25.776,74.420,39.012,43.183
24.018,73.626,38.809,43.237
22.160,73.972,38.766,43.279
20.584,74.393,38.838,43.198
16.694,74.116,39.014,43.131
16.941,74.385,38.798,43.234
15.359,74.756,38.645,43.233
13.518,74.600,38.672,43.240
12.381,74.975,38.672,43.066
10.861,74.847,38.671,43.107
10.222,74.872,38.634,43.021
9.163,74.960,38.557,43.032
8.594,74.687,38.308,43.080
8.203,74.229,38.061,43.271
6.122,74.195,38.042,43.203
6.266,74.275,37.927,43.223
6.042,74.174,37.915,43.180
6.035,74.081,37.927,43.096
5.803,74.043,37.992,43.000
5.429,73.695,38.003,42.976
5.393,73.808,37.891,42.864
5.684,73.569,37.882,42.735
5.058,73.716,37.902,42.657
5.523,73.338,37.846,42.594
5.801,73.210,37.722,42.574
6.060,73.079,37.634,42.560
6.543,72.643,37.575,42.595
6.152,73.002,37.709,42.461
6.497,72.683,37.778,42.348
6.855,72.945,37.840,42.262
7.584,72.585,37.770,42.225
7.837,72.629,37.876,42.257
8.717,72.392,37.806,42.322
9.902,72.947,37.808,42.336
12.816,73.195,37.751,42.324
12.608,73.638,37.928,42.355
14.665,74.388,38.036,42.161
16.975,74.837,38.039,42.100
19.170,75.690,38.200,41.855
21.778,76.341,38.146,41.807
24.866,78.038,38.216,41.414
28.272,79.537,38.284,41.199
31.512,81.721,38.382,40.931
35.245,83.718,38.165,40.859
42.208,87.432,38.411,39.876
42.696,89.146,38.561,39.815
46.092,90.826,38.504,39.752
49.160,93.207,38.488,39.365
52.507,95.358,38.347,39.034
55.762,97.518,38.298,38.598
58.319,99.547,38.265,38.072
61.196,101.841,38.293,37.432
64.124,103.986,38.171,36.959
66.653,106.046,38.321,36.335
71.961,111.660,38.474,36.230
72.230,112.268,38.460,36.389
73.820,113.425,38.329,36.532
75.973,114.408,38.229,36.441
78.205,115.366,38.278,36.146
79.999,116.934,38.184,35.810
81.765,118.486,38.047,35.577
83.175,119.808,37.953,35.421
85.543,120.110,37.786,35.307
86.963,121.339,37.815,34.962
89.643,122.524,37.750,34.628
90.375,123.224,37.802,34.289
91.700,123.950,37.754,34.158
93.105,124.582,37.706,34.003
94.558,124.659,37.727,33.897
96.107,125.178,37.638,33.624
97.960,125.994,37.710,33.421
99.650,126.445,37.762,33.088
100.958,126.835,37.735,32.805
102.186,127.404,37.673,32.568
104.490,128.294,37.692,32.236
105.513,128.395,37.689,32.078
106.583,128.772,37.619,31.971
107.525,128.126,37.502,31.999
108.237,127.426,37.579,31.961
108.643,126.325,37.428,32.055
108.910,124.711,37.349,32.164
109.137,123.694,37.407,32.289
108.655,122.390,37.443,32.504
108.431,120.662,37.283,32.836
108.832,119.539,37.017,33.272
108.920,118.570,36.910,33.536
109.039,117.391,36.710,33.761
109.356,116.795,36.566,34.015
109.992,116.668,36.555,34.335
110.479,116.529,36.390,34.781
110.985,116.946,36.397,35.134
112.328,117.599,36.218,35.768
112.833,118.055,36.235,36.651
113.672,119.295,36.389,37.328
115.519,120.024,36.237,37.927
117.025,120.465,35.993,38.253
118.292,120.417,35.816,38.494
119.136,120.249,35.616,38.836
119.892,119.489,35.458,39.095
120.427,118.568,35.489,39.244
120.539,118.337,35.648,39.213
120.832,117.117,35.669,39.313
120.475,116.159,35.750,39.387
119.534,116.080,36.031,39.480
119.783,115.330,36.624,39.284
119.297,115.063,36.851,39.262
119.445,115.190,37.230,39.175
119.616,115.113,37.457,39.192
120.842,114.603,37.960,38.965
120.645,113.969,38.018,39.099
121.512,113.375,38.343,38.919
121.864,112.699,38.718,38.663
122.717,112.160,39.124,38.418
124.445,111.808,39.459,38.016
126.715,109.970,39.905,37.666
126.978,109.885,40.223,37.408
129.197,109.203,40.551,37.038
131.480,108.618,40.815,36.663
134.001,108.193,41.054,36.266
137.310,107.697,41.171,35.862
140.733,107.501,41.222,35.501
144.634,107.852,41.017,35.139
147.508,107.306,40.950,34.861
153.519,107.746,41.005,34.599
160.204,106.242,40.706,34.618
160.568,105.955,40.315,34.562
162.761,104.210,40.012,34.439
168.250,103.606,39.262,34.634
169.908,102.036,38.897,34.470
171.261,100.965,38.721,34.168
172.941,100.995,38.406,33.946
174.300,100.628,38.210,33.793
175.416,100.331,37.983,33.677
176.682,100.190,37.786,33.439
177.606,100.083,37.634,33.211
178.298,99.527,37.246,33.158
178.324,99.162,36.975,33.305
178.263,99.151,36.832,33.230
177.919,98.725,36.728,33.234
177.405,98.167,36.766,33.160
176.522,97.866,36.538,33.314
175.676,97.530,36.462,33.527
175.016,97.502,36.503,33.597
174.076,97.850,36.386,33.665
172.241,97.696,36.279,33.926
171.098,97.666,36.292,33.967
169.674,98.058,36.086,34.064
168.981,97.755,36.055,34.104
167.516,98.074,36.051,34.120
166.225,97.824,35.976,34.137
165.445,97.749,35.863,34.128
165.107,97.094,35.766,34.076
164.907,97.420,35.685,33.975
164.569,97.192,35.628,33.936
165.471,95.479,35.493,33.784
165.992,95.027,35.472,33.595
166.935,95.169,35.466,33.486
168.245,93.838,35.272,33.417
172.113,93.510,35.164,33.331
172.532,92.280,35.161,33.277
176.240,91.867,35.072,33.353
177.277,91.105,34.825,33.350
181.464,90.639,34.720,33.343
185.564,89.785,34.507,33.364
189.895,88.876,34.467,33.363
189.957,88.371,34.527,33.392
191.743,87.786,34.366,33.325
196.837,87.987,34.131,33.509
200.797,86.776,33.986,33.684
201.678,86.121,33.940,33.782
202.534,86.112,34.114,33.813
205.292,86.143,34.008,34.028
207.523,85.836,34.006,34.026
210.297,84.978,34.006,33.930
213.894,84.360,33.894,33.954
214.738,85.572,34.222,33.715
216.810,84.236,34.460,33.443
218.758,83.716,34.599,33.208
220.823,83.889,34.812,32.992
223.183,83.012,34.947,32.658
224.893,81.805,35.193,32.331
227.619,80.131,35.173,32.343
230.332,78.687,35.031,32.285
232.969,78.339,34.927,32.293
237.036,76.669,34.726,32.425
237.393,77.054,34.733,32.580
239.869,76.188,34.648,32.673
241.131,75.865,34.566,32.852
243.335,74.467,34.665,32.872
244.653,73.944,34.895,32.951
245.594,73.670,35.029,33.191
246.238,73.013,34.975,33.602
246.831,72.728,34.834,34.121
247.616,72.486,34.619,34.744
247.762,72.624,34.626,35.107
247.810,72.366,34.652,35.502
247.656,71.873,34.688,35.898
247.180,71.559,34.796,36.298
246.864,71.305,34.932,36.482
245.623,71.496,35.224,36.518
244.893,71.154,35.365,36.691
243.286,70.571,35.744,36.801
242.529,69.823,36.140,36.855
241.080,69.732,36.722,36.724
238.513,69.603,37.322,36.590
238.102,69.880,37.746,36.565
236.307,69.702,38.135,36.613
235.137,69.867,38.439,36.676
232.915,70.101,38.761,36.700
231.152,70.907,39.046,36.649
229.177,71.401,39.280,36.676
227.387,71.970,39.486,36.776
225.250,72.004,39.553,36.915
223.742,72.503,39.479,37.155
219.899,73.081,39.651,37.338
220.618,73.744,39.182,37.983
217.904,73.656,39.303,38.060
216.753,73.865,39.086,38.305
214.228,73.762,39.233,38.475
212.572,73.857,39.174,38.656
211.048,73.869,38.974,38.884
209.163,73.928,38.877,39.068
207.442,73.530,38.720,39.288
206.402,73.546,38.346,39.486
203.604,73.132,38.095,39.877
204.790,72.977,37.582,40.316
202.862,73.058,37.321,40.620
202.569,72.835,36.892,41.075
201.930,72.899,36.567,41.455
201.511,73.030,36.296,41.692
202.001,72.660,35.770,41.959
201.247,72.174,35.475,42.260
201.762,72.286,35.248,42.263
201.143,71.900,35.001,42.351
202.085,71.576,34.647,42.513
201.713,72.160,34.526,42.462
202.119,72.044,34.433,42.528
202.816,71.873,34.201,42.651
202.560,71.715,34.158,42.652
202.779,71.391,34.044,42.694
203.333,71.033,34.044,42.722
204.679,71.556,34.095,42.716
204.002,71.364,34.266,42.509
205.304,71.136,34.292,42.437
205.523,71.435,34.468,42.220
205.317,71.094,34.611,41.921
206.637,71.166,34.686,41.836
206.896,71.167,34.896,41.621
207.117,71.064,35.076,41.463
208.093,70.912,35.286,41.272
208.584,70.785,35.298,40.988
