83.000,200.000,35.000,131.000
85.438,200.924,35.791,130.668
87.215,200.190,36.547,130.827
90.586,198.485,37.060,130.811
96.790,200.550,37.323,130.914
102.494,200.956,37.332,132.162
103.839,199.900,37.356,133.519
107.929,197.270,37.514,134.562
110.938,193.881,37.821,135.096
113.732,197.676,38.071,136.510
115.450,197.318,38.368,138.358
118.863,195.960,39.110,139.644
120.241,192.879,40.195,140.476
120.422,194.823,41.590,140.079
122.619,196.454,42.795,139.523
125.939,196.019,44.024,137.693
129.291,197.446,44.655,136.619
133.379,200.279,44.898,135.850
137.311,200.635,44.993,136.104
141.750,200.157,44.509,136.209
144.408,198.319,44.042,136.970
148.615,197.034,43.032,138.269
149.542,193.995,41.684,139.231
152.324,195.296,41.095,139.412
156.087,192.877,40.907,139.551
166.079,192.016,41.202,140.841
168.842,191.125,41.146,142.405
171.988,189.917,40.752,144.504
174.439,187.940,41.249,145.524
174.988,186.332,41.744,146.642
176.535,186.583,42.122,147.562
176.709,182.491,42.638,147.415
187.549,187.695,43.516,146.661
188.024,185.574,44.090,147.185
190.823,184.078,44.710,147.538
194.650,185.665,45.208,148.049
197.738,188.548,46.151,148.389
202.677,183.177,47.584,146.988
205.952,182.599,48.671,146.643
209.021,185.034,50.314,144.856
211.840,182.919,51.436,144.599
213.179,187.449,52.845,143.052
214.324,182.047,53.710,141.877
216.392,182.889,54.753,140.791
219.131,186.029,55.537,139.848
220.241,190.428,56.510,137.969
221.421,190.355,57.062,137.244
225.192,192.705,57.752,135.410
239.263,193.396,58.001,134.877
241.781,192.174,58.397,134.778
245.226,194.766,59.065,135.023
248.282,193.794,58.605,135.658
253.478,196.244,58.251,135.976
258.177,192.632,57.159,136.679
263.713,192.993,56.326,136.826
280.686,189.895,53.298,141.153
284.839,190.868,51.343,144.643
288.838,189.200,50.423,146.391
292.802,192.112,50.394,146.670
297.607,191.658,49.946,148.106
308.547,189.606,49.097,150.504
310.431,182.059,48.730,150.872
316.034,183.396,48.026,151.042
321.232,182.248,47.300,152.174
325.591,182.600,46.515,153.418
327.823,184.389,46.416,153.689
332.119,185.126,46.724,152.804
338.466,187.565,46.795,150.984
342.642,192.113,46.852,150.643
345.790,195.012,47.186,149.379
349.664,197.503,47.401,148.685
353.257,195.948,47.381,148.255
355.071,198.383,48.043,147.107
359.254,200.564,48.048,147.443
363.182,200.871,47.881,148.238
368.374,199.785,47.558,148.303
372.949,199.156,47.686,148.750
376.749,200.160,47.801,148.841
380.901,198.185,47.510,150.520
382.980,195.935,47.784,150.235
383.565,192.869,47.846,149.776
395.140,192.338,47.772,149.103
435.144,223.148,56.254,137.843
432.017,225.126,64.970,126.766
427.877,218.738,70.130,120.628
423.785,214.877,73.119,117.371
416.589,219.018,75.292,114.518
403.199,214.768,73.184,116.691
404.032,212.536,70.787,119.340
402.899,207.710,68.552,121.258
390.540,205.452,66.884,123.707
388.877,203.432,65.108,125.359
385.635,201.228,62.875,126.775
371.479,200.358,61.562,128.496
368.033,199.239,59.817,130.185
364.117,205.409,56.606,134.199
359.656,204.761,53.453,137.788
358.603,202.994,51.124,139.990
356.874,199.074,49.098,144.041
359.176,196.584,48.180,145.047
361.030,195.843,47.179,146.609
359.350,188.040,46.850,146.199
358.983,193.593,46.724,145.558
357.592,199.010,47.021,144.595
356.653,204.515,47.219,144.307
357.327,205.869,47.658,144.173
357.029,210.386,47.831,143.282
357.910,211.731,48.248,143.122
359.871,211.550,48.384,142.913
360.742,213.146,47.752,142.758
361.639,215.032,46.827,142.518
364.371,210.999,45.938,142.210
365.615,208.997,45.368,141.683
366.522,205.612,44.447,143.320
366.943,203.125,43.763,144.401
366.921,203.642,43.661,144.579
367.267,204.566,43.408,144.292
367.409,205.680,43.226,144.677
367.115,207.886,43.438,144.564
369.057,207.443,43.692,145.097
371.242,205.013,44.359,145.554
373.390,203.685,45.084,146.346
375.031,203.692,45.661,147.102
377.332,204.773,46.419,148.180
378.725,199.979,47.416,149.440
381.969,198.940,48.448,149.652
384.207,200.913,49.651,149.197
397.349,202.015,50.315,149.612
398.723,203.940,51.294,149.859
411.087,201.707,51.491,150.765
423.182,200.513,51.660,152.235
435.308,201.645,52.045,152.334
436.489,195.900,52.336,152.878
448.834,195.028,52.651,154.256
451.106,197.092,53.356,154.205
463.217,197.334,53.507,154.357
464.715,197.430,53.380,155.476
466.144,193.159,53.592,155.500
468.294,194.132,53.640,156.141
470.386,193.287,54.193,155.459
472.454,195.524,54.176,155.432
474.649,195.805,54.362,155.786
477.863,195.963,54.560,155.141
480.880,196.362,54.961,154.679
483.976,196.206,54.424,155.343
487.043,193.190,54.225,155.030
499.755,193.892,54.284,155.050
502.261,195.856,54.096,154.938
504.539,198.403,53.672,155.155
508.624,200.015,53.358,155.507
512.178,202.995,53.114,154.330
513.122,206.682,53.236,152.262
512.311,208.489,53.086,149.653
509.479,201.146,52.632,147.925
505.941,198.463,52.111,147.926
490.158,199.906,51.354,147.703
483.958,198.753,51.338,146.534
477.200,199.577,51.756,144.956
470.464,198.909,51.842,143.851
463.056,202.270,51.514,143.059
458.046,208.078,51.053,142.708
457.172,207.770,50.303,142.462
446.549,205.727,49.790,141.738
445.788,205.698,48.924,141.753
444.633,206.661,48.304,140.928
443.160,205.202,47.905,139.620
442.004,200.029,47.146,140.527
441.555,202.765,47.132,140.464
441.756,206.818,47.607,140.291
441.459,203.085,47.516,141.411
441.669,198.586,46.713,143.334
440.579,195.855,46.514,143.752
440.972,194.902,45.865,144.430
441.065,193.229,45.568,145.349
440.934,192.389,45.457,145.478
439.536,196.268,45.812,145.770
438.715,194.432,46.808,144.872
438.233,195.258,47.351,145.309
438.370,196.010,47.920,145.298
438.133,193.493,48.622,145.461
435.644,197.685,51.647,143.022
423.203,200.339,51.357,144.405
422.625,199.165,51.212,144.403
408.462,193.616,49.816,145.869
408.082,183.731,48.568,146.335
406.012,185.593,47.977,146.480
405.485,195.696,47.319,146.239
402.555,190.146,46.782,146.668
403.027,193.191,46.247,148.390
401.255,194.500,46.042,148.929
389.596,203.143,46.339,147.432
389.884,200.979,46.711,147.139
388.166,194.804,46.835,147.318
386.086,192.097,46.789,148.378
385.136,193.405,46.551,148.917
382.515,193.922,46.864,148.769
380.004,194.066,46.699,148.181
377.739,196.350,46.029,149.772
375.868,194.353,46.547,148.879
374.385,192.472,47.050,148.446
369.685,197.022,47.694,146.703
366.907,194.044,47.448,146.292
364.347,189.243,47.059,145.894
363.058,185.993,46.157,144.782
363.951,187.566,45.938,144.490
362.687,193.387,45.749,145.137
361.820,197.387,44.898,146.251
363.527,196.005,44.653,148.063
363.814,193.635,45.056,148.653
363.705,197.715,45.451,148.613
359.947,193.443,46.455,148.299
357.234,188.694,46.552,148.131
356.906,186.018,45.776,149.128
356.493,185.036,45.105,148.461
356.271,185.573,44.293,148.847
354.433,183.640,44.322,148.554
355.379,187.840,44.609,147.950
354.522,185.401,45.772,146.131
352.395,187.064,46.696,144.785
347.804,186.736,47.885,143.725
346.001,187.247,48.658,142.240
343.180,185.451,48.996,140.046
342.214,185.529,49.263,137.369
340.526,186.698,48.949,135.966
337.639,187.804,48.683,134.290
334.849,188.374,48.118,134.275
332.511,192.352,47.776,134.294
329.090,194.548,47.888,135.161
327.083,195.530,48.255,136.217
326.539,191.364,47.902,137.910
326.431,188.320,47.555,139.183
325.460,186.292,47.203,140.405
324.024,184.042,46.646,140.730
321.403,184.561,46.410,140.256
317.501,183.539,46.129,140.332
314.689,182.792,45.558,141.573
313.972,180.612,45.043,142.927
313.583,180.557,44.915,143.556
312.574,183.087,44.974,144.102
311.160,182.840,45.640,143.576
309.771,178.914,45.757,143.962
308.927,178.986,45.329,145.288
299.543,175.594,44.691,144.684
299.879,175.581,43.840,144.347
298.441,177.116,42.815,146.101
297.282,178.329,42.742,145.984
294.197,176.726,42.886,146.558
290.369,179.270,43.611,145.345
285.688,181.060,44.862,143.009
281.020,181.723,46.042,140.686
275.989,181.662,46.990,138.617
270.835,180.596,47.036,138.101
