306.000,5.000,95.000,65.000
313.477,16.705,91.467,67.786
318.878,37.319,88.456,70.324
331.971,63.014,85.674,72.597
333.020,99.610,85.571,72.885
332.935,134.148,85.944,72.305
331.723,151.657,86.499,71.791
330.428,146.998,86.954,72.370
319.251,124.728,86.391,73.517
321.339,93.021,85.768,74.317
309.301,62.261,87.591,74.033
283.178,47.949,89.338,73.092
266.385,31.840,88.658,74.785
252.077,20.593,87.335,76.362
248.443,6.375,86.270,77.323
236.694,7.227,85.431,77.935
244.466,9.163,85.649,77.033
242.718,22.272,85.883,75.982
218.639,61.819,85.741,75.829
222.320,88.157,86.517,74.705
231.889,111.417,87.027,73.999
241.176,134.344,92.048,69.976
242.550,135.819,95.225,66.385
231.418,122.433,93.866,67.562
264.831,86.305,91.813,69.680
280.691,62.900,90.086,70.481
279.170,44.342,89.465,70.587
267.697,25.679,89.415,70.413
251.870,11.755,89.719,70.727
245.307,4.353,88.427,72.223
240.444,6.756,88.297,72.735
239.660,9.474,87.998,74.116
252.752,18.892,85.964,77.054
268.407,40.810,84.700,78.184
281.805,63.132,83.881,78.278
303.557,88.433,84.492,76.666
325.176,122.821,88.342,71.965
350.494,155.098,87.946,70.870
375.890,174.481,91.925,66.621
392.708,179.899,94.642,63.056
409.840,171.553,95.345,61.113
425.971,151.184,96.266,59.872
427.267,131.167,93.557,62.411
412.159,114.356,92.008,64.679
398.393,95.532,95.398,61.814
375.518,92.899,91.579,65.985
363.926,80.796,88.441,69.033
350.548,75.637,85.558,72.247
348.098,71.709,83.514,74.605
347.596,72.412,82.528,75.671
348.416,77.981,82.407,75.147
358.350,92.159,82.181,75.213
370.591,107.475,82.483,74.242
355.489,132.823,88.736,69.072
355.361,134.239,88.513,70.250
358.549,134.765,88.637,72.480
361.026,133.861,88.282,73.208
382.796,113.691,91.534,70.591
395.627,93.195,90.016,71.598
396.683,71.275,87.599,72.922
395.632,42.660,86.428,73.266
382.644,20.890,86.713,73.042
366.386,4.202,87.015,73.463
351.865,-2.774,87.062,72.788
351.211,-6.311,86.851,71.472
349.976,-5.662,86.034,70.837
346.594,-2.065,86.079,70.082
346.868,4.980,85.692,70.445
347.383,16.563,85.795,70.225
359.329,34.221,85.806,70.088
370.316,54.826,86.390,69.266
