177.000,51.000,21.000,129.000
176.702,52.671,23.487,125.752
175.592,54.416,25.292,123.234
174.720,54.549,26.869,121.235
174.058,55.576,28.302,119.394
173.395,57.375,29.579,117.699
172.986,59.173,30.614,116.346
172.456,59.647,31.220,115.598
171.901,60.078,31.743,114.983
171.904,60.668,32.148,114.457
171.880,61.394,32.270,114.191
171.862,60.989,32.561,113.736
171.491,59.946,32.770,113.315
171.280,59.081,32.933,112.993
171.380,58.595,32.943,112.808
171.454,58.495,33.145,112.426
179.178,51.605,33.712,111.710
170.597,53.045,33.641,111.855
170.692,52.535,33.602,112.122
171.530,53.554,33.595,112.281
171.709,54.865,33.589,112.525
171.644,54.149,33.646,112.927
171.700,55.710,33.881,112.909
170.509,47.590,34.184,112.746
171.007,47.600,33.969,113.566
170.494,46.280,34.031,113.825
170.338,44.792,34.144,113.782
170.572,46.106,34.213,113.798
169.780,64.197,34.275,114.499
169.671,64.257,34.309,114.819
169.446,66.526,34.408,115.164
168.753,68.491,34.509,115.442
167.321,68.158,34.740,115.556
159.537,65.293,34.508,116.331
160.535,63.494,34.481,116.599
160.601,58.375,34.564,117.174
160.298,62.014,34.703,116.946
161.829,69.387,34.920,116.050
162.837,68.577,34.913,116.183
163.473,71.259,35.267,115.586
163.070,73.115,35.676,114.300
163.664,75.493,36.324,112.660
163.553,82.186,36.770,111.106
163.167,82.647,37.034,110.010
162.046,82.914,37.163,109.255
162.142,81.605,37.181,108.613
162.329,79.316,37.176,108.197
163.043,75.618,37.061,108.066
161.797,82.675,36.900,108.080
161.256,82.211,36.826,107.868
161.060,79.068,36.813,107.452
168.716,63.642,38.275,104.153
167.834,65.186,39.227,101.907
152.001,101.696,38.272,102.728
153.554,101.984,37.398,103.375
153.875,101.966,36.288,104.425
154.057,100.156,35.433,104.958
154.340,101.600,34.901,105.375
155.111,107.639,34.319,105.564
155.396,106.387,33.880,105.086
154.901,113.416,33.684,105.030
154.877,110.922,33.461,104.997
154.870,110.236,33.227,104.996
155.299,110.528,33.081,104.643
154.671,117.770,33.017,104.822
154.786,116.380,32.997,104.912
154.670,116.041,32.897,104.885
154.829,114.946,32.938,104.932
154.340,114.296,33.012,104.843
154.589,114.073,32.962,104.855
154.321,114.345,32.796,104.985
154.440,112.405,32.637,105.061
154.908,109.433,32.495,104.944
155.439,105.520,32.485,104.516
156.486,105.585,32.460,103.682
157.158,103.718,32.335,103.196
157.480,100.439,32.177,102.737
156.920,91.880,32.042,102.215
156.600,90.955,32.070,101.795
156.549,89.041,32.110,101.443
156.360,89.860,31.905,101.489
155.747,89.731,31.646,101.964
155.614,83.983,31.505,102.143
155.578,64.636,31.412,102.032
163.274,63.762,31.851,100.926
163.000,62.688,32.321,99.860
162.723,60.882,32.582,99.413
163.364,59.554,32.432,99.837
170.978,58.159,33.189,99.398
168.037,44.167,39.769,91.941
166.889,42.345,43.321,87.939
155.181,36.853,46.932,83.693
152.439,32.952,51.045,79.055
149.168,36.008,53.963,75.778
146.867,38.102,58.173,71.685
142.734,42.297,65.206,65.477
141.417,46.054,69.838,61.452
139.498,48.952,73.581,58.329
138.530,52.202,78.557,54.314
134.171,62.088,82.069,51.476
134.296,62.946,85.984,49.003
133.487,64.262,88.874,47.124
131.883,65.191,90.174,45.939
129.720,66.713,93.142,43.731
128.846,66.567,93.168,43.659
130.361,55.816,89.134,47.692
130.467,58.527,88.458,48.365
120.835,67.240,89.201,47.760
113.135,75.662,89.299,47.385
124.475,75.953,90.837,46.160
134.763,72.643,83.914,53.252
136.187,73.466,79.232,58.007
137.199,72.841,76.124,61.119
134.989,72.714,78.098,59.614
144.067,63.211,79.322,58.545
155.966,55.345,81.841,56.553
168.741,48.404,84.429,54.482
166.049,50.089,87.358,51.979
167.010,52.270,89.964,49.997
167.315,54.622,91.231,48.882
166.474,55.324,91.543,48.524
165.949,56.365,92.098,48.179
163.481,56.311,92.501,47.959
162.263,56.691,92.740,47.817
161.240,48.504,93.106,47.554
146.401,47.716,85.173,54.941
149.352,46.858,78.028,61.932
150.808,46.868,73.617,66.455
151.553,44.708,70.172,69.871
153.546,43.533,66.492,73.165
141.156,46.842,73.001,67.380
142.954,50.162,79.176,61.676
143.680,52.371,82.872,58.401
137.407,53.067,85.619,56.081
140.987,55.001,88.271,53.801
141.080,55.598,89.726,52.260
136.475,55.963,90.226,51.543
138.159,43.784,83.665,58.128
142.279,38.660,76.996,65.108
152.930,38.393,72.578,69.790
154.087,37.677,69.800,72.788
145.966,37.841,66.800,76.049
147.906,34.400,62.863,80.880
148.664,33.350,60.991,82.922
148.174,32.555,59.632,84.385
165.034,40.192,60.782,83.145
169.663,49.659,62.476,81.470
167.219,48.970,63.748,80.162
164.855,59.388,67.566,76.531
161.164,60.999,72.364,72.229
144.530,53.731,77.651,67.076
137.095,55.448,81.146,63.362
154.575,63.742,79.988,64.005
158.641,64.108,78.641,65.062
147.710,62.022,77.009,66.247
146.555,60.116,76.058,66.919
152.420,60.726,75.274,67.458
163.307,59.715,70.841,72.379
163.003,59.332,68.477,75.168
164.141,78.840,63.891,81.040
158.121,75.267,58.246,88.387
168.619,74.851,55.634,91.835
168.689,72.323,54.321,93.535
170.418,73.480,52.168,95.895
170.796,72.219,51.763,96.267
149.228,60.148,61.893,85.865
138.377,65.176,71.831,76.924
135.735,70.139,78.772,70.588
131.352,72.947,82.673,67.463
128.857,73.665,83.808,66.519
147.917,81.893,83.112,67.006
148.959,79.435,81.452,68.445
151.648,65.386,75.244,75.052
153.497,62.535,72.296,78.128
156.791,56.421,68.180,82.814
157.638,53.992,66.074,84.991
148.556,52.120,64.722,86.380
149.177,50.010,63.685,87.398
150.750,29.008,61.075,90.639
152.658,17.699,58.403,94.337
153.787,14.473,56.258,97.163
155.291,12.597,54.204,100.014
146.846,9.069,52.657,102.341
148.144,2.096,51.193,104.098
149.276,1.637,49.511,105.758
149.326,-3.740,48.926,106.106
149.198,-3.282,48.737,105.727
149.081,-4.157,48.792,104.897
149.242,-7.851,48.753,104.412
149.465,-12.727,50.790,102.031
149.884,-12.380,51.869,100.747
151.524,-18.248,52.724,99.726
151.974,-17.381,53.082,99.292
153.399,-15.784,53.385,98.935
154.966,-18.271,53.520,98.786
156.868,-20.876,53.819,98.503
157.554,-23.665,54.176,98.167
156.269,-26.784,54.387,97.968
154.893,-28.239,54.529,97.838
152.095,-27.906,54.550,97.819
148.725,-28.044,54.748,97.637
144.015,-29.421,55.068,97.336
147.027,-30.408,55.144,97.267
146.641,-29.980,55.241,97.180
149.295,-29.823,55.560,96.899
147.160,-29.748,55.749,96.742
146.422,-30.397,56.156,96.399
145.605,-31.672,56.389,96.200
143.830,-32.654,56.582,96.031
143.899,-33.258,56.650,95.971
145.010,-35.331,56.694,95.932
145.191,-36.661,56.765,95.871
145.695,-36.627,56.854,95.794
146.311,-36.339,56.938,95.722
146.466,-36.420,57.021,95.652
