74.000,86.000,56.000,48.000
75.955,86.458,55.028,48.756
76.118,86.649,53.754,49.584
76.875,85.533,53.128,49.457
77.545,85.098,52.764,48.887
76.662,85.253,52.440,48.358
76.299,85.525,52.584,47.911
76.565,85.059,52.255,47.891
77.974,83.748,52.229,47.903
77.654,84.497,52.057,47.794
77.058,86.131,52.152,47.200
68.781,93.873,52.425,47.093
67.297,96.023,53.183,46.577
66.215,97.016,53.514,46.740
66.203,97.323,53.003,47.657
65.971,96.951,52.336,48.709
62.871,94.303,51.118,50.262
63.095,92.761,50.074,51.060
61.327,91.004,49.442,51.590
61.939,90.141,49.060,51.968
59.931,88.385,48.908,52.336
59.307,89.416,49.342,51.981
57.997,90.849,50.066,51.306
57.339,91.592,50.390,50.786
57.016,92.508,50.523,50.599
56.953,92.823,50.381,50.413
58.035,92.230,49.890,50.115
58.770,92.208,49.411,49.459
60.384,92.038,48.896,48.988
61.122,91.139,48.531,48.729
62.548,90.362,48.192,48.581
63.211,89.519,48.015,48.458
63.075,89.725,48.051,47.827
64.215,91.164,48.651,46.779
63.126,94.371,49.120,45.429
61.299,96.940,49.496,44.660
60.170,100.031,49.343,44.145
61.493,102.473,48.744,44.147
62.311,104.182,47.900,44.458
63.614,105.103,46.590,44.987
64.022,104.358,45.352,45.844
65.974,101.745,43.920,46.717
66.632,100.446,43.225,46.653
68.058,99.593,42.472,46.749
68.325,99.857,41.900,46.866
69.293,101.005,41.550,46.485
69.735,102.146,41.970,46.165
70.574,102.392,42.376,45.507
71.210,102.110,42.674,44.943
71.758,102.117,42.978,44.243
71.961,102.696,43.136,43.334
73.922,104.963,43.020,42.315
78.335,103.612,42.644,41.775
79.915,104.483,42.008,41.345
82.431,104.492,41.627,41.305
82.741,104.747,41.037,41.280
84.370,105.212,40.163,41.433
88.593,103.839,39.165,41.840
92.900,106.147,39.155,40.890
93.818,106.894,38.669,40.424
95.500,106.713,38.271,40.301
97.951,107.605,38.241,39.670
99.695,109.333,37.985,39.308
102.014,110.699,37.466,39.163
104.635,110.908,37.120,39.139
106.641,111.232,36.656,39.221
108.924,110.964,36.133,39.391
110.299,109.782,35.851,39.256
112.140,109.183,35.166,39.439
114.401,110.389,34.798,39.234
115.816,110.974,34.667,38.882
117.876,112.295,34.499,38.578
121.534,112.597,34.271,38.871
121.744,112.921,34.143,38.782
122.789,112.045,33.873,38.856
128.532,111.058,32.003,40.800
134.107,111.712,30.714,41.876
138.833,111.319,29.871,42.315
140.440,111.571,28.922,42.690
145.083,110.830,28.404,42.850
145.764,110.165,27.859,42.727
149.771,110.044,27.744,42.505
150.570,110.298,27.683,42.295
156.181,109.317,28.700,41.467
157.647,108.882,29.436,41.004
159.445,111.750,30.574,40.211
160.229,110.698,31.577,39.551
162.372,109.622,32.141,39.340
166.953,109.257,32.336,39.335
167.798,112.433,32.631,39.225
169.536,112.217,32.980,39.040
171.276,112.919,33.684,38.488
173.052,111.790,33.925,38.406
178.563,109.553,34.295,38.446
180.808,107.464,34.039,38.859
186.776,105.373,34.239,38.901
191.823,104.537,34.882,38.736
193.636,103.693,35.311,38.775
199.678,103.209,35.447,38.910
206.191,103.161,35.570,39.009
207.621,102.604,35.662,39.232
208.016,101.498,36.016,39.325
209.070,99.685,35.855,39.772
210.325,98.974,36.090,39.877
211.131,98.730,36.284,40.240
211.555,102.395,36.206,40.917
211.342,102.113,36.161,41.041
212.221,101.483,35.954,41.273
213.066,101.185,35.872,41.295
218.401,101.433,36.305,41.173
214.485,99.581,34.717,42.704
220.781,104.345,34.952,42.609
226.223,104.356,35.320,42.249
227.497,104.274,35.348,42.243
228.946,104.276,35.468,41.972
233.307,104.314,36.051,41.720
234.056,105.443,36.430,41.465
234.948,106.008,36.853,40.997
236.911,105.435,36.976,40.926
242.682,106.896,37.355,40.482
248.210,107.995,37.907,40.056
249.695,108.344,38.599,39.660
250.261,108.961,38.977,39.291
251.367,109.743,39.052,39.128
256.612,110.565,39.098,38.740
257.915,110.097,38.805,38.867
260.497,108.615,38.918,38.730
