160.000,83.000,56.000,65.000
172.143,79.528,54.973,66.348
178.957,76.781,54.515,67.263
175.832,74.987,55.084,68.098
183.337,75.767,55.808,69.353
188.384,75.116,57.304,70.205
189.196,71.551,59.274,69.270
172.766,45.041,60.890,68.123
164.343,41.203,61.624,66.755
157.678,50.246,61.363,67.342
150.265,61.692,61.602,68.035
146.373,67.569,62.023,68.542
142.980,73.039,62.357,69.143
142.478,77.701,62.983,69.645
141.368,87.158,63.822,69.192
145.456,90.775,65.472,69.328
156.651,91.223,67.409,69.776
184.043,89.290,69.113,70.156
188.397,90.775,69.412,72.181
188.160,89.003,69.987,72.843
184.298,87.496,69.514,73.963
179.905,86.432,69.007,75.385
170.242,82.735,69.790,75.543
161.557,81.450,70.270,76.466
132.573,83.595,71.360,76.602
138.704,87.890,71.510,76.065
160.155,83.052,70.610,76.363
188.972,77.692,70.125,76.145
193.150,75.268,69.174,76.557
203.317,87.294,69.763,76.744
200.767,88.359,72.653,76.425
202.729,89.401,73.126,78.145
203.938,83.885,73.068,79.934
213.033,78.686,74.650,80.425
219.592,72.262,76.435,81.008
222.117,71.343,76.904,81.804
215.513,80.943,76.429,83.142
221.526,82.762,75.496,84.492
219.438,87.158,76.110,85.606
214.597,87.090,77.439,85.557
186.221,53.730,77.219,86.178
132.376,35.867,80.002,83.973
102.500,43.698,81.538,83.213
41.863,39.027,83.393,81.875
11.570,45.720,85.200,81.685
9.284,134.890,84.429,83.560
69.254,90.783,84.175,83.316
92.157,58.248,79.160,88.921
117.690,49.164,78.582,89.054
143.238,62.087,78.554,88.752
154.889,65.259,79.490,87.811
175.901,40.768,79.650,87.006
193.636,54.526,79.885,86.369
190.782,65.977,79.871,85.802
189.702,69.444,78.574,84.587
192.184,70.348,75.859,84.432
213.119,60.860,74.997,83.625
230.447,55.442,74.604,84.245
239.003,58.776,74.039,83.353
242.330,65.730,73.638,83.352
236.563,64.669,73.885,83.483
192.510,78.342,74.407,84.479
184.074,95.626,73.606,85.826
170.949,128.438,74.177,86.490
164.524,143.801,74.610,87.646
161.500,126.083,75.362,87.824
151.313,109.280,75.202,88.210
135.959,83.375,74.754,88.923
118.084,60.266,75.307,88.740
110.706,50.049,76.880,87.643
128.817,57.663,77.281,87.445
144.628,62.894,77.598,88.217
145.659,69.148,75.625,90.520
148.330,59.505,74.322,91.803
151.852,45.242,73.905,92.815
159.406,45.089,74.753,91.953
183.343,59.139,75.644,91.484
182.594,71.543,76.270,91.761
186.652,72.761,77.061,91.813
123.741,162.857,79.008,92.352
124.043,165.691,83.839,92.570
112.564,188.209,86.963,91.970
97.281,188.286,89.744,93.810
89.829,167.958,89.121,94.862
96.193,149.106,88.203,95.594
112.435,144.314,86.309,97.098
153.105,141.902,84.882,98.354
166.141,134.314,84.541,98.371
188.916,119.699,84.125,98.347
176.064,91.968,85.500,97.564
157.713,63.357,86.828,97.311
124.102,47.117,88.495,96.553
113.649,46.421,89.048,95.890
103.023,35.634,90.825,94.132
107.784,39.367,89.945,92.986
110.010,50.450,86.651,93.321
114.414,66.958,84.232,93.477
118.929,76.880,82.147,93.014
133.846,65.246,82.338,92.864
150.789,53.757,78.402,95.775
163.370,41.667,80.360,93.200
172.781,45.115,79.011,93.667
170.787,45.044,78.170,93.246
163.977,49.557,75.870,94.230
159.928,60.497,74.629,94.595
157.207,62.853,73.719,94.291
154.997,74.304,73.939,93.073
152.915,77.667,73.974,92.332
156.087,79.576,73.786,91.848
168.006,74.013,73.130,92.637
186.404,72.952,74.570,92.071
222.548,70.289,73.716,91.941
235.628,71.124,74.246,90.583
