123.000,87.000,132.000,176.000
121.746,84.764,133.227,176.447
123.778,83.866,133.778,177.181
122.924,83.306,133.923,178.243
122.929,83.221,134.149,178.881
121.802,82.720,134.440,179.373
124.155,82.617,134.892,179.799
125.474,83.117,135.886,180.112
127.224,83.389,137.010,180.172
127.633,83.666,138.126,180.182
129.576,82.599,139.070,180.796
130.446,82.772,139.794,181.033
132.295,81.805,140.269,181.412
133.371,81.277,140.655,182.183
135.193,80.988,141.048,182.668
135.847,80.532,141.396,183.014
135.973,80.450,141.342,183.433
136.987,81.261,141.391,183.541
140.369,81.216,141.583,183.417
138.864,79.885,141.258,183.781
138.601,80.362,141.264,183.728
139.125,80.105,141.489,183.436
137.375,79.737,141.157,183.432
136.075,79.606,140.916,183.479
132.773,78.899,140.343,183.892
131.044,78.098,139.486,184.190
129.290,79.710,139.158,184.054
127.171,78.777,138.932,183.735
128.445,78.576,139.636,183.243
124.572,78.648,139.748,183.195
126.257,78.518,140.046,183.101
123.457,78.835,140.005,183.300
125.434,78.703,140.490,182.822
125.566,79.424,140.517,182.846
126.261,79.484,140.296,182.950
126.898,79.807,140.301,183.319
127.801,79.330,140.202,183.301
128.518,80.507,139.946,183.418
128.973,80.523,139.966,183.624
128.924,80.839,139.992,183.637
129.889,81.568,140.195,183.766
131.657,80.961,140.530,183.836
131.195,81.224,140.655,184.109
131.064,80.873,140.463,184.830
129.258,81.575,141.391,184.698
129.142,81.906,141.973,184.984
129.524,82.223,142.225,185.820
131.368,81.715,141.940,186.807
131.767,80.955,142.116,187.703
133.996,82.216,142.310,188.149
132.179,79.526,142.771,188.605
134.330,81.031,142.930,188.679
135.397,79.967,142.703,188.963
136.449,78.603,142.628,189.031
136.106,78.838,142.942,189.122
138.050,79.143,143.051,189.045
136.844,79.249,143.197,189.301
138.480,78.215,143.182,189.170
137.076,79.103,143.296,189.464
138.332,78.477,143.325,189.445
136.349,78.833,143.901,189.627
136.809,78.135,143.566,190.120
136.114,78.233,143.773,190.682
134.035,77.240,143.963,191.292
133.708,77.612,143.987,191.453
132.956,78.222,144.377,191.778
131.984,76.689,144.280,192.284
132.131,76.680,144.386,192.354
131.126,76.360,144.281,192.624
131.985,75.878,144.221,192.717
130.916,75.333,144.231,192.705
132.202,76.318,144.019,192.365
133.393,75.977,143.970,191.854
131.078,74.934,143.728,192.012
132.139,76.286,143.793,191.729
132.977,75.122,143.495,191.629
132.721,75.303,144.633,191.007
133.994,75.916,145.530,190.618
134.052,75.737,145.746,190.498
133.872,74.915,146.394,190.053
134.068,75.886,146.961,190.231
133.748,75.732,147.622,190.284
134.677,77.388,147.995,190.422
134.277,77.558,148.249,190.640
136.244,78.903,148.422,190.849
135.899,79.309,148.535,191.244
136.453,79.037,148.346,191.422
137.792,80.096,148.279,191.831
137.895,80.075,148.572,191.719
138.569,80.379,148.517,191.886
138.742,80.119,148.753,191.799
139.531,81.690,149.020,191.742
139.546,80.661,148.950,191.513
140.263,82.035,149.309,191.229
140.832,81.544,149.172,190.990
141.241,81.290,149.022,190.901
142.235,81.809,148.786,190.765
143.490,82.248,148.234,190.802
143.918,82.525,148.345,190.598
143.476,82.170,148.603,191.011
143.043,81.993,148.676,191.371
142.150,81.918,148.536,192.064
142.967,81.180,148.326,192.122
142.432,81.061,148.284,192.235
142.171,81.013,148.034,192.389
142.851,80.489,147.847,192.411
141.881,79.852,147.491,192.547
142.883,79.716,146.699,192.508
144.234,79.178,146.430,192.314
145.027,79.287,146.228,192.292
146.607,79.742,145.625,192.188
148.178,78.684,145.283,191.851
151.258,78.843,144.545,191.925
154.519,76.401,143.811,190.754
156.753,78.154,143.437,189.104
158.991,76.394,143.131,187.667
161.715,75.481,142.926,186.628
163.697,76.411,142.665,185.617
165.530,76.018,142.128,185.280
170.812,75.665,141.711,184.739
174.134,75.595,141.130,184.640
179.445,75.107,140.789,184.835
182.643,73.511,140.861,184.499
185.376,72.940,140.750,184.346
191.408,71.664,140.230,184.637
194.189,70.011,139.967,184.577
199.438,70.510,139.913,184.418
202.728,67.713,139.357,184.109
207.323,67.078,139.269,183.859
212.455,66.480,139.609,183.636
217.630,63.538,139.762,183.112
219.783,60.969,139.875,183.388
224.231,61.987,140.283,183.273
228.318,60.126,140.096,183.421
232.039,61.188,139.436,183.465
237.578,59.233,139.001,183.224
238.928,59.625,137.638,184.091
245.082,59.773,136.937,183.693
250.590,61.498,136.807,183.257
254.294,61.471,137.528,182.778
256.168,64.272,137.879,182.374
260.542,65.853,138.464,182.086
264.683,64.599,139.245,181.542
265.926,65.369,139.085,181.174
270.589,65.870,139.762,180.366
276.398,67.364,140.663,179.034
281.097,67.585,140.684,177.790
288.151,69.643,140.036,177.232
296.338,72.367,139.612,176.622
301.164,71.767,138.584,176.399
307.034,72.556,137.567,176.028
314.687,72.821,136.817,175.474
322.250,72.085,135.728,175.178
330.766,74.665,134.532,174.700
339.331,75.132,133.410,175.082
346.320,74.366,132.903,175.698
353.804,75.406,132.488,176.013
361.580,74.048,132.473,175.834
367.919,74.559,132.107,176.751
375.501,71.640,131.998,177.448
378.955,70.044,131.699,177.858
385.928,70.182,132.017,178.141
393.061,70.973,131.933,178.575
395.072,68.655,131.531,179.708
401.392,68.226,131.213,180.499
404.757,69.318,130.867,180.546
407.981,68.327,130.697,180.624
410.445,69.280,130.516,180.693
413.327,68.920,130.646,180.525
415.579,68.835,130.684,180.045
417.499,71.146,130.695,180.117
418.275,73.276,130.532,179.902
420.758,74.060,130.486,179.654
422.026,76.378,130.134,179.477
423.752,79.070,130.157,179.029
423.835,80.267,130.094,178.885
424.433,82.047,130.062,178.886
423.192,82.005,130.167,179.046
422.718,82.755,129.996,179.578
421.701,82.443,130.112,179.290
420.177,83.540,130.173,179.264
418.671,83.400,130.497,179.413
416.257,82.692,130.619,179.429
412.542,82.188,130.479,179.259
410.598,83.934,130.375,179.175
409.778,83.990,130.149,179.450
408.413,83.786,130.042,179.877
406.894,82.697,129.724,180.741
406.301,82.943,129.658,181.156
404.253,82.870,129.606,181.490
402.530,82.190,129.143,182.122
401.964,81.712,128.971,182.617
400.104,82.273,129.645,182.294
398.105,83.071,129.863,182.133
397.041,82.614,130.167,181.781
395.367,82.307,129.948,181.765
396.356,83.719,129.967,181.920
396.068,83.796,129.760,182.378
394.529,84.075,129.340,182.885
394.842,85.760,129.620,182.590
393.546,87.664,129.528,182.420
393.111,89.658,129.738,182.191
389.351,90.698,129.825,182.444
384.939,93.217,130.230,180.742
380.481,95.400,131.730,177.033
375.494,103.786,133.570,173.423
370.539,106.939,135.771,171.068
368.379,111.345,138.001,169.216
364.859,113.486,138.882,168.602
362.773,116.230,139.251,168.640
361.679,119.811,139.268,169.099
364.327,125.394,138.591,169.703
363.024,128.346,137.696,171.660
360.045,132.001,137.817,172.747
359.620,134.469,138.686,172.732
355.457,136.486,140.276,172.396
352.530,138.235,142.368,171.918
350.742,140.397,143.314,171.988
354.374,141.502,142.487,172.723
351.205,142.018,141.882,173.029
351.919,143.996,142.185,172.746
351.765,145.122,142.227,172.694
351.085,147.551,141.379,173.065
353.184,148.747,140.685,173.253
351.947,150.051,139.556,173.241
351.878,153.762,139.218,172.935
354.765,156.632,138.515,172.899
356.010,158.608,138.166,172.838
355.051,160.595,136.930,173.432
357.711,162.262,136.290,173.012
356.568,163.774,135.013,173.314
357.749,166.102,134.946,173.173
358.321,166.817,134.018,173.589
358.063,167.336,133.638,173.722
358.102,167.862,133.401,173.786
357.321,168.492,133.123,173.763
358.702,168.426,132.747,173.776
357.903,167.965,132.256,173.881
356.943,169.534,131.597,173.943
357.766,168.224,131.942,173.708
355.670,169.463,131.639,173.856
355.932,169.787,131.717,173.889
354.024,167.680,130.925,174.519
353.745,168.329,130.697,174.521
351.095,166.371,130.276,174.815
351.014,166.146,130.766,174.581
351.242,163.729,130.944,174.517
348.322,162.892,130.501,174.857
349.053,159.888,131.564,174.097
346.077,159.129,131.263,174.481
346.654,158.261,131.854,174.319
345.804,156.733,132.496,174.022
344.431,156.195,132.883,174.252
344.346,154.675,133.554,174.192
341.937,153.726,133.888,174.448
339.110,152.132,133.892,174.942
338.994,152.287,134.512,174.809
335.934,150.007,135.053,175.182
332.671,150.272,135.452,175.267
330.471,151.282,136.173,174.961
327.992,150.237,137.290,174.859
323.635,149.767,137.002,175.587
319.965,152.252,137.606,175.749
315.405,151.487,137.986,176.320
311.729,151.942,138.958,176.865
306.050,153.882,139.916,177.025
301.521,154.337,140.815,177.693
297.522,155.971,142.325,177.527
293.833,157.658,143.451,177.584
290.401,158.956,144.305,178.107
285.828,158.830,144.614,179.220
282.932,158.202,145.436,180.319
279.104,158.321,146.590,181.082
273.958,158.095,146.846,182.602
270.315,155.200,146.931,184.196
266.225,154.101,147.262,185.066
261.088,150.980,147.629,186.172
255.458,149.195,148.284,186.975
248.473,147.941,148.723,188.095
246.177,145.455,149.355,188.752
241.068,145.908,149.890,189.727
235.438,142.141,150.066,190.566
233.062,139.405,150.268,191.401
228.739,137.818,150.834,191.894
224.945,135.358,151.030,192.787
221.817,132.002,151.241,194.058
218.467,128.892,151.307,195.258
215.768,125.694,151.730,196.627
211.095,123.911,152.087,198.627
210.541,121.209,152.880,200.109
207.607,117.031,154.159,201.305
201.825,115.225,154.861,202.562
201.590,114.083,156.102,204.018
199.358,110.372,156.847,205.621
196.360,108.287,156.805,207.306
194.889,105.327,157.729,208.293
194.009,104.299,158.214,209.639
191.431,103.103,158.724,211.056
189.103,102.090,158.905,212.384
186.460,102.156,159.191,213.487
182.957,99.460,159.370,214.364
183.413,99.727,160.647,214.718
181.926,100.118,160.792,215.449
180.567,98.323,161.471,216.071
177.371,97.641,161.313,216.228
175.858,97.218,161.239,216.353
174.333,95.412,161.433,216.018
172.453,94.657,161.480,216.214
170.047,92.479,161.582,215.963
167.407,92.465,161.794,215.331
163.109,91.965,160.669,215.279
162.398,92.828,160.757,215.383
160.551,90.525,160.533,215.204
156.267,91.085,159.421,215.386
156.921,89.299,159.315,214.728
155.375,89.909,158.958,214.458
154.095,89.795,158.596,214.373
152.676,86.814,158.444,214.594
150.216,86.087,157.626,214.876
148.971,86.766,157.050,215.167
147.640,82.610,156.839,215.135
144.462,83.101,157.011,214.602
143.843,81.857,156.454,214.420
146.369,80.198,156.271,214.683
144.366,80.837,156.454,214.682
145.037,79.604,156.195,214.555
143.642,78.424,156.088,214.231
144.088,75.291,155.263,214.111
143.687,73.027,154.268,214.061
142.516,71.535,153.802,213.956
142.659,69.908,153.156,212.969
143.443,72.201,152.203,212.823
142.341,70.383,151.555,212.003
142.714,72.735,150.621,212.205
142.303,73.388,149.580,211.759
141.797,74.654,148.389,211.688
142.030,76.244,147.612,211.900
142.372,76.872,147.172,211.716
142.572,77.542,146.493,211.890
142.266,78.096,145.820,211.930
142.943,77.566,145.061,212.327
144.249,77.192,145.050,211.821
144.794,78.029,144.994,211.008
146.566,77.191,144.983,210.134
147.642,78.362,144.748,208.637
146.272,76.867,145.895,206.338
146.602,76.541,146.891,204.548
147.477,79.076,147.863,202.849
149.759,81.413,148.891,201.780
151.852,82.018,149.336,200.944
154.240,83.571,149.764,200.234
155.151,85.827,150.126,199.808
158.343,88.325,150.362,199.871
160.019,88.305,151.192,199.483
160.322,88.163,151.817,199.178
162.073,88.541,152.130,199.459
164.890,89.819,152.175,199.696
165.744,88.990,151.524,200.396
166.825,88.191,151.097,200.935
164.716,88.356,151.107,200.735
162.079,90.756,151.931,199.845
163.922,90.014,152.250,199.390
162.702,91.258,152.645,198.460
163.178,93.091,154.013,197.403
161.913,90.607,155.028,196.599
161.777,87.483,155.373,196.531
160.675,88.281,155.113,197.306
163.590,86.484,153.324,199.104
164.292,81.298,152.246,200.030
164.598,83.088,151.683,200.572
164.768,83.620,151.050,200.930
163.018,81.734,150.134,201.810
163.869,80.943,149.434,201.509
163.973,80.915,148.776,201.181
164.559,80.072,147.897,200.527
166.823,78.999,147.326,199.717
166.969,77.801,146.067,199.476
167.196,77.789,145.291,198.694
169.307,77.777,144.841,198.029
170.036,78.030,144.001,198.015
172.652,77.567,142.664,198.822
174.373,76.173,141.903,198.785
175.898,76.517,140.830,198.226
178.588,78.567,140.722,197.692
179.386,81.748,140.993,197.353
181.543,81.908,141.249,197.504
182.442,83.812,141.372,197.726
184.473,90.169,141.349,197.563
185.764,90.357,141.215,197.214
184.571,87.204,141.058,197.222
185.800,91.482,140.759,196.842
185.413,87.626,140.938,196.886
185.926,87.928,141.043,197.181
186.610,88.250,141.026,197.457
187.112,88.401,140.981,197.765
187.334,89.707,141.164,197.599
187.949,91.432,141.000,197.577
187.895,92.447,140.848,197.798
187.950,91.324,140.583,197.934
188.338,91.691,140.594,197.961
187.067,92.139,140.440,197.982
187.179,91.371,140.277,197.976
186.009,91.434,140.202,197.739
188.961,92.096,139.989,198.006
186.759,91.583,139.804,198.232
187.500,91.269,139.377,198.521
188.357,91.620,139.218,198.353
187.865,91.740,139.152,198.355
188.751,91.591,139.106,198.074
188.209,91.520,139.234,198.093
190.143,90.202,139.301,197.900
187.933,90.896,139.420,197.814
190.091,90.678,139.382,197.796
188.610,89.755,138.999,197.925
190.633,89.527,139.043,197.928
189.234,91.231,139.103,197.874
190.539,88.773,138.859,197.932
190.167,89.243,138.845,198.014
191.214,89.060,138.955,198.249
191.102,89.295,138.783,198.476
190.959,88.534,138.471,198.834
191.000,89.224,138.377,198.760
191.790,89.347,138.235,198.954
191.017,88.084,137.960,198.910
193.020,96.315,137.583,198.146
190.012,91.069,137.536,198.029
192.002,88.954,137.275,198.255
189.632,89.884,137.212,198.096
190.612,90.056,137.186,197.987
190.840,90.465,137.405,198.150
191.034,91.521,137.583,198.078
192.082,92.072,137.367,198.302
191.385,92.208,137.120,198.205
191.408,92.922,136.989,198.444
191.616,93.379,136.835,198.734
194.984,101.451,136.669,198.164
192.948,102.023,136.360,198.722
196.060,102.240,135.992,198.866
193.498,102.258,135.745,198.907
195.961,102.782,135.513,198.879
193.733,103.076,135.415,199.031
196.919,102.810,135.176,199.113
194.252,103.877,135.145,199.371
196.196,103.435,135.002,199.423
194.011,103.707,135.410,199.134
197.004,103.025,135.365,198.865
191.886,104.251,135.140,199.156
198.037,104.181,134.908,198.767
193.142,103.685,134.950,198.807
198.670,104.362,134.612,198.349
194.065,104.134,134.453,198.320
198.266,105.153,134.218,197.911
196.101,104.695,134.177,197.947
197.438,103.929,134.112,197.417
196.878,105.999,133.586,197.465
197.469,105.003,133.385,197.194
198.393,106.427,133.119,197.326
196.955,105.637,132.997,197.291
198.441,106.098,132.837,196.897
197.039,105.037,132.705,196.857
198.880,107.544,132.661,196.746
196.988,105.709,132.531,197.278
198.745,106.344,132.313,196.555
197.818,100.490,132.653,197.119
197.723,98.654,132.561,197.986
197.913,99.168,133.256,198.174
198.219,99.964,133.840,198.260
198.246,99.951,134.260,198.165
198.345,99.624,134.547,198.267
198.893,99.895,135.145,198.351
197.934,99.464,135.185,199.016
198.830,99.685,135.742,199.307
198.868,99.408,135.927,199.859
200.104,99.420,136.408,200.361
199.867,99.055,136.580,200.664
202.547,100.030,137.015,201.208
201.153,99.004,136.993,201.673
204.437,100.596,137.575,201.906
202.442,100.399,137.729,202.040
202.201,98.926,137.680,202.337
203.529,99.458,138.233,202.156
203.143,100.211,138.385,202.067
204.629,99.066,138.489,202.161
206.672,99.432,138.894,202.609
205.729,99.023,139.158,202.961
209.746,99.295,138.928,203.678
209.880,98.336,138.838,203.462
213.001,99.767,138.629,204.096
214.283,100.120,139.063,203.716
217.435,100.846,139.055,204.266
220.242,101.465,139.104,204.116
222.604,101.259,139.187,203.989
225.417,102.107,139.203,203.782
227.334,101.517,139.183,203.668
229.825,101.030,139.055,203.276
232.184,100.714,139.169,203.235
233.814,101.483,139.382,203.872
235.809,101.391,139.315,203.737
237.235,101.186,139.491,203.827
238.947,101.953,139.562,203.614
238.847,102.723,139.542,204.136
242.577,103.162,139.440,204.363
241.894,101.986,139.160,204.650
245.147,102.650,139.019,204.832
246.648,102.129,139.103,204.690
247.606,102.931,139.248,204.919
250.765,102.308,139.027,204.891
250.750,101.514,139.042,205.522
254.465,102.684,139.341,205.402
253.153,100.952,139.052,205.455
256.609,101.569,138.850,205.512
257.746,101.036,139.049,205.341
260.091,99.169,139.204,204.712
261.082,98.106,139.397,204.732
264.387,98.118,139.438,204.733
265.569,99.474,139.648,204.922
265.359,96.606,139.671,204.815
270.053,96.287,139.590,204.564
269.153,96.128,139.969,204.898
273.131,96.895,139.941,205.133
274.133,94.804,140.062,205.298
275.536,94.508,140.240,205.137
277.200,95.362,140.471,205.116
278.538,94.172,140.777,204.659
282.158,92.555,140.960,204.368
284.031,92.132,141.023,204.457
285.737,90.214,141.019,204.287
290.183,89.141,140.955,204.244
291.648,90.162,141.128,204.586
293.760,86.880,141.050,204.473
296.506,85.815,141.407,204.598
299.935,85.541,141.626,204.754
301.608,83.646,141.697,204.728
304.175,83.058,141.931,205.199
307.666,82.026,142.286,205.713
311.459,86.538,142.036,205.351
313.561,85.681,141.857,205.647
315.762,85.718,141.646,205.713
316.107,83.805,141.747,205.889
316.937,84.143,142.449,206.554
317.879,83.433,142.824,206.545
316.228,84.354,143.677,207.336
315.890,83.965,144.921,207.962
313.305,82.892,146.000,208.804
309.999,74.787,147.652,210.319
303.922,81.536,148.948,211.551
304.007,85.062,150.286,212.634
300.202,77.062,151.951,214.632
294.166,84.232,152.866,216.237
293.077,79.280,153.689,218.797
287.199,88.764,154.533,220.169
284.875,81.649,155.115,222.762
280.684,87.981,154.369,225.380
276.441,81.702,154.296,227.691
272.656,82.139,155.295,229.209
271.083,100.234,156.264,228.920
270.601,102.071,157.131,230.564
260.781,105.454,157.925,232.174
262.623,105.641,159.428,232.377
257.672,110.444,160.413,232.966
255.535,111.349,161.522,234.699
252.295,109.896,162.303,236.649
246.314,110.239,163.789,239.229
245.212,104.541,165.049,241.507
240.016,102.573,165.953,243.445
236.582,98.249,166.589,245.104
232.839,94.009,167.456,247.320
232.032,88.821,168.005,247.684
229.993,81.170,167.951,247.872
228.758,70.621,168.283,247.019
236.406,50.933,165.738,249.726
234.988,32.074,162.529,253.218
232.556,15.301,160.869,255.629
228.862,6.614,159.983,255.096
227.821,2.471,159.610,253.450
223.604,0.096,158.576,251.569
223.804,-3.656,157.400,250.160
222.402,-1.512,156.992,247.862
219.299,-5.053,155.658,246.154
216.271,-0.779,154.447,244.197
215.505,-1.279,153.418,241.483
211.948,1.654,152.475,239.006
210.127,4.033,151.948,236.178
211.735,8.783,149.793,234.705
209.350,12.655,148.458,232.325
205.517,13.436,147.766,229.436
206.405,17.837,146.624,226.710
204.967,18.829,145.517,224.059
201.408,21.163,145.073,221.166
203.630,24.356,142.835,219.563
202.677,24.363,142.164,217.413
200.781,27.724,140.483,216.574
201.292,26.270,139.470,215.272
197.398,27.999,138.962,213.505
195.449,29.263,138.835,212.366
193.371,29.808,138.084,211.935
189.606,30.279,138.108,210.671
189.827,28.915,137.352,210.261
186.392,31.530,136.056,209.899
184.117,33.790,135.440,208.778
181.340,35.078,134.835,207.899
180.262,38.299,133.658,206.658
178.288,40.927,132.258,205.945
176.610,45.502,131.633,204.735
175.574,49.430,131.045,204.069
174.727,52.401,130.299,203.054
175.147,54.956,129.646,202.063
175.791,54.818,129.030,201.550
175.270,57.822,128.594,200.783
173.702,58.039,128.801,199.624
175.077,59.939,127.945,199.724
173.309,64.464,127.613,199.023
175.992,69.146,126.707,199.003
172.535,71.696,126.574,198.991
170.291,77.977,126.081,198.964
170.636,80.959,126.028,199.423
168.456,83.408,125.881,199.117
167.610,87.925,125.268,198.569
167.797,91.936,124.742,198.337
165.098,94.010,124.830,198.073
164.335,96.993,124.697,197.614
164.639,99.741,124.314,197.795
164.719,102.002,124.121,198.539
166.359,101.261,123.725,199.046
169.646,103.651,123.203,199.996
172.117,103.893,123.249,199.782
174.480,105.072,123.371,199.865
177.645,106.990,123.784,199.816
178.207,108.517,124.107,199.887
183.670,109.461,123.760,200.263
185.450,110.196,123.874,199.711
187.614,112.957,123.715,199.257
191.844,112.751,123.171,199.148
188.053,113.791,123.582,198.828
188.587,109.554,123.615,198.860
185.777,109.029,123.968,198.801
184.241,108.768,123.964,198.938
184.519,105.177,124.232,199.544
182.046,99.631,124.532,200.109
181.225,95.604,124.858,200.708
179.870,88.327,125.192,201.419
175.570,85.712,125.454,202.827
173.142,81.615,126.252,203.446
171.445,81.764,126.654,203.389
168.506,82.971,127.103,203.135
166.347,83.437,127.582,203.453
164.613,80.261,128.047,203.584
161.527,80.735,128.684,203.096
159.785,82.778,129.004,203.764
160.180,84.172,129.044,204.946
160.262,85.299,129.540,205.583
164.505,88.609,129.799,205.716
166.212,86.602,130.314,206.510
172.925,84.879,130.137,207.231
175.159,85.208,129.622,208.472
182.316,84.238,129.459,209.758
186.860,83.263,128.972,211.213
190.475,82.543,129.410,211.682
188.574,84.932,130.854,210.905
189.869,81.294,131.464,211.808
189.629,80.200,132.163,212.121
189.884,80.276,131.834,213.154
192.589,80.387,131.265,214.269
194.823,81.762,131.177,214.832
198.730,80.042,130.655,215.789
196.022,79.673,130.317,217.441
196.430,74.714,130.705,219.771
194.027,74.024,131.580,220.283
194.379,76.222,131.399,221.848
191.991,75.450,132.083,222.869
194.370,79.268,134.736,222.793
189.122,80.824,136.829,223.337
190.725,81.511,138.252,223.156
188.878,81.245,140.291,222.991
189.157,79.732,141.836,223.183
190.362,78.468,143.528,223.368
198.180,76.645,150.738,218.798
201.582,76.847,158.711,215.426
204.705,76.007,165.369,213.487
205.247,74.621,170.686,212.910
209.166,74.224,175.767,212.839
213.509,71.743,178.926,214.292
215.304,70.847,182.034,215.845
219.742,68.490,184.469,217.444
221.636,65.613,185.544,220.560
222.267,64.227,185.971,223.404
221.796,63.013,185.810,225.645
224.064,61.007,185.691,227.953
222.047,57.317,185.367,231.176
218.011,55.038,185.220,233.384
214.605,53.364,185.855,234.505
209.397,50.035,187.165,234.852
202.319,51.982,189.671,234.103
194.949,52.329,190.805,234.481
188.333,54.292,193.132,233.725
180.112,54.920,193.934,233.981
171.756,60.492,196.490,232.824
165.716,60.460,197.527,233.297
164.390,61.946,199.941,231.923
161.206,60.555,201.948,231.967
162.410,58.475,202.398,233.794
164.507,58.717,203.928,235.125
165.932,60.535,203.862,236.641
167.422,61.663,204.579,237.166
166.394,61.915,205.474,238.009
170.235,63.157,204.651,240.159
176.848,64.135,204.177,241.581
182.110,61.127,203.772,242.751
190.670,62.623,204.639,241.976
199.867,64.029,204.859,241.224
208.753,67.728,204.699,240.128
218.554,72.582,203.733,240.994
225.643,73.041,202.164,241.092
231.331,75.074,201.217,240.632
236.997,75.613,201.820,239.659
242.270,71.180,199.881,242.073
244.925,69.485,197.188,244.994
240.139,68.443,196.319,247.649
246.389,65.886,196.448,248.796
247.835,57.753,195.953,250.733
243.015,51.794,193.415,255.045
243.783,51.931,191.774,254.685
245.380,52.899,189.088,254.755
246.708,54.821,187.075,255.197
258.388,61.995,180.276,260.616
260.158,58.398,179.145,260.116
260.651,68.461,173.255,265.970
259.334,72.378,168.977,268.470
255.393,72.803,164.666,271.394
249.148,72.715,161.086,271.713
241.686,74.251,159.512,270.139
239.325,83.163,160.111,266.498
241.655,83.355,160.169,264.698
236.432,84.952,160.371,264.477
237.329,81.314,158.727,266.359
235.436,80.017,156.950,268.008
241.325,76.814,154.558,268.008
249.142,75.001,151.511,268.567
258.066,75.805,149.194,268.262
265.709,75.862,147.656,267.633
275.297,71.025,145.647,267.593
283.665,68.362,144.311,266.972
292.251,67.876,143.213,266.535
299.086,68.541,143.315,264.789
315.320,92.928,153.561,252.143
318.963,84.767,149.770,254.416
326.077,77.320,146.638,255.861
331.786,76.105,144.405,256.760
339.675,97.776,142.994,255.328
347.180,93.484,141.376,254.045
354.938,89.094,138.938,254.071
360.802,89.068,137.331,254.409
369.073,112.806,136.928,250.226
375.461,110.461,136.795,246.932
381.079,108.949,136.433,245.220
384.451,110.114,135.587,244.201
388.948,111.741,135.200,243.884
393.557,110.329,135.639,241.672
399.632,140.109,142.166,232.284
399.620,143.751,147.233,224.114
401.437,150.084,151.143,218.684
404.996,153.384,153.616,214.168
406.036,157.162,155.337,211.087
408.725,160.852,155.664,208.303
408.471,164.443,155.514,206.430
409.919,166.970,154.362,204.842
414.213,168.454,153.931,202.284
413.161,172.760,154.378,198.708
410.681,174.759,153.425,196.366
407.648,175.763,152.499,194.751
404.850,178.020,151.633,193.279
404.285,181.279,150.844,191.444
403.001,179.634,149.725,190.555
400.537,183.452,149.902,188.458
399.745,181.730,149.529,187.171
400.384,183.127,148.890,185.858
400.004,183.205,148.882,184.456
395.602,182.162,148.544,183.203
396.595,184.371,147.871,182.135
391.364,184.971,147.567,181.356
388.936,183.338,147.770,180.767
388.411,183.890,147.137,180.850
389.125,181.987,146.186,181.109
393.116,180.121,145.937,181.112
377.692,173.074,137.433,186.695
382.693,171.138,131.482,190.075
382.313,167.949,126.929,192.555
385.567,171.353,123.069,193.290
385.829,172.238,120.421,193.300
385.667,171.985,118.068,194.143
384.037,170.761,116.280,194.121
383.707,172.790,115.141,194.098
381.676,170.704,113.577,195.177
379.439,181.981,112.371,193.922
378.529,178.590,110.981,192.772
375.486,177.259,109.601,192.259
372.777,181.198,108.028,191.354
372.210,182.119,106.302,190.949
371.986,180.483,104.657,190.294
370.264,179.045,103.284,188.903
368.387,183.475,102.101,186.631
367.383,182.582,100.959,185.041
366.126,183.443,100.341,183.564
365.663,185.695,99.369,181.866
361.729,186.780,98.988,180.314
365.811,190.247,98.107,177.996
360.108,186.835,99.367,175.962
360.560,187.102,100.036,174.110
361.246,190.644,100.071,171.850
358.595,189.229,100.110,170.685
358.104,189.691,100.825,168.634
357.301,191.174,100.990,167.736
352.342,190.150,101.486,167.060
357.704,188.353,101.180,166.582
353.597,189.016,101.659,165.120
354.318,189.194,101.726,164.128
350.851,191.248,102.252,162.838
356.433,190.302,102.021,162.835
349.788,188.771,102.096,162.515
355.195,189.477,101.556,162.724
350.502,190.856,101.694,162.386
353.189,190.950,101.743,161.831
348.324,191.628,101.946,161.776
353.674,193.631,102.524,161.255
346.081,192.423,102.751,161.168
350.720,194.539,102.579,160.465
346.227,195.413,102.238,160.586
344.839,192.890,102.835,160.527
343.673,193.716,102.762,160.409
340.113,191.317,103.192,160.965
336.706,191.084,103.595,160.551
332.498,188.979,102.481,161.240
326.831,185.835,101.820,161.460
322.866,186.885,102.010,160.751
316.554,184.405,101.156,161.369
311.030,185.352,101.425,161.218
301.331,184.378,101.934,160.600
297.399,185.763,102.659,160.016
290.445,186.137,103.071,159.861
284.847,187.307,103.661,159.434
281.030,188.548,103.778,159.480
277.561,186.849,102.826,160.256
273.716,186.738,103.043,160.336
271.717,186.157,102.893,160.348
268.615,187.243,102.513,160.754
267.083,185.237,102.930,160.477
265.847,181.574,102.778,160.975
267.005,183.863,102.993,161.373
265.178,181.691,102.447,162.773
266.396,181.582,101.920,163.162
263.998,181.402,102.264,163.563
267.307,179.171,101.645,164.615
266.063,175.349,101.524,165.644
265.091,171.839,101.634,166.497
264.218,168.484,101.850,167.225
265.767,164.678,101.401,168.353
261.733,158.764,102.551,169.510
262.153,154.565,103.430,170.459
258.776,149.104,103.631,171.045
257.223,147.422,104.832,171.650
252.225,144.798,105.844,172.609
247.486,141.049,107.385,173.411
244.006,140.257,108.565,174.539
238.909,136.382,109.695,175.316
234.797,133.791,110.395,176.634
229.122,130.400,110.863,177.942
224.809,129.106,111.813,178.606
222.036,127.757,112.648,178.865
217.209,125.956,113.754,179.761
215.706,124.735,115.229,180.767
212.766,122.435,115.511,182.200
209.963,122.915,115.756,183.388
209.868,122.484,115.874,184.397
206.887,122.810,115.759,185.504
205.713,121.965,116.353,186.855
202.223,125.554,117.924,186.833
201.092,122.534,120.355,186.691
197.569,125.503,120.803,187.487
193.888,126.543,123.109,187.324
190.397,128.192,124.696,188.526
184.012,129.406,127.539,188.562
180.026,126.023,131.524,187.303
174.799,122.402,134.068,187.132
171.969,120.892,137.074,186.808
168.938,116.289,139.189,187.799
167.694,113.943,140.688,188.902
166.431,109.034,140.701,190.487
173.508,101.885,140.634,193.296
176.020,96.054,140.932,195.722
182.684,88.052,141.891,197.332
188.697,89.493,138.626,203.163
198.825,87.025,136.099,209.014
208.396,85.840,136.304,212.131
221.091,87.273,137.658,214.134
230.496,86.684,137.690,216.137
236.147,82.872,136.441,218.932
242.699,79.458,135.910,220.912
247.655,71.078,136.348,222.493
253.018,68.824,137.062,224.074
250.135,66.147,137.539,224.089
250.171,69.781,140.170,221.485
246.533,69.715,143.439,219.635
243.306,71.023,144.866,219.504
232.146,70.196,146.590,220.256
231.296,68.136,146.365,223.209
226.114,66.041,147.513,224.889
218.322,66.046,148.620,226.724
212.144,66.175,148.784,229.173
207.703,63.925,148.631,231.937
204.625,63.535,148.629,234.481
203.635,62.744,149.603,236.658
200.593,63.304,152.529,237.731
197.683,60.668,156.947,238.896
194.360,63.335,161.895,240.992
189.341,63.535,167.530,244.114
182.268,60.688,172.292,247.590
183.345,63.499,174.758,252.005
184.312,51.999,179.658,250.161
177.989,53.315,186.163,246.905
178.531,55.211,193.622,243.946
180.040,55.415,200.372,242.711
176.011,52.285,204.576,244.934
174.292,48.211,207.549,247.604
174.807,44.573,208.452,250.660
178.230,44.043,210.113,251.475
180.528,45.203,214.372,251.830
181.886,46.310,219.772,252.458
179.664,45.877,225.533,252.445
174.559,47.788,229.863,253.599
168.687,47.059,229.575,257.402
168.684,50.083,227.914,260.841
168.270,46.463,224.382,263.986
169.805,45.520,219.871,267.772
171.983,41.978,215.611,271.601
176.340,41.712,213.016,273.511
186.168,44.125,209.636,274.003
197.981,45.662,207.604,274.112
203.242,52.111,205.637,275.696
208.705,56.560,205.958,276.969
214.686,66.038,207.828,276.048
222.153,72.890,212.326,272.464
243.980,78.916,214.589,270.534
268.356,87.396,213.874,270.425
297.220,86.098,203.993,278.358
307.747,89.283,204.280,273.633
321.664,94.506,206.586,267.895
334.505,102.705,208.832,261.834
346.505,107.806,207.232,258.636
361.068,111.484,196.574,265.442
375.624,109.098,188.032,270.302
389.958,107.703,181.313,274.007
399.173,105.223,175.932,276.915
404.469,106.525,170.763,280.377
409.610,107.153,167.906,281.861
411.555,107.726,166.584,282.104
410.407,106.634,165.076,281.896
410.448,105.902,164.530,282.361
411.501,100.160,164.026,285.557
410.712,94.378,163.772,287.270
413.185,124.842,164.250,286.709
430.469,156.380,175.900,272.349
421.044,166.736,183.707,262.603
408.322,180.443,180.441,264.276
403.125,182.357,177.495,265.149
401.264,192.800,175.153,265.643
396.075,207.903,173.043,265.938
386.770,202.430,170.017,265.428
379.743,198.226,167.047,266.564
375.582,191.865,164.089,269.932
367.084,214.444,163.535,267.425
359.232,235.413,162.275,261.460
353.208,240.643,161.215,256.223
351.669,247.530,159.548,251.436
346.973,252.325,157.217,246.191
339.845,273.430,164.567,234.763
335.377,277.982,168.429,224.977
331.166,285.793,169.211,217.963
332.277,276.361,160.689,217.220
339.479,273.344,152.338,217.779
341.219,292.505,147.622,212.484
347.991,292.258,142.259,208.493
348.439,294.722,138.375,203.886
356.468,300.251,134.972,198.580
359.044,305.458,131.981,193.020
358.737,315.604,135.917,184.463
366.757,316.978,133.288,179.785
374.282,313.592,130.896,176.121
375.716,307.226,130.638,173.562
380.774,302.747,129.930,173.104
386.138,294.392,129.511,173.879
389.321,288.775,127.557,174.786
393.344,281.460,126.615,175.202
390.968,278.748,124.356,175.226
395.929,271.972,123.111,173.970
395.273,272.953,121.262,172.652
395.941,268.927,118.457,172.153
396.859,266.023,116.390,170.351
398.064,266.245,114.202,168.043
397.956,266.842,112.292,166.052
398.336,265.261,110.478,163.960
398.428,266.670,108.450,161.309
400.028,265.253,106.777,158.997
399.824,266.659,105.704,156.624
401.528,265.988,104.539,154.552
401.618,264.632,103.824,152.518
403.354,264.230,102.870,150.421
403.880,266.559,102.369,148.529
406.394,265.503,101.659,147.404
407.122,264.880,100.938,145.975
406.783,264.417,100.179,144.382
407.076,263.752,99.384,142.878
407.869,263.163,98.594,141.849
407.242,260.558,97.610,141.300
407.200,260.515,95.117,142.451
406.544,258.026,93.220,142.752
405.029,256.708,92.002,142.486
404.360,256.178,91.061,141.892
400.688,254.994,90.678,141.087
396.563,254.886,89.905,140.387
395.329,252.451,90.431,139.389
391.374,251.565,90.124,138.592
387.454,252.289,90.136,137.606
384.848,250.468,90.536,136.883
382.968,249.008,90.706,136.320
377.161,249.345,90.271,136.147
378.440,247.503,90.350,135.043
373.078,246.244,90.064,134.569
373.078,245.440,89.587,134.183
371.954,244.062,89.267,133.761
367.729,242.764,89.129,133.275
369.044,241.450,88.637,132.804
367.269,240.089,88.434,132.527
366.720,238.512,88.051,132.028
367.535,238.790,87.690,131.651
370.130,237.048,87.511,130.948
368.214,237.201,87.454,130.737
371.661,233.880,87.369,130.156
370.699,233.716,87.045,129.637
372.328,233.043,86.803,129.646
374.248,229.854,86.861,129.335
372.346,229.056,86.720,129.203
376.034,228.219,86.648,128.844
373.971,224.745,86.699,129.177
376.007,224.723,86.810,128.802
375.754,220.994,86.838,129.045
375.729,219.320,86.583,129.041
374.715,217.202,86.578,129.320
373.295,213.329,86.578,129.923
371.861,212.615,86.661,129.619
370.437,211.339,86.828,129.286
368.086,209.444,86.754,129.535
366.488,208.463,86.532,129.800
364.503,206.205,86.763,129.729
363.358,204.827,86.840,129.302
361.926,199.187,86.963,129.415
360.146,201.446,86.760,129.047
360.798,200.077,86.350,129.345
358.906,197.804,86.612,129.377
359.312,195.271,86.283,129.793
356.769,195.242,86.226,129.731
357.597,191.460,86.196,129.911
353.794,191.775,86.287,129.668
355.465,188.314,86.263,129.742
351.910,189.258,86.641,129.294
351.200,184.499,87.055,129.146
348.550,185.606,86.929,129.116
348.219,184.144,86.798,128.997
344.995,179.581,86.901,129.193
342.521,182.643,87.267,129.173
340.842,180.824,87.841,129.701
336.769,180.738,88.229,129.941
333.186,178.500,88.697,130.283
328.986,177.994,89.047,130.486
325.035,176.211,89.233,130.586
321.753,175.626,89.528,130.403
318.081,175.015,90.016,130.531
313.907,175.199,90.511,130.786
311.537,176.009,91.034,130.970
307.849,175.924,91.351,130.941
305.224,175.732,91.527,131.210
302.417,174.393,91.837,131.494
299.362,172.801,91.990,131.600
295.457,171.462,92.099,132.019
292.238,170.541,91.919,132.543
290.295,170.167,91.539,133.373
284.142,167.345,91.611,133.998
282.461,165.256,91.667,134.247
277.735,164.140,91.404,135.142
278.125,165.791,91.323,135.995
271.225,162.217,90.936,136.344
269.835,164.880,90.201,136.628
266.488,161.342,90.042,136.996
261.921,161.608,90.438,136.228
258.372,164.207,91.238,135.030
255.161,167.434,92.123,134.184
252.140,165.564,93.216,132.987
246.769,167.265,93.721,132.807
246.582,166.598,94.171,133.623
240.407,165.325,94.812,134.551
241.169,166.121,95.202,135.362
234.698,163.096,95.611,136.128
237.403,162.532,95.868,137.230
231.106,159.387,96.171,137.830
231.659,160.925,96.091,138.710
226.576,157.822,96.690,138.622
223.838,157.399,97.416,138.874
222.158,157.871,98.158,139.246
218.406,157.023,98.693,139.781
217.708,157.442,98.812,140.852
213.632,157.227,99.598,141.465
210.944,157.028,100.450,141.575
210.546,156.765,101.215,141.414
210.315,156.675,101.572,141.921
209.240,157.056,102.495,142.028
218.286,156.154,103.274,141.889
213.004,153.452,102.797,142.092
219.105,156.057,102.050,142.036
221.669,153.351,101.183,142.766
228.685,156.391,100.087,142.180
229.356,157.660,99.610,141.644
233.675,157.659,99.764,140.493
236.332,158.505,99.986,139.854
240.562,158.353,99.784,139.743
244.181,158.394,98.878,139.769
247.562,158.057,97.958,140.314
248.742,157.806,97.802,140.508
248.905,157.682,97.871,140.766
249.051,157.961,97.763,141.123
249.331,157.048,97.945,141.221
249.161,156.333,97.846,141.706
249.072,154.328,98.369,141.835
249.568,155.245,99.570,141.827
246.494,154.319,101.552,141.562
244.379,153.091,102.846,142.054
244.373,151.286,104.879,142.031
241.118,145.319,106.492,142.749
238.410,139.355,107.540,143.934
235.757,132.699,108.588,144.914
231.429,128.489,109.537,146.171
227.736,121.712,110.994,147.530
223.707,114.158,113.044,147.798
219.560,115.867,116.144,146.594
212.505,116.558,118.771,146.299
205.559,117.597,121.227,146.142
200.089,121.900,124.008,145.366
