134.000,55.000,60.000,88.000
132.829,56.840,61.004,87.308
132.768,55.482,61.410,87.305
130.734,57.556,63.347,86.113
129.633,56.650,64.881,85.078
128.947,58.261,65.910,84.707
128.691,56.712,66.957,84.448
127.444,57.916,67.614,84.195
128.340,56.654,68.201,84.535
127.825,57.907,68.720,84.589
126.819,57.182,69.156,84.730
127.204,59.539,69.217,85.326
128.253,59.194,69.431,86.099
131.596,59.328,69.850,86.428
131.757,58.466,69.960,86.660
130.239,57.882,69.913,87.074
128.638,60.137,70.418,86.592
125.666,59.226,70.672,86.211
120.820,59.788,71.417,85.352
109.438,56.500,71.911,85.513
107.298,57.276,72.594,85.578
96.332,58.139,73.847,85.178
92.533,57.544,73.778,85.274
87.371,59.089,74.610,84.942
82.686,64.191,74.988,84.588
80.216,66.856,75.335,84.886
78.555,68.291,75.406,85.079
78.608,73.757,75.456,85.016
79.986,76.250,74.980,85.346
81.415,79.829,74.707,85.019
82.348,82.670,73.907,84.887
83.013,85.456,73.376,84.470
85.631,85.507,73.505,84.019
89.776,85.671,73.986,83.319
99.240,87.141,74.218,82.516
107.684,86.872,75.016,81.402
116.487,86.057,75.301,80.704
121.213,86.957,75.925,79.957
125.851,87.979,75.997,79.412
131.499,90.944,75.909,78.873
136.191,94.554,75.401,78.491
145.028,102.641,75.231,78.057
150.156,102.904,74.760,78.392
149.662,100.542,73.930,79.261
150.749,101.417,73.635,79.387
150.687,100.084,72.960,80.240
151.074,103.470,72.619,80.579
151.800,102.563,72.411,80.940
152.036,102.441,72.558,81.009
152.569,100.804,72.533,81.116
150.902,95.337,72.642,81.406
151.546,92.098,72.550,81.661
152.685,90.082,72.530,82.065
154.762,88.407,72.647,82.146
155.096,86.795,72.232,82.472
154.123,85.875,71.477,83.123
151.187,82.595,71.080,83.802
147.202,80.476,71.076,83.882
134.049,75.389,70.876,84.563
127.151,75.099,71.114,84.556
115.515,74.324,71.802,84.440
112.970,73.555,71.904,85.026
104.231,71.206,72.247,85.280
96.256,70.538,71.597,86.342
90.882,73.330,71.703,86.358
88.643,73.804,71.533,86.211
87.374,74.426,71.594,85.947
88.669,75.951,72.328,84.996
92.074,76.138,72.878,84.218
96.352,75.461,74.086,83.152
103.467,74.263,74.745,82.494
110.077,75.886,75.160,81.627
114.579,77.250,75.790,81.098
117.646,77.295,76.015,80.629
123.173,74.609,76.482,80.354
126.827,73.949,76.190,80.517
132.100,75.013,76.599,79.862
135.341,77.167,76.375,79.400
137.152,78.711,76.229,78.806
138.685,79.170,75.905,78.521
138.853,83.191,75.137,77.884
139.824,87.447,74.626,77.304
141.493,93.012,74.258,76.946
141.178,96.816,73.672,76.661
140.951,98.020,72.445,77.852
136.834,98.406,71.683,78.643
129.859,96.655,70.997,79.957
122.668,98.691,71.449,80.196
117.672,101.178,71.311,80.936
110.085,101.278,70.851,81.457
107.823,99.269,70.930,81.949
105.332,90.603,71.183,82.438
104.690,78.501,71.089,83.379
105.355,74.341,72.158,82.973
105.388,75.509,73.097,82.575
108.835,75.838,74.122,82.403
110.821,75.489,74.958,82.041
115.743,73.004,75.335,82.662
121.179,72.514,76.053,82.793
129.510,72.895,76.210,82.131
135.112,74.130,76.637,81.562
140.332,70.914,77.047,80.913
142.698,70.762,76.868,80.211
142.282,72.114,76.174,80.282
146.658,81.360,75.817,80.187
144.823,81.920,75.905,79.495
140.128,79.824,75.687,79.206
137.935,78.408,75.565,79.006
124.893,76.514,75.595,78.913
118.026,77.418,75.337,78.802
115.848,81.725,75.128,78.462
109.465,84.606,74.367,78.655
107.763,89.999,74.155,77.841
106.978,92.533,73.484,77.701
108.462,95.793,73.349,77.140
113.199,98.180,73.744,76.916
118.446,99.237,73.930,76.898
125.355,99.101,73.755,77.602
131.444,102.590,73.764,77.982
135.788,101.765,73.242,79.101
139.536,102.468,72.933,79.698
140.281,96.091,72.975,79.627
140.894,91.500,72.916,79.277
140.282,86.852,72.825,79.248
140.992,79.777,72.745,79.017
141.056,78.293,73.028,78.407
141.206,73.899,73.426,77.881
142.354,70.663,73.842,77.532
143.613,72.486,74.658,76.578
143.790,69.634,75.111,76.074
141.157,68.268,75.000,75.912
137.704,67.577,74.994,75.693
129.043,66.621,75.327,75.549
120.842,65.178,75.973,75.365
111.180,65.244,77.094,74.710
99.639,62.408,76.894,75.452
96.143,60.279,76.749,75.855
92.339,61.157,76.432,75.882
87.984,68.479,76.204,76.303
85.126,74.144,75.503,76.919
86.503,75.779,74.446,77.348
89.516,76.585,73.850,77.952
91.569,76.624,73.070,78.678
99.341,77.344,72.976,78.992
108.260,78.450,73.493,78.779
115.956,79.345,73.773,78.363
121.981,79.054,74.200,78.312
129.864,78.449,73.650,78.641
131.732,79.404,73.991,78.508
136.004,81.239,74.128,77.932
136.285,79.364,74.062,77.855
137.129,76.644,73.879,77.897
140.106,73.023,73.967,77.909
140.047,72.623,74.234,77.293
139.777,72.297,74.346,76.951
135.853,72.686,74.568,76.766
135.449,70.697,70.279,81.072
125.755,71.819,70.210,81.895
114.644,71.951,70.647,82.208
109.403,68.738,69.308,84.073
105.811,66.476,69.054,84.992
94.355,66.937,69.114,85.438
93.240,64.723,66.189,88.095
90.930,70.176,63.910,90.260
89.167,76.090,62.518,92.095
89.453,80.946,60.973,93.662
90.189,87.444,60.282,94.140
91.313,91.483,59.940,94.527
91.873,94.058,62.327,92.728
95.561,94.722,60.991,93.779
106.428,96.873,63.647,92.106
108.257,97.052,66.260,90.440
118.628,98.158,67.799,89.620
127.065,96.947,68.394,89.908
132.795,98.377,69.168,89.536
136.319,95.534,69.773,89.363
140.305,92.154,70.348,89.384
142.267,90.446,70.671,89.622
143.176,88.488,70.595,89.639
143.615,85.637,70.359,90.176
144.837,79.992,70.728,89.661
145.567,72.968,71.925,88.564
147.962,70.976,73.158,87.113
148.849,71.626,74.497,85.482
147.887,70.174,75.341,84.471
146.682,71.421,75.852,83.205
143.627,71.333,76.634,81.746
135.011,70.800,77.223,80.863
126.082,66.884,77.369,80.555
123.879,67.046,77.513,79.790
117.044,65.678,78.160,79.048
112.149,66.246,79.113,78.369
102.446,64.352,79.760,77.902
97.396,62.410,79.788,77.723
95.790,63.784,79.431,77.485
91.476,61.819,79.280,77.653
81.663,65.412,78.759,78.123
80.003,66.565,78.253,78.387
81.211,69.133,77.597,78.538
80.778,75.633,76.618,79.404
80.607,76.881,75.829,79.929
81.380,79.090,74.856,80.372
81.887,82.379,74.100,80.062
85.878,83.459,73.409,80.187
91.230,83.493,73.144,79.963
100.889,81.577,73.051,80.426
104.126,80.862,73.710,80.354
113.094,83.320,73.418,80.423
118.806,82.391,73.634,80.868
124.244,82.327,74.373,80.521
131.054,85.440,74.709,80.028
136.064,86.992,74.115,80.484
138.853,89.317,73.489,80.327
139.430,88.314,73.364,80.232
138.520,84.233,72.901,80.430
138.685,77.432,72.560,80.289
139.131,75.975,72.506,80.744
140.313,78.400,72.261,81.161
140.517,75.605,72.255,81.511
140.074,74.456,71.876,81.969
135.482,73.206,71.534,82.291
130.006,73.964,71.450,82.181
120.054,71.343,71.725,82.162
117.952,71.807,72.106,81.951
114.995,72.360,71.922,82.498
108.885,71.445,71.615,83.176
102.725,70.868,71.591,83.457
98.485,70.146,71.561,83.395
93.992,72.338,71.932,83.036
93.209,72.204,72.126,82.827
92.337,70.312,72.202,82.836
93.884,72.481,72.619,82.200
96.117,71.231,73.107,81.763
99.323,71.398,74.071,81.370
103.179,72.667,75.598,80.693
106.271,71.577,76.177,80.788
110.985,72.443,77.331,80.351
115.689,71.507,77.478,80.499
121.724,69.783,77.728,80.641
126.808,70.370,78.173,80.527
132.727,73.515,78.136,80.186
136.240,73.160,77.606,80.384
137.019,77.927,76.953,80.112
137.945,83.433,75.729,81.070
141.921,95.223,75.236,81.449
142.565,98.503,75.375,80.972
137.426,97.913,74.863,80.827
132.318,94.459,74.260,81.139
126.282,98.088,73.941,80.996
114.707,100.231,73.752,80.795
106.270,100.223,73.147,81.353
100.882,99.837,72.792,81.676
98.517,100.044,72.433,81.693
96.925,94.000,72.319,81.976
95.831,88.016,72.274,81.851
96.095,83.372,72.183,81.807
93.957,80.688,72.417,81.332
94.636,76.567,72.489,81.219
94.356,76.788,72.647,81.062
95.844,71.400,72.828,81.375
95.814,71.075,72.911,81.494
98.549,71.997,73.819,80.936
100.806,70.553,75.165,80.449
105.032,68.829,76.005,80.528
109.479,68.638,76.777,80.195
114.987,66.964,77.167,80.566
121.527,64.164,77.036,81.718
126.601,65.060,77.158,81.988
135.257,66.281,76.836,81.593
136.802,67.129,76.494,81.377
136.953,69.358,76.214,80.875
138.672,68.359,76.427,80.488
140.334,67.683,76.853,79.924
140.824,65.181,76.969,79.730
140.730,64.886,76.883,79.676
141.382,64.185,76.668,80.080
141.802,64.817,76.900,79.942
142.187,64.866,76.764,80.072
141.176,60.937,76.356,80.420
134.214,61.972,75.733,80.664
131.001,59.833,74.787,81.456
125.021,60.761,74.680,81.426
121.874,60.695,74.306,81.688
111.190,61.405,74.305,81.964
105.493,60.574,74.404,82.221
94.522,62.937,74.195,82.212
91.567,60.600,74.307,82.090
87.719,58.508,74.695,81.322
83.120,59.052,74.962,80.628
79.832,57.134,75.072,80.350
79.484,57.703,75.390,79.165
78.374,56.961,75.575,78.407
78.323,58.181,75.761,77.443
78.311,59.694,75.748,76.597
78.243,61.032,75.924,75.708
80.526,61.891,76.355,75.223
84.266,61.762,76.775,75.022
96.084,62.507,77.472,75.162
105.332,61.985,77.990,75.401
110.775,61.731,78.020,75.917
122.277,59.627,77.526,77.147
132.354,60.257,76.963,77.697
136.862,61.005,76.483,78.698
138.651,70.543,76.146,78.568
138.670,75.759,74.385,79.915
141.631,85.228,73.658,80.963
143.380,92.592,72.716,80.949
142.944,105.129,72.677,80.418
137.050,104.747,72.500,79.859
129.739,104.608,73.086,78.823
122.287,108.231,73.887,77.125
108.303,110.002,74.044,75.888
95.471,110.824,73.682,75.020
84.493,109.805,73.301,74.361
77.096,108.735,72.503,74.072
77.825,101.422,71.562,74.799
76.937,95.074,70.814,75.268
76.601,84.202,70.318,75.605
77.149,78.077,70.160,75.849
80.277,79.403,70.994,75.163
86.793,76.125,71.569,75.502
93.478,74.481,72.292,75.562
98.279,72.865,73.116,76.170
110.924,74.747,74.148,76.022
119.119,73.934,74.510,76.839
131.976,76.338,74.851,77.021
138.471,75.923,74.370,78.121
142.650,74.426,73.976,78.807
146.615,72.698,73.593,79.693
147.268,77.035,72.623,80.780
147.541,82.617,71.485,81.747
148.840,89.399,70.633,82.371
148.261,94.227,69.976,83.186
143.396,95.526,69.873,83.138
138.961,93.994,69.869,83.590
128.047,93.413,68.949,85.046
119.756,92.716,69.122,85.293
112.330,94.032,69.128,85.288
106.281,96.064,69.658,84.432
102.759,95.434,70.351,83.412
99.573,89.805,70.665,82.732
97.774,84.415,71.570,81.596
98.609,81.731,72.241,80.888
100.296,77.666,72.690,80.608
101.749,74.731,73.491,79.859
104.541,72.633,74.382,79.293
111.215,69.385,75.560,78.231
120.617,68.223,75.787,77.700
125.732,68.575,76.583,77.030
136.464,70.779,76.387,76.250
140.155,70.516,75.778,75.981
141.699,70.295,75.185,75.721
141.587,76.100,74.353,76.235
142.865,81.578,73.501,76.652
136.343,80.515,73.220,76.716
131.975,78.995,73.253,76.588
122.640,80.102,73.100,76.246
117.296,81.031,73.375,75.818
105.062,78.672,73.081,76.048
96.440,77.374,72.605,76.370
89.881,77.432,71.719,76.983
89.019,77.258,70.903,77.201
86.705,76.462,69.978,78.276
85.742,77.961,69.426,78.199
85.382,80.055,68.933,78.114
86.400,83.873,68.324,77.757
88.612,86.126,67.404,78.446
92.228,85.533,67.222,79.194
95.384,86.721,67.257,79.664
105.252,87.882,67.533,79.937
115.722,87.862,68.220,80.197
121.746,87.848,69.071,80.325
128.781,88.779,69.394,80.746
138.241,88.907,69.219,81.231
141.338,89.867,68.945,81.515
141.640,87.339,69.518,80.988
142.327,85.264,69.925,80.545
144.065,79.827,70.647,80.025
145.358,77.714,70.759,79.920
142.478,78.392,70.829,80.052
142.406,79.120,71.240,79.947
137.658,75.368,70.911,80.464
126.453,72.056,70.984,80.633
121.367,70.692,72.069,80.254
107.133,70.101,73.501,79.398
97.703,69.141,73.888,79.391
92.015,69.504,74.146,78.853
84.316,66.926,73.885,79.145
79.379,66.908,73.461,79.172
78.055,68.525,72.677,80.032
78.718,72.244,72.168,80.266
80.153,75.009,71.384,80.866
80.216,76.590,70.981,81.149
82.147,79.723,71.084,81.139
86.183,80.477,72.044,80.427
91.392,79.545,73.399,79.607
104.832,85.321,74.420,78.631
112.905,83.555,74.706,78.206
120.797,80.447,74.245,78.268
130.983,84.431,74.270,78.090
140.315,84.568,74.105,77.804
143.043,85.348,73.915,77.570
145.248,86.566,73.861,77.125
147.984,88.197,73.709,76.820
148.665,88.957,73.539,76.802
147.877,85.831,73.401,76.873
145.967,83.999,73.208,76.718
142.336,80.390,72.931,76.742
131.451,72.238,73.019,76.370
125.077,69.613,73.634,76.277
117.098,67.691,74.378,76.042
113.216,65.737,75.038,75.834
102.010,64.802,75.334,75.813
91.760,63.880,74.724,76.478
85.285,63.961,74.701,76.744
82.983,63.910,74.329,77.048
81.364,65.008,73.822,77.219
81.593,67.777,73.486,77.087
83.869,70.657,72.943,77.187
86.439,73.963,72.475,77.293
90.224,76.861,72.636,77.221
93.403,79.543,72.723,77.507
102.167,82.361,72.601,77.735
110.466,82.454,72.666,78.010
119.715,82.172,72.579,78.289
128.996,81.463,73.334,77.867
133.263,84.601,73.989,77.149
140.812,84.108,74.245,76.811
146.780,84.994,74.560,76.688
150.167,84.114,74.553,76.701
149.446,84.490,74.683,76.170
149.806,81.680,75.027,75.936
150.438,79.468,75.177,75.698
151.849,74.454,75.438,75.561
151.115,71.367,75.078,75.758
151.667,70.744,75.140,75.754
150.648,69.419,74.059,77.430
149.028,67.002,72.977,79.173
149.246,67.053,72.487,80.022
150.407,66.800,71.955,81.071
151.095,67.030,71.952,81.792
151.109,63.472,71.636,82.897
148.132,61.261,70.692,83.840
148.584,59.959,70.621,84.238
146.820,62.815,71.125,83.741
146.307,61.005,71.124,84.045
145.777,61.649,71.460,84.016
146.255,61.049,71.667,84.402
144.816,60.041,71.501,84.698
144.232,59.824,72.075,84.346
144.190,58.147,72.855,83.806
144.053,55.890,74.314,82.374
143.287,54.385,75.494,81.082
144.322,56.071,76.649,79.690
142.928,55.391,77.775,78.490
142.525,56.731,78.294,77.839
143.135,56.629,78.816,77.279
141.508,60.632,78.225,77.731
142.018,61.585,77.458,78.690
142.250,59.957,76.288,80.456
142.907,61.207,75.699,81.253
143.461,59.952,74.891,82.534
142.663,60.879,74.750,82.976
142.285,58.560,74.255,84.116
144.029,59.679,74.211,84.454
142.731,59.110,73.890,84.806
143.655,59.095,73.778,85.347
143.976,59.290,73.787,85.402
143.009,57.515,73.696,85.819
142.337,59.224,74.345,84.969
143.387,55.138,75.210,84.475
143.655,53.928,76.299,83.518
143.353,55.279,77.675,81.924
142.843,55.758,78.330,81.016
142.360,55.829,78.948,80.211
142.164,56.079,79.436,79.579
