405.000,256.000,122.000,148.000
407.345,253.232,120.418,149.962
408.981,251.529,119.305,151.076
412.794,248.334,118.859,153.275
416.868,242.220,118.960,155.596
420.136,236.661,119.638,157.199
422.854,233.588,119.896,158.296
424.784,228.927,119.917,159.649
422.877,221.331,120.106,160.112
413.848,222.108,119.491,161.158
406.096,213.030,120.734,159.853
398.607,206.205,121.831,158.072
391.172,196.271,122.282,157.831
383.442,186.071,122.972,157.170
372.384,181.778,123.432,155.022
361.939,187.056,122.374,155.538
351.726,178.525,123.119,155.245
346.061,178.419,123.673,153.562
337.338,180.516,123.874,152.185
336.058,181.209,123.363,152.322
330.133,180.695,123.095,151.830
323.991,182.704,122.755,151.049
321.641,182.223,121.954,151.085
318.965,182.893,121.410,150.792
309.713,181.682,121.444,149.875
304.832,179.496,120.632,149.977
298.377,175.865,119.480,150.427
289.727,171.065,119.420,149.939
278.506,166.655,118.917,149.538
271.190,160.989,117.467,150.690
269.885,153.786,115.390,152.756
269.936,140.634,113.289,156.047
269.652,128.576,111.747,157.889
270.696,117.641,111.107,159.457
274.884,109.579,109.700,162.250
282.713,99.959,108.318,164.753
289.212,90.780,107.212,166.959
295.436,82.491,106.431,168.793
300.452,72.033,106.038,170.572
306.839,61.625,105.876,171.510
311.695,57.600,106.050,170.930
308.544,56.127,105.506,170.168
308.710,58.500,106.200,168.053
305.214,60.406,105.930,165.828
302.399,66.568,105.457,163.583
299.639,70.736,105.320,162.028
297.324,76.521,104.536,160.567
292.125,81.894,103.599,158.769
286.687,86.493,102.731,157.124
282.852,91.634,101.881,155.338
273.511,97.370,101.611,153.333
265.965,98.792,101.604,152.291
261.361,103.386,101.247,151.200
259.165,109.259,100.655,149.791
257.101,108.395,100.432,149.201
256.777,113.763,99.989,148.623
256.816,112.251,99.916,148.498
254.239,112.595,100.634,147.572
252.867,110.740,100.521,147.763
251.982,110.490,101.130,147.551
251.159,112.598,101.074,147.437
250.283,113.638,100.983,147.690
249.592,113.743,100.819,148.683
248.555,110.296,100.895,149.696
249.300,109.048,101.115,150.958
251.477,108.780,101.829,151.675
253.262,104.148,101.602,153.782
253.762,101.059,101.670,155.333
254.584,96.909,101.583,156.985
254.588,93.596,101.585,158.446
252.533,89.945,102.491,158.733
252.322,86.824,103.063,159.116
252.625,87.109,103.776,159.131
252.276,85.994,104.273,159.354
252.957,86.131,104.636,159.011
253.847,85.511,104.369,159.357
254.284,84.825,104.604,159.119
257.188,86.859,105.072,158.620
255.518,83.997,105.453,158.883
259.398,84.529,105.242,159.079
259.675,85.630,105.068,158.460
264.688,85.580,104.845,158.742
267.789,84.780,104.578,158.964
272.428,83.594,104.517,159.291
280.506,84.278,105.004,159.165
284.967,82.541,105.241,159.344
293.064,83.201,105.250,159.040
295.513,83.718,104.970,158.719
302.353,84.268,105.340,158.708
304.709,81.269,105.405,159.140
308.810,80.279,105.518,159.205
310.813,75.107,105.686,159.994
314.646,72.926,106.190,159.707
313.146,68.074,106.273,160.523
314.156,64.210,107.331,160.238
313.307,62.381,107.202,160.009
317.500,63.352,107.735,159.908
318.493,63.704,107.521,159.527
321.861,63.258,108.022,159.599
323.942,70.469,108.256,158.549
323.917,72.498,108.151,158.808
320.575,74.521,108.667,158.608
316.705,81.409,108.669,157.852
315.713,91.006,109.031,156.597
311.638,98.151,108.827,155.904
306.254,106.699,108.938,154.310
299.119,118.148,107.726,152.871
292.835,131.837,107.018,150.774
288.605,141.197,106.649,149.798
282.237,151.712,106.294,148.754
276.463,161.994,105.746,148.144
272.869,170.743,105.712,147.526
267.511,178.136,105.711,146.876
261.079,187.775,105.004,146.296
251.625,195.185,104.974,146.047
243.719,204.525,105.273,145.447
236.177,210.908,105.428,145.130
230.005,216.869,105.911,144.807
222.975,223.812,106.895,144.037
218.270,230.502,107.321,143.643
215.389,233.057,107.612,144.695
213.597,236.914,107.478,145.461
215.980,237.227,107.845,147.531
220.312,235.622,109.195,148.973
225.809,234.143,110.247,151.141
228.360,235.355,111.206,152.394
230.603,237.793,112.236,154.048
237.011,239.247,113.705,155.960
245.023,240.438,114.867,158.487
252.252,241.664,116.375,160.442
263.496,242.585,117.304,161.973
269.975,248.767,118.347,162.976
278.272,252.619,119.709,164.614
287.645,255.175,120.880,166.564
295.085,256.065,121.892,168.196
301.337,249.076,124.116,168.531
308.813,241.157,125.646,169.569
312.926,242.626,125.254,171.221
320.311,231.988,126.707,172.597
319.620,222.432,126.309,174.379
315.727,215.228,126.636,174.989
313.398,209.775,126.776,175.098
308.828,212.186,127.342,175.440
297.355,203.311,128.605,174.376
283.414,202.556,127.310,175.728
272.902,195.397,128.028,175.670
262.448,192.740,127.595,176.217
248.323,189.941,126.818,177.287
234.218,188.362,125.794,178.867
218.480,183.549,124.839,180.211
206.606,181.855,125.195,180.880
194.674,176.775,125.602,181.914
178.448,172.476,124.967,182.956
163.025,169.990,125.509,183.202
159.003,168.228,125.015,183.810
155.886,158.434,126.329,183.328
158.614,145.754,126.992,183.386
161.631,146.117,125.438,184.500
160.722,145.492,124.366,185.445
165.396,144.082,123.044,187.019
168.874,138.875,122.129,188.715
175.661,134.965,121.481,189.388
180.255,131.371,120.396,190.203
185.099,126.728,119.087,190.941
190.117,125.475,118.626,189.953
190.587,125.487,118.673,188.823
192.892,125.972,117.706,188.707
194.998,124.893,116.753,189.102
196.519,122.290,115.528,189.600
196.833,121.492,115.459,188.087
199.279,123.367,115.073,186.079
204.934,123.949,114.565,184.263
213.846,134.403,113.844,181.162
217.353,137.603,113.351,179.094
222.937,143.957,112.268,176.867
231.471,146.104,111.455,175.405
238.339,149.436,110.377,174.214
243.410,149.723,109.309,173.165
245.228,151.513,108.608,172.442
249.761,148.168,107.684,173.456
247.705,146.315,107.614,173.331
245.701,142.729,106.782,174.099
244.436,137.172,106.504,176.201
243.971,129.967,105.914,178.447
243.161,120.302,105.612,180.731
245.302,110.466,104.711,183.537
247.260,98.929,103.476,186.086
245.219,87.377,102.871,187.088
245.466,74.771,102.169,188.011
244.953,62.358,101.555,189.113
245.397,52.031,101.320,189.660
246.767,43.567,101.706,189.400
253.000,35.896,102.334,188.811
265.165,30.734,102.367,188.506
279.018,29.496,103.484,186.190
292.134,35.014,104.542,182.611
304.900,43.561,104.968,179.184
316.990,52.388,104.976,176.118
331.538,59.263,104.376,173.758
341.566,68.094,104.071,171.603
351.935,75.052,104.348,169.735
362.453,81.726,104.086,167.999
370.461,90.055,103.723,166.441
376.000,95.292,102.930,166.128
381.438,100.992,102.704,165.401
385.136,106.421,102.522,163.770
383.527,114.721,102.094,161.520
382.610,123.679,101.362,159.471
375.740,130.099,101.180,157.254
366.899,137.689,100.834,155.372
356.050,142.227,100.630,154.208
347.026,146.276,100.003,153.339
336.964,149.050,99.606,153.173
330.184,155.697,98.567,152.797
323.842,156.774,97.779,153.744
315.183,156.431,97.197,154.473
306.436,156.213,96.507,154.828
296.529,159.206,96.290,153.937
285.212,161.524,96.195,153.172
273.480,164.001,96.092,152.424
263.669,163.688,95.821,152.016
254.710,162.945,95.236,151.905
243.585,163.713,95.474,150.968
234.899,166.683,94.996,149.614
224.146,172.309,94.945,147.256
213.781,179.036,94.031,145.189
201.405,186.676,93.480,143.038
192.350,193.513,92.614,141.200
184.191,199.360,92.096,139.390
175.331,209.241,91.723,137.117
164.355,216.264,91.209,135.668
152.942,223.033,91.024,134.444
143.644,223.919,92.006,133.489
137.375,226.853,92.684,132.687
133.293,228.921,93.243,132.714
127.507,229.076,94.035,132.978
124.691,229.690,94.094,133.928
122.031,226.296,94.136,135.702
122.657,224.641,93.473,137.941
123.141,219.656,93.413,140.070
126.687,215.479,93.057,142.491
130.532,213.293,93.172,144.255
132.650,213.522,93.613,144.678
138.338,213.060,93.747,145.618
144.616,214.273,94.417,146.186
153.122,212.229,94.909,147.822
155.488,212.467,95.625,148.174
159.211,213.289,96.298,148.690
165.321,213.242,97.110,149.852
167.407,210.369,97.766,151.133
168.334,212.550,98.018,151.110
168.960,214.003,98.911,150.763
169.157,214.815,100.265,150.050
169.094,218.511,101.570,149.681
166.029,217.313,103.245,150.108
167.087,218.546,104.020,150.677
166.475,218.421,105.449,151.894
165.850,218.608,106.932,153.319
164.037,218.661,108.453,154.729
166.671,218.420,110.276,156.397
161.044,221.050,112.836,156.458
168.483,216.217,115.454,157.705
164.212,214.052,117.497,157.500
168.768,211.132,119.638,157.925
168.134,207.644,122.028,158.286
172.036,204.185,123.217,160.031
171.601,201.370,124.582,161.400
174.040,195.270,125.637,164.482
173.642,191.316,126.930,166.585
177.411,186.162,129.108,168.286
182.041,181.093,131.158,170.130
181.754,173.992,131.895,172.335
180.431,167.572,132.596,172.976
184.599,161.402,134.819,173.087
188.526,155.267,137.430,172.484
196.617,150.409,139.321,173.181
201.578,144.280,140.086,174.139
205.321,142.509,139.983,175.454
212.342,141.028,140.505,176.525
217.288,140.075,140.475,177.449
220.449,138.203,139.655,179.182
224.022,135.987,139.288,180.050
228.576,136.281,138.931,179.601
227.908,135.971,139.026,178.931
226.592,136.279,139.128,178.435
226.970,134.682,139.103,177.749
228.443,133.769,138.487,176.914
229.564,133.844,137.844,176.444
230.991,134.185,137.781,175.322
231.262,136.635,137.812,173.745
232.164,137.267,137.028,173.476
233.472,138.798,136.080,173.266
232.205,140.037,136.289,172.230
228.180,140.845,136.647,170.817
224.909,142.473,136.009,170.822
220.170,142.905,135.868,170.172
217.675,141.638,135.410,169.574
218.596,141.204,135.052,168.910
224.423,142.624,133.812,168.274
222.069,147.691,133.090,167.107
219.013,154.228,133.186,166.539
220.170,159.426,132.855,165.570
219.765,161.149,133.003,165.458
224.502,163.164,134.001,166.481
226.354,163.983,135.324,167.928
228.349,167.280,137.368,167.575
231.229,170.702,138.963,168.309
233.113,173.919,141.096,169.547
233.701,174.398,142.646,171.724
235.647,171.230,144.595,175.104
233.081,169.731,147.759,177.648
236.106,169.159,149.989,180.803
236.637,168.198,152.290,184.095
235.063,163.941,154.852,187.666
233.108,159.253,157.694,191.266
238.510,156.004,160.747,195.228
250.419,150.089,163.382,199.743
253.745,148.572,165.496,202.727
255.863,149.813,167.538,206.022
259.938,147.989,168.902,209.387
272.969,150.453,172.249,211.992
279.044,150.562,174.027,216.247
279.758,154.882,175.631,218.592
280.861,161.886,176.781,221.117
281.712,169.168,177.593,223.460
284.620,170.228,179.128,226.271
282.677,174.880,180.910,228.393
276.443,176.989,182.399,230.456
272.693,175.860,185.293,232.841
266.906,178.519,187.677,234.512
262.034,180.345,189.270,236.097
262.688,182.375,189.492,238.985
256.673,182.561,189.562,241.417
256.974,182.431,189.256,245.731
258.746,175.600,189.129,249.877
257.379,169.715,188.610,251.734
264.770,163.375,188.119,253.653
266.533,158.903,188.482,253.066
265.949,152.935,188.473,252.235
268.766,148.953,187.305,251.147
270.062,145.185,186.877,249.780
269.888,139.453,185.665,248.836
268.086,132.912,185.070,248.593
263.016,130.989,184.602,246.530
254.951,126.278,183.728,246.486
258.046,121.118,180.352,248.077
253.745,115.471,178.149,247.827
253.885,109.124,175.588,247.857
254.589,106.520,173.791,246.716
255.506,102.038,172.716,247.133
258.977,107.084,170.711,246.106
260.197,103.966,171.700,244.938
264.833,107.173,170.639,243.326
266.833,109.094,169.446,241.746
269.588,114.864,168.462,239.846
270.800,120.387,166.719,238.326
276.494,136.451,163.465,235.831
269.066,145.083,162.292,232.944
265.874,151.590,159.879,230.731
255.072,153.814,159.886,227.351
238.465,159.320,163.349,222.388
215.822,163.050,167.103,217.367
195.785,162.457,170.287,212.950
175.331,164.470,171.547,211.195
165.305,164.099,169.610,211.918
157.337,161.345,167.422,212.848
145.473,160.888,167.322,211.357
134.496,159.463,166.260,211.260
132.960,155.209,163.563,212.786
130.437,149.087,161.543,214.213
125.515,147.414,160.008,214.355
121.284,145.606,157.926,213.951
118.881,144.340,155.877,214.295
126.386,146.576,149.718,219.762
122.216,145.400,146.187,221.736
118.141,140.695,142.690,224.027
116.340,134.342,140.172,225.963
110.649,131.632,138.437,227.119
107.721,128.548,137.169,227.345
110.276,123.050,135.000,229.796
111.165,118.898,132.265,232.548
108.998,111.962,130.194,234.225
109.742,108.324,128.309,234.486
111.329,108.387,126.081,235.181
112.892,107.409,124.428,235.659
118.544,105.456,122.958,235.295
125.414,106.366,121.952,235.758
143.058,110.775,120.021,234.594
150.757,114.551,120.380,233.094
167.057,120.814,118.207,231.643
172.628,122.192,120.311,229.103
189.369,126.188,118.812,227.710
196.425,125.512,120.004,226.558
209.633,126.145,117.948,227.129
217.688,124.986,119.571,227.297
229.415,126.476,117.703,228.575
235.874,123.210,118.619,228.942
241.508,122.655,119.006,228.883
249.548,121.987,119.681,228.638
256.743,123.596,120.341,228.233
268.866,126.688,118.999,227.696
281.984,128.769,117.810,227.097
294.887,128.578,116.449,227.018
308.907,130.952,114.888,226.960
320.135,132.897,114.092,225.765
330.876,136.631,112.907,224.993
350.141,135.109,108.510,229.391
353.073,133.010,109.301,228.561
372.152,132.391,105.093,231.707
384.418,135.008,102.048,232.869
396.981,136.961,100.162,233.865
402.125,120.466,101.137,230.242
405.576,122.178,101.975,227.643
420.847,126.021,103.238,225.826
419.981,129.348,100.700,229.578
421.111,130.502,101.410,228.740
419.389,130.416,101.803,227.647
420.722,127.817,102.298,227.233
416.619,128.381,103.327,225.751
409.967,129.630,104.119,223.431
409.132,132.530,103.839,222.410
404.494,133.537,103.568,220.683
400.651,137.222,103.675,218.224
394.495,138.052,104.080,215.047
388.110,139.095,103.707,212.751
381.863,139.359,103.337,210.651
372.811,138.697,102.722,208.147
364.225,138.682,101.762,206.916
359.779,139.987,101.279,205.202
353.683,140.314,101.198,202.588
347.479,139.587,101.321,199.687
344.941,142.295,101.564,196.727
340.200,141.046,101.543,194.496
336.436,141.975,101.386,191.627
331.594,144.171,101.060,188.885
325.102,143.928,101.115,185.940
320.051,143.911,101.421,183.233
313.566,141.765,101.368,181.100
308.970,139.632,101.106,179.752
303.051,138.355,101.012,178.808
303.275,138.483,100.537,177.942
298.174,132.538,100.007,177.196
293.436,129.166,99.889,176.864
293.630,126.136,99.646,176.940
289.066,118.614,99.329,177.229
288.407,114.828,99.929,176.300
286.096,108.232,99.866,176.469
282.106,104.310,99.579,177.378
280.465,101.584,100.001,177.443
282.946,98.016,100.174,178.517
285.887,96.524,99.993,179.504
286.817,92.424,100.048,179.953
290.648,103.570,100.664,181.562
293.325,97.708,100.268,183.341
297.458,95.233,100.469,184.120
299.281,91.836,100.496,184.786
298.211,90.488,100.722,185.169
298.729,89.912,101.016,185.321
301.574,102.151,102.302,186.101
305.566,96.279,103.423,187.000
309.795,108.307,104.015,188.626
311.740,102.096,104.424,190.228
310.369,98.304,104.029,190.890
306.516,95.336,103.496,191.732
304.498,95.055,103.557,192.603
302.419,94.826,103.738,193.114
298.363,94.000,103.392,193.177
293.101,107.241,103.402,193.341
289.795,105.852,103.082,193.478
283.879,102.687,103.005,193.867
278.294,100.501,102.861,194.070
273.027,97.575,103.150,193.592
267.753,98.375,104.025,192.152
264.063,98.403,104.739,191.173
259.733,96.486,105.334,190.201
254.634,113.748,106.356,190.205
255.252,112.854,106.633,190.853
254.331,112.600,106.787,191.184
257.353,110.364,106.220,192.793
260.961,122.470,106.740,194.735
261.488,120.798,106.821,196.426
265.417,121.718,108.283,196.667
269.260,121.533,109.503,197.168
272.301,122.091,110.802,197.865
277.274,121.163,111.022,199.488
281.996,119.861,111.629,201.060
285.324,116.319,112.093,203.267
287.639,112.596,112.841,205.001
289.580,109.200,113.590,206.737
289.195,106.773,114.182,207.842
289.048,104.445,114.570,208.446
289.741,102.361,114.665,208.935
286.861,117.523,115.912,207.770
285.338,112.338,115.838,208.371
282.999,111.733,115.340,208.594
257.208,130.019,121.243,203.566
250.051,130.618,126.635,199.698
250.928,127.326,124.826,201.927
225.306,129.105,129.763,198.937
219.792,130.075,133.163,197.103
215.883,130.131,135.311,196.639
211.056,147.626,137.748,195.945
212.248,142.124,134.148,201.107
189.540,145.075,138.215,199.026
192.420,165.639,141.275,197.723
191.328,163.232,143.214,198.295
211.501,156.138,138.078,203.598
187.350,154.418,141.086,202.948
187.078,155.973,143.113,202.694
184.160,155.201,144.338,203.839
202.492,152.935,139.496,208.831
200.237,150.901,135.800,212.555
198.055,147.682,132.839,215.757
189.544,146.771,136.350,212.797
181.825,148.629,140.243,210.238
175.158,149.997,142.675,208.819
170.031,150.977,145.349,207.537
168.604,155.251,147.336,206.933
166.854,157.627,148.522,207.526
163.749,158.868,149.405,207.873
162.567,163.085,150.651,208.168
161.536,162.620,151.413,209.718
163.080,161.483,152.320,210.724
164.088,164.075,152.840,211.784
164.061,164.422,153.620,213.319
182.155,162.179,148.168,218.254
173.029,160.878,150.353,217.074
174.684,165.296,151.821,216.276
194.438,165.218,146.416,221.021
184.797,161.510,149.488,219.281
180.050,158.855,145.465,223.736
179.765,162.872,148.529,221.412
179.010,165.293,150.867,219.737
181.526,161.304,146.624,224.367
177.575,162.472,149.593,221.925
176.148,163.714,152.039,220.221
177.405,161.118,147.575,225.298
175.247,164.683,150.517,222.939
174.663,161.637,146.331,227.882
171.824,159.678,143.435,231.715
170.767,158.073,142.181,233.773
168.442,159.908,140.949,235.962
166.655,159.498,145.624,232.277
164.070,155.135,143.985,235.394
164.646,156.463,148.169,232.900
160.411,156.643,145.988,236.462
156.857,152.969,144.770,239.105
171.447,156.906,143.173,240.275
166.448,152.477,142.523,242.569
163.656,151.921,142.371,243.213
161.078,151.762,142.034,244.129
173.279,152.488,142.197,244.224
167.667,147.828,142.003,245.568
165.090,147.458,141.939,245.811
162.944,143.300,142.120,246.860
162.427,138.764,141.996,247.862
161.872,138.262,141.801,247.873
175.214,139.175,141.415,247.706
167.771,138.121,141.682,247.059
163.641,135.762,141.376,246.986
177.269,141.703,141.171,246.000
167.238,137.469,141.454,245.399
163.968,142.195,141.370,244.291
175.307,141.693,146.642,239.028
169.179,143.671,149.868,234.947
167.436,147.584,152.823,231.258
167.837,154.571,150.087,232.418
178.006,157.218,153.644,228.485
175.814,160.642,150.305,230.449
177.899,160.963,147.588,232.593
179.640,160.817,145.491,234.471
181.717,161.203,143.779,235.693
183.614,161.685,142.445,236.698
184.863,158.630,141.336,237.532
181.047,159.615,141.171,236.862
180.586,162.625,140.409,236.216
180.087,163.859,139.654,235.871
178.791,165.916,139.109,234.847
177.158,168.122,138.774,233.577
176.113,169.562,138.336,232.496
173.514,171.224,138.381,230.415
173.263,173.809,138.111,228.827
171.558,174.721,137.847,227.107
172.030,173.880,143.335,221.058
168.589,174.763,148.019,216.022
164.257,174.097,151.588,212.472
163.919,174.606,154.172,209.246
160.298,175.204,156.474,207.090
158.501,175.259,157.817,205.472
156.497,176.702,158.570,204.184
157.376,176.679,159.045,203.507
151.527,177.309,160.218,202.497
152.532,176.465,160.263,202.304
148.750,176.200,160.866,202.047
145.057,175.018,161.443,202.020
143.049,174.423,161.118,202.263
140.409,174.102,161.168,202.619
139.093,175.369,160.749,202.786
137.573,174.917,160.458,202.885
135.613,175.953,160.350,202.685
134.446,177.032,160.406,202.746
132.270,178.386,160.074,203.070
131.406,179.239,160.090,202.849
129.651,178.765,160.306,203.023
133.250,180.546,160.790,202.763
150.262,182.334,161.122,202.773
160.764,184.600,161.137,203.108
162.093,187.528,161.390,203.018
167.166,170.894,156.330,206.701
185.036,194.056,157.244,206.661
197.709,194.112,157.714,207.086
208.384,194.804,158.593,207.320
206.276,197.424,159.170,207.621
199.897,195.487,161.382,208.314
196.691,194.565,163.771,209.372
186.526,192.975,167.423,211.581
177.498,192.933,170.344,214.063
170.190,175.504,175.223,213.888
160.021,177.192,179.615,214.849
160.523,161.230,182.463,213.988
155.340,152.905,185.622,212.147
156.564,164.680,188.231,211.041
173.792,155.048,191.246,210.226
177.099,180.646,191.991,212.916
196.316,183.137,192.935,214.265
194.757,188.223,193.249,215.567
186.546,211.369,185.950,224.735
191.664,209.672,176.800,237.313
211.918,212.820,170.114,243.693
205.832,217.724,166.508,247.492
202.173,217.140,163.304,250.905
202.176,221.526,161.075,252.795
214.602,221.199,167.657,249.793
204.861,220.061,171.760,249.377
201.805,198.194,169.162,258.228
194.355,179.207,166.271,266.676
192.317,195.551,165.176,269.904
163.657,182.193,163.418,274.239
159.580,170.557,162.564,277.884
162.842,182.554,162.623,279.311
159.627,175.729,161.737,280.999
153.867,173.254,161.142,282.640
157.312,188.791,161.144,283.052
156.545,152.258,162.027,285.461
154.819,119.311,172.451,277.354
152.782,124.059,180.798,269.728
156.423,132.654,189.507,262.372
163.586,140.213,195.121,257.921
171.552,160.669,197.425,259.162
180.375,154.056,198.486,261.025
191.344,149.878,199.427,261.875
199.046,145.205,200.747,261.394
206.291,138.677,201.458,262.089
216.352,137.654,202.289,262.025
221.518,143.036,195.578,268.139
231.152,139.948,190.055,276.040
243.672,133.931,186.827,282.498
256.874,129.566,184.438,286.440
266.866,132.133,182.690,289.751
272.148,135.731,180.397,293.178
276.634,141.512,178.742,296.021
275.338,151.389,177.820,297.562
263.431,159.349,177.506,299.330
251.745,163.556,176.294,301.840
234.257,165.440,175.923,302.197
225.407,160.112,174.163,304.866
225.983,149.020,172.162,309.645
219.039,145.625,171.040,311.704
212.618,146.543,169.816,313.761
218.541,140.802,168.270,316.886
229.134,153.494,169.126,313.681
236.245,169.396,170.349,309.429
236.301,175.181,170.552,304.668
239.276,181.998,170.434,300.404
235.997,189.316,169.903,295.963
231.364,192.271,169.471,292.926
236.344,190.830,170.585,289.042
239.612,194.491,170.728,285.833
245.062,196.527,170.211,283.383
245.867,196.169,168.667,284.247
245.172,188.257,165.880,286.816
243.395,174.658,163.318,290.777
239.044,164.967,161.615,293.946
240.280,160.287,161.130,296.192
243.644,152.426,160.162,300.505
244.639,144.322,158.765,304.630
240.346,132.423,158.191,307.954
236.572,121.706,157.041,313.751
242.685,121.537,156.788,317.827
248.979,118.217,155.821,323.929
254.176,113.883,155.248,330.569
251.048,109.274,155.382,334.689
255.601,110.953,155.698,337.001
257.570,113.969,155.490,338.235
253.261,109.990,156.139,338.640
254.102,114.439,156.485,337.842
259.186,113.039,157.199,336.853
272.314,118.694,157.173,335.294
276.105,123.508,155.780,334.710
280.770,122.552,156.302,332.869
285.499,120.693,156.299,332.328
276.810,116.240,156.119,331.149
269.853,115.465,156.058,330.179
267.351,116.630,155.456,329.774
268.301,119.855,154.574,330.142
264.495,124.890,155.308,329.129
256.006,118.282,156.285,329.502
