125.000,86.000,15.000,16.000
127.285,85.535,15.311,15.812
128.674,84.555,15.444,15.718
130.389,83.790,15.598,15.620
131.469,83.008,15.565,15.597
132.942,82.140,15.269,15.685
133.941,82.389,15.508,15.333
135.618,82.743,15.596,15.164
137.781,83.578,15.632,15.174
139.179,83.748,15.462,15.283
141.908,83.869,15.419,15.376
143.262,84.232,15.255,15.296
145.677,84.098,15.357,15.488
147.817,84.126,15.331,15.539
148.529,83.499,15.184,15.645
149.799,83.866,15.142,15.684
150.332,81.926,14.982,15.898
151.784,81.391,14.973,15.887
153.566,80.936,14.998,15.947
154.404,78.848,14.924,16.103
154.665,77.648,14.782,16.172
156.545,76.761,14.911,16.231
157.639,75.865,14.829,16.357
158.909,75.298,14.717,16.423
159.875,75.008,14.872,16.360
160.245,73.959,14.904,16.289
161.303,74.382,14.782,16.196
161.191,74.313,14.656,16.289
162.944,74.307,14.638,16.454
164.657,74.056,14.664,16.515
165.385,73.511,14.536,16.550
166.867,73.098,14.403,16.538
167.365,73.427,14.512,16.296
166.845,72.398,14.564,16.044
167.347,72.241,14.572,15.743
167.582,72.576,14.751,15.496
167.367,72.530,14.775,15.355
168.862,73.274,14.818,15.036
169.360,73.595,14.828,14.868
169.381,75.356,14.846,14.695
170.196,76.321,14.766,14.611
171.093,75.565,15.176,14.060
171.405,80.805,15.159,14.080
171.659,79.172,14.961,14.525
170.238,80.953,14.838,14.638
162.928,82.707,14.780,14.514
172.557,78.961,14.693,14.591
173.477,79.197,14.739,14.606
171.605,77.662,14.805,14.492
171.647,77.319,14.812,14.487
172.605,77.459,14.812,14.487
176.019,78.775,14.944,14.484
176.783,78.215,15.044,14.577
177.486,78.538,15.143,14.430
178.601,79.179,15.090,14.331
179.176,79.636,15.018,14.264
180.508,80.550,15.069,14.195
181.006,81.322,15.122,14.130
181.929,82.341,15.129,14.106
182.359,83.302,15.127,14.093
182.650,82.957,15.128,14.093
182.756,86.308,15.064,14.139
183.986,85.806,14.839,14.453
185.623,86.301,14.886,14.363
186.635,86.501,15.135,14.252
187.283,86.323,15.248,13.998
189.067,86.363,15.462,14.050
189.464,85.898,15.527,13.962
190.439,85.658,15.527,13.962
190.765,86.296,15.527,13.962
191.334,85.938,15.309,14.271
191.530,85.390,15.164,14.556
191.811,82.957,14.999,14.803
192.226,81.892,14.892,15.088
191.997,79.221,15.016,15.249
192.431,78.126,15.172,15.334
192.346,76.696,15.223,15.422
192.654,74.701,15.095,15.560
192.330,72.744,15.102,15.640
192.030,71.483,15.409,15.462
190.959,70.414,15.784,15.221
190.239,69.817,16.406,14.725
189.963,70.986,16.400,14.588
189.685,71.556,16.598,14.491
188.558,71.799,16.812,14.399
186.841,73.226,16.784,14.656
185.790,74.015,17.095,14.460
183.309,74.280,17.146,14.453
180.809,75.972,17.254,14.519
178.619,77.533,17.673,14.626
175.922,78.430,18.158,14.420
173.394,79.071,18.396,14.437
170.603,80.275,18.638,14.388
169.294,80.995,18.711,14.597
166.451,80.739,18.712,14.985
165.953,80.493,18.528,15.387
165.317,79.517,18.180,15.851
163.913,78.410,18.115,16.204
162.433,77.223,18.071,16.509
161.203,76.225,17.983,16.636
161.257,75.290,17.871,16.917
159.564,73.974,18.044,16.946
159.577,74.359,18.226,16.812
158.381,73.572,18.209,16.935
158.460,73.400,18.102,17.038
157.625,73.064,18.093,17.062
156.901,73.266,18.021,17.164
155.873,72.961,17.984,17.250
155.314,73.696,17.926,17.344
153.011,74.025,17.858,17.364
152.263,75.295,17.959,17.160
151.302,75.768,17.848,17.144
149.679,77.057,17.952,16.882
147.707,77.581,18.012,16.680
145.831,78.961,18.230,16.499
143.331,80.172,18.413,16.051
141.792,81.917,18.457,15.718
140.345,85.190,18.556,15.569
138.387,87.531,18.442,15.571
136.087,90.214,18.622,15.275
134.825,93.240,18.772,15.081
133.080,96.524,18.806,15.120
131.455,101.434,18.897,15.272
129.873,105.081,19.038,15.156
128.763,109.880,19.163,15.272
127.468,112.678,19.266,15.370
126.594,114.689,19.184,15.524
125.856,116.223,18.965,15.461
124.625,119.411,18.886,15.436
123.907,120.261,19.144,15.285
122.783,122.745,19.246,15.281
121.646,123.995,19.273,15.453
121.104,123.064,19.277,15.688
120.199,122.716,19.265,15.892
119.375,120.060,19.334,16.124
119.269,116.710,19.136,16.603
116.923,111.496,19.280,16.755
116.087,105.922,19.276,16.899
115.164,101.729,19.261,17.296
114.406,97.322,19.350,17.439
112.177,91.330,18.982,17.864
110.653,85.963,19.023,17.922
113.687,87.219,19.392,17.752
113.718,85.081,19.598,17.532
114.835,82.850,20.775,16.499
116.652,82.355,21.035,16.323
106.218,74.492,20.357,17.140
105.909,71.392,19.845,17.791
105.675,69.598,19.220,18.374
104.726,68.942,19.128,18.573
104.578,69.252,18.968,18.657
102.565,68.954,18.850,18.572
100.883,68.352,18.730,18.651
99.110,68.299,18.770,18.555
97.726,68.056,18.751,18.718
95.756,67.633,18.633,18.999
95.688,67.072,18.916,19.209
94.047,66.830,18.859,19.171
94.009,76.539,19.054,19.207
93.512,76.594,19.056,19.209
96.960,64.260,18.539,19.705
94.021,65.036,19.141,19.139
94.754,66.226,19.667,18.788
95.489,66.718,20.135,18.614
96.049,66.578,20.765,18.304
97.018,66.279,21.253,17.969
98.755,66.785,21.407,17.933
100.323,67.862,21.419,17.947
102.301,68.327,21.444,18.128
105.353,68.265,21.385,18.535
107.878,68.073,21.453,19.168
109.766,67.047,21.412,19.759
111.398,66.294,21.355,20.141
113.526,65.707,21.301,20.596
115.464,65.683,21.414,20.825
117.353,65.520,21.549,21.002
121.137,66.284,22.045,21.266
122.868,67.406,22.256,21.250
126.947,69.988,22.771,21.301
129.398,72.695,23.107,21.223
133.640,75.699,23.598,21.304
135.868,78.793,23.782,20.980
138.724,83.603,24.177,21.109
141.180,87.159,24.492,21.396
143.194,90.906,25.171,21.322
145.804,95.069,25.315,21.214
146.606,99.200,27.113,19.915
140.653,101.822,26.301,20.631
137.668,99.327,26.052,20.802
161.131,107.207,25.940,20.922
161.646,106.775,25.664,21.074
161.286,106.577,25.371,21.278
161.224,106.626,25.126,21.402
161.839,106.851,25.073,21.457
161.314,106.550,24.878,21.511
161.352,104.361,24.898,21.981
163.504,104.770,26.659,20.532
159.504,104.998,26.373,20.759
159.467,105.408,26.321,20.756
159.557,105.012,25.746,21.103
160.952,104.457,24.918,21.494
159.655,103.753,24.694,21.384
158.810,103.669,24.857,21.079
160.096,103.180,24.883,21.057
162.734,105.833,23.798,21.513
162.090,105.855,23.686,21.598
161.836,104.583,23.686,21.598
161.988,103.967,23.204,21.695
162.330,103.677,22.687,21.668
162.301,103.635,22.505,21.376
162.319,103.962,22.168,21.178
162.756,103.653,21.889,20.979
163.125,104.144,21.550,20.957
163.221,103.415,21.536,20.469
164.960,102.935,21.541,20.465
162.973,105.115,21.249,20.447
165.246,107.409,20.958,20.224
165.016,103.475,21.108,20.339
164.382,106.041,21.499,19.994
163.991,104.982,21.945,19.880
161.689,104.041,22.228,19.457
161.358,103.085,22.337,19.307
160.785,103.444,22.256,19.344
162.254,103.019,22.321,19.814
161.647,104.241,22.058,20.003
162.120,105.601,21.812,20.075
162.837,105.079,21.513,20.374
162.384,105.483,21.578,20.277
163.356,105.535,21.410,20.578
163.537,105.280,21.250,20.717
163.724,105.332,21.206,20.754
163.996,105.329,21.111,20.812
163.728,104.994,21.010,20.869
163.574,105.643,21.168,20.696
163.998,105.113,21.251,20.551
163.064,104.575,21.287,20.518
165.938,106.712,20.990,20.404
165.070,105.439,20.896,20.333
164.072,101.690,21.615,20.146
161.376,104.094,21.994,19.842
162.058,104.754,22.419,19.696
161.929,104.356,22.590,19.604
161.608,103.870,22.500,19.381
161.637,102.954,22.449,19.366
161.983,102.559,22.553,19.569
164.313,104.695,21.989,19.920
164.921,103.977,21.569,20.336
164.259,104.536,21.469,20.297
165.027,103.734,21.382,20.422
164.860,103.439,21.496,20.219
164.991,103.313,21.617,19.991
164.785,103.463,21.597,19.845
164.932,103.747,21.557,19.837
165.194,104.555,21.448,19.866
166.285,105.483,21.239,19.929
165.443,106.141,21.280,19.814
165.602,106.243,21.232,19.794
166.616,106.016,20.833,20.041
168.677,105.318,20.385,20.027
169.063,105.171,20.278,19.926
171.152,101.934,20.108,19.980
177.214,104.288,20.231,19.793
181.269,106.753,20.017,19.651
184.092,109.997,19.829,19.778
180.161,106.764,19.919,19.598
170.339,103.359,20.241,19.366
169.737,105.723,20.027,19.306
169.167,104.758,19.825,19.432
168.870,104.539,20.014,19.300
169.654,104.339,19.959,19.404
169.444,103.905,20.047,19.331
169.077,104.755,20.566,19.006
169.068,104.024,20.569,19.113
166.690,103.852,20.289,19.372
166.846,103.266,19.962,19.570
166.750,103.464,19.887,19.741
166.965,103.301,19.632,19.984
165.168,103.071,18.589,20.915
163.319,103.457,17.896,21.418
158.650,107.087,17.031,22.259
157.091,106.451,16.459,22.820
157.109,108.033,16.224,23.014
175.989,100.515,17.089,21.997
