253.000,66.000,23.000,28.000
250.945,68.899,23.236,27.519
248.426,69.896,23.661,27.104
245.196,70.869,23.854,26.826
241.652,71.910,24.354,26.489
238.044,72.602,24.486,26.410
237.821,72.181,24.174,26.475
235.653,72.281,24.080,26.427
233.735,72.152,24.145,26.234
232.655,71.279,23.995,26.277
231.866,70.309,23.757,26.469
231.899,69.502,23.466,26.591
231.721,68.941,23.343,26.463
231.725,67.998,23.200,26.523
230.393,68.062,23.426,26.361
229.576,68.618,23.479,26.222
230.435,67.825,23.395,26.357
230.226,68.085,23.496,26.265
230.156,68.167,23.507,26.203
230.428,68.220,23.546,26.243
229.707,68.190,23.680,26.222
229.814,67.847,23.528,26.445
229.843,67.550,23.519,26.509
228.836,66.962,23.691,26.422
227.506,66.383,23.998,26.266
226.309,65.176,24.102,26.255
224.361,63.893,24.212,26.383
223.650,62.969,24.265,26.612
221.298,62.054,24.466,26.632
220.111,61.391,24.501,27.038
218.082,60.416,24.648,27.208
216.859,59.993,24.533,27.493
214.263,58.814,24.340,27.920
211.672,57.759,24.132,28.593
210.592,57.324,24.418,29.167
210.243,57.109,24.792,29.739
209.560,56.729,25.365,30.187
207.713,56.451,26.642,30.208
206.300,56.399,28.155,30.011
204.584,57.019,29.454,29.936
201.302,57.562,30.426,30.053
198.701,56.839,30.543,30.674
195.479,55.001,30.476,31.567
192.507,54.291,30.651,32.142
190.954,52.852,30.550,32.746
190.819,51.524,30.434,33.224
190.892,50.219,30.314,33.590
189.745,49.036,30.369,33.896
189.395,47.730,30.247,34.507
187.435,46.674,30.533,34.850
187.664,45.870,30.841,35.359
186.542,45.515,31.181,35.740
187.476,44.228,31.556,36.167
186.660,44.842,31.984,36.294
185.973,45.767,32.491,36.655
185.938,47.251,33.022,36.498
186.603,48.926,33.501,36.540
186.565,50.905,33.976,36.504
186.728,51.685,34.434,36.815
187.272,51.424,34.632,37.325
187.190,51.750,34.999,37.522
187.001,52.278,35.494,37.619
187.776,52.800,35.710,37.794
187.715,53.034,35.990,37.920
187.790,53.079,36.333,37.972
187.712,52.315,36.420,38.547
187.592,51.528,36.655,38.787
186.840,50.850,36.817,39.144
186.698,50.294,37.126,39.300
184.754,49.503,37.111,39.963
182.807,48.822,36.975,40.619
180.933,48.029,36.924,41.238
178.827,48.449,37.190,41.413
176.723,48.329,37.545,41.643
174.355,47.401,37.682,42.146
171.896,47.209,38.152,42.445
169.267,46.294,38.320,42.980
167.265,45.351,38.718,43.470
166.427,43.834,38.817,44.243
165.690,42.931,39.007,44.761
163.362,42.089,39.503,45.093
160.385,40.714,40.040,45.362
158.511,38.799,40.453,45.855
157.809,38.075,40.884,46.411
154.927,36.830,41.833,46.573
154.166,36.756,42.571,46.924
151.246,36.179,43.525,47.349
147.796,36.387,44.427,47.723
142.802,37.492,46.290,47.567
136.941,39.137,48.053,47.630
131.694,40.880,49.576,47.819
127.380,42.610,50.866,48.396
122.717,43.615,52.126,49.233
117.630,45.540,53.400,49.881
112.638,47.279,54.471,50.618
107.380,48.130,55.749,51.211
98.237,50.224,56.836,51.825
95.552,52.353,57.499,52.291
93.608,53.376,58.254,52.778
91.948,57.426,58.459,52.987
90.321,56.358,58.334,53.320
88.574,55.492,57.861,53.533
86.961,54.421,58.145,53.506
86.240,53.334,58.333,53.427
87.058,58.681,58.348,53.020
85.979,56.609,58.040,52.779
78.829,56.595,59.315,52.535
78.160,57.381,60.078,52.456
76.037,58.838,60.168,52.718
74.537,60.350,60.790,53.057
73.953,61.604,61.342,53.850
74.368,63.425,61.376,54.844
75.273,65.670,61.625,55.485
76.166,66.750,61.431,56.241
77.850,68.795,61.479,56.509
78.910,69.195,61.197,56.645
81.452,68.891,60.862,56.610
82.831,68.693,60.661,56.237
85.925,69.274,60.659,55.768
88.242,68.464,60.049,55.595
90.867,69.048,59.788,55.146
93.541,68.871,59.611,54.987
96.121,67.176,58.465,55.304
97.100,65.729,57.938,55.329
97.149,64.629,57.497,55.122
99.546,63.368,56.541,55.587
101.766,62.735,55.804,55.800
102.172,62.507,55.360,55.761
104.729,63.840,54.670,56.238
106.481,64.677,54.004,56.598
107.358,65.866,53.324,56.916
108.714,65.752,53.456,56.242
108.864,65.870,53.333,55.613
109.575,64.584,53.320,54.836
111.589,62.437,53.124,54.202
113.021,60.884,52.941,53.557
113.700,58.059,53.033,52.721
114.160,56.958,53.005,52.147
115.341,55.217,52.933,51.598
114.358,53.906,52.881,51.256
113.227,53.522,52.790,50.982
110.264,52.651,52.812,50.765
107.162,53.395,52.875,50.727
104.987,53.166,52.416,50.992
104.220,53.761,51.615,51.415
102.849,54.229,50.926,51.847
101.064,55.080,50.013,52.470
97.929,55.350,49.238,53.185
92.945,54.467,48.637,53.898
88.284,54.580,48.097,54.325
81.426,55.160,48.005,54.621
77.177,57.061,47.747,54.895
71.079,56.973,47.350,55.237
68.165,56.222,47.054,55.106
65.826,57.193,46.576,55.072
64.439,54.911,46.032,55.166
64.271,55.195,45.573,55.036
66.681,54.109,45.321,54.816
68.528,53.755,44.884,54.877
72.212,53.330,44.818,54.535
75.838,53.331,44.574,54.383
80.283,53.318,44.582,54.274
84.287,52.880,44.588,54.323
88.767,53.088,44.817,53.970
93.600,53.268,45.052,53.828
99.016,52.813,45.089,53.913
104.389,52.922,45.041,54.113
110.195,51.523,44.736,54.559
114.880,50.379,44.622,54.785
118.580,48.990,44.540,54.967
122.742,47.547,44.312,55.338
126.332,46.293,44.177,55.675
129.585,46.479,44.259,55.967
131.040,46.311,44.018,56.520
135.131,44.298,43.658,56.862
137.215,43.545,43.477,56.869
139.696,43.632,43.438,56.586
141.517,44.262,43.375,56.190
144.496,45.205,43.574,55.507
147.242,47.081,43.697,54.752
150.502,49.567,43.595,54.173
153.010,51.545,43.334,53.502
153.570,53.685,43.488,52.621
156.108,54.342,43.245,52.331
157.141,54.330,43.150,52.257
158.823,53.994,43.036,52.397
160.550,54.239,43.102,52.539
163.147,52.906,43.115,52.602
165.515,51.845,43.438,52.568
168.385,50.263,43.829,52.520
171.631,47.569,44.046,52.673
173.431,45.269,44.403,52.693
177.152,42.763,44.808,52.862
177.914,40.425,45.164,53.103
180.989,37.266,45.943,53.326
182.241,34.953,46.548,53.675
184.087,34.006,47.743,53.676
185.263,33.777,48.999,53.859
186.280,34.518,50.500,54.223
187.205,35.881,51.683,54.605
188.573,39.303,53.223,54.431
190.361,41.764,54.794,54.599
190.062,45.027,55.884,54.871
191.061,48.837,57.529,54.999
192.995,52.555,58.841,55.261
195.825,53.374,59.451,55.917
198.420,54.384,59.757,56.397
199.780,54.365,59.955,56.993
201.395,54.671,60.136,57.609
202.404,53.811,60.314,58.084
202.249,53.554,60.434,58.495
202.723,52.039,60.309,59.146
201.690,50.629,60.065,59.512
200.339,51.021,59.839,59.825
199.859,50.192,59.670,59.966
198.385,51.598,60.011,60.123
198.242,52.487,60.565,60.131
196.820,54.303,61.449,59.905
196.105,57.336,61.955,60.283
197.152,57.933,62.182,60.558
199.118,59.581,62.485,60.981
202.337,62.079,62.739,61.011
204.106,63.619,62.728,61.315
205.347,64.251,62.224,61.324
206.663,64.211,61.339,61.444
205.904,62.894,60.087,61.869
204.535,61.188,59.260,62.019
203.455,60.906,58.208,62.089
200.972,60.440,57.090,62.179
199.297,59.045,55.711,62.662
196.312,57.856,54.726,62.454
193.765,57.306,53.933,62.069
190.178,57.936,53.194,61.732
186.859,59.161,52.394,61.188
183.570,59.997,51.586,60.769
180.193,61.586,50.789,60.582
177.426,64.902,50.198,60.139
174.184,67.513,49.642,59.778
170.750,69.786,49.035,59.158
166.281,71.527,48.656,58.421
163.232,73.920,48.147,57.755
159.763,74.274,47.440,57.276
156.653,74.772,46.961,56.586
154.140,74.581,46.411,56.047
151.742,73.992,45.797,55.544
150.953,73.218,45.073,55.146
150.751,72.804,44.421,54.742
153.511,71.342,44.198,54.153
157.128,69.706,43.991,53.791
159.778,68.605,43.501,53.622
164.218,67.977,42.816,53.603
168.292,67.013,42.141,53.687
171.502,66.013,41.465,53.792
173.406,67.306,40.829,53.642
176.459,68.327,40.895,52.827
179.338,69.980,40.969,52.128
181.512,70.980,40.670,51.840
183.750,71.520,40.464,51.290
187.358,74.510,41.004,50.112
192.178,76.475,41.210,49.166
196.090,77.665,41.254,48.313
200.379,77.929,41.097,47.775
205.863,78.107,41.078,47.374
210.763,77.317,41.384,46.742
214.676,78.199,42.006,46.060
218.481,78.340,42.789,45.292
223.773,78.114,43.497,44.358
226.182,78.493,43.559,43.615
230.125,76.683,44.001,42.770
233.755,77.930,44.379,41.859
235.506,77.830,44.263,41.252
237.693,77.862,43.883,40.926
238.886,78.279,43.442,40.820
240.516,78.519,43.035,40.697
241.672,78.417,42.538,40.668
242.289,78.516,41.981,40.589
241.726,78.227,41.586,40.288
240.033,77.990,40.914,40.306
239.519,78.001,40.186,40.336
239.130,78.713,39.641,40.293
238.988,78.751,38.991,40.287
238.939,79.282,38.390,40.312
240.557,79.419,38.222,39.975
242.139,78.577,38.209,39.551
243.540,79.425,38.006,39.239
248.286,79.560,38.848,38.394
252.102,80.630,39.622,37.721
266.208,92.212,39.759,37.349
266.062,92.371,39.804,37.207
266.296,92.599,39.649,37.224
266.374,92.541,39.373,37.152
265.919,92.880,39.082,37.128
265.016,93.224,38.578,37.154
264.833,92.870,38.037,37.053
264.233,93.038,37.504,36.934
263.441,93.186,36.771,36.760
263.468,93.601,35.954,36.585
263.933,93.847,35.207,36.442
264.659,93.667,34.510,36.187
265.521,93.817,33.847,36.055
266.181,94.266,33.168,35.946
267.647,94.549,32.574,35.901
271.245,93.377,31.898,35.832
272.475,93.274,31.557,35.408
274.463,93.526,31.249,34.808
275.043,93.569,30.970,34.277
276.178,93.354,30.983,33.668
276.332,92.675,31.075,33.077
277.567,92.426,31.419,32.399
277.499,91.711,31.574,32.143
278.899,91.826,31.490,32.309
280.824,89.854,30.945,32.881
283.996,88.688,30.146,33.205
285.347,87.637,29.031,33.709
285.084,87.128,28.149,34.079
285.050,86.878,27.468,34.472
285.367,86.899,26.910,34.617
285.472,86.702,26.585,34.595
284.726,86.622,26.164,34.720
283.718,86.054,25.928,34.941
282.760,85.892,25.706,34.863
282.372,85.284,25.666,34.740
279.561,85.337,25.887,34.579
279.288,84.991,25.825,34.343
278.066,84.667,25.718,34.265
276.320,84.434,25.708,34.279
