294.000,135.000,44.000,171.000
293.445,137.630,47.727,166.744
291.811,138.530,50.360,163.396
292.501,138.751,52.032,161.236
292.739,141.142,53.189,160.003
293.211,141.276,54.006,159.632
293.843,142.929,54.304,160.265
293.353,141.562,54.355,160.657
293.904,143.784,54.486,160.234
294.149,143.440,54.727,159.858
293.240,142.107,54.758,159.996
291.216,139.934,54.574,159.788
291.427,141.546,54.508,159.638
287.447,141.165,54.348,159.570
286.512,142.210,54.065,159.295
283.155,143.327,53.704,158.867
281.315,141.594,53.755,158.367
278.598,141.269,53.656,158.443
276.409,144.374,54.173,157.131
274.007,147.139,54.482,156.118
273.935,147.636,54.940,154.809
271.113,144.865,54.964,154.559
269.977,146.481,55.113,154.236
269.035,149.881,55.327,152.763
268.006,149.431,55.238,152.066
268.792,151.450,55.060,151.683
268.140,150.140,54.915,151.445
268.782,150.767,54.619,152.080
268.012,152.223,54.248,152.620
267.184,153.160,54.187,152.379
265.877,155.087,54.028,152.124
264.671,156.510,53.437,152.163
263.367,156.694,52.972,151.767
262.492,157.412,52.425,151.420
260.983,157.138,52.118,150.910
259.323,157.260,52.415,149.871
255.981,159.071,53.061,148.376
254.739,156.700,53.456,148.407
254.991,155.220,53.744,147.926
253.212,153.797,52.572,149.987
251.681,155.035,51.855,150.938
249.264,154.573,51.665,151.301
248.729,157.188,51.496,150.350
248.612,159.518,51.227,149.438
248.085,161.208,51.314,148.293
247.718,162.632,51.710,147.378
246.569,162.867,52.260,146.501
246.972,161.098,52.758,145.904
248.497,166.532,52.837,145.573
247.995,172.370,52.641,145.095
246.792,164.693,53.168,144.423
245.747,162.409,53.551,144.241
244.056,158.756,53.170,144.812
243.024,155.011,53.062,145.610
241.071,155.148,53.246,145.771
240.830,152.159,53.320,147.321
240.384,150.543,53.562,149.624
237.270,142.644,54.886,151.519
236.718,140.574,55.868,154.853
235.485,137.215,57.701,157.141
237.407,131.975,58.969,160.737
240.038,139.079,60.354,162.239
241.454,127.805,60.704,163.921
242.460,132.686,61.916,165.199
243.382,127.211,63.223,165.234
243.947,129.720,64.529,164.310
246.096,128.540,64.783,163.985
247.406,127.140,65.147,163.556
262.204,122.914,65.461,164.489
264.137,126.929,66.170,164.265
278.893,124.156,66.848,164.294
282.734,128.688,66.880,164.842
298.171,122.092,66.962,165.266
303.030,128.964,67.134,166.235
307.199,121.864,67.104,166.628
313.325,126.491,67.255,166.946
318.420,120.796,67.411,166.894
323.944,123.768,67.611,166.529
328.482,118.596,67.832,166.497
333.700,122.393,68.149,166.386
336.391,118.069,68.654,166.246
341.681,121.819,68.872,166.188
345.052,119.999,69.352,165.941
348.684,123.224,70.037,165.460
352.781,120.825,70.573,165.404
357.074,123.001,71.382,164.891
361.590,118.328,71.683,164.553
366.535,121.891,71.924,164.000
370.982,116.672,72.034,163.633
375.655,119.150,72.055,162.951
380.343,117.171,72.380,162.480
385.179,118.369,72.400,162.092
390.114,117.966,72.607,162.088
394.169,116.012,72.641,162.051
398.877,120.462,72.782,162.263
403.237,117.127,72.864,162.683
407.524,116.264,73.050,162.822
411.298,117.054,73.242,162.316
416.286,114.685,73.316,162.224
421.309,116.644,73.002,161.656
425.296,116.108,73.257,161.063
429.428,118.228,73.149,160.753
433.895,116.862,73.128,160.414
438.251,122.173,73.384,159.821
442.093,116.896,73.005,160.801
447.024,122.169,73.347,160.198
450.965,118.765,73.637,160.892
454.377,119.714,73.396,160.906
456.286,122.090,73.462,160.802
458.161,122.217,73.353,160.677
458.521,123.928,73.425,160.807
459.268,123.923,73.303,160.980
460.401,124.904,73.306,160.816
461.146,128.217,73.484,160.963
462.145,124.701,73.899,161.514
462.574,127.710,73.868,161.608
462.618,124.931,74.357,162.161
464.882,126.944,74.338,162.296
465.324,122.716,74.433,162.285
467.836,127.460,74.098,162.696
468.839,122.126,74.257,163.047
468.908,122.877,73.785,163.251
471.106,121.389,73.382,163.711
472.301,122.425,72.898,164.147
472.911,117.323,72.490,164.130
472.957,118.931,71.886,164.926
473.547,120.262,71.028,165.869
474.423,117.451,70.641,165.972
473.159,119.055,69.695,167.286
472.687,119.699,68.774,168.447
472.400,115.714,68.338,168.645
471.910,114.133,67.528,169.641
471.388,111.950,66.300,172.336
469.699,107.702,65.508,174.202
468.209,105.129,64.853,175.996
466.351,105.580,64.469,177.469
465.037,106.414,64.102,178.788
463.259,104.323,64.445,179.356
463.533,103.639,65.288,177.943
465.335,102.977,65.634,176.864
466.512,103.427,64.875,177.602
467.622,103.198,64.584,177.871
468.977,113.466,63.775,179.579
479.955,115.719,62.914,178.884
478.570,107.914,62.048,179.987
457.722,88.554,66.536,175.623
452.764,86.926,69.552,173.503
451.024,76.357,68.783,176.763
451.457,68.080,68.894,179.785
452.993,68.115,69.558,180.981
454.163,68.554,71.134,181.657
455.335,70.349,72.374,182.727
458.040,71.384,73.250,183.745
458.841,76.162,77.205,180.649
458.481,77.036,80.587,178.752
473.309,65.381,80.507,179.186
476.846,63.503,81.724,178.845
482.490,64.614,78.879,183.094
487.510,64.040,76.430,186.313
492.843,65.604,74.216,188.699
495.788,61.240,72.421,190.844
501.107,56.323,71.544,193.296
503.095,61.463,71.485,192.592
504.404,61.783,71.710,192.086
507.446,66.347,71.531,191.475
509.308,58.754,71.427,190.107
513.964,74.106,71.680,188.040
516.600,79.349,72.071,187.305
518.219,86.326,72.897,186.342
522.207,88.821,73.090,186.406
526.648,88.470,72.714,187.823
531.374,86.201,72.679,189.294
534.672,83.203,73.005,189.008
537.343,80.961,72.553,188.210
540.878,77.529,72.752,186.271
543.605,76.025,73.280,183.880
547.242,77.519,73.748,181.246
546.940,73.638,73.768,180.704
548.638,74.691,73.804,179.906
551.789,75.621,74.039,179.452
553.468,74.253,73.963,179.780
555.841,73.726,73.849,179.861
560.328,77.445,73.945,179.769
563.343,72.766,74.319,180.379
565.552,74.403,74.529,180.958
566.285,77.681,74.943,180.663
566.740,80.616,74.767,181.549
568.513,83.463,74.612,181.966
572.549,77.314,73.230,184.585
575.399,70.909,71.078,187.839
575.822,72.863,71.101,187.978
576.946,78.199,70.699,188.881
579.411,78.977,70.265,190.105
580.733,79.992,69.799,189.906
583.886,83.788,68.630,190.297
583.411,85.526,67.687,190.194
584.063,89.205,66.810,190.879
583.663,92.137,66.610,189.968
585.406,94.303,65.357,190.481
587.038,101.667,64.161,190.945
589.183,98.561,63.533,191.371
590.658,102.417,62.366,191.263
591.684,104.683,61.189,191.127
592.647,104.415,60.113,191.319
593.254,105.320,59.164,191.052
593.786,107.912,58.367,190.549
594.297,111.533,58.289,189.453
574.749,180.325,63.193,184.104
574.325,187.428,68.757,176.359
572.309,189.790,71.883,170.345
571.803,193.929,73.926,165.813
571.322,200.225,75.785,161.904
574.431,198.824,75.261,159.980
577.561,194.519,74.487,158.672
577.247,191.202,74.830,156.676
580.023,185.324,74.664,155.423
581.206,178.680,72.994,156.085
582.493,173.835,71.559,156.304
582.865,172.600,70.006,157.173
583.582,170.358,69.565,156.142
584.786,168.708,68.900,154.475
586.751,165.905,67.577,153.449
589.614,162.740,65.970,151.838
591.891,163.515,64.720,149.271
593.852,161.947,63.227,146.395
595.512,165.486,61.796,144.146
597.803,164.359,59.640,143.359
599.399,161.576,56.743,143.902
601.013,154.083,54.312,145.138
600.721,150.071,52.614,146.941
600.082,145.389,51.312,148.432
597.408,96.044,50.538,149.463
595.528,94.054,49.913,150.197
593.732,94.225,49.694,150.891
592.445,93.038,49.657,151.328
591.781,94.239,49.797,151.669
590.687,94.240,50.171,151.778
590.494,53.770,50.740,151.977
589.977,43.224,51.566,151.006
589.280,43.737,52.021,150.111
589.084,45.264,53.070,148.507
587.413,47.736,53.515,147.285
587.679,50.592,54.083,145.888
586.734,53.153,54.778,144.356
586.394,53.303,54.775,143.506
585.719,54.766,54.707,143.016
584.964,54.513,54.556,142.824
584.522,53.907,54.433,142.686
581.165,45.161,55.890,139.873
579.496,47.377,56.835,138.261
578.282,50.898,57.778,136.431
579.645,54.335,57.285,136.977
578.494,53.308,57.729,135.641
576.904,63.961,58.584,133.858
576.919,60.839,58.944,132.504
577.002,59.321,59.348,131.497
577.083,58.231,59.256,131.257
577.225,67.682,59.443,130.723
577.452,66.459,59.518,130.474
577.742,65.035,59.511,130.330
577.782,63.589,59.510,130.166
577.827,62.614,59.560,129.910
560.521,38.824,63.993,123.806
556.787,39.335,67.452,118.899
553.858,41.019,70.622,114.329
544.833,42.132,72.949,111.422
546.335,44.949,75.312,107.854
536.731,45.839,77.285,105.173
538.238,47.497,78.525,103.013
528.925,46.079,80.179,100.914
530.970,47.083,80.804,99.375
529.235,37.045,81.581,97.461
525.949,39.543,81.991,95.761
524.030,40.898,82.248,94.084
522.074,41.523,82.330,92.252
519.621,42.510,82.015,90.957
518.348,43.429,81.842,89.275
516.956,44.389,81.338,87.589
516.027,45.076,80.653,85.948
514.740,45.503,79.934,84.212
512.293,46.381,79.212,82.388
510.132,46.918,78.423,80.873
507.211,48.187,77.734,79.598
503.582,49.139,77.164,78.163
501.680,49.792,76.421,76.775
497.646,49.848,75.526,75.751
494.440,50.654,74.750,74.546
490.267,51.579,74.290,73.301
486.445,53.161,73.425,72.351
482.789,53.628,72.657,71.568
478.890,54.063,71.881,70.624
475.024,54.586,71.369,69.435
470.781,54.451,70.483,68.776
466.312,54.186,69.524,68.107
462.792,54.282,68.168,67.830
452.526,56.025,68.138,66.410
450.387,55.152,67.010,65.790
448.435,53.952,65.212,65.910
445.586,51.488,63.460,66.235
435.631,52.391,62.445,66.184
426.039,53.750,62.412,65.033
416.422,55.182,62.252,63.963
414.108,53.713,60.946,63.747
403.824,54.086,60.665,63.004
402.149,54.122,59.356,63.126
393.253,53.596,58.984,62.063
391.072,53.948,57.893,61.970
383.253,54.941,57.440,61.071
381.727,53.022,56.271,60.890
379.743,53.460,55.152,61.036
373.124,54.885,54.803,60.300
372.473,52.717,54.018,59.484
370.026,53.357,52.740,59.772
367.122,53.404,51.755,59.925
364.027,52.455,50.975,59.860
364.098,50.295,48.330,61.848
356.852,49.641,48.522,60.661
357.373,48.686,46.388,62.036
349.822,50.533,47.023,60.570
346.422,50.085,47.073,59.763
343.012,50.351,46.754,59.673
339.204,50.483,46.481,59.415
332.605,51.632,46.903,58.373
329.215,51.872,46.352,58.544
325.560,51.130,45.907,58.589
319.698,51.775,46.322,57.490
313.497,51.218,46.854,56.300
308.530,51.737,46.902,55.323
303.743,51.839,47.158,54.195
298.703,51.482,47.068,53.321
312.083,54.927,53.354,47.972
308.509,55.852,58.315,43.819
306.673,52.055,61.731,40.930
299.610,54.239,64.713,38.614
293.406,54.978,66.568,37.165
288.581,55.920,67.417,36.496
288.871,55.363,67.603,36.319
265.186,37.275,72.011,33.333
274.993,29.254,71.697,32.980
267.465,28.747,72.285,32.538
255.624,35.252,75.291,30.607
237.832,28.657,75.191,30.652
220.404,28.571,75.116,30.822
203.564,28.722,74.843,31.132
191.869,28.263,74.896,31.160
186.462,27.662,74.867,31.192
178.497,27.293,74.753,31.281
177.544,27.334,75.010,31.174
190.456,26.806,75.080,31.163
196.161,22.306,77.428,29.676
188.454,23.991,79.114,28.530
179.112,24.542,80.399,27.691
161.661,24.609,81.692,26.617
167.511,51.102,80.482,27.456
150.509,50.648,78.874,28.279
133.805,50.885,77.276,29.005
112.491,55.989,76.868,29.222
103.483,56.303,75.279,30.113
93.849,55.294,74.323,31.226
90.710,53.440,71.641,33.298
94.260,48.848,66.455,37.188
95.890,45.665,60.848,41.957
89.775,43.706,56.645,45.413
84.022,41.510,53.828,47.873
78.583,39.483,51.855,49.430
72.901,38.864,50.284,50.573
67.566,38.178,49.089,51.060
62.197,37.616,48.369,50.992
56.794,37.091,47.796,50.827
52.803,35.050,46.691,50.887
48.494,34.485,45.697,51.231
42.374,33.667,45.265,50.897
38.713,32.693,44.510,50.982
34.506,33.052,43.904,51.182
29.994,32.850,43.363,51.461
25.395,32.809,42.969,51.432
20.438,32.664,42.635,51.185
11.969,33.331,42.691,50.582
6.523,34.163,42.778,49.962
1.649,34.227,43.016,49.397
-1.059,33.785,42.388,49.988
-2.938,32.815,41.210,51.346
-4.287,31.189,38.809,53.533
-5.756,29.609,35.979,56.417
-5.985,26.901,32.978,59.659
-5.997,24.492,30.054,62.940
-5.621,23.548,27.949,65.432
-4.857,-0.787,26.742,67.101
-4.750,-4.517,25.974,67.764
-4.272,-4.324,25.553,68.303
2.391,-9.881,25.851,68.093
1.903,-5.185,25.802,68.354
0.392,-6.391,25.583,68.854
-0.606,-7.382,25.455,69.115
-6.457,-9.167,24.921,69.942
5.736,-8.316,25.276,69.511
4.618,-8.103,25.264,69.571
-1.082,-8.719,25.193,69.795
-1.514,-8.369,25.129,69.872
-1.829,-8.746,25.053,70.138
-1.613,-7.058,24.794,70.570
-1.087,-7.279,24.625,71.109
16.595,-3.339,24.110,72.157
10.236,-5.244,23.639,74.159
2.912,-5.543,23.356,76.523
-2.632,-6.715,23.229,78.439
-2.781,-5.813,23.092,79.213
4.098,-5.589,23.197,79.537
4.063,-6.217,23.427,80.200
-0.715,-6.755,23.775,81.417
-1.079,-6.396,23.971,82.268
-1.537,-7.196,24.059,83.242
10.826,-6.355,26.066,80.426
16.025,-4.749,26.284,80.561
9.046,-6.966,27.319,79.685
7.379,-6.211,27.215,80.698
5.991,-7.071,27.061,82.102
0.117,-7.060,26.717,84.187
0.157,-7.092,26.610,85.955
0.808,-7.065,26.545,87.778
0.800,-6.683,26.482,88.977
0.759,-7.184,26.346,90.498
0.669,-7.891,26.511,91.533
0.408,-7.183,26.933,92.264
0.379,-6.797,27.247,93.412
-0.009,-9.242,27.876,92.698
-0.824,-9.050,28.274,93.197
-1.687,-8.778,28.577,93.922
-2.628,-8.462,29.240,94.088
-2.136,-8.548,29.853,94.436
-1.837,-9.362,30.115,94.932
-1.302,-8.340,30.000,96.076
-0.063,-6.844,29.986,96.589
0.188,-8.626,29.859,97.427
0.303,19.897,29.579,98.639
0.628,23.121,29.667,99.071
0.580,22.626,30.528,99.372
1.464,26.200,31.274,99.593
-5.522,22.895,31.038,100.771
-5.030,20.680,31.206,101.808
-3.848,24.393,31.252,102.543
-1.890,26.400,31.373,103.365
5.997,29.981,32.883,103.109
-1.347,26.449,33.593,103.852
-0.707,27.606,34.204,104.665
0.810,27.008,34.760,105.918
1.422,31.559,35.387,106.901
2.033,29.403,35.899,108.250
1.586,33.045,36.781,109.093
0.886,35.877,37.619,109.349
0.292,39.862,39.291,108.213
1.198,36.393,40.267,108.592
0.734,35.101,41.571,109.106
-0.429,32.106,42.298,110.312
-0.260,35.811,43.184,110.501
-1.769,29.700,43.515,112.732
-2.448,29.823,43.686,114.902
-3.783,34.370,43.957,116.218
-4.217,31.760,43.697,118.179
-4.819,27.324,42.833,121.107
-4.754,22.215,41.580,124.352
-2.806,17.760,40.022,127.222
-1.807,13.376,39.245,127.464
-3.660,15.753,39.161,128.549
-5.875,15.712,39.376,128.983
-7.427,14.650,39.400,129.582
-8.724,14.690,39.623,129.485
-8.886,17.313,39.705,128.984
-8.613,18.365,39.411,128.600
-8.619,19.067,38.986,128.128
-8.767,21.044,38.497,127.605
-8.688,23.490,37.969,127.457
-9.306,25.093,37.642,127.499
-9.767,26.299,37.361,127.478
-10.005,22.106,37.186,126.716
-10.101,24.924,36.919,126.572
-10.450,27.473,36.809,126.104
-10.204,27.816,36.667,125.989
-10.217,28.845,36.555,125.848
-10.472,29.195,36.459,125.815
-11.147,28.740,36.386,125.991
-11.788,28.513,36.362,125.722
-12.680,29.567,36.237,125.546
-3.800,29.976,36.383,124.836
-4.276,30.533,36.271,124.469
-4.263,30.873,36.037,124.536
-4.060,26.471,35.919,123.826
-2.910,28.287,35.634,123.468
-1.703,29.172,35.410,123.143
-0.013,54.206,35.985,122.128
0.341,57.145,37.587,119.673
1.317,53.598,38.193,119.116
8.815,58.998,40.061,116.466
7.381,56.882,41.927,114.257
-1.054,53.237,41.416,115.202
-0.535,55.633,41.105,115.187
-0.019,52.429,41.024,115.528
0.744,57.717,41.641,114.476
0.753,54.275,41.626,114.416
0.999,52.678,41.981,114.377
0.475,51.638,42.048,114.631
0.730,51.406,42.020,114.900
0.814,50.558,41.972,115.066
1.322,55.281,42.408,114.403
1.489,52.760,42.314,114.784
1.724,48.115,42.299,115.148
1.393,51.056,42.216,115.309
1.864,51.088,42.189,115.401
2.078,51.654,42.243,115.281
2.511,50.502,42.295,115.304
3.053,50.049,42.282,115.343
3.465,49.360,42.288,115.403
3.021,54.277,42.303,115.387
3.211,51.474,42.275,115.383
3.114,47.533,42.327,115.284
3.351,49.333,42.315,115.253
3.677,47.326,42.321,115.151
3.228,47.828,42.355,114.999
3.623,48.634,42.357,114.920
4.224,48.391,42.302,114.911
4.046,47.826,42.331,114.846
3.592,51.734,42.629,114.421
3.716,47.553,42.607,114.386
3.404,52.296,43.145,113.697
3.556,50.742,43.755,113.163
-3.870,46.263,43.217,113.799
-1.765,46.758,42.698,114.455
-0.515,51.796,43.239,113.663
-0.083,47.983,43.835,113.268
-0.529,52.384,44.303,112.863
-0.525,49.481,44.604,112.768
-0.090,47.682,44.739,112.622
-7.042,43.215,44.076,113.206
-4.331,42.062,43.964,113.308
-1.832,47.602,43.945,113.217
46.377,46.572,44.816,110.734
44.279,45.968,45.705,108.732
44.595,43.417,45.591,107.784
43.836,42.738,45.088,107.531
42.985,42.730,44.828,107.082
41.815,42.587,44.585,106.878
40.806,41.942,44.352,106.569
39.487,39.931,44.199,106.234
37.472,39.011,44.090,106.107
18.785,49.340,46.581,103.363
16.604,58.225,50.273,99.171
14.404,57.311,53.601,95.316
13.094,57.485,56.043,92.579
11.274,56.355,57.858,90.625
12.287,55.270,58.938,89.445
9.633,61.907,60.352,87.567
6.532,67.884,62.356,84.728
7.883,64.795,63.429,83.225
6.584,62.653,64.108,82.275
6.615,59.920,64.277,81.879
6.390,57.711,64.346,81.841
3.985,64.114,64.990,80.791
4.363,61.386,65.605,79.919
3.735,59.090,65.684,79.684
4.068,56.442,65.684,79.547
4.201,53.586,65.355,79.952
2.465,59.605,65.781,79.098
1.324,66.240,67.184,76.675
3.902,53.734,66.366,77.834
5.308,51.048,65.300,79.281
3.550,56.434,65.192,79.308
3.301,53.207,64.473,80.004
3.885,58.243,64.777,79.077
2.530,55.864,64.489,79.208
2.778,53.113,64.142,79.866
2.512,58.941,64.218,79.663
1.446,56.765,64.094,79.714
0.733,62.731,64.674,78.576
1.301,59.143,64.617,78.289
2.287,56.546,64.179,78.746
2.525,52.443,63.516,79.672
2.613,58.188,63.576,79.679
2.872,55.653,63.540,79.998
3.503,52.501,63.330,80.912
3.522,57.957,63.499,80.917
3.294,55.703,63.558,80.833
4.081,47.544,61.978,83.879
5.961,52.853,62.251,83.784
5.710,49.243,62.270,84.165
5.324,56.207,62.673,83.740
5.124,52.718,62.798,84.012
4.380,58.003,63.489,82.829
5.242,55.308,63.442,83.032
4.994,60.805,64.314,81.650
5.831,57.788,64.149,81.812
5.169,54.772,63.813,82.531
5.476,61.558,64.219,81.964
6.847,58.253,63.926,82.305
5.477,63.335,64.456,81.198
4.313,59.307,64.267,81.573
5.139,52.386,62.599,84.183
7.281,59.018,62.725,84.567
5.598,64.820,63.918,82.953
6.234,61.684,63.839,82.758
6.196,60.299,63.539,83.751
7.421,58.471,63.263,84.398
5.828,64.968,63.303,84.319
5.913,64.597,63.295,84.798
6.327,64.469,63.121,85.976
5.787,64.903,63.250,86.794
5.892,71.682,64.133,85.557
5.939,70.160,64.700,85.384
4.991,69.641,65.031,85.739
5.048,77.302,65.999,84.444
5.139,77.155,66.183,84.785
5.456,77.572,66.484,85.479
5.021,85.802,67.836,84.412
5.897,84.656,68.293,85.038
6.614,93.736,70.153,83.427
4.632,92.996,70.593,83.648
7.452,93.898,71.269,83.600
6.279,102.298,72.442,82.286
6.496,109.075,74.481,80.156
7.411,109.629,75.938,78.814
4.473,123.430,80.986,73.561
7.897,133.761,86.733,67.715
1.589,135.445,91.591,63.105
1.277,135.783,95.082,59.822
1.779,138.404,98.289,57.067
0.363,140.163,101.091,54.912
3.434,141.678,103.602,52.834
1.798,142.639,105.382,51.343
5.417,144.433,106.464,50.202
5.719,145.807,107.646,49.124
9.005,147.145,108.351,48.353
10.152,148.699,109.124,47.662
13.226,150.527,109.596,47.199
13.954,151.085,110.019,46.803
15.594,151.753,110.234,46.597
17.301,152.468,110.364,46.439
20.002,152.639,110.315,46.406
20.366,154.177,110.326,46.237
22.684,155.234,111.184,45.636
21.997,156.797,111.250,45.508
24.751,156.747,111.462,45.341
24.829,156.560,111.764,45.061
26.466,156.109,111.799,44.991
26.703,155.749,112.830,44.242
27.691,154.341,112.984,44.028
31.064,154.155,112.924,43.903
31.884,153.669,114.216,42.923
34.444,153.116,115.047,42.307
35.988,152.135,115.666,41.856
36.783,150.412,115.025,42.252
40.731,150.812,114.469,42.561
39.984,149.932,115.081,42.090
41.583,149.843,114.704,42.240
44.461,150.486,115.322,41.759
45.633,142.943,116.021,41.271
47.550,151.501,116.442,40.894
46.892,150.706,116.863,40.523
48.752,150.887,117.289,40.301
51.016,150.661,117.536,40.238
51.991,150.227,116.656,40.901
51.624,149.958,115.851,41.507
54.223,148.193,114.932,42.129
51.295,149.235,114.662,42.318
52.185,149.708,114.225,42.635
53.223,150.392,113.694,42.930
49.471,150.617,114.300,42.530
50.010,150.093,113.929,42.742
48.992,152.342,114.538,42.329
48.684,152.985,113.979,42.599
47.507,154.059,114.392,42.186
54.392,153.029,113.460,42.427
50.823,151.716,112.591,42.641
48.131,150.691,112.166,42.769
43.997,150.120,112.769,42.331
40.471,149.511,113.603,41.724
38.618,148.967,114.277,41.292
37.562,142.449,115.432,40.640
35.151,145.267,115.992,40.304
35.106,148.682,116.142,40.173
33.094,148.807,116.232,40.127
33.310,149.330,116.302,40.067
30.801,149.171,115.678,40.494
38.428,156.572,114.740,40.836
37.125,156.039,114.027,41.060
27.128,155.300,114.085,40.845
25.393,153.467,114.294,40.586
22.549,153.300,114.357,40.529
19.494,153.686,114.596,40.403
28.927,161.533,114.149,40.478
27.744,161.335,113.535,40.681
23.849,161.008,113.606,40.456
22.741,159.717,113.047,40.619
20.703,158.706,112.250,40.911
17.942,158.336,112.295,40.773
27.332,166.590,111.902,40.790
26.678,165.241,111.408,40.903
25.976,164.418,111.125,40.890
26.583,163.876,111.091,40.852
33.499,164.560,110.268,41.053
24.196,163.505,110.023,41.066
24.860,162.119,110.027,40.996
23.678,161.139,109.895,40.919
17.020,153.311,110.668,40.376
16.007,154.474,111.153,40.061
19.379,161.882,111.028,40.116
17.392,161.156,110.660,40.241
15.580,159.740,110.139,40.340
14.321,158.509,109.929,40.279
10.582,156.964,110.311,39.858
10.532,157.010,110.885,39.499
-21.890,132.736,98.636,51.138
-26.544,122.794,86.595,64.061
-21.622,113.393,74.897,76.528
-17.651,108.449,65.776,86.886
-14.143,100.530,58.671,95.167
-12.647,97.900,53.109,101.914
-10.569,93.801,48.767,107.772
-9.134,90.620,45.618,112.095
-7.747,88.183,43.180,115.289
-7.022,82.773,41.398,117.590
-6.906,79.968,40.048,119.656
-7.268,79.951,39.114,121.388
-7.794,78.964,38.634,121.631
-7.630,77.356,37.975,122.097
-6.892,77.310,37.586,122.227
-5.884,73.679,37.478,121.677
-6.050,70.156,37.321,121.955
-6.077,68.286,36.973,122.047
-6.060,68.778,36.555,122.474
-6.325,68.989,36.387,122.161
-6.108,68.969,36.428,121.500
-5.951,68.249,36.471,121.027
-5.500,68.626,36.265,120.736
-5.138,68.702,36.189,120.424
-5.013,69.615,36.007,120.052
-4.292,68.286,36.034,119.604
-3.438,68.226,35.724,119.823
-2.998,71.386,35.731,119.503
-2.903,70.140,35.939,119.583
-2.903,72.893,36.043,118.778
-3.481,70.582,35.952,119.007
-4.551,73.604,35.838,119.695
-5.014,71.818,35.893,119.458
-5.385,71.911,35.846,119.115
-6.047,70.848,35.299,119.468
-5.194,72.291,34.832,119.879
-4.275,71.375,34.659,119.875
-5.029,71.845,34.675,119.982
-5.464,72.539,34.933,119.507
-4.626,72.732,34.865,119.261
-4.370,70.923,35.234,118.586
-4.531,71.322,35.785,117.466
-4.686,73.184,36.082,116.963
-4.623,73.880,36.476,116.421
-3.718,73.094,36.476,116.659
-3.321,73.557,36.506,116.675
-3.681,72.667,36.289,117.466
2.222,74.082,35.981,117.361
-0.233,72.605,35.800,117.624
-1.971,75.325,35.747,117.648
-1.577,74.605,35.818,117.134
-1.452,75.249,35.920,117.113
-2.075,73.971,36.261,117.016
-2.052,74.517,36.286,117.386
-1.282,73.677,36.064,118.439
-1.322,73.544,36.217,119.181
-0.870,73.928,36.748,119.399
-1.798,72.493,37.538,119.893
-1.904,71.935,38.013,120.541
-1.643,72.701,38.864,120.809
-2.495,70.322,39.466,121.532
-2.069,70.426,40.110,121.962
-3.041,67.325,40.821,122.311
-3.221,66.526,41.291,123.272
-3.091,65.006,41.499,124.175
-4.213,63.378,41.867,125.202
-3.626,61.099,41.665,127.193
-3.128,60.093,41.668,128.957
-2.512,56.296,41.701,130.993
-2.928,54.634,42.288,133.154
-2.143,50.209,42.390,135.272
-2.897,46.626,42.701,137.916
-2.561,42.481,42.811,140.677
-2.167,38.706,43.104,143.016
-1.247,36.761,43.777,144.424
-1.944,32.740,44.775,145.892
-2.321,31.809,45.737,146.681
-2.845,31.520,47.084,146.894
-3.318,31.882,48.330,146.952
-2.717,30.917,49.399,147.512
-3.003,29.027,50.825,147.527
-3.319,28.015,51.896,148.117
-2.729,26.041,52.632,149.407
-2.952,25.465,53.624,149.687
-2.657,22.619,54.034,150.700
-2.074,19.979,54.390,151.475
-0.678,18.508,54.338,152.803
0.473,19.217,54.845,153.178
-0.156,19.596,55.638,152.817
-1.023,18.331,56.857,153.242
-1.282,18.117,58.086,153.614
-1.928,18.040,59.214,153.388
-3.026,16.439,60.013,154.391
-3.016,17.637,61.600,153.320
-3.228,18.558,62.910,153.332
-4.013,17.550,64.564,153.471
-4.375,16.447,65.627,154.159
-4.289,15.359,66.886,154.971
-3.934,12.730,67.791,155.883
-4.943,9.537,68.568,157.614
-4.040,10.558,69.568,157.987
-5.812,7.938,70.993,159.169
-5.129,11.032,71.963,159.354
-5.190,10.018,72.801,160.266
-4.968,9.836,73.248,161.375
-4.468,12.207,74.629,161.218
-5.091,10.458,75.499,162.131
-5.056,12.903,76.438,162.715
-5.205,15.578,76.722,163.478
-3.831,15.388,76.799,164.483
-4.155,16.216,77.669,164.837
-3.267,15.861,77.874,165.895
-3.335,17.390,78.463,166.404
-3.494,17.192,79.048,166.627
-2.493,15.063,79.831,166.573
-2.300,15.361,80.498,167.266
-1.807,16.571,81.667,167.187
-1.037,16.204,82.757,166.835
-0.178,16.170,83.650,167.137
0.332,18.080,84.505,167.085
-0.229,18.467,85.188,166.697
1.211,23.944,86.030,165.809
2.866,25.673,86.364,166.093
2.649,23.697,86.636,166.371
3.254,20.972,86.442,167.641
3.774,17.636,86.930,168.537
4.124,19.079,88.512,166.955
5.273,22.071,89.228,166.063
6.918,20.221,89.125,166.557
8.255,21.467,89.930,165.588
10.344,22.425,90.304,164.775
13.219,23.720,89.557,165.042
15.274,23.742,89.086,164.661
17.496,24.785,89.099,163.920
19.676,26.062,88.920,163.419
20.791,25.996,88.145,163.522
22.177,26.131,87.458,163.809
23.852,26.198,86.729,163.939
25.719,25.195,86.019,164.052
28.780,23.131,85.490,163.825
30.414,23.441,85.843,163.072
31.899,23.516,85.950,162.586
34.369,21.832,85.550,162.291
36.214,21.104,85.317,162.236
36.870,19.701,85.384,161.816
39.381,22.836,85.048,161.718
41.359,23.797,84.687,161.600
44.111,23.689,83.910,162.448
47.445,22.960,83.688,162.768
46.574,23.992,83.861,162.379
49.691,21.115,83.474,162.632
50.219,22.909,83.746,161.985
50.757,25.219,83.981,162.019
51.639,26.154,83.819,161.904
52.145,24.358,83.750,161.833
53.635,22.873,83.740,161.707
53.924,25.377,83.929,161.245
54.494,25.877,83.900,160.819
55.141,25.373,83.557,160.987
56.039,26.354,83.574,160.627
57.079,25.277,82.852,160.990
58.294,24.669,82.496,160.893
58.618,24.828,82.727,160.223
59.604,26.356,82.847,160.058
58.083,24.875,83.101,157.724
58.663,26.031,82.725,158.548
58.883,21.474,81.795,159.950
58.050,21.744,81.792,160.192
57.148,19.585,81.802,160.680
55.427,19.792,81.734,160.806
55.519,21.025,81.484,160.561
53.771,21.634,81.388,160.374
53.413,20.479,81.171,160.447
52.290,22.050,81.256,159.665
51.142,22.762,81.401,158.937
49.615,22.331,81.676,157.754
47.621,20.883,82.070,156.932
44.563,21.639,82.197,156.359
43.534,25.484,81.999,156.560
43.863,27.676,81.711,157.365
43.415,27.345,81.388,158.453
42.539,26.697,80.944,159.522
43.014,29.091,80.862,159.765
40.965,23.539,81.664,156.802
40.179,26.316,81.561,156.114
41.905,29.133,81.687,155.964
40.988,25.294,81.065,156.974
40.417,24.089,81.023,157.791
40.461,25.839,81.298,157.706
39.890,27.195,81.476,157.972
39.727,27.442,81.454,158.004
39.128,27.763,81.460,158.178
39.167,26.863,81.659,158.326
39.797,26.062,81.517,159.002
40.165,25.363,81.778,158.943
40.268,26.713,82.084,158.300
40.139,27.745,82.139,158.299
39.390,28.837,82.336,157.909
38.803,27.742,82.202,158.246
37.473,27.702,82.212,158.596
38.102,26.536,82.507,158.956
37.934,27.146,82.950,158.408
36.303,28.389,83.473,157.860
35.490,29.355,83.889,157.590
32.920,26.091,84.566,155.704
31.317,28.744,84.478,155.707
29.773,29.279,84.579,156.087
27.997,30.072,84.397,157.268
26.980,29.746,84.281,157.935
24.836,29.015,84.429,159.071
20.769,27.340,84.990,159.678
17.061,26.346,85.630,159.545
14.645,25.601,85.922,159.461
11.169,25.167,86.378,159.378
8.219,25.453,86.638,159.372
4.635,24.829,86.824,159.639
2.424,24.970,86.619,160.122
0.903,28.329,86.589,159.867
-1.155,29.105,86.919,160.272
-3.276,30.711,86.567,161.137
-5.073,31.630,85.793,162.187
-5.931,32.131,84.754,163.622
-8.445,33.258,84.409,164.521
-7.962,35.079,83.658,165.191
-8.141,35.589,83.017,165.762
-9.498,41.122,82.864,164.681
-9.934,43.813,82.690,163.918
-8.171,41.868,80.997,164.237
-6.981,43.453,79.156,164.665
-6.277,49.913,77.557,164.032
-4.409,52.944,76.319,163.697
-6.030,54.427,76.013,163.437
-7.226,52.293,76.039,162.374
-7.893,52.330,75.807,161.142
-7.793,61.913,74.957,161.107
-8.810,61.538,74.502,160.295
-8.967,60.748,73.869,159.515
-8.793,62.060,73.239,158.847
-6.867,62.667,72.524,158.390
-8.106,64.550,72.186,157.215
-8.961,62.838,71.695,156.589
-9.496,64.649,71.004,155.157
-8.491,65.360,70.283,154.594
-8.419,66.088,69.617,153.798
-7.519,66.910,68.780,153.340
-8.420,68.297,68.322,152.760
-8.457,68.872,67.131,153.117
-10.292,73.452,64.615,155.821
-11.701,72.031,63.319,157.251
-9.756,71.639,61.689,159.056
-9.210,71.944,62.756,157.322
-10.578,71.557,61.552,157.395
-10.268,72.153,60.555,157.413
-10.338,74.585,59.631,156.263
-9.705,77.915,58.399,155.993
-9.199,86.212,56.634,156.466
-8.019,86.044,54.928,157.041
5.504,87.800,54.867,156.213
18.395,100.293,57.300,152.791
-8.636,92.827,56.508,153.360
-8.626,94.759,55.973,153.889
-8.258,97.194,55.644,153.618
4.715,106.122,57.682,150.713
4.361,107.617,57.840,150.983
4.272,107.091,59.614,148.997
4.384,119.255,61.907,145.664
4.075,119.912,63.545,143.261
-5.987,119.231,63.153,143.008
-1.380,119.590,62.523,142.659
2.225,118.904,62.198,142.458
2.427,118.758,62.883,141.389
21.959,137.043,73.550,129.704
15.330,139.962,81.407,121.445
13.578,141.991,86.693,115.949
10.825,144.606,90.910,111.580
10.261,148.286,93.762,109.184
7.783,147.478,95.711,106.906
5.475,155.272,97.110,104.957
4.259,153.946,97.650,104.011
5.232,152.027,98.328,102.785
4.535,151.469,98.522,102.109
4.247,152.139,98.495,101.705
5.343,151.852,98.702,101.182
4.373,159.360,98.136,100.970
5.131,155.946,97.163,101.390
5.546,152.560,95.517,102.266
3.304,150.691,94.333,102.533
4.037,150.325,93.181,103.550
3.566,151.044,91.956,104.559
4.529,149.373,90.847,105.223
5.605,148.611,89.848,106.366
2.138,158.609,89.562,105.596
4.771,153.894,88.490,106.334
-3.231,147.157,84.180,112.474
-0.080,143.295,81.201,116.300
0.878,140.275,78.963,119.699
0.675,137.746,77.756,121.873
0.453,143.256,75.415,124.766
-1.463,138.513,73.496,128.016
-0.382,139.107,71.876,131.003
-0.521,140.290,69.583,134.422
-2.786,136.379,67.681,137.217
-3.434,136.106,64.882,140.475
-2.857,136.202,62.360,143.516
-3.273,134.729,60.469,146.018
-3.078,133.395,58.621,148.333
-3.524,130.808,56.794,150.324
-5.162,132.241,55.289,151.680
-5.989,133.184,53.504,153.285
-6.548,133.396,51.739,154.592
-8.678,131.760,50.303,154.774
-9.247,133.264,48.810,155.277
-10.403,134.278,47.555,156.190
-10.444,135.918,46.389,156.271
-10.718,136.236,45.577,155.228
-10.363,137.242,44.700,154.315
4.632,140.574,47.335,150.320
5.013,141.674,48.202,148.837
4.070,141.443,49.075,147.600
3.842,138.591,49.679,146.567
3.515,147.810,50.324,145.831
3.564,138.851,50.206,145.004
0.705,148.757,50.780,143.764
-1.271,146.178,51.249,142.903
-3.002,135.016,51.593,143.182
-2.955,139.974,53.315,141.130
-2.139,145.472,54.700,139.149
-1.600,147.265,56.164,137.682
22.071,151.956,59.173,134.724
20.158,155.383,60.887,134.046
17.716,153.731,61.852,134.779
13.837,152.538,62.381,135.936
11.003,154.684,63.435,136.594
6.939,152.932,64.020,137.466
4.189,147.970,63.696,138.855
-6.234,147.693,60.702,142.469
-4.771,146.788,57.660,145.272
-4.301,146.498,55.650,148.131
-13.665,147.468,52.540,151.442
-11.203,146.342,50.514,152.796
-9.242,145.826,49.273,153.883
-7.140,141.322,48.508,154.959
3.880,139.334,50.600,154.712
3.207,135.704,52.215,155.772
3.367,132.128,52.913,159.048
2.428,128.317,53.561,161.738
0.948,110.449,54.732,163.152
0.739,106.869,57.523,161.226
0.318,104.017,58.166,161.571
-0.829,104.075,58.598,162.716
0.604,102.613,60.772,161.498
0.934,98.189,61.070,163.350
1.177,96.113,62.151,164.005
3.447,100.195,64.937,163.225
2.355,118.803,66.822,163.277
0.539,137.070,67.798,163.119
-1.054,137.292,67.924,164.987
-0.421,141.206,67.948,166.896
-2.348,142.919,68.032,168.853
-2.396,141.478,67.610,171.132
-3.212,141.821,67.362,171.871
-3.869,142.315,67.547,171.674
-3.308,141.578,67.257,170.808
-4.333,142.091,66.658,170.188
-2.407,142.531,66.493,169.133
-2.708,140.517,64.862,170.651
-3.690,139.181,63.711,171.063
-5.594,137.042,62.834,171.986
-5.913,137.860,61.803,172.048
-6.148,131.121,60.617,171.716
-6.916,128.301,60.179,171.531
-8.259,124.324,60.039,171.438
-7.819,120.915,59.826,171.151
-7.192,128.679,59.484,170.966
-6.952,126.424,59.343,170.794
-7.052,133.916,59.190,170.270
-5.585,121.520,59.910,169.012
-5.595,135.537,60.943,167.178
-5.267,143.793,61.770,165.682
-17.224,150.898,60.322,166.770
-16.627,142.437,59.243,167.360
-16.063,148.294,58.448,167.735
-14.587,153.084,57.682,168.516
-13.052,159.899,56.739,168.936
-12.365,151.905,55.928,169.310
-11.663,157.191,54.990,170.141
-10.304,161.397,54.290,170.566
-9.558,149.993,53.898,170.807
-7.442,156.059,53.501,170.603
-5.555,158.295,53.213,170.949
-4.959,153.305,53.642,169.973
-4.775,157.173,54.001,169.571
-2.765,159.539,54.029,169.717
-3.376,155.552,54.768,168.820
-2.038,157.856,54.816,169.339
-1.897,158.732,55.124,169.636
-1.949,154.639,55.802,169.186
-1.862,151.466,56.615,168.718
-1.443,158.592,57.084,168.047
-2.349,154.878,57.575,168.000
-1.483,162.125,57.781,167.922
-1.697,158.153,58.272,168.075
-1.335,164.564,58.138,168.288
0.854,167.838,57.605,169.204
1.543,162.497,57.506,168.784
1.776,158.832,58.069,168.172
2.143,158.304,58.355,167.029
3.246,169.866,58.633,166.202
4.294,152.772,58.359,166.775
6.269,139.656,59.048,166.917
8.245,141.192,59.240,167.510
9.166,145.237,60.199,166.536
9.567,137.547,61.968,165.076
9.889,142.087,63.029,163.898
9.655,145.484,64.032,163.104
8.423,137.516,64.933,162.312
9.004,143.298,65.289,162.121
8.298,145.596,65.556,161.779
8.110,135.712,65.308,163.683
5.150,127.142,65.085,165.613
5.156,125.921,64.856,168.608
5.231,131.464,63.829,170.217
3.222,132.685,63.080,170.193
1.956,133.603,62.945,170.399
-2.532,145.198,63.095,170.166
-4.163,140.841,62.603,170.538
-4.289,137.479,62.050,170.964
-4.215,132.790,61.744,170.850
-3.705,138.237,61.077,171.274
-2.734,131.559,60.844,171.533
-2.340,126.144,60.425,172.399
-2.437,125.011,60.214,172.485
-0.823,122.001,59.704,172.703
0.714,119.365,59.255,172.184
2.073,120.380,58.989,171.546
1.593,118.303,59.130,171.397
2.588,105.426,59.680,171.380
3.632,105.197,60.099,171.329
5.263,103.640,60.429,171.645
6.844,104.954,60.388,171.281
7.164,108.241,60.909,170.344
7.430,110.285,61.157,170.072
5.986,111.186,61.533,169.701
5.819,109.402,61.470,169.785
5.510,106.212,61.390,169.864
4.926,106.610,61.629,169.929
4.590,106.363,61.350,169.935
4.174,106.333,61.144,169.470
3.925,105.711,60.815,168.958
3.505,105.974,60.578,168.895
3.801,104.706,59.801,168.926
4.247,105.255,59.182,169.210
5.732,107.275,58.700,168.941
5.633,107.537,58.317,168.690
6.186,107.335,58.186,168.360
6.357,106.345,58.382,168.575
6.038,112.871,58.622,168.001
6.259,105.529,58.988,168.128
7.779,103.502,59.281,168.543
8.841,90.965,59.813,168.444
8.887,91.893,60.345,168.054
8.684,89.920,60.565,168.735
9.350,92.077,60.640,169.417
9.748,93.450,61.005,169.720
10.232,96.464,61.130,170.261
9.947,96.330,61.498,170.400
8.211,96.432,61.916,170.843
6.993,97.253,62.188,171.248
6.384,98.425,62.576,171.954
5.775,101.561,62.919,172.832
5.196,101.520,63.243,173.387
4.685,104.928,63.424,173.590
3.987,109.492,64.496,172.766
2.716,112.067,65.673,171.815
1.030,113.773,67.349,170.605
0.819,117.685,68.617,169.843
0.255,116.936,69.798,169.247
2.560,121.158,70.552,169.287
4.960,118.911,69.640,172.205
5.525,119.679,68.931,173.698
6.673,130.719,68.337,175.000
6.828,126.533,68.217,175.790
7.181,127.149,67.680,177.354
6.885,127.384,67.165,179.069
7.096,131.376,66.792,180.863
6.075,132.605,66.946,181.740
5.637,133.446,66.923,182.396
5.529,130.313,67.054,183.594
7.079,134.287,66.863,184.158
6.622,132.300,67.015,184.245
6.598,135.886,67.295,184.487
5.958,134.572,67.625,183.838
6.792,90.842,66.567,189.941
4.734,81.622,66.277,196.642
2.918,73.913,66.341,201.974
-0.209,71.733,66.449,206.058
-0.363,70.964,67.321,209.037
-1.033,74.357,67.379,211.796
-1.197,85.365,68.064,214.041
-0.984,83.185,68.482,215.423
-1.464,83.982,69.392,215.956
-0.465,82.921,69.888,217.577
0.035,79.294,70.381,220.130
2.362,76.165,70.676,221.683
3.362,112.256,71.358,220.259
2.328,126.706,72.751,217.658
2.143,124.070,72.926,215.296
2.438,124.211,74.213,212.063
5.175,136.740,75.332,210.241
4.949,116.370,75.947,208.767
4.555,115.026,76.137,208.986
2.429,122.507,76.460,208.658
2.512,119.368,75.845,208.881
3.182,118.726,75.549,209.027
1.434,118.889,75.612,208.636
0.668,132.462,75.569,207.773
-0.285,130.996,75.642,206.883
-0.280,129.939,75.689,205.737
0.501,128.179,75.222,205.072
1.302,127.792,74.843,204.407
0.948,140.887,74.866,203.141
0.537,136.879,74.601,202.559
0.703,134.022,74.407,201.659
0.776,132.431,74.228,200.967
0.906,130.551,74.095,199.980
1.059,142.406,74.032,198.911
0.982,139.729,74.128,198.241
1.923,137.574,73.743,198.136
1.074,132.626,74.203,197.654
0.308,129.336,74.800,197.391
-0.281,126.160,74.818,198.011
-1.103,142.617,77.574,195.082
-1.611,142.661,79.340,192.817
-1.360,149.473,80.105,191.819
-1.813,146.053,81.348,189.886
-0.634,144.656,81.616,188.841
0.544,143.286,81.612,187.868
2.167,142.787,81.578,186.579
2.912,143.430,81.682,185.360
3.778,143.256,81.680,184.363
5.376,143.500,81.562,183.751
5.429,144.159,81.888,182.817
6.176,145.727,81.998,182.037
6.106,146.809,82.125,181.304
6.023,147.516,82.199,180.779
6.128,147.960,82.345,180.070
5.372,159.273,82.253,179.774
6.023,156.697,82.370,179.213
7.899,155.456,83.119,178.682
72.186,148.442,84.276,177.032
77.362,148.106,85.812,175.869
82.279,145.086,87.291,174.277
100.052,163.801,96.479,163.291
106.100,196.092,116.941,142.873
103.256,207.669,136.528,126.325
105.243,213.256,149.941,115.573
145.431,219.865,162.632,106.466
166.856,222.768,172.989,99.487
185.512,223.418,180.943,94.671
202.605,225.837,185.441,91.977
225.692,225.124,187.858,90.900
239.638,221.654,187.824,90.795
241.914,219.358,186.202,91.809
306.401,157.556,162.604,112.955
341.195,138.694,142.578,134.779
350.944,122.904,127.724,154.585
357.060,108.246,115.335,173.307
358.896,104.736,107.469,185.060
359.106,101.392,102.808,194.318
359.458,95.807,100.855,200.979
356.380,93.131,99.278,206.471
352.809,87.250,97.931,211.320
347.619,86.605,97.156,215.857
343.247,82.158,97.840,219.073
341.602,85.761,98.733,221.818
337.341,81.282,99.702,223.599
334.571,79.946,101.187,224.261
331.230,77.715,102.141,225.490
326.081,82.134,104.682,224.290
324.264,72.916,106.126,225.449
324.579,73.173,105.584,227.243
319.882,74.911,107.034,229.198
306.575,66.711,106.145,230.273
307.756,71.432,106.192,229.827
302.183,64.403,106.652,228.605
296.982,66.198,106.622,230.363
292.124,67.470,107.719,229.005
293.815,69.151,106.823,228.448
292.600,65.119,106.598,227.440
289.351,70.658,106.643,225.002
284.936,66.281,106.893,222.692
280.295,72.497,106.166,222.537
273.324,73.102,106.673,220.242
266.701,74.567,106.966,217.779
261.809,79.739,107.616,215.355
257.500,75.890,107.227,214.288
255.557,82.328,106.745,214.102
255.454,76.462,106.530,213.799
254.079,84.481,106.511,211.972
252.738,79.938,106.520,210.758
249.580,84.428,105.620,211.072
248.220,84.296,106.008,210.631
243.907,79.912,106.856,211.046
242.376,80.825,105.673,212.631
239.984,81.786,104.741,214.405
236.923,81.451,103.015,218.044
236.899,81.080,103.063,220.304
236.970,79.333,102.011,222.798
235.273,84.558,102.318,222.910
233.041,83.868,103.073,223.676
232.431,84.537,104.265,223.119
232.277,89.761,105.366,221.215
231.934,86.424,106.198,219.910
233.034,88.954,104.940,221.057
233.513,93.418,105.877,219.724
230.878,91.318,106.078,219.373
231.527,97.829,105.567,220.423
229.234,94.293,105.348,220.539
229.009,100.105,104.098,222.409
227.253,94.878,103.140,223.917
228.717,101.548,100.152,227.497
228.521,96.326,98.132,229.905
227.595,94.972,97.138,231.106
229.969,100.154,96.152,230.750
230.427,101.713,95.474,229.963
231.668,102.692,95.820,228.137
233.910,104.571,95.291,227.427
234.616,107.821,95.064,226.561
235.299,108.779,94.780,226.041
234.790,113.951,95.255,225.107
234.521,111.086,95.942,224.408
234.738,110.147,96.162,225.176
235.199,113.788,96.558,225.819
235.092,111.963,97.186,224.971
234.978,108.279,97.683,223.859
231.045,108.160,98.542,223.488
227.887,106.274,98.844,224.853
224.924,109.911,99.619,224.936
223.574,111.659,99.686,225.108
221.050,110.611,99.209,225.030
219.042,108.189,98.551,225.152
217.244,111.013,99.136,224.827
215.916,106.836,98.561,224.876
212.746,101.616,97.957,226.582
210.928,107.595,97.318,228.594
209.530,106.874,97.203,229.727
208.765,99.825,95.132,232.573
207.565,94.661,93.832,234.422
205.998,88.644,92.033,237.172
205.813,92.092,91.204,239.272
203.539,89.707,90.882,241.224
203.909,86.075,90.759,242.135
204.515,80.631,90.582,243.758
199.729,98.475,94.815,237.295
196.793,88.203,94.758,237.609
193.313,82.604,95.963,238.097
189.534,79.514,96.182,239.171
187.085,70.703,95.348,244.705
186.071,53.834,95.086,249.791
189.005,42.193,93.586,259.133
191.220,40.288,92.722,265.709
196.040,36.976,91.886,270.503
198.645,30.041,92.359,272.182
202.703,26.886,93.066,276.210
206.610,25.630,95.404,276.836
208.723,19.054,97.402,279.282
207.800,14.215,98.698,283.344
208.252,9.220,99.666,286.589
182.260,20.021,101.340,283.703
181.735,3.625,101.252,283.939
180.002,20.202,101.962,282.136
182.721,15.746,102.515,281.214
184.783,9.331,101.098,282.578
185.282,8.643,99.193,284.090
185.304,9.211,98.461,284.042
184.120,8.031,97.673,282.451
183.512,9.962,97.524,280.162
182.066,16.793,97.731,277.293
180.589,20.802,98.393,272.544
179.434,24.163,97.960,268.934
159.803,34.599,98.012,264.938
161.648,45.801,98.455,259.260
163.774,48.280,98.175,253.973
164.269,51.630,96.976,249.142
162.505,52.836,96.433,245.102
160.445,52.409,96.135,240.573
158.355,47.996,95.359,236.354
156.299,51.087,95.127,231.771
156.326,52.694,93.867,229.549
157.812,52.196,92.957,227.029
156.104,43.549,92.868,224.890
158.437,47.807,91.810,223.297
157.206,48.161,91.417,221.956
156.891,47.982,90.568,222.107
157.427,44.880,90.364,221.027
157.565,49.282,89.848,220.645
155.198,45.418,90.667,218.646
156.245,49.844,89.973,217.838
155.738,48.237,90.012,216.909
155.888,54.648,91.653,213.883
156.883,51.996,91.825,212.602
156.204,57.547,93.540,209.152
156.290,61.386,94.535,206.323
156.618,66.732,95.406,203.909
155.612,68.665,96.924,200.795
154.893,69.332,97.267,199.258
155.284,69.277,97.669,198.151
159.124,68.241,96.816,198.063
164.893,67.882,94.133,200.372
169.404,76.956,94.313,199.500
171.529,70.577,92.183,201.759
101.876,78.496,88.022,206.036
104.235,80.774,85.162,209.865
105.194,83.990,82.979,211.481
106.529,81.891,81.546,212.495
107.414,82.204,80.050,213.185
108.572,84.797,79.040,213.365
108.705,84.079,78.189,212.954
110.099,97.017,78.161,211.418
109.547,90.404,77.546,210.404
110.079,97.152,77.638,209.069
110.193,94.148,77.673,207.438
112.112,98.138,77.719,205.663
112.972,98.050,77.419,205.157
113.909,97.834,76.980,205.062
115.019,96.900,76.759,204.131
114.858,97.361,76.952,203.545
114.794,97.837,77.012,203.082
114.944,98.199,77.220,202.750
114.879,99.408,76.832,203.026
116.339,99.862,76.266,204.230
116.943,98.917,75.545,205.057
117.640,100.260,75.332,205.281
118.026,98.714,75.036,205.487
119.384,97.126,74.492,205.872
120.674,99.930,74.404,206.185
121.732,102.429,74.332,206.430
123.040,103.124,74.345,205.639
124.030,103.176,74.219,205.619
125.191,104.494,74.271,205.141
125.357,106.219,73.909,204.843
125.063,107.664,73.823,204.367
124.918,110.933,73.648,203.783
126.275,111.158,73.528,202.848
127.859,110.497,73.523,202.244
128.081,111.645,73.407,201.464
128.822,113.994,73.186,201.071
129.627,113.759,73.079,200.605
129.201,116.039,72.843,199.991
129.876,115.929,72.667,199.596
130.088,119.170,72.445,198.926
131.377,119.540,72.492,198.034
132.191,120.186,72.501,197.546
133.404,121.812,72.239,196.620
133.636,121.293,71.876,196.303
134.574,120.467,71.646,196.004
135.108,121.053,71.669,195.061
135.144,120.686,71.577,194.536
135.676,123.013,71.235,193.923
135.625,125.211,71.181,192.887
134.667,122.637,71.103,192.236
134.541,123.610,71.069,191.556
133.480,122.339,70.966,191.026
132.849,123.163,70.624,190.698
133.037,122.638,70.391,190.802
133.294,122.865,70.096,190.954
133.604,123.407,69.809,191.036
132.761,123.865,69.581,191.204
133.208,121.614,69.476,191.185
133.711,120.542,69.211,191.354
134.530,119.936,69.142,190.968
135.899,118.721,69.015,190.468
135.853,120.052,69.071,190.052
136.466,121.990,68.982,189.546
137.325,121.906,69.014,188.921
136.497,123.663,69.090,188.078
136.967,122.882,68.631,188.201
136.840,123.890,68.760,187.348
136.865,125.208,68.525,187.277
137.237,127.334,68.106,187.316
137.512,127.496,67.850,187.147
137.991,129.369,67.638,186.930
138.783,130.527,67.564,186.893
139.770,130.208,67.575,186.797
140.826,128.248,67.640,186.883
221.256,145.726,67.888,186.340
222.745,145.476,68.012,185.682
221.381,143.130,68.085,184.839
221.044,141.734,68.318,184.325
220.585,141.677,68.113,184.070
220.706,139.132,67.925,183.940
