167.000,69.000,24.000,127.000
164.580,72.852,27.657,122.878
162.903,74.635,30.305,120.575
164.153,79.980,31.696,119.805
165.437,78.029,32.641,119.731
166.888,76.791,33.277,119.275
168.110,78.147,33.831,119.020
168.590,78.064,34.342,118.932
169.351,78.429,34.642,119.114
170.537,78.551,34.877,118.941
171.330,79.188,35.113,119.123
171.760,78.731,35.255,119.084
172.253,79.416,35.458,119.151
173.137,78.896,35.531,119.312
173.845,79.593,35.733,119.350
174.595,79.394,35.887,119.471
174.700,79.117,36.000,119.552
174.946,80.115,36.127,120.167
173.579,81.147,36.309,120.723
172.631,82.145,36.627,120.873
171.470,84.534,37.003,120.677
170.947,86.114,37.389,120.289
170.332,88.632,37.822,120.162
169.814,89.955,38.272,119.499
168.950,90.602,39.533,117.069
178.011,87.643,39.187,117.068
177.857,86.348,38.814,117.287
178.417,86.559,38.384,117.863
179.206,84.137,38.022,118.065
179.298,82.288,37.885,118.230
178.729,77.786,37.929,118.461
178.770,71.032,38.475,117.989
177.997,71.763,38.803,117.881
177.686,70.860,38.902,118.168
178.449,69.852,38.777,118.706
179.390,70.960,38.658,119.377
179.621,70.685,38.764,120.158
180.429,70.049,38.853,120.965
180.708,71.126,39.115,121.146
181.311,70.428,39.185,121.804
182.098,68.865,39.298,122.755
182.461,68.753,39.395,123.706
183.009,69.623,39.557,124.466
183.310,70.655,39.644,125.217
184.761,69.078,39.852,125.647
184.825,69.593,40.279,125.718
185.110,69.786,40.565,125.755
185.063,69.325,40.701,125.981
185.280,69.722,40.672,126.314
185.362,69.779,40.714,126.633
186.437,68.353,40.627,127.030
186.158,68.893,40.958,126.515
185.277,69.742,41.303,125.800
184.574,68.402,41.504,125.788
184.689,68.692,41.695,125.677
185.073,68.804,41.762,125.503
186.178,71.394,41.208,126.819
186.109,70.595,41.073,126.890
187.181,74.595,40.728,127.115
188.696,70.249,40.508,127.878
189.085,74.259,40.600,127.484
188.915,76.076,40.599,127.209
189.092,74.175,40.662,126.791
187.873,77.648,40.742,126.347
186.834,78.579,40.791,125.166
186.036,81.653,40.538,124.340
184.739,78.475,40.241,123.888
183.391,79.374,39.973,123.193
182.064,80.820,39.791,122.498
180.157,78.132,39.709,121.963
177.870,80.349,39.697,121.777
177.031,80.447,39.576,121.601
176.269,80.156,39.368,121.403
175.502,80.865,38.981,121.860
175.056,81.508,38.545,122.628
174.424,88.246,38.517,121.688
174.252,87.554,38.337,121.486
175.328,87.068,38.210,122.043
175.517,87.286,38.628,121.350
175.518,86.930,38.818,120.545
175.379,87.606,38.800,119.537
175.587,84.716,38.670,118.605
175.546,83.386,38.347,118.517
176.234,79.671,38.050,118.915
176.007,75.885,37.999,118.534
177.227,72.392,37.881,118.220
178.469,70.060,38.061,117.306
179.766,68.736,38.288,116.181
181.280,67.499,38.099,115.934
182.429,68.128,38.012,115.317
183.313,65.900,37.515,115.789
183.631,64.184,36.951,116.828
184.337,62.246,36.516,117.361
184.504,61.388,36.194,117.566
184.804,59.635,35.925,118.263
184.740,59.825,35.773,118.079
184.880,60.203,35.677,117.924
185.207,61.979,35.686,117.610
186.241,63.803,35.675,117.622
185.895,62.821,35.692,117.568
187.042,65.190,35.544,117.368
186.524,68.021,35.693,116.951
186.036,68.971,35.965,116.294
184.757,68.586,36.267,115.600
184.369,65.790,36.241,115.687
184.094,67.950,36.235,115.669
184.457,67.846,36.223,115.334
183.917,69.739,36.479,114.611
183.158,67.944,36.569,114.426
182.326,69.484,36.658,113.589
182.849,68.687,36.269,113.692
183.026,70.261,36.221,113.508
182.655,70.050,35.879,113.615
182.473,70.616,35.750,113.503
183.290,70.602,35.753,113.463
182.890,72.543,35.868,113.209
183.164,69.367,35.676,113.761
182.852,68.339,35.553,113.584
183.022,68.501,35.454,113.317
183.618,70.108,35.306,112.923
183.694,70.932,35.166,112.980
183.309,71.864,35.035,112.803
183.665,70.605,34.838,112.600
184.382,69.307,34.840,112.054
184.364,71.348,34.865,111.915
184.241,71.674,34.942,111.850
184.884,72.249,34.860,111.952
185.026,72.574,34.831,111.545
184.903,71.767,34.830,111.458
184.164,72.749,35.171,110.981
183.715,72.082,35.347,110.849
183.308,72.292,35.503,110.888
183.524,71.969,35.700,110.440
183.756,72.000,35.820,110.593
183.643,72.261,35.982,110.326
182.193,75.975,36.313,109.815
182.107,73.219,36.216,110.513
181.170,70.172,36.306,110.663
181.306,70.958,36.634,110.345
181.364,71.689,36.927,110.058
188.207,72.177,36.630,110.428
186.230,70.205,36.576,110.911
185.075,69.149,36.860,111.307
192.376,69.373,36.587,111.306
190.809,67.770,36.487,111.234
189.416,70.185,36.561,111.115
197.820,70.746,36.278,110.995
197.671,70.735,35.970,110.703
197.868,71.688,35.605,110.765
198.194,71.822,35.281,110.743
198.346,72.782,35.119,110.367
198.495,74.967,35.062,109.293
199.205,75.551,34.793,108.692
199.983,80.657,34.533,108.697
200.761,78.985,34.285,108.694
201.550,78.255,34.110,107.978
201.893,76.883,34.140,107.312
198.142,77.483,36.373,103.879
194.608,79.426,38.450,100.664
192.325,81.782,40.014,98.634
188.336,85.249,45.323,92.793
185.887,87.404,48.403,89.119
180.296,88.788,50.044,86.737
181.126,90.411,53.069,82.831
180.966,91.212,56.434,79.005
180.738,94.286,59.261,76.014
180.141,96.036,62.397,72.956
174.140,98.675,63.506,70.554
173.783,96.277,64.314,68.650
174.789,98.135,65.225,66.540
175.082,93.442,65.536,65.561
175.909,90.324,65.985,64.448
176.556,92.531,66.304,63.772
194.900,111.883,62.934,66.391
197.302,110.458,58.178,70.422
199.870,107.378,53.319,74.788
202.908,104.091,48.164,80.228
205.610,95.529,44.347,84.662
208.698,92.534,41.174,88.681
211.528,89.918,38.708,91.843
213.739,87.330,36.841,94.324
216.152,85.440,35.233,96.784
217.754,83.026,34.205,98.152
218.365,82.418,33.517,99.441
219.565,81.330,32.858,100.650
219.970,80.654,32.589,101.202
220.429,79.736,32.440,101.837
220.777,78.158,32.476,102.079
220.488,75.298,32.709,102.061
220.369,74.639,32.988,101.783
219.991,75.126,33.428,101.015
219.230,75.616,33.919,99.829
218.884,78.795,34.632,98.041
218.258,81.017,34.980,96.462
217.363,81.439,35.212,94.944
215.582,82.855,35.351,93.760
213.857,83.705,35.432,92.947
213.684,83.377,35.247,92.176
212.735,85.542,35.192,91.586
212.130,86.717,35.222,90.933
212.191,87.531,35.021,90.295
212.153,89.245,34.666,89.986
211.561,90.286,34.258,90.052
211.001,84.652,34.008,90.101
210.437,85.894,33.546,90.406
210.138,88.577,33.046,90.524
209.377,89.887,32.483,90.828
208.885,89.784,31.928,91.171
207.963,90.528,31.506,91.128
206.483,84.324,31.267,91.421
204.568,86.753,31.009,91.641
204.098,87.799,30.642,92.204
202.519,88.917,30.427,92.310
201.176,89.973,30.189,92.950
199.331,82.294,30.084,93.990
197.782,82.667,30.173,94.616
197.047,83.835,30.199,95.130
196.300,85.053,30.210,95.734
195.883,85.574,30.256,96.197
195.188,85.556,30.333,96.414
194.603,84.437,30.375,96.702
193.538,85.696,30.540,96.956
193.454,85.526,30.538,97.244
191.735,87.335,30.811,97.325
191.464,88.732,30.872,97.927
190.179,88.944,31.061,98.355
189.016,82.117,31.548,98.275
187.851,83.715,31.945,98.568
187.659,83.624,32.265,99.009
187.251,83.041,32.564,99.327
186.829,85.264,33.011,99.339
185.849,87.478,33.221,100.139
186.028,87.856,33.282,100.971
186.042,86.611,33.328,101.110
186.510,86.465,33.357,101.374
187.181,88.558,33.470,101.555
187.821,86.891,33.321,102.689
188.346,86.682,33.533,102.843
189.029,85.811,33.598,103.419
189.233,86.782,33.944,103.644
190.368,86.108,34.281,103.932
191.468,85.544,34.622,104.067
192.449,86.153,34.982,104.223
193.362,85.872,35.193,104.703
193.706,88.776,35.719,104.863
194.713,86.538,36.014,105.635
194.602,88.352,36.526,106.635
195.418,88.477,36.350,108.869
196.171,88.035,35.848,110.519
197.830,87.614,35.339,112.006
199.072,84.890,34.811,112.550
199.259,84.933,34.520,112.516
199.883,83.058,34.066,113.282
201.354,76.533,34.190,113.183
201.650,77.502,34.424,112.838
202.101,79.489,34.671,112.514
202.153,80.280,34.929,111.967
202.716,78.677,35.071,111.892
202.303,74.366,35.444,111.517
202.252,75.335,35.502,111.694
202.537,75.894,35.450,112.234
203.719,76.729,35.338,112.511
202.828,76.936,35.288,113.136
203.229,78.900,35.107,113.368
202.520,77.995,34.769,113.866
202.370,77.058,34.590,114.141
201.882,76.878,34.609,114.359
202.546,76.932,34.711,114.565
202.763,76.809,34.781,114.652
201.397,77.212,35.073,114.011
200.428,79.506,35.409,113.725
200.145,80.715,35.440,113.398
199.087,82.286,35.549,113.192
198.624,83.204,35.628,112.781
198.534,83.997,35.565,113.289
198.153,83.300,35.467,113.938
198.220,80.888,35.316,115.034
198.208,77.246,35.299,115.928
196.996,78.859,35.576,116.574
196.706,80.607,35.875,116.744
196.887,80.512,36.349,116.765
196.860,79.232,36.932,116.822
196.623,77.554,37.441,117.132
195.434,78.295,37.846,117.715
195.651,76.868,37.896,118.190
195.475,76.678,37.860,118.148
195.159,75.979,37.641,118.490
195.349,77.711,37.492,118.766
195.766,75.331,37.118,119.620
196.047,73.795,36.919,120.457
196.663,72.816,36.841,120.978
197.392,71.479,36.741,121.625
197.289,71.167,36.804,121.149
196.987,72.892,37.048,120.851
198.368,71.630,37.089,120.947
198.932,74.372,37.463,120.447
199.990,73.580,37.828,119.866
200.401,74.126,38.281,119.412
200.519,73.072,38.830,119.098
201.222,73.630,39.216,118.671
202.695,72.500,39.173,119.145
203.479,71.880,39.117,119.722
203.541,70.671,39.069,119.877
204.624,69.931,39.037,119.946
204.686,72.652,39.049,119.733
205.763,72.478,38.677,120.763
206.141,72.362,38.412,122.011
205.805,72.211,38.441,122.509
205.476,73.218,38.551,122.649
205.490,75.584,38.640,122.711
206.811,76.753,38.458,122.153
207.444,78.678,38.286,122.150
207.905,80.531,38.148,121.912
208.347,79.934,38.259,120.753
208.538,81.169,38.368,120.037
209.665,80.696,38.653,118.928
210.417,80.470,39.104,118.191
210.728,79.132,39.178,118.301
212.250,79.144,39.244,118.011
215.044,78.626,39.140,117.881
217.096,76.074,38.865,117.884
218.438,75.152,38.820,117.067
219.459,76.227,38.310,117.657
219.140,73.156,37.835,118.550
218.329,70.933,37.393,119.620
218.033,67.824,37.326,120.034
220.623,67.357,37.112,120.437
222.349,66.176,37.237,120.032
223.450,66.858,37.617,118.702
223.462,67.617,37.965,117.580
223.707,65.675,38.193,116.675
223.831,65.458,38.341,115.165
224.591,67.019,38.457,113.932
225.135,67.238,38.517,112.893
225.865,68.100,38.543,111.846
226.408,69.130,38.523,110.496
226.698,72.091,38.646,109.305
225.325,76.047,39.167,107.900
225.864,74.807,39.470,107.335
228.118,73.828,39.645,105.970
231.087,76.397,39.666,104.733
232.531,77.889,39.542,103.798
235.123,80.451,39.153,103.408
237.192,80.445,38.268,104.368
239.049,83.377,37.935,104.810
239.994,86.747,37.981,104.976
240.316,87.661,38.033,105.426
241.488,87.425,38.092,105.610
242.335,89.255,38.529,105.748
243.060,90.517,39.073,106.094
244.047,90.246,39.801,105.619
244.687,90.532,40.252,105.534
245.101,90.604,40.827,105.334
244.703,91.542,41.305,105.216
244.466,94.004,42.957,103.329
244.001,93.592,42.730,104.232
242.537,95.791,42.922,104.422
241.049,97.669,43.841,103.541
239.590,99.437,44.419,102.257
238.275,99.858,44.812,100.803
236.123,100.046,44.868,99.749
233.854,98.092,44.348,99.682
232.448,92.856,42.458,102.175
230.408,89.296,40.876,104.730
228.751,85.283,39.509,107.086
227.715,78.781,38.718,107.308
220.630,79.916,38.357,107.578
220.553,78.488,37.997,107.603
219.377,79.404,37.411,108.361
217.159,78.765,36.958,109.202
215.426,77.655,36.623,109.810
213.258,78.214,36.461,110.017
211.274,78.087,36.258,110.354
209.361,77.599,36.116,110.985
207.424,77.363,36.021,111.477
205.489,77.137,35.911,112.130
203.544,75.723,35.890,112.933
202.117,76.226,36.105,112.988
200.076,76.061,36.377,112.893
199.076,75.600,36.658,112.390
196.941,76.277,37.282,111.333
195.408,79.319,37.610,110.381
193.851,80.963,38.101,109.898
192.494,79.860,38.380,109.270
190.810,78.835,38.717,108.039
189.376,78.690,38.792,106.847
187.306,79.947,38.874,105.559
185.111,80.980,38.722,104.968
183.489,82.864,38.422,105.032
181.576,83.817,38.267,105.074
180.673,83.009,37.975,105.372
171.937,89.563,37.801,105.802
171.929,89.491,37.522,107.219
170.610,85.934,37.260,109.062
169.159,85.941,37.690,109.221
171.018,82.887,37.160,110.511
171.612,83.193,36.549,111.465
171.235,84.868,36.179,112.229
171.272,83.730,36.109,112.979
171.319,84.643,36.406,113.521
170.094,85.429,36.917,113.699
169.688,86.619,37.516,113.802
170.551,87.492,37.925,113.738
169.830,88.932,38.339,113.415
168.957,88.929,38.505,112.714
169.516,89.249,38.497,112.873
169.521,89.110,38.640,112.709
169.319,87.289,38.785,112.766
170.192,86.004,38.637,113.716
170.676,86.928,38.692,114.146
171.630,89.734,38.841,114.128
172.642,88.261,38.650,114.282
172.993,86.989,38.417,114.700
173.856,85.872,38.072,115.217
174.574,83.690,37.889,115.233
175.449,82.059,37.717,115.511
175.335,81.993,37.433,116.101
176.104,81.346,37.032,117.161
176.517,81.056,36.602,117.860
177.380,79.686,36.297,118.539
177.128,78.469,36.329,118.594
177.484,77.910,36.403,118.654
176.915,79.493,36.557,119.425
177.388,80.823,36.618,120.053
177.569,80.122,36.715,120.205
177.196,79.075,37.033,120.147
177.536,79.114,37.249,120.094
178.453,78.183,37.423,120.013
178.680,77.948,37.472,120.111
178.635,78.737,37.551,120.200
178.867,78.843,37.459,120.086
179.599,78.954,37.372,119.773
179.966,79.169,37.071,119.900
180.286,77.912,36.831,119.971
181.574,76.573,36.588,120.051
182.299,76.324,36.443,119.717
182.867,76.721,36.374,119.185
183.281,77.828,36.438,119.145
184.324,79.707,36.549,119.339
185.231,81.909,36.884,119.279
186.519,81.622,37.113,119.144
185.857,82.137,37.314,118.855
185.941,81.555,37.237,118.280
185.880,81.679,37.045,117.752
186.225,82.082,36.743,117.594
186.826,83.942,36.588,117.146
187.275,84.764,36.565,115.793
187.109,85.566,36.322,114.893
187.968,84.716,35.913,114.696
188.426,83.199,35.612,114.372
188.668,82.159,35.401,114.081
189.872,82.049,35.065,114.328
190.639,81.561,34.749,114.364
191.448,82.416,34.567,114.714
192.101,83.842,34.568,114.841
192.100,84.310,34.543,114.687
193.243,85.456,34.451,115.098
194.619,85.678,34.381,115.064
195.903,85.452,34.249,115.047
196.821,84.944,34.104,115.072
197.835,83.797,34.062,115.188
198.578,82.649,33.963,115.325
199.562,82.909,33.997,115.189
200.362,83.204,33.971,115.453
200.722,83.474,33.959,115.081
201.385,85.075,33.962,114.984
202.682,86.897,33.864,114.754
202.689,84.890,33.878,114.616
203.383,85.679,33.825,114.491
203.867,85.814,33.741,114.127
204.568,86.292,33.721,114.035
205.017,86.836,33.753,113.693
205.984,86.860,33.747,113.301
206.245,87.457,33.788,113.164
206.709,87.280,33.722,113.216
207.249,87.421,33.744,113.202
207.986,87.589,33.704,113.031
208.307,87.602,33.660,113.109
208.879,87.429,33.508,113.495
209.142,88.705,33.529,113.343
209.642,88.695,33.511,113.315
209.766,88.398,33.468,113.060
210.420,87.934,33.394,113.042
210.423,88.540,33.384,113.094
210.213,88.924,33.462,112.581
210.817,89.070,33.364,112.441
210.774,88.836,33.212,112.398
210.184,87.160,33.156,112.055
210.424,85.892,33.018,111.788
209.779,84.171,33.305,111.274
209.248,81.667,33.676,110.914
209.060,78.476,34.007,110.351
209.618,76.289,34.305,109.467
210.505,74.919,34.406,108.610
211.934,74.107,34.319,107.955
212.703,73.972,34.042,107.795
212.733,74.606,33.726,107.839
212.927,75.842,33.515,107.961
212.497,75.774,33.395,108.241
212.578,74.924,33.291,108.100
212.218,75.184,33.454,107.460
211.457,74.818,33.672,106.753
210.432,74.617,33.914,106.133
209.569,73.535,34.070,105.895
209.870,71.601,34.160,105.863
210.285,70.191,34.102,105.718
210.879,69.718,33.987,105.748
211.669,70.407,33.700,106.135
211.984,70.858,33.435,106.306
212.895,70.426,33.044,106.672
212.496,70.110,32.949,106.803
212.513,71.544,32.821,107.119
212.919,71.711,32.787,107.481
212.698,72.329,32.799,107.505
212.738,73.654,32.981,107.135
212.322,72.773,32.989,107.199
212.527,72.606,33.096,106.948
213.377,73.777,33.153,107.180
213.617,73.096,33.189,107.083
214.057,73.727,33.250,106.725
213.707,73.363,33.321,106.493
213.383,73.189,33.448,105.949
214.120,74.081,33.612,105.397
213.416,74.092,33.675,105.233
212.786,74.384,33.915,104.728
212.852,73.332,33.944,104.224
212.009,73.534,34.058,103.779
212.414,71.635,33.871,103.635
212.061,70.661,33.784,103.801
212.343,70.618,33.844,103.754
211.777,71.508,34.073,103.520
212.377,73.180,34.032,103.668
211.858,74.228,34.264,103.460
212.214,74.940,34.452,103.232
211.920,75.855,34.588,103.198
211.938,78.234,34.766,102.822
211.836,78.779,34.622,103.049
212.100,78.749,34.679,103.047
212.349,79.415,34.702,103.002
211.734,79.242,34.617,103.444
211.320,79.065,34.444,103.770
211.231,80.428,34.448,104.108
210.727,80.459,34.435,104.817
210.578,78.760,34.164,105.828
210.438,76.745,34.241,106.563
211.116,75.696,34.221,107.273
211.262,76.385,34.271,107.557
210.365,74.546,34.258,108.266
210.353,75.198,34.577,107.690
209.961,75.754,34.668,107.632
209.655,76.318,34.825,107.744
209.912,76.220,34.886,108.070
209.658,75.234,35.008,108.041
209.530,76.575,34.908,108.194
209.359,76.480,34.860,108.570
209.271,76.272,34.769,108.910
209.928,72.994,34.424,109.727
210.369,70.873,34.164,109.619
210.864,69.025,33.993,109.531
211.486,67.195,33.800,109.440
210.867,68.287,33.796,109.414
211.583,60.415,33.595,108.685
211.693,62.242,33.718,107.137
211.748,64.939,33.653,105.982
211.697,66.728,33.664,104.818
211.375,67.523,33.486,104.257
211.228,68.093,33.382,104.307
211.023,68.108,33.375,104.317
210.564,71.904,33.709,103.482
210.331,72.432,33.792,103.566
209.627,72.993,33.977,103.494
209.183,71.322,33.902,103.559
209.070,69.952,33.803,103.564
209.264,71.825,33.669,104.172
209.569,72.152,33.738,104.027
209.227,73.595,33.903,103.780
209.379,73.962,33.673,104.212
209.741,74.950,33.753,104.685
209.959,76.376,33.904,105.056
209.734,78.293,33.890,105.404
209.648,79.393,33.904,105.826
209.931,79.441,33.748,106.414
210.091,78.884,33.708,106.998
210.337,79.123,33.617,107.670
210.434,77.765,33.443,108.388
210.816,76.171,33.343,108.889
210.682,73.173,33.314,108.994
210.254,70.896,33.312,108.676
210.369,70.640,33.345,108.429
210.471,70.870,33.248,108.306
210.459,71.225,33.248,108.340
210.095,71.178,33.169,108.499
209.312,72.042,33.194,108.563
209.045,71.755,33.191,108.657
209.388,70.858,33.149,108.397
209.578,71.377,33.315,107.812
209.666,69.162,33.262,107.496
209.309,68.545,33.248,107.197
209.763,71.259,33.306,107.205
209.983,70.801,33.360,107.174
210.015,71.151,33.591,107.031
210.505,71.703,33.893,106.623
210.599,71.340,34.169,106.034
210.581,73.097,34.503,105.523
210.761,73.583,34.647,105.289
211.044,75.561,34.813,104.781
210.923,76.674,35.113,103.910
210.992,77.582,35.127,103.444
211.037,78.541,35.151,102.978
211.641,79.132,35.010,102.923
211.856,80.016,34.857,103.205
211.449,79.679,34.790,103.418
211.525,79.219,34.607,103.834
211.662,77.904,34.374,104.392
211.429,77.999,34.307,104.446
211.060,77.771,34.183,104.869
211.129,78.898,34.208,104.740
210.663,79.110,34.238,104.753
210.046,79.152,34.181,104.948
209.597,78.847,34.397,104.681
209.148,81.708,34.434,104.578
209.186,81.917,34.422,105.154
208.089,81.985,34.365,106.193
207.076,82.384,34.635,106.736
206.962,86.793,34.727,107.557
206.849,89.028,34.784,107.663
205.442,89.273,35.484,107.417
204.385,88.234,35.955,107.400
202.617,89.166,36.335,107.116
201.875,90.169,36.510,106.723
201.222,93.412,36.833,105.671
201.144,96.284,36.796,104.932
201.024,97.627,36.781,104.373
200.960,98.137,36.803,103.966
200.858,98.384,36.674,104.085
200.585,97.882,36.776,103.761
201.116,99.592,37.802,101.660
201.272,101.125,38.736,99.989
201.085,102.976,39.532,98.338
200.688,103.635,39.881,97.173
200.918,102.173,40.149,96.332
200.378,103.490,40.104,95.699
200.453,101.503,39.875,95.617
200.060,101.523,39.660,95.287
200.012,99.998,38.260,96.589
199.987,100.123,37.243,97.657
199.941,98.930,36.405,98.663
200.436,98.856,35.801,99.304
201.179,96.998,35.356,100.035
202.063,94.979,35.155,100.321
202.823,92.654,35.113,100.625
203.361,92.052,35.156,100.640
203.731,90.318,35.186,101.066
203.858,88.288,35.230,101.739
204.082,87.678,35.183,102.543
204.715,87.436,34.971,103.391
205.604,87.810,34.735,103.903
206.856,84.063,34.253,104.854
207.724,82.533,34.314,104.774
207.748,81.525,34.141,104.787
208.186,80.584,34.035,104.972
209.152,78.783,33.800,105.060
209.366,78.396,33.722,104.626
208.968,78.073,33.863,104.281
201.955,77.460,34.313,102.988
202.953,78.417,34.459,102.154
202.990,79.140,34.169,101.956
202.545,78.759,34.208,101.637
201.267,79.303,34.420,101.399
199.867,78.407,34.571,101.267
198.390,78.658,34.755,101.230
196.496,77.668,34.866,101.193
189.462,78.330,35.226,100.354
189.365,78.803,35.471,99.871
182.497,79.738,35.928,98.896
182.761,79.964,36.024,98.335
175.933,79.476,36.039,98.269
176.045,79.824,36.165,98.069
173.936,81.687,36.156,98.343
172.566,81.731,35.914,99.390
171.061,81.811,35.555,100.482
169.834,80.998,35.241,101.103
168.611,81.284,35.186,101.433
168.218,81.540,35.263,101.882
176.087,76.327,37.562,97.295
173.975,79.210,38.588,94.525
173.775,79.984,37.490,94.520
173.190,80.195,36.569,94.365
171.684,81.573,36.898,92.852
172.190,81.060,35.987,93.344
173.551,80.940,35.572,93.283
174.512,89.672,35.235,93.760
174.991,89.620,34.936,94.128
174.670,88.977,34.617,94.654
175.173,86.979,34.323,95.126
176.073,84.390,33.988,95.676
176.354,81.881,33.584,96.213
176.908,80.253,33.079,96.819
177.531,77.571,32.669,97.388
177.898,75.963,32.522,97.997
179.040,71.861,32.335,99.348
179.357,71.029,32.146,100.328
180.631,70.577,32.023,101.321
181.394,70.528,31.979,102.427
182.314,70.554,31.885,103.336
182.948,71.797,32.039,103.942
184.308,70.997,32.055,104.591
185.193,71.464,32.157,105.220
186.256,71.557,32.269,105.362
187.320,71.876,32.387,105.299
188.457,71.940,32.649,105.047
189.961,72.386,32.791,104.829
191.497,73.314,33.109,104.295
192.089,73.787,33.491,104.022
193.298,74.743,33.669,103.936
193.487,74.041,33.802,103.995
194.107,74.414,33.942,104.061
195.260,75.529,33.972,104.230
195.537,76.778,34.288,104.238
196.827,75.263,34.105,105.205
197.131,74.869,34.039,105.579
197.555,74.754,34.200,105.574
198.403,73.116,34.205,106.036
199.296,71.765,34.184,106.135
199.706,71.116,34.159,105.861
199.888,73.787,34.175,105.227
200.528,73.286,34.401,104.373
200.212,74.673,34.370,103.593
201.400,74.333,34.476,103.365
201.063,75.438,34.855,102.588
202.296,77.041,34.856,102.462
202.713,77.551,34.743,102.821
202.320,76.758,34.616,103.097
201.971,76.226,34.570,103.375
201.959,76.169,34.482,103.536
202.146,76.872,34.401,103.810
202.168,79.858,34.330,104.405
203.233,80.416,34.190,105.158
203.682,80.936,33.889,106.511
204.832,81.809,33.593,108.069
205.331,83.374,33.591,108.793
205.703,84.685,33.570,109.418
205.323,86.158,33.712,109.843
205.689,87.440,33.611,110.335
205.591,88.772,33.507,111.493
206.384,87.620,33.502,111.860
206.809,88.590,33.409,112.475
207.256,89.346,33.506,112.806
207.480,91.403,33.770,112.673
207.327,91.833,33.816,112.784
207.192,84.041,34.348,112.045
205.724,85.948,34.802,111.307
204.981,81.346,35.098,110.797
205.521,84.018,35.046,111.204
205.577,86.411,34.970,111.666
205.917,88.308,34.756,112.585
205.164,81.675,34.892,113.259
204.886,83.091,35.001,114.269
204.502,83.179,34.952,115.632
204.837,82.539,34.954,116.663
204.458,82.712,35.057,117.154
204.294,84.024,35.145,117.441
204.455,84.045,35.269,117.849
203.892,84.453,35.439,117.992
204.096,85.314,35.460,118.364
203.145,85.186,35.584,118.527
203.184,84.488,35.674,118.937
