99.000,237.000,27.000,82.000
99.791,242.392,27.377,81.524
100.950,244.133,27.972,80.819
105.893,243.365,28.527,80.294
106.328,245.742,29.140,80.052
112.142,243.933,29.529,79.969
112.002,243.597,29.755,80.068
112.835,243.705,30.014,80.069
118.995,242.081,29.915,80.239
118.456,241.030,29.920,80.217
117.999,239.758,29.773,80.480
117.214,238.865,29.478,80.996
117.672,238.321,29.443,80.881
117.597,235.794,29.345,80.749
118.219,232.364,29.192,80.869
119.613,230.664,28.928,81.145
120.427,228.041,29.061,81.157
121.217,228.222,29.188,81.557
121.362,228.641,29.643,81.564
121.445,227.395,30.368,81.439
127.631,225.779,30.775,81.575
127.263,224.824,31.112,81.605
127.524,224.634,31.430,81.717
128.375,223.302,31.585,81.806
128.160,225.317,32.465,80.685
134.333,224.817,32.025,81.316
134.422,226.645,31.783,81.877
134.363,226.585,31.659,82.040
134.725,225.310,31.620,82.035
135.447,225.109,31.281,82.531
141.193,225.083,30.954,83.069
142.081,224.306,30.684,83.453
142.711,222.730,30.610,83.727
143.312,223.264,30.727,84.158
143.784,223.306,31.133,84.393
143.839,223.238,31.394,84.157
136.106,226.168,32.659,82.310
135.963,225.561,32.489,82.654
135.651,223.859,32.303,83.176
128.228,227.047,33.604,81.465
129.090,225.338,33.142,81.975
122.771,231.099,33.858,80.824
122.847,228.817,34.350,79.723
123.464,225.321,33.475,80.441
123.692,225.420,32.491,81.333
122.934,226.868,31.583,82.771
122.755,224.965,31.179,83.496
122.611,225.574,31.354,83.747
122.786,226.495,31.912,83.360
121.894,229.734,32.898,81.939
120.101,228.214,32.733,82.425
118.969,228.779,32.580,82.803
119.605,228.968,32.758,83.109
119.356,231.080,33.829,82.133
119.651,230.763,34.442,81.483
120.789,228.016,33.993,82.109
122.523,227.241,33.738,82.435
124.554,225.101,33.385,82.937
126.446,224.181,33.161,83.589
128.272,226.714,32.806,83.947
130.499,228.419,32.491,84.236
130.971,227.812,32.111,84.664
131.989,225.639,32.163,84.489
137.314,224.475,32.321,84.261
136.718,224.961,32.524,83.919
137.791,225.987,32.933,83.405
139.610,224.234,33.404,83.077
141.122,226.107,33.295,83.197
147.120,225.889,32.947,83.479
147.956,226.013,32.619,83.610
148.624,227.154,32.151,84.008
149.160,227.646,31.858,83.961
149.296,228.270,31.550,83.519
150.922,231.073,31.211,83.432
152.365,228.483,31.280,83.278
153.717,225.450,31.472,83.272
154.139,225.173,31.814,83.291
154.542,223.044,31.804,83.846
154.644,221.169,31.681,84.515
155.631,220.123,31.757,84.809
156.514,218.821,31.703,85.033
158.005,217.820,31.836,84.889
159.054,221.560,32.007,84.623
161.627,221.164,32.083,84.374
163.416,222.943,31.709,84.091
165.048,223.026,31.238,84.163
166.724,225.103,30.997,83.978
167.067,227.087,30.682,84.487
165.985,226.218,30.674,84.438
165.940,224.343,30.843,84.594
167.537,227.042,31.196,84.486
169.337,226.016,31.680,84.025
174.926,224.273,31.576,84.094
175.120,226.832,31.376,84.201
177.494,225.955,31.163,84.187
183.781,226.806,31.189,83.975
182.847,227.182,30.927,84.215
183.161,226.146,30.957,84.054
185.469,223.135,31.218,83.591
190.689,222.228,31.305,83.571
191.441,221.898,31.320,83.876
192.527,221.512,31.471,83.860
193.477,222.103,31.571,83.332
193.564,224.247,31.586,83.179
193.718,223.863,31.399,83.131
193.934,225.389,31.295,83.087
193.042,225.246,31.157,83.206
192.829,225.282,30.983,83.345
193.127,225.565,31.010,83.545
193.001,227.525,31.041,83.855
191.705,223.538,31.220,83.878
191.407,225.183,31.172,84.171
190.657,225.956,31.399,84.070
189.903,226.937,31.555,84.056
188.990,227.666,31.530,84.046
188.126,228.987,31.287,84.011
187.390,232.224,31.347,83.571
187.175,232.289,30.895,83.709
187.157,234.110,30.550,83.840
188.130,234.674,30.534,83.777
189.034,231.100,30.565,83.750
189.599,231.426,30.734,83.580
190.807,232.452,31.022,83.410
191.789,233.426,31.472,83.053
197.757,234.951,32.558,81.567
198.112,234.968,32.347,82.030
205.026,233.672,31.754,82.506
204.933,231.829,31.470,82.519
203.465,231.354,31.328,81.912
201.623,230.192,31.136,81.600
201.417,229.258,30.645,81.895
200.961,226.686,30.347,81.386
200.393,223.924,30.469,80.926
199.553,224.577,30.764,80.410
199.875,228.387,31.914,78.295
199.966,229.024,32.916,76.645
200.242,231.333,33.445,75.380
206.777,231.851,32.590,75.936
207.094,231.568,31.846,76.489
208.104,232.107,31.276,76.819
209.626,228.913,30.798,77.376
215.776,226.236,30.182,77.904
217.182,226.620,29.955,77.857
218.633,225.922,29.685,78.180
219.208,226.111,29.783,77.783
225.702,226.120,29.691,77.331
226.544,228.430,29.654,77.005
226.061,232.753,30.033,76.244
218.689,233.410,31.786,74.172
218.254,245.677,32.151,73.748
217.790,245.092,34.659,70.866
222.366,246.127,37.982,67.219
221.723,246.976,40.332,64.641
215.417,246.247,38.157,67.174
216.606,243.686,35.787,69.981
216.926,246.358,33.799,72.393
218.055,243.786,32.627,73.654
219.716,243.139,31.838,74.519
220.040,246.349,32.051,73.921
226.211,240.226,31.509,74.647
226.286,243.251,31.834,73.950
227.831,242.468,31.296,74.390
233.365,240.309,30.872,74.967
233.498,237.469,30.566,75.307
234.092,238.932,30.116,76.201
234.853,240.700,29.673,76.663
235.128,237.655,29.126,77.499
235.194,236.602,28.988,77.581
234.653,235.470,28.909,77.834
235.311,236.215,28.872,77.846
235.024,235.955,28.989,77.489
234.387,239.944,29.972,75.920
226.369,254.577,33.741,71.445
233.809,244.462,33.610,71.142
240.150,239.634,32.491,72.459
239.817,238.957,31.643,73.543
239.970,240.756,30.544,74.870
240.541,239.204,29.737,75.644
246.102,237.870,29.051,76.615
245.785,236.935,28.540,77.289
245.811,237.017,28.068,77.708
246.767,236.212,27.682,78.167
247.253,237.251,27.475,78.206
247.408,239.256,27.384,78.200
246.290,241.545,27.317,78.106
246.031,235.028,27.090,77.849
246.310,234.432,26.994,77.440
246.809,235.775,26.782,76.702
247.142,236.639,26.273,76.801
246.666,236.790,25.924,77.258
246.205,232.672,25.936,76.934
245.136,235.620,25.897,77.316
243.796,236.229,25.910,78.209
242.017,236.457,26.100,78.677
239.869,235.431,26.262,78.825
238.025,234.007,26.382,78.471
236.614,235.323,26.405,77.956
236.812,236.222,26.503,77.086
236.368,236.180,26.476,76.401
234.943,236.459,26.334,75.811
233.932,237.381,25.927,75.722
233.080,239.480,25.916,75.436
232.412,238.660,25.960,75.526
232.711,238.280,26.079,75.559
233.381,239.601,26.234,75.357
233.693,239.640,26.315,75.357
233.867,239.427,26.105,75.512
234.360,239.941,25.978,75.296
233.638,239.382,25.739,74.975
232.507,239.938,25.477,74.840
232.119,239.520,25.340,74.328
231.060,240.509,25.255,74.090
231.471,239.064,25.333,73.647
231.018,237.861,25.560,73.134
230.715,239.124,26.118,72.202
229.555,242.334,27.530,70.204
229.356,246.973,28.495,68.614
229.005,245.259,29.362,67.332
234.315,243.349,29.506,66.924
233.120,242.957,29.635,66.648
233.371,241.195,28.771,67.667
231.498,245.100,29.161,66.678
230.665,241.848,28.194,67.733
230.775,241.955,27.520,68.629
230.839,242.009,26.906,69.618
230.172,241.415,26.527,70.361
229.690,239.022,26.605,70.563
230.079,239.453,26.683,70.502
230.474,238.436,27.378,69.441
230.673,229.767,27.967,68.469
231.781,233.510,27.223,69.095
231.467,238.162,26.641,69.397
226.906,242.945,26.250,69.720
226.857,247.843,26.037,69.699
226.427,246.027,25.734,69.697
226.739,242.036,25.756,69.533
226.579,237.921,25.630,69.849
225.712,236.196,25.680,69.776
225.525,236.109,25.628,69.669
224.885,238.461,25.727,69.525
224.841,237.180,25.727,69.400
225.016,240.041,25.671,69.194
225.665,237.818,25.599,69.015
226.067,233.079,25.448,68.947
225.805,236.739,25.074,69.785
227.004,239.547,24.808,70.300
229.053,238.526,24.620,71.000
233.289,237.111,24.349,71.763
231.652,234.626,24.356,72.250
230.362,236.874,24.518,71.866
230.909,237.148,24.886,71.347
230.868,238.177,25.038,70.856
231.032,238.232,25.280,69.772
232.050,241.252,25.315,69.052
233.054,241.277,25.096,68.895
234.144,242.097,24.824,69.160
233.740,243.488,24.665,69.146
232.672,241.467,24.523,69.203
233.147,242.238,24.584,68.769
233.948,240.052,24.861,68.078
234.768,238.392,25.080,67.614
235.106,235.781,25.056,67.315
234.870,234.525,24.854,67.606
239.584,233.842,24.537,68.043
239.700,237.467,24.590,67.210
240.291,241.084,24.712,66.612
241.499,241.483,24.702,65.990
241.915,240.611,24.619,65.459
242.700,239.232,24.317,65.690
242.794,239.134,23.999,66.105
242.947,238.846,23.896,66.217
243.031,238.233,24.070,66.334
243.156,237.545,24.216,66.379
242.383,235.975,24.248,66.479
241.404,237.773,24.344,66.349
240.821,236.393,24.111,66.741
239.395,240.408,24.088,66.603
238.431,239.936,23.662,67.090
237.802,239.319,23.392,67.610
237.365,239.214,23.424,67.504
236.707,239.475,23.434,67.528
237.181,239.066,23.651,67.060
236.189,237.471,24.056,66.469
235.071,235.788,24.157,66.505
234.370,234.336,24.235,66.480
233.688,239.173,24.201,66.733
233.445,237.019,24.224,66.663
233.163,234.352,24.079,66.611
232.706,231.158,23.703,66.902
232.821,227.436,23.450,67.190
233.157,227.156,22.904,67.725
228.699,229.738,22.892,67.776
228.947,228.599,22.439,68.252
229.715,232.549,22.254,68.151
230.625,238.300,22.457,67.495
231.225,241.702,22.956,66.861
231.310,244.470,23.733,65.586
232.429,241.891,24.114,64.964
233.168,239.168,24.195,64.385
233.338,238.575,23.948,64.199
234.129,237.010,23.738,63.923
234.352,235.882,23.626,63.872
234.387,235.122,23.366,63.945
235.451,235.005,23.315,63.736
236.121,238.349,23.116,63.800
236.467,242.086,23.090,63.649
237.320,239.356,23.093,63.886
238.179,241.695,23.192,63.655
238.476,238.963,23.083,63.754
244.036,237.219,23.216,63.854
244.699,240.021,23.287,63.661
245.270,236.130,23.246,63.511
244.772,234.565,22.921,64.019
245.356,238.925,22.747,64.148
246.421,237.731,22.687,64.420
247.209,236.115,22.696,64.593
247.648,233.711,22.777,64.826
247.503,234.211,22.876,64.827
247.965,233.414,22.978,65.160
247.877,234.557,23.303,64.817
247.422,235.257,23.684,64.369
247.389,237.060,23.766,64.475
242.836,237.587,23.681,64.571
242.495,238.980,23.657,64.889
242.028,237.143,23.388,65.935
240.865,238.778,23.033,66.615
241.283,238.237,22.722,67.466
240.291,235.452,23.024,67.259
238.720,234.552,23.597,66.601
237.375,235.510,24.040,65.982
237.155,237.564,24.450,65.266
234.814,240.234,25.392,63.997
234.170,240.626,25.250,63.928
234.686,233.801,24.752,64.034
235.918,238.915,24.322,64.325
235.274,241.241,24.146,64.517
235.507,242.574,23.714,65.087
236.229,241.864,23.557,65.492
236.639,240.727,23.555,65.340
237.598,238.514,23.567,65.192
238.913,239.429,23.645,64.541
240.992,237.255,23.501,64.669
242.330,237.142,23.137,65.291
243.774,238.201,23.150,65.236
248.481,239.083,23.415,65.155
249.470,239.389,23.395,65.168
251.226,239.172,23.238,65.130
252.493,239.296,23.078,65.365
253.959,241.525,23.491,64.626
258.912,241.459,23.399,65.236
259.778,239.939,23.293,65.733
260.522,239.934,23.237,66.520
261.607,238.947,23.415,66.848
266.646,238.605,23.660,66.888
266.272,237.971,23.686,66.728
267.771,238.432,23.696,66.560
267.786,237.874,23.679,66.428
267.802,237.613,23.590,66.474
269.814,236.967,23.580,66.398
270.502,236.206,23.512,66.611
270.479,235.316,23.400,66.585
272.190,235.200,23.668,66.017
273.800,233.462,23.666,66.108
274.583,233.366,23.694,66.050
275.460,234.324,23.810,65.782
280.952,232.699,23.461,66.414
280.980,232.548,23.250,67.199
279.983,232.825,22.961,67.922
280.333,231.378,22.888,68.074
280.025,231.715,22.886,68.404
281.029,231.131,23.013,68.675
283.284,231.120,23.154,68.640
283.846,231.047,23.121,69.085
283.265,232.377,23.235,69.120
279.402,231.761,23.198,69.311
281.292,231.912,23.175,69.187
282.480,231.500,23.127,68.971
287.345,233.624,23.595,68.760
286.429,232.945,23.997,68.613
285.812,230.438,24.023,69.177
285.538,228.184,23.923,69.742
284.487,229.826,23.863,70.268
283.922,225.344,23.704,71.073
283.749,225.470,23.236,72.342
283.377,227.134,22.896,73.310
282.318,214.231,23.241,72.767
281.762,212.213,23.694,72.596
281.411,211.306,24.142,72.419
281.356,209.513,24.524,72.443
282.055,202.478,24.788,72.726
282.409,201.587,24.889,73.293
282.657,200.561,25.047,73.639
283.016,199.498,25.111,73.971
282.693,199.571,25.268,74.183
282.452,199.017,25.329,74.131
281.915,202.882,25.306,74.631
281.655,201.578,25.411,74.659
281.076,200.510,25.459,74.679
280.356,199.548,25.452,74.862
280.039,199.344,25.339,75.028
279.422,199.371,25.252,74.951
278.903,199.231,25.090,75.128
278.373,198.580,24.947,75.232
277.784,198.862,24.857,75.266
277.015,203.574,24.877,75.447
276.308,202.659,24.958,75.394
270.744,203.268,25.070,75.244
264.801,203.578,26.335,73.553
264.621,204.135,27.671,71.796
264.216,204.638,28.569,70.186
264.241,205.067,29.355,69.085
263.790,204.563,30.200,67.718
263.845,203.845,30.614,67.038
263.667,203.255,30.926,66.414
263.776,203.302,31.010,66.259
263.407,203.683,30.922,66.007
262.733,203.230,30.854,65.917
257.792,203.702,30.540,66.113
257.316,203.529,30.190,66.445
256.002,202.685,30.190,66.511
250.309,207.891,29.881,67.073
244.531,206.005,29.581,68.071
244.088,199.977,28.793,69.232
238.549,199.842,28.002,70.587
238.945,198.696,27.490,72.021
238.817,198.841,27.067,73.170
233.307,199.456,27.011,73.934
233.675,199.178,26.914,74.668
233.484,200.360,26.798,75.437
227.856,201.036,26.772,76.016
228.360,200.879,26.661,76.698
228.650,200.184,26.661,77.255
228.317,200.578,26.490,77.774
227.594,201.160,26.478,78.258
227.012,202.131,26.508,78.626
220.881,202.172,26.691,78.611
220.608,203.034,26.831,78.553
219.582,201.724,27.044,78.587
219.007,201.623,27.073,78.529
218.446,208.915,27.123,78.652
217.436,207.351,27.367,78.560
211.506,207.536,27.282,78.759
211.658,207.805,27.073,78.920
211.542,207.671,27.004,79.107
211.333,207.663,26.979,79.207
211.065,207.983,27.069,79.236
210.319,206.819,27.174,79.194
209.853,205.777,27.209,79.199
209.164,211.136,27.290,79.132
208.069,209.216,27.396,79.047
207.433,208.627,27.345,79.019
206.890,208.433,27.251,79.206
206.380,208.423,27.380,78.869
205.340,214.752,27.439,79.024
204.146,215.197,27.633,78.842
198.101,216.329,27.544,79.043
198.561,216.954,27.372,79.335
198.250,218.529,27.534,79.204
196.950,218.832,27.607,79.370
190.498,219.614,27.666,79.565
190.288,221.127,27.599,79.693
189.585,219.870,27.644,80.005
182.967,219.265,27.768,80.013
182.532,218.048,27.792,80.299
181.903,217.327,27.929,80.244
175.403,217.591,28.230,80.120
174.420,217.522,28.282,80.201
167.867,218.257,28.272,80.315
167.332,218.136,28.255,80.440
166.439,218.253,28.301,80.584
159.704,216.988,28.283,80.798
159.337,216.014,28.394,80.835
158.496,216.709,28.442,80.980
157.499,216.819,28.483,80.978
151.272,216.573,28.494,81.130
151.475,216.574,28.468,81.290
151.512,221.530,28.422,81.487
151.716,222.038,28.426,81.680
151.977,222.571,28.452,81.862
151.985,222.846,28.545,82.003
151.862,222.207,28.543,82.065
151.828,222.359,28.572,82.368
152.307,222.590,28.576,82.549
152.498,223.010,28.642,82.557
153.202,223.425,28.673,82.486
158.765,223.924,28.553,82.778
157.845,222.704,28.597,82.797
150.829,223.617,28.769,82.763
150.291,224.821,28.873,82.547
149.394,223.640,28.924,82.733
142.417,223.041,29.044,82.878
141.357,220.574,29.055,83.209
134.527,213.324,29.139,82.978
127.374,214.641,29.969,81.555
126.689,215.677,29.791,81.742
120.130,216.289,29.738,81.973
119.171,221.890,29.682,82.028
111.558,221.453,29.580,82.154
110.182,220.710,29.600,82.154
103.094,226.305,29.698,82.129
101.972,225.901,29.674,82.589
95.480,225.831,29.711,82.638
94.317,226.407,29.625,82.608
87.664,231.366,30.441,81.615
87.343,231.779,30.173,81.785
86.655,231.365,29.854,82.321
85.591,231.028,29.707,82.570
84.683,230.086,29.379,83.016
84.014,230.934,29.281,83.108
83.080,231.574,29.247,83.021
76.571,232.291,29.300,82.994
75.789,232.569,29.339,82.953
75.217,233.166,29.233,83.228
74.232,232.902,29.264,83.162
67.972,238.144,29.428,82.795
68.026,236.557,29.307,82.891
67.986,236.799,29.118,83.137
67.962,237.752,28.994,83.247
67.874,238.599,28.918,83.504
67.637,238.727,28.907,83.684
67.910,238.968,28.911,83.863
67.737,239.944,28.886,83.982
67.229,240.464,28.905,84.074
66.516,239.897,28.866,84.216
66.118,239.854,28.978,84.215
65.153,239.194,29.014,84.218
58.695,240.519,29.181,83.813
58.678,239.668,29.205,83.730
57.568,238.494,29.228,83.853
57.054,232.479,29.186,83.926
56.360,231.592,29.236,84.301
49.115,230.521,29.243,84.483
48.694,230.000,29.363,84.277
48.107,229.176,29.346,84.293
47.378,229.181,29.518,84.174
40.074,229.544,29.723,83.864
38.950,229.043,29.596,84.090
32.117,228.767,29.833,83.900
24.622,237.482,29.802,84.179
23.125,239.018,29.876,84.251
14.526,239.755,30.823,82.873
13.355,241.440,30.637,83.076
6.858,235.217,30.580,83.112
6.327,234.920,30.574,83.236
5.322,227.702,31.427,81.715
4.530,228.668,32.124,80.397
4.015,236.578,31.443,81.094
3.235,236.954,31.794,80.347
3.055,237.278,31.198,81.046
3.126,237.541,30.770,81.744
3.045,230.315,30.324,82.099
2.770,231.199,30.100,82.076
2.437,232.149,29.828,82.335
2.006,232.972,29.750,82.166
2.232,234.942,29.600,82.016
2.234,236.558,29.464,82.120
3.988,239.086,29.214,81.931
5.632,239.050,28.979,81.768
6.680,239.094,28.901,81.749
8.267,239.543,29.689,80.432
13.872,239.933,29.418,80.744
13.238,241.042,29.372,80.550
12.385,241.201,29.294,80.626
12.788,242.604,30.200,79.412
13.010,243.276,30.779,78.457
13.187,243.488,30.358,78.933
13.403,244.412,30.861,78.096
14.128,245.365,31.314,77.285
14.616,245.498,31.522,76.840
15.196,245.547,31.554,76.581
15.760,245.807,31.619,76.422
16.649,246.608,31.529,76.399
17.405,247.440,31.587,76.036
18.025,246.879,31.559,75.836
19.451,246.150,31.434,75.880
19.523,243.868,30.590,76.979
20.397,243.557,30.839,76.514
21.333,242.637,30.886,76.288
27.602,241.448,30.232,77.181
27.769,241.858,29.698,77.844
28.403,242.269,30.114,77.266
34.366,239.901,29.642,78.076
34.703,241.324,29.192,78.465
35.175,241.753,28.990,78.961
41.086,241.095,28.884,79.251
40.922,241.535,28.668,79.545
40.979,241.849,28.542,79.843
46.728,241.521,28.470,79.974
46.150,241.452,28.371,79.910
46.152,241.541,28.227,80.130
46.532,242.547,28.205,80.355
46.872,242.796,28.138,80.684
46.855,242.522,28.136,80.710
46.889,242.837,28.175,80.585
47.225,242.894,28.354,80.392
47.763,241.581,28.345,80.456
47.649,241.963,28.347,80.457
47.166,241.558,28.409,80.290
48.113,240.158,29.160,79.297
48.731,239.719,28.848,79.506
49.416,239.207,28.638,79.545
49.421,238.880,29.384,78.487
49.459,239.451,29.116,78.839
49.908,239.638,28.846,79.126
50.306,238.485,28.658,79.291
50.686,238.485,28.479,79.299
51.143,238.837,28.389,79.451
56.905,238.341,28.298,79.694
56.283,237.082,28.250,79.839
56.015,236.354,28.159,79.846
55.668,235.957,28.120,79.896
55.530,235.423,27.994,80.037
55.044,234.853,27.909,80.345
54.526,235.011,27.806,80.414
54.224,234.202,27.793,80.516
53.462,239.847,27.871,80.486
53.024,239.347,27.862,80.632
52.642,237.781,27.897,80.878
51.808,238.875,27.985,80.909
51.444,239.378,27.938,80.959
51.109,239.721,27.984,81.032
51.083,239.830,27.991,81.150
50.997,239.669,27.961,81.258
50.835,239.880,27.859,81.382
50.808,240.849,27.908,81.291
50.323,241.476,28.006,81.260
50.363,243.292,28.013,81.106
50.075,243.505,28.078,80.919
50.393,243.865,28.054,80.895
50.745,244.041,28.087,80.842
51.337,243.650,28.153,80.864
57.215,242.690,28.133,81.128
56.674,242.349,28.074,81.401
56.288,244.607,28.138,81.355
55.863,245.220,28.149,81.284
55.537,245.823,28.139,81.230
55.032,246.467,28.241,81.070
54.301,246.268,28.181,81.045
54.073,246.346,28.109,81.172
53.791,246.138,28.043,81.313
53.677,247.006,28.067,81.188
53.028,246.729,28.022,81.155
53.076,246.929,27.938,81.359
53.166,247.396,27.844,81.634
52.795,247.349,27.853,81.567
52.755,248.125,27.777,81.730
52.978,248.035,27.821,81.807
53.082,248.431,27.745,82.155
53.615,249.554,27.733,82.089
53.863,250.237,27.730,82.005
53.921,250.639,28.002,81.794
54.518,249.888,28.111,81.580
55.352,250.170,28.147,81.576
55.408,249.748,28.356,81.486
55.229,249.711,28.279,81.678
55.441,249.391,28.331,81.951
55.652,248.074,28.421,82.183
55.803,248.009,28.491,82.373
56.056,247.887,28.508,82.476
55.953,247.769,28.526,82.574
56.162,247.192,28.475,82.880
56.032,245.378,28.522,82.920
56.105,245.689,28.527,83.117
55.867,244.978,28.591,82.963
55.793,245.232,28.625,82.885
55.390,244.829,28.654,82.921
55.339,243.252,28.646,82.952
