198.000,249.000,95.000,325.000
190.442,255.167,96.618,320.627
195.776,250.520,97.617,321.417
188.686,261.163,99.139,318.116
190.609,254.024,99.663,317.100
191.178,262.339,99.780,319.082
194.439,261.367,99.890,319.693
197.924,260.008,100.127,320.319
201.179,260.516,100.884,320.463
201.782,266.463,102.182,320.004
202.642,267.802,102.524,318.440
205.983,266.150,102.767,317.976
209.287,266.902,102.649,319.333
210.502,265.657,102.607,320.659
212.041,261.811,102.337,322.312
213.814,262.707,103.279,323.594
215.299,260.851,103.592,325.750
219.903,253.353,104.599,326.983
224.689,252.290,104.517,331.366
222.804,251.350,104.662,334.200
219.122,248.185,105.858,334.134
212.292,243.990,106.691,334.431
208.214,237.686,107.803,332.713
207.800,234.350,108.748,332.945
203.856,235.560,109.566,333.782
201.160,227.256,110.262,334.649
201.797,219.477,110.938,338.821
202.384,209.765,112.413,340.486
206.412,204.974,112.358,344.030
211.676,204.259,112.748,348.788
215.506,218.963,113.164,353.880
213.472,225.645,113.813,358.646
212.932,227.016,114.765,360.754
215.781,227.807,115.035,363.176
212.173,228.771,115.384,365.443
211.157,237.536,116.746,368.235
208.318,234.869,118.388,371.126
204.193,228.616,119.466,376.368
201.881,222.066,120.554,380.810
201.481,209.828,121.832,384.458
198.578,204.894,123.465,386.807
198.004,192.854,124.622,390.973
197.142,182.277,125.900,396.115
197.193,170.421,128.100,397.687
200.118,162.362,130.301,398.486
207.824,172.966,131.888,397.874
209.648,163.908,132.084,400.288
209.434,160.344,132.890,398.910
217.639,174.574,133.831,397.970
220.592,171.237,133.958,397.626
222.548,184.076,134.797,393.571
223.265,182.161,136.282,388.012
216.241,181.751,139.011,382.312
220.186,189.436,138.992,379.839
226.100,191.522,139.583,375.140
228.073,182.821,139.700,371.600
226.638,187.457,139.490,369.051
228.414,201.209,139.389,366.283
227.533,198.589,140.082,362.495
217.733,195.575,140.061,362.959
196.337,166.503,142.389,365.084
181.239,151.188,143.608,367.411
170.014,135.578,143.641,369.939
165.489,127.835,142.701,374.967
170.060,130.685,142.951,377.635
171.325,135.802,140.529,380.336
168.176,136.271,141.068,380.963
167.565,149.581,139.653,381.416
172.336,147.487,139.694,381.527
179.451,146.961,137.886,384.452
184.923,157.546,137.541,384.611
192.483,152.190,136.423,384.959
201.754,154.666,135.506,384.139
204.388,155.415,133.077,388.861
213.254,184.107,131.776,392.466
210.368,180.469,131.372,391.368
206.389,193.094,131.219,388.552
207.141,172.012,130.643,389.622
206.075,176.601,128.919,389.524
205.092,157.137,127.836,390.726
202.511,152.684,127.234,389.941
206.564,151.918,126.681,386.302
209.600,141.205,126.424,382.793
211.481,149.387,126.350,378.376
215.210,146.430,126.623,375.115
224.929,154.108,125.596,374.086
233.436,168.858,124.762,373.739
240.675,180.033,124.148,373.159
253.285,190.000,124.453,371.405
263.501,193.612,124.068,372.084
278.079,193.679,123.322,373.562
306.102,186.669,122.442,377.079
318.687,188.580,121.960,377.753
331.306,187.281,121.209,379.671
344.226,183.443,122.016,381.429
349.421,178.609,123.156,383.829
350.469,165.589,124.448,389.710
344.099,149.455,126.458,390.338
349.774,142.667,126.931,390.833
346.537,144.495,127.325,391.198
354.252,140.243,128.189,389.132
359.945,136.926,128.581,389.492
362.102,136.538,128.187,390.642
361.237,135.628,129.178,388.148
364.534,140.094,128.822,389.947
369.069,143.118,128.326,390.926
372.449,152.298,127.281,391.070
373.980,163.951,125.681,392.902
373.938,171.745,124.848,394.832
375.699,175.163,124.366,395.397
376.625,178.576,123.228,395.703
377.283,178.340,122.429,397.564
376.524,176.234,122.508,397.710
373.541,184.144,123.041,396.106
370.766,188.816,123.273,396.313
364.901,195.731,123.733,395.626
362.872,184.585,124.784,399.754
358.389,163.393,126.826,402.905
352.942,150.645,128.915,403.396
351.769,152.987,130.271,403.695
344.357,159.773,132.479,404.860
338.787,167.831,133.546,406.770
332.101,181.085,135.254,407.146
321.689,181.865,137.111,408.856
314.253,186.233,138.963,406.446
307.055,191.850,140.178,403.639
301.548,195.517,141.077,400.201
296.308,208.406,141.638,396.104
294.862,214.946,140.910,395.529
291.460,224.124,139.894,393.194
290.023,225.967,139.805,392.170
285.517,220.824,139.123,392.207
284.359,226.214,138.310,392.245
285.115,226.668,138.311,391.161
284.976,222.119,137.456,392.810
282.598,217.347,136.531,393.883
283.200,212.120,135.939,394.243
281.749,201.579,134.505,397.597
279.280,186.425,132.728,398.492
278.116,167.310,132.818,399.196
276.310,158.217,132.559,397.807
276.871,163.858,131.729,396.146
281.051,167.131,130.924,394.696
282.094,164.044,129.788,394.370
285.708,168.282,129.843,393.058
288.354,173.841,128.979,391.573
288.780,178.375,127.911,389.508
291.538,176.931,127.318,388.730
292.366,180.609,126.611,386.400
298.677,174.305,125.712,384.378
298.634,184.387,124.587,383.740
298.341,187.413,124.547,379.704
300.779,189.386,122.888,380.112
301.829,199.086,121.693,379.346
302.919,194.399,120.025,376.163
302.395,192.542,119.881,368.575
298.488,190.114,118.835,362.972
299.991,183.124,117.085,359.808
297.012,181.431,115.668,355.723
296.765,168.579,113.980,353.155
297.565,170.564,112.895,347.835
297.973,175.874,111.352,342.363
301.186,173.663,109.594,338.864
297.967,176.658,107.881,337.078
295.165,166.908,107.436,333.066
293.735,178.936,106.963,331.233
292.631,168.835,106.463,329.506
292.673,186.226,106.222,329.208
293.375,193.038,106.685,326.620
293.636,202.282,106.504,325.367
293.434,211.433,107.126,322.035
295.048,214.981,108.258,321.207
296.315,217.977,108.877,320.026
299.182,216.751,109.505,319.397
300.537,221.330,110.323,317.307
302.495,227.544,110.844,314.458
304.263,217.917,111.153,312.391
304.490,225.051,111.612,309.164
307.169,226.162,110.780,308.833
310.132,226.075,109.857,308.264
310.922,222.267,108.501,311.114
313.015,205.648,107.555,311.129
314.246,213.705,105.793,311.672
317.044,197.265,104.150,309.967
319.417,205.750,102.627,308.064
321.274,198.882,100.912,307.113
324.100,197.622,99.460,305.424
325.580,194.397,98.021,304.104
326.636,200.060,97.466,300.328
330.189,202.772,96.884,294.484
333.456,212.242,95.092,290.899
333.805,221.295,93.996,287.029
336.750,226.119,92.611,284.563
337.802,221.333,91.993,283.030
335.974,225.234,91.883,279.435
332.991,233.838,91.681,275.679
330.719,233.139,91.634,274.160
328.486,238.231,91.217,270.689
325.354,241.926,91.317,268.298
321.416,244.858,91.367,264.449
316.585,241.253,91.274,262.147
313.517,241.965,90.544,259.230
310.013,240.375,89.847,258.042
307.967,229.273,89.449,257.954
305.597,226.704,88.761,258.356
301.735,227.381,89.159,255.956
296.675,225.647,88.623,254.200
292.081,228.412,88.503,253.365
293.072,228.517,88.245,251.401
298.063,227.938,87.354,250.543
298.539,222.695,87.645,246.831
303.260,226.750,87.264,244.221
306.620,236.562,87.004,242.265
308.102,236.900,86.684,241.180
310.345,236.615,86.983,239.373
311.781,242.039,86.707,239.276
313.658,246.057,86.641,238.196
332.228,251.840,84.693,238.109
331.321,261.239,83.120,239.289
329.160,265.404,83.125,239.430
329.759,271.008,82.736,241.832
330.593,265.025,82.243,244.755
336.273,262.277,82.122,246.048
338.671,264.521,81.605,249.570
338.133,252.062,81.228,250.571
338.117,246.633,80.836,253.778
340.243,237.637,80.334,254.331
345.866,235.414,80.392,255.612
352.014,232.377,80.815,257.755
353.649,225.346,81.410,260.476
355.506,219.350,81.868,263.515
356.279,211.496,83.231,263.738
358.957,206.939,84.286,262.743
362.792,211.739,85.761,262.238
364.559,213.182,87.197,261.757
365.186,216.461,88.102,262.325
365.758,220.364,88.877,263.573
365.634,213.813,89.047,266.398
364.188,218.282,89.824,266.758
361.554,230.021,90.549,267.362
360.257,231.605,90.083,271.472
356.969,234.628,90.229,272.610
357.050,235.842,88.361,276.686
353.199,230.828,88.066,280.284
352.471,231.960,88.209,281.446
348.802,232.274,88.827,283.023
343.395,235.342,89.845,282.829
340.006,228.888,90.187,283.428
339.603,224.109,90.191,285.938
317.425,203.797,91.347,285.733
316.949,196.049,91.666,287.132
316.740,191.461,92.473,287.095
314.748,190.706,93.183,286.413
312.091,197.614,93.772,284.161
308.065,201.857,94.590,282.378
304.580,200.986,94.864,282.571
298.315,195.644,98.249,277.564
300.096,190.576,97.320,273.603
304.061,186.347,101.161,263.987
309.812,199.339,101.952,259.887
315.995,206.599,102.592,255.334
321.564,215.003,102.481,252.342
326.024,220.950,101.640,250.233
330.292,224.747,100.924,247.602
336.792,227.354,100.256,245.237
341.691,231.072,99.043,243.408
348.113,238.478,98.804,240.852
352.574,238.914,99.359,237.421
357.288,246.598,99.582,235.682
362.663,246.519,99.736,232.503
367.244,245.786,98.673,231.279
367.816,248.701,97.653,231.776
367.265,248.744,97.159,231.537
365.905,242.086,97.125,231.552
368.624,243.369,96.688,231.150
367.368,240.630,96.490,230.163
365.789,240.780,96.621,229.249
366.859,241.618,97.262,227.782
364.903,239.034,96.605,229.274
363.959,244.645,96.448,229.993
362.060,247.922,95.876,231.266
359.377,242.370,95.454,233.140
356.227,243.797,95.017,234.588
351.978,239.774,94.653,235.975
344.980,233.619,94.318,239.139
341.426,234.776,94.485,239.783
334.560,234.048,94.905,240.226
328.790,231.116,94.946,240.907
322.965,232.289,95.160,240.725
314.802,236.655,95.456,240.844
308.442,234.674,95.479,240.699
300.007,228.354,94.236,241.798
293.021,228.856,93.221,243.402
286.415,233.398,92.211,245.187
279.263,234.146,91.448,247.104
271.727,232.235,91.109,248.719
263.943,230.837,91.080,248.593
256.506,228.508,91.194,248.485
249.132,229.545,91.251,249.235
232.164,236.824,90.251,248.958
230.320,233.012,89.968,248.029
225.718,233.321,90.035,249.620
219.557,233.935,89.814,250.803
204.240,244.588,88.237,252.449
199.774,227.707,87.901,255.858
192.342,226.788,87.376,259.129
187.381,225.301,87.465,259.604
183.367,221.123,87.710,260.801
182.048,223.491,87.701,260.677
178.006,221.521,87.545,260.950
175.865,213.921,87.112,262.402
174.981,211.692,87.218,263.913
174.805,211.143,87.894,265.619
176.847,212.403,89.057,264.582
175.867,213.383,90.476,264.126
174.789,208.813,91.626,265.315
176.395,208.628,92.333,266.771
194.363,209.038,92.722,267.882
192.537,213.645,93.103,267.748
193.290,213.726,93.757,268.196
211.434,220.155,93.543,267.733
229.324,218.603,93.118,267.885
226.936,218.777,93.321,268.614
242.454,215.509,93.515,268.531
242.700,215.318,93.414,268.911
258.738,217.411,93.430,269.615
257.400,214.243,92.571,274.040
262.206,223.369,91.632,277.273
266.600,223.789,90.848,281.677
268.942,216.701,89.663,287.893
269.362,207.105,89.428,291.446
275.248,205.486,89.328,294.039
279.090,206.182,89.517,294.398
281.118,211.982,89.302,294.458
279.188,210.677,90.311,294.582
279.179,215.760,90.982,293.586
281.499,225.774,90.621,294.901
277.408,221.101,91.920,296.456
273.964,214.172,93.307,298.284
270.192,221.111,94.277,300.038
265.399,218.909,96.455,300.379
262.113,220.306,98.069,299.513
263.205,213.798,99.029,299.960
264.987,207.437,98.687,302.515
263.834,211.477,98.832,306.826
263.353,225.609,98.631,309.634
264.002,235.021,99.812,306.048
266.153,239.532,100.204,304.578
267.142,242.079,100.202,304.050
288.708,251.313,102.183,301.878
286.793,237.942,102.925,300.886
312.404,245.246,106.888,296.157
311.161,235.718,107.226,296.952
311.245,245.511,109.340,294.130
310.074,230.606,110.828,291.363
331.324,241.555,114.153,286.438
328.839,248.355,116.371,283.837
308.873,252.211,113.680,287.543
313.563,252.800,111.864,289.135
333.712,252.460,113.488,288.329
333.591,247.144,111.068,291.922
336.612,241.886,108.530,296.042
340.723,233.904,106.594,298.705
362.672,211.426,107.464,299.500
362.555,208.859,107.544,301.168
363.523,203.720,107.279,302.899
365.653,200.358,106.974,305.966
365.045,197.598,108.113,308.071
364.805,196.141,108.944,309.476
363.652,195.542,110.411,309.587
362.487,189.643,111.597,309.916
352.221,193.509,116.069,306.233
347.301,195.795,120.735,301.531
319.542,194.207,124.592,296.231
311.492,196.670,128.387,290.922
288.598,223.172,129.244,289.823
286.236,222.042,130.307,287.649
282.004,223.585,131.082,285.206
253.827,222.641,130.765,284.102
248.495,225.264,130.537,282.753
227.128,222.943,128.584,281.760
219.499,218.405,128.921,280.508
196.253,216.953,126.707,278.387
196.469,210.213,121.401,282.737
192.630,200.196,117.049,286.539
188.015,192.959,113.656,289.501
182.389,191.569,111.746,289.186
177.200,189.196,109.267,288.932
171.284,187.467,106.947,288.133
168.043,195.266,105.271,285.415
165.162,195.138,102.877,282.110
160.846,195.197,100.595,279.937
155.552,198.252,98.967,278.148
152.578,192.963,97.550,275.812
147.543,200.492,95.798,274.341
146.902,208.081,94.694,272.582
145.830,208.737,93.330,272.783
147.129,211.096,91.873,271.828
149.558,219.955,91.192,271.112
152.697,225.046,90.781,270.730
157.219,233.559,90.270,270.673
160.000,234.992,89.101,271.891
161.377,236.281,88.440,274.048
163.883,237.364,87.921,277.037
164.185,234.152,87.855,278.777
166.082,225.302,88.871,277.434
167.735,210.346,88.862,276.057
169.437,212.648,88.732,276.111
174.250,210.352,89.142,276.096
179.611,204.165,88.240,278.579
176.982,194.481,88.507,280.058
178.438,184.005,88.526,280.514
180.606,178.296,88.470,281.108
183.311,177.310,89.284,279.692
186.888,175.693,89.147,281.198
184.279,184.570,90.071,280.989
184.895,187.986,90.084,281.294
182.846,192.007,90.422,280.508
181.080,193.505,89.960,280.579
180.811,194.267,89.988,278.281
180.515,195.116,89.728,277.030
180.269,198.845,89.452,276.476
179.276,198.900,88.662,276.576
178.166,201.536,88.409,276.249
174.605,202.634,88.396,275.634
171.800,204.266,88.375,275.009
168.672,201.708,88.147,274.396
162.687,197.207,88.297,274.929
158.525,186.500,88.816,275.186
157.189,187.377,88.925,275.224
156.340,182.360,88.968,273.740
156.920,184.083,88.348,273.778
154.270,180.448,88.723,273.432
153.055,171.171,88.272,274.751
155.166,167.176,87.681,275.314
158.294,174.101,86.636,276.939
157.958,180.356,86.888,277.723
158.824,189.167,86.529,278.812
159.305,193.933,86.679,278.153
160.792,198.471,86.424,278.283
161.266,201.031,86.868,277.000
161.349,206.791,87.058,276.177
161.803,211.653,87.108,275.462
161.303,216.032,87.495,273.501
159.511,220.063,88.167,271.261
158.592,217.863,88.385,269.671
155.946,223.268,88.237,270.053
155.842,215.250,87.371,271.329
155.556,217.917,86.988,273.379
155.532,214.139,86.669,273.735
156.259,206.565,85.878,275.823
154.592,212.777,86.125,276.119
150.310,203.315,86.509,277.402
151.842,190.091,86.204,279.949
152.805,187.236,86.499,281.513
151.319,177.920,86.567,283.169
151.369,174.700,86.366,285.297
150.235,161.686,87.411,286.170
152.099,161.299,87.797,285.862
151.525,161.435,88.490,284.938
152.227,164.770,89.000,284.768
152.797,169.834,89.703,283.858
152.622,174.142,90.763,284.444
151.450,178.219,91.764,284.684
151.314,183.147,92.464,285.565
148.591,182.265,92.794,287.191
150.143,190.747,93.079,288.439
147.187,194.931,93.365,290.957
141.696,199.794,93.735,292.874
137.845,202.614,94.038,292.977
135.541,205.003,94.542,291.893
131.639,203.820,94.570,293.235
126.986,199.561,94.614,294.558
123.815,188.515,94.264,298.047
124.745,182.899,93.218,301.912
122.019,184.942,92.761,304.261
118.763,181.836,92.158,306.726
117.616,180.587,91.727,308.012
117.102,184.499,92.094,308.971
115.683,180.220,91.707,311.477
116.453,173.533,91.463,311.627
115.801,175.425,91.610,310.756
117.108,176.287,91.471,311.393
118.509,183.979,92.033,310.105
120.192,185.928,91.840,310.068
120.268,188.946,92.095,309.628
121.359,185.713,92.408,309.624
119.022,190.649,93.702,308.814
123.060,191.268,94.633,306.796
123.664,196.378,95.802,305.465
125.333,204.382,96.557,305.323
126.648,195.612,97.812,305.794
125.967,199.777,99.399,303.835
126.551,209.006,100.129,303.006
127.914,204.452,100.841,303.136
127.952,211.878,102.085,301.814
127.099,209.911,103.461,299.763
126.802,214.468,104.541,298.717
126.676,210.893,104.743,298.589
128.598,211.471,104.025,300.439
131.882,210.885,103.476,302.076
133.835,206.145,102.932,303.348
137.792,204.720,102.736,302.537
141.401,207.934,102.314,301.872
142.940,206.612,101.236,301.891
143.213,207.676,100.996,300.499
148.290,209.807,100.581,299.825
149.416,213.248,100.242,299.199
152.423,216.047,100.040,297.961
153.109,216.047,100.122,296.685
153.433,213.421,99.945,295.541
154.775,215.669,99.694,294.043
157.362,218.625,99.682,293.102
159.350,221.126,99.381,292.872
159.061,220.960,99.066,292.374
161.451,226.444,98.795,292.494
163.549,226.497,99.073,292.568
162.838,223.551,99.336,292.409
165.066,222.795,99.189,292.803
165.191,220.039,99.602,292.452
168.357,220.712,99.515,292.060
169.208,219.429,98.901,292.190
171.005,216.092,97.687,293.256
173.947,218.221,97.102,291.780
179.249,219.072,95.927,291.305
184.393,220.841,95.011,290.827
189.304,216.862,93.757,289.472
194.211,218.309,92.911,287.187
196.902,216.505,92.038,285.581
201.764,217.678,91.064,283.657
203.940,214.730,90.592,282.078
207.549,211.977,90.081,280.609
208.774,213.933,89.346,280.029
210.928,210.724,88.845,278.893
210.188,209.183,88.731,277.892
210.541,211.973,88.143,276.467
209.204,209.035,87.395,276.066
210.585,207.462,87.052,274.479
204.974,208.854,86.498,274.774
206.793,204.399,85.504,275.605
202.560,208.180,85.200,276.079
199.895,205.817,85.078,274.195
195.714,206.694,85.432,273.270
191.284,205.280,85.524,273.267
186.437,207.069,85.973,272.662
181.630,204.686,85.893,273.064
175.973,210.628,86.081,273.568
173.129,210.747,86.103,273.322
168.313,209.766,86.099,274.190
164.091,206.624,86.467,274.094
158.456,204.309,87.321,272.633
152.439,202.273,87.960,271.542
148.263,200.270,88.266,271.020
142.171,204.508,88.969,270.760
135.406,205.928,89.524,269.387
129.257,207.514,90.263,267.892
121.301,208.958,90.897,267.235
113.772,207.767,90.608,267.400
109.772,210.299,89.867,265.661
105.241,212.244,89.563,263.961
101.911,215.131,88.841,262.750
100.583,217.332,88.555,261.139
97.540,216.282,88.419,259.983
92.860,214.464,87.981,258.953
92.794,214.331,88.235,256.255
91.551,216.147,88.139,254.703
91.580,214.059,87.681,253.808
91.381,215.146,87.275,253.264
90.354,215.931,86.803,252.228
87.070,215.829,86.145,252.241
89.486,219.256,85.527,252.283
86.720,215.273,84.843,250.740
87.183,221.185,84.370,251.760
87.048,217.251,83.872,252.181
89.198,220.078,84.010,252.440
91.088,221.906,84.140,251.868
91.457,221.957,83.903,250.090
94.060,224.178,83.926,248.859
96.767,219.287,83.090,248.291
100.076,220.495,82.601,247.967
101.074,223.064,81.823,246.751
103.180,217.071,81.364,245.134
103.883,220.983,80.931,243.598
104.310,218.699,80.048,242.095
106.017,220.435,79.237,240.885
105.403,219.708,79.160,239.758
103.991,222.911,78.823,239.513
101.360,214.369,78.358,241.381
99.222,218.112,78.212,242.429
96.413,215.332,78.467,242.527
93.911,213.087,78.647,243.006
90.772,211.510,78.471,244.436
89.009,212.262,78.695,244.062
86.981,211.673,78.427,244.439
83.865,206.871,78.904,243.550
79.212,201.621,79.005,244.428
79.388,201.381,78.622,245.089
78.138,199.744,78.179,246.124
77.995,203.096,78.093,245.919
79.759,202.918,77.915,245.598
81.272,201.284,77.442,245.833
82.788,202.196,76.968,244.973
85.130,205.753,76.490,243.952
86.720,211.269,76.226,244.048
88.561,209.211,76.114,243.602
90.876,211.490,75.993,244.093
93.269,215.697,75.704,244.568
97.739,219.561,75.299,244.118
100.799,218.465,75.609,242.734
102.067,220.178,75.645,241.036
99.781,222.572,75.825,240.316
101.386,222.280,75.770,238.755
101.196,221.768,75.232,237.124
100.214,224.677,74.501,235.819
102.016,229.249,74.227,233.445
104.826,235.507,73.159,231.493
104.906,234.204,71.940,232.189
104.390,230.941,71.487,231.901
101.088,224.510,71.231,230.954
99.186,219.307,70.600,231.476
97.877,214.059,70.560,231.210
97.433,212.565,70.155,231.163
98.239,211.280,69.774,230.830
97.295,209.329,70.053,228.412
94.006,208.351,70.983,224.179
91.260,211.181,71.967,220.321
88.198,212.512,73.101,217.108
85.989,207.218,73.716,215.610
83.971,202.554,74.308,214.597
81.913,201.055,74.919,212.602
78.574,201.908,75.362,210.792
76.918,200.084,75.507,210.440
76.436,200.129,75.481,210.029
75.925,204.605,75.353,208.816
72.934,208.312,74.749,208.452
70.652,209.066,73.712,208.416
69.713,211.384,73.060,206.238
67.647,213.295,72.477,204.800
66.893,218.602,72.183,204.017
65.981,223.906,72.007,203.261
62.920,219.520,72.225,201.816
62.732,218.132,71.508,202.165
62.318,226.614,70.905,203.173
62.392,233.398,69.863,204.489
62.004,235.785,69.081,204.173
62.146,239.498,68.791,202.701
61.299,238.920,68.177,203.344
59.401,240.157,67.897,204.056
57.789,236.019,68.091,202.545
57.252,236.986,67.287,204.191
57.028,235.980,66.991,205.020
58.716,235.012,66.289,206.871
59.085,225.330,66.979,206.871
58.910,220.502,66.905,207.601
59.906,219.547,66.883,208.024
60.591,221.556,67.124,207.859
75.302,208.274,67.733,206.719
74.585,224.150,67.836,207.859
73.234,236.734,68.202,208.602
90.294,228.705,68.202,208.423
105.309,246.317,68.002,210.009
102.409,229.007,67.551,211.927
98.266,229.399,66.945,214.817
95.998,212.708,66.065,217.340
97.087,218.285,65.220,219.079
99.925,220.729,64.662,221.696
101.393,223.539,64.358,223.284
103.195,227.682,63.995,224.769
101.839,230.270,64.295,227.714
101.460,232.618,65.295,231.401
96.386,229.616,66.760,234.156
91.452,231.610,68.664,235.191
91.855,230.820,69.228,237.131
93.867,214.201,69.738,238.498
93.673,213.009,70.109,242.134
93.077,210.215,70.817,245.195
91.240,207.188,71.970,247.138
89.821,201.500,72.868,250.528
88.344,196.835,74.196,252.532
86.873,193.061,75.882,252.917
81.272,189.115,77.538,251.833
74.397,192.677,79.237,250.693
68.501,193.261,79.897,252.770
61.459,192.834,80.606,255.557
57.513,193.454,81.540,258.949
52.501,220.809,82.785,263.110
47.060,225.586,84.755,263.514
42.596,230.292,85.852,266.874
35.552,230.483,87.515,270.374
35.139,232.320,88.250,273.406
31.822,231.939,89.674,274.444
30.120,234.598,90.449,277.023
26.945,238.132,91.458,280.602
24.270,235.208,93.865,281.301
25.094,234.614,95.531,282.027
46.201,235.678,96.815,282.069
46.805,234.703,98.126,284.477
67.453,232.188,98.484,284.421
69.093,228.035,97.706,286.778
72.561,231.608,98.019,286.653
75.733,224.881,98.634,287.276
81.944,220.954,99.089,288.017
87.827,220.983,99.054,288.787
91.646,219.593,99.633,287.621
96.307,220.658,99.893,285.975
101.019,217.192,99.792,285.965
107.248,216.108,99.864,286.147
113.703,218.661,100.130,286.494
118.254,218.552,99.665,288.177
121.362,218.866,100.279,288.958
124.717,224.364,100.597,289.236
127.833,225.604,100.791,289.931
128.922,220.937,100.918,290.743
131.576,220.899,101.127,290.900
132.862,224.639,101.268,292.621
137.156,225.344,101.863,291.786
137.676,219.199,102.856,289.318
140.932,227.059,103.040,289.045
144.848,228.686,103.141,289.171
147.735,228.228,102.906,289.440
151.861,229.947,102.374,289.928
156.070,229.791,102.189,290.749
158.174,230.079,102.136,292.003
161.513,229.858,101.865,293.412
164.580,230.583,101.703,295.890
165.836,225.676,101.680,296.456
168.569,223.510,101.392,297.537
167.681,219.859,101.766,296.918
167.563,224.726,101.669,296.781
167.371,226.403,101.865,297.018
164.264,221.309,102.146,297.439
166.113,218.650,102.029,297.925
166.304,218.697,102.336,297.426
168.490,213.155,102.136,297.323
168.068,218.865,102.762,297.390
169.853,210.350,102.810,298.925
171.857,217.319,102.977,299.287
172.700,216.370,103.871,300.907
174.205,214.001,104.332,302.517
171.867,214.591,104.304,302.536
171.841,213.432,104.404,302.526
168.796,214.975,104.987,302.013
167.263,218.242,104.762,303.219
165.923,216.352,105.451,304.339
165.160,217.487,104.685,307.040
162.520,212.311,104.923,307.787
162.853,218.263,104.373,308.642
162.300,214.493,104.228,309.054
162.857,216.160,103.446,310.652
160.180,218.044,104.423,310.446
161.134,214.681,104.207,311.933
161.280,222.287,103.965,313.790
161.765,223.681,103.612,316.280
161.141,219.267,104.020,316.509
161.049,222.385,104.647,318.075
161.204,221.554,104.970,319.654
161.484,218.706,105.345,320.940
162.594,218.754,106.590,321.849
162.261,223.470,108.042,322.861
161.911,221.305,109.243,323.725
163.458,218.607,109.642,324.905
166.910,216.463,110.324,326.280
168.533,220.318,110.716,327.626
168.438,216.458,111.694,329.398
172.678,219.834,111.250,332.667
172.888,218.161,111.904,333.747
174.379,216.670,112.374,335.269
174.615,215.688,112.713,338.012
175.997,215.643,112.544,341.219
175.304,212.617,113.847,343.404
172.597,210.972,114.434,346.032
170.863,207.904,115.135,348.019
169.311,205.795,116.531,349.735
167.674,210.796,117.974,350.009
164.569,210.529,118.329,351.412
160.742,203.481,118.799,355.310
157.240,194.985,119.298,360.312
155.145,194.148,120.157,363.288
159.962,194.522,120.362,366.072
165.988,195.577,120.847,368.003
169.671,208.311,121.692,367.915
173.041,204.085,122.047,369.753
177.908,211.596,122.733,369.707
182.050,215.410,123.299,369.859
186.206,218.630,124.194,368.164
190.498,215.811,124.223,368.511
193.035,212.244,124.873,368.588
197.094,201.990,125.422,368.638
200.549,209.068,126.077,367.215
203.997,196.746,126.594,366.772
200.869,193.178,126.857,368.549
201.147,176.358,127.304,368.640
201.629,174.716,127.474,368.127
197.528,167.850,127.908,368.087
197.416,159.082,127.926,368.825
197.871,159.246,128.320,366.680
194.097,153.344,128.773,366.153
192.496,163.417,129.199,364.473
192.326,155.601,129.572,363.581
192.140,171.811,129.781,363.163
194.688,163.772,129.216,364.373
197.919,182.636,128.201,367.318
194.167,190.781,128.369,366.470
193.601,208.785,128.739,365.447
188.785,199.356,129.788,362.601
186.541,207.517,130.065,360.646
183.323,200.916,128.615,360.455
178.175,200.219,128.352,358.796
173.619,195.868,127.520,358.131
166.531,192.589,126.968,357.609
161.585,183.051,126.337,354.845
159.337,181.259,125.211,355.288
154.528,177.389,124.654,354.598
152.617,170.690,123.612,353.462
152.098,169.187,123.028,350.733
151.492,178.751,123.580,347.887
154.933,164.694,122.680,347.460
161.196,164.193,121.515,346.242
160.085,160.744,121.027,344.398
161.159,169.279,120.786,342.901
162.794,166.857,120.694,341.320
167.334,172.349,120.090,339.892
168.840,175.226,119.007,339.552
170.595,179.910,117.792,339.330
170.638,182.491,117.491,337.899
171.912,185.874,116.754,336.883
174.406,192.033,116.671,335.368
177.620,195.431,116.725,333.972
179.089,198.617,116.503,332.722
183.017,198.583,115.812,332.014
185.884,207.781,114.696,331.112
185.942,201.138,114.659,330.176
187.696,205.458,114.777,329.925
187.887,204.312,116.063,327.696
189.024,202.527,115.856,327.254
189.296,200.719,115.250,327.787
189.017,193.414,114.418,331.825
189.298,178.188,114.599,334.408
190.642,171.736,115.242,335.850
193.610,164.146,116.749,333.181
194.909,169.551,118.679,330.892
197.826,167.336,120.146,328.780
201.723,171.665,120.825,328.954
206.278,169.988,121.362,327.763
212.184,177.665,120.631,328.691
214.191,178.541,120.105,329.206
216.602,182.473,119.366,329.433
219.619,193.835,118.121,329.536
219.701,192.497,117.090,327.530
217.831,200.146,115.685,326.231
214.050,200.273,114.819,323.974
213.917,212.329,113.993,321.308
209.255,206.861,112.925,321.061
206.647,212.946,112.448,319.460
203.473,209.173,112.121,317.681
205.638,205.016,110.952,318.505
206.012,203.627,110.743,318.049
206.855,209.382,110.883,315.510
207.537,206.940,110.241,315.195
209.179,209.723,109.280,316.301
210.987,210.405,108.879,316.744
208.113,206.633,108.832,318.209
209.785,205.089,108.296,319.031
210.123,206.979,107.226,321.170
210.596,207.226,106.750,322.260
209.417,215.105,106.703,323.448
206.178,213.712,107.191,323.892
204.446,210.706,107.219,325.814
204.124,215.483,107.260,326.727
202.531,214.741,107.405,329.371
196.676,217.874,107.907,329.387
192.259,217.601,109.556,329.773
187.868,211.810,110.794,331.667
184.336,211.074,111.929,332.896
178.322,210.074,113.374,333.562
172.771,210.029,115.177,334.439
167.365,207.238,117.691,334.990
162.313,206.524,120.458,335.559
157.268,205.277,123.655,337.269
156.122,197.063,125.527,339.554
150.446,199.918,127.047,340.002
153.311,190.716,127.246,342.353
153.071,186.431,127.425,345.824
154.519,189.265,127.457,347.680
149.882,191.686,128.358,348.762
152.371,187.119,128.749,349.527
148.976,185.678,129.318,349.804
149.715,187.428,129.754,350.945
146.043,188.839,130.160,351.121
146.660,188.092,131.180,351.920
147.711,189.440,131.569,352.029
146.991,191.920,131.593,352.303
146.916,194.221,132.218,352.398
146.773,196.267,133.153,352.086
147.516,201.729,133.328,352.715
144.863,202.491,133.536,354.541
143.307,198.328,134.324,355.896
142.985,195.448,134.245,356.702
142.041,188.300,135.060,358.069
140.529,185.958,136.193,359.685
140.706,191.797,137.550,358.761
141.304,188.057,138.130,360.913
144.011,186.491,137.971,363.039
145.438,192.414,137.816,364.928
144.156,192.690,137.208,365.967
145.669,191.196,137.209,367.192
147.235,190.461,136.307,368.224
146.588,188.561,136.357,368.417
147.198,187.665,136.576,368.907
146.509,184.587,137.435,370.336
148.596,188.193,137.281,371.829
150.005,188.119,137.063,373.962
147.832,182.653,136.638,375.517
145.696,186.603,136.591,375.694
144.228,189.425,137.282,375.269
140.151,188.297,138.600,373.708
138.081,188.377,140.512,371.728
140.612,185.959,141.343,371.004
139.064,193.357,139.355,371.860
137.655,192.954,139.453,370.397
136.525,195.342,139.035,368.744
136.022,195.629,138.384,367.132
136.094,196.148,137.400,366.553
136.066,196.658,137.523,364.914
135.901,196.135,137.582,363.219
133.661,193.341,137.405,364.157
132.128,201.148,137.022,363.706
128.997,193.921,137.659,364.380
126.297,189.287,139.244,364.501
128.847,185.894,140.030,363.054
128.558,184.956,139.427,364.730
129.727,191.271,138.843,366.998
129.809,187.656,139.048,367.369
132.952,187.861,138.152,368.493
134.179,197.662,137.482,368.427
134.310,193.371,137.465,368.956
138.822,200.892,136.947,369.004
145.329,200.630,136.121,369.788
145.683,209.731,134.806,368.601
147.139,205.524,133.298,369.324
149.780,209.137,133.289,366.976
152.123,207.993,131.960,367.821
154.075,206.840,129.918,370.009
153.922,202.588,129.524,371.133
154.201,203.616,129.354,375.020
153.447,198.137,129.675,377.830
153.798,190.123,130.199,381.338
151.219,173.377,131.013,386.456
151.495,158.657,131.120,389.164
149.558,159.264,132.459,386.980
152.835,159.412,132.866,386.297
153.132,152.490,132.687,387.334
153.308,145.765,132.183,389.492
155.765,140.874,132.089,389.856
155.742,149.302,132.167,388.520
157.756,145.226,133.318,385.856
159.142,153.086,134.146,382.958
163.312,153.732,134.496,381.484
161.818,161.856,134.223,380.495
163.727,160.322,134.834,377.963
161.403,152.133,134.703,377.658
164.761,157.781,133.158,378.969
166.922,163.066,131.896,379.768
169.531,172.007,130.530,378.956
166.714,180.165,130.192,376.841
167.127,189.436,129.588,373.416
166.053,198.469,129.624,368.742
166.506,214.488,130.038,362.403
167.514,194.649,129.258,362.368
167.725,207.021,128.747,359.397
167.813,191.658,128.580,357.927
168.874,199.646,127.823,357.056
167.188,214.064,127.432,352.970
167.308,196.078,125.887,352.905
167.819,211.035,125.389,349.624
165.395,198.378,124.856,349.645
168.289,216.966,123.001,349.019
166.760,222.684,122.638,345.085
169.227,237.178,122.406,341.702
169.152,224.388,121.480,340.834
169.604,231.253,121.017,338.872
167.191,221.556,119.105,339.674
166.389,230.627,118.316,340.487
169.254,227.089,117.293,342.007
169.081,231.129,116.871,342.351
167.059,231.985,116.424,343.384
166.128,228.713,117.206,344.581
164.883,224.420,117.662,346.562
162.689,228.848,118.097,348.144
161.236,218.711,118.278,351.320
161.122,219.485,118.034,353.161
160.424,218.215,117.987,354.536
155.669,213.129,117.962,357.468
153.593,206.695,118.821,359.889
153.683,202.443,119.893,359.135
150.736,205.559,121.395,359.059
148.303,211.379,122.954,358.597
147.696,214.559,123.950,359.869
148.252,215.542,125.107,360.081
147.999,213.927,125.965,360.459
148.936,211.591,127.674,358.924
148.755,205.945,129.395,358.665
148.076,205.315,131.241,358.955
147.323,208.122,133.029,358.758
145.138,210.648,134.172,359.814
139.595,213.149,138.424,357.551
134.660,210.194,143.117,354.749
131.287,208.764,146.474,350.938
132.678,223.643,148.379,346.610
133.644,222.417,150.084,343.175
136.190,228.909,149.632,342.701
136.932,240.873,150.191,340.022
140.362,238.603,150.728,336.920
138.827,241.783,149.673,336.465
139.071,248.933,149.652,333.313
137.689,247.201,148.765,332.832
139.685,250.177,143.876,337.270
142.500,242.831,144.282,333.744
142.027,245.916,140.713,336.556
144.269,241.406,138.094,339.619
141.846,242.467,140.988,336.119
140.486,242.924,143.190,334.361
137.482,242.063,144.748,333.411
135.421,236.793,146.046,333.041
135.005,237.017,145.573,338.318
132.567,236.957,145.798,341.730
128.854,241.041,145.658,346.404
129.771,239.047,145.747,350.579
130.841,232.228,143.488,358.528
133.830,233.208,141.456,363.819
131.053,224.758,138.642,371.716
129.386,223.644,137.739,374.351
130.120,220.170,137.658,375.916
127.137,223.935,137.697,378.097
124.405,225.243,137.463,378.190
121.195,229.000,137.103,378.280
115.744,222.186,136.829,379.812
116.874,224.200,137.902,379.919
114.763,217.903,137.993,382.487
114.855,216.639,138.148,383.666
113.073,219.474,139.064,386.047
112.411,214.840,140.310,390.784
111.188,211.068,142.135,393.915
106.398,209.964,145.263,395.343
104.327,204.125,147.628,394.850
105.929,198.603,149.050,396.292
107.126,201.261,149.892,395.526
110.511,199.345,150.508,395.492
113.364,208.816,150.725,393.258
118.523,204.816,150.133,393.470
118.205,212.357,149.715,392.922
122.366,210.531,149.245,393.590
124.112,212.338,148.948,393.574
124.146,209.567,149.305,393.773
125.252,204.410,148.984,394.823
126.372,201.861,148.108,394.908
127.122,204.867,147.202,394.989
125.982,200.846,150.780,390.703
125.935,199.720,152.565,388.072
122.519,204.002,154.575,386.494
121.190,198.611,157.065,381.580
117.558,198.740,157.550,381.952
115.896,202.195,157.680,381.592
116.698,197.943,158.743,380.140
110.184,203.962,160.966,377.523
105.190,201.443,161.619,376.877
102.559,199.039,161.744,376.374
99.676,202.824,161.331,377.018
98.318,206.461,161.680,376.485
94.415,209.500,162.788,375.060
93.909,214.579,163.903,373.782
91.089,209.856,164.822,375.997
88.976,221.434,166.189,375.729
88.799,216.151,167.933,376.313
86.274,218.786,170.309,374.333
74.539,225.308,174.138,369.906
69.482,219.664,174.514,371.029
64.428,229.852,176.186,367.884
61.421,230.161,178.280,366.141
59.994,223.657,178.628,366.037
59.254,219.586,179.709,364.736
59.992,230.849,180.313,362.481
56.126,229.268,181.366,362.744
55.377,230.870,181.415,363.928
51.287,231.633,181.147,367.469
45.776,241.555,182.863,366.555
38.795,246.536,184.821,366.042
34.207,254.157,186.795,364.627
32.679,249.663,187.402,367.320
29.286,249.966,187.530,369.706
25.835,234.316,187.480,373.532
18.119,224.923,188.873,372.648
15.804,213.615,191.226,370.647
10.986,204.395,191.540,368.945
8.710,203.732,191.376,365.838
8.668,197.549,190.780,362.549
5.115,197.647,189.411,360.941
5.241,190.759,186.898,362.322
5.746,191.190,183.035,364.926
6.332,193.293,178.586,368.000
6.116,192.857,175.473,370.439
5.574,185.768,172.976,372.585
5.673,182.542,170.308,373.393
6.706,178.878,169.628,372.641
10.182,183.691,167.473,376.760
9.005,185.649,167.364,377.061
13.572,188.016,167.323,378.446
19.348,190.658,167.531,377.831
22.939,200.764,167.823,376.999
24.302,204.998,170.139,374.143
26.992,199.816,170.357,373.181
31.497,196.518,171.320,370.814
34.930,201.054,172.599,367.774
40.938,201.734,173.307,365.529
47.115,208.634,173.838,362.227
51.772,216.746,174.889,358.199
81.092,220.811,171.743,358.904
85.102,227.851,168.925,360.379
113.395,240.376,168.796,357.014
118.219,240.305,166.919,357.007
122.930,246.827,164.962,356.115
128.719,239.862,161.979,358.646
135.599,242.633,159.095,359.316
140.092,234.959,155.648,360.187
145.973,232.473,153.622,361.332
154.863,231.661,151.373,359.211
160.106,226.824,149.731,355.830
163.787,232.717,147.720,354.362
