111.000,98.000,25.000,101.000
110.428,100.503,26.449,99.248
110.011,105.116,27.556,98.533
108.974,108.269,28.333,98.007
107.069,108.687,28.866,97.330
105.324,108.013,29.486,96.184
104.049,111.527,29.891,96.093
102.669,112.560,30.201,95.927
100.426,113.558,30.543,95.989
98.914,116.566,30.910,95.906
95.815,119.170,31.254,95.978
92.535,119.238,31.182,96.056
89.369,118.840,31.307,95.283
85.907,119.435,31.201,94.934
84.560,119.345,31.016,94.400
86.047,116.065,30.824,94.444
86.354,115.529,30.864,94.243
87.466,112.358,30.919,94.001
88.081,111.295,30.899,94.381
90.018,112.294,31.223,94.681
91.455,114.297,31.262,95.370
92.489,115.415,31.579,95.133
94.092,115.466,32.242,94.108
94.426,114.330,32.632,93.620
95.673,115.140,33.220,92.637
97.243,114.453,33.707,91.440
98.951,116.633,33.601,91.567
100.097,116.945,33.682,91.616
102.777,116.326,33.508,91.725
103.266,115.370,33.314,91.210
102.610,111.490,32.917,91.219
101.342,108.280,32.532,91.126
100.165,105.769,32.340,91.253
100.896,104.217,32.396,90.968
102.557,104.289,32.477,90.883
103.234,104.953,32.425,91.106
102.299,106.872,32.534,91.533
103.414,108.528,32.421,91.862
101.726,110.944,32.193,92.006
101.589,109.030,32.218,91.937
100.388,107.091,32.043,92.266
98.475,103.900,32.251,92.114
96.435,102.361,32.605,91.636
95.978,103.151,33.013,91.129
93.747,100.321,33.342,89.734
91.097,103.422,33.420,89.840
88.450,105.698,33.082,90.043
84.812,106.271,32.517,90.072
81.316,103.344,31.778,90.518
79.534,99.696,31.224,91.143
77.828,98.224,31.201,91.581
78.165,98.943,31.352,92.054
79.190,99.388,31.038,93.547
80.127,101.433,30.833,94.656
79.486,103.224,30.974,95.336
81.508,103.625,31.218,95.932
84.369,104.733,30.990,97.222
89.455,106.264,31.525,96.820
91.265,103.997,31.879,96.247
94.398,102.713,32.006,95.817
97.245,103.030,32.145,95.325
99.244,102.303,32.635,93.977
99.771,101.893,32.590,93.842
102.276,101.673,32.650,93.317
108.725,98.105,32.748,93.269
109.411,95.072,32.649,93.707
108.992,93.480,31.803,94.948
108.776,93.016,31.109,95.609
108.814,99.571,30.572,96.347
107.753,100.396,30.468,96.250
107.678,98.738,30.404,96.053
107.617,96.623,30.479,95.772
99.528,89.725,30.682,94.605
107.397,89.590,31.824,93.049
106.353,90.328,32.837,91.972
105.168,91.014,33.968,90.949
104.107,92.605,34.954,90.508
120.146,94.008,34.256,91.097
105.961,100.620,32.950,92.315
105.083,103.253,32.059,93.525
103.700,105.339,31.611,94.912
100.933,105.208,31.699,95.759
99.337,102.823,31.698,96.653
98.362,98.368,32.107,96.942
99.882,94.632,32.438,97.067
101.559,91.463,33.072,96.576
104.306,89.308,33.652,96.227
106.404,88.131,33.918,96.294
110.799,89.226,34.315,96.526
111.594,90.529,34.236,96.887
115.918,90.996,34.159,97.926
120.291,90.749,34.069,99.216
123.193,91.242,33.326,101.410
124.168,93.474,33.040,102.500
124.695,93.336,33.069,102.424
126.293,93.258,33.401,102.390
125.858,95.117,33.527,102.498
124.855,95.845,33.757,102.396
124.346,97.228,33.847,102.586
122.493,98.289,33.880,102.630
122.161,97.241,33.405,103.238
120.679,94.376,32.964,103.580
119.052,91.609,32.749,103.487
118.374,88.911,32.557,103.119
119.658,86.188,32.400,103.002
118.822,83.095,32.240,103.266
121.049,81.479,32.431,103.225
117.765,82.034,32.483,103.375
115.535,81.804,32.232,104.098
115.078,83.901,32.100,104.995
113.365,84.552,32.189,104.694
109.385,82.371,32.750,103.621
105.356,79.672,33.179,102.722
101.400,76.247,33.597,101.933
96.979,75.791,33.393,102.647
96.732,77.948,33.056,104.370
95.887,80.941,32.806,105.421
94.999,82.886,32.397,107.168
91.908,87.086,32.476,107.531
89.046,87.329,32.519,107.789
91.571,85.209,32.567,107.549
95.991,85.052,32.911,106.831
98.093,83.887,32.869,106.687
100.864,86.429,33.124,105.845
104.231,88.798,33.287,105.427
108.194,89.193,33.231,106.244
111.185,92.167,33.285,107.281
113.230,95.740,33.288,108.733
114.741,97.070,33.719,108.521
115.791,98.145,34.329,107.783
117.841,99.005,34.868,107.474
119.699,99.279,35.185,107.685
119.438,101.336,34.937,108.147
121.144,103.287,34.752,109.103
122.981,107.176,34.394,110.557
123.022,109.606,33.684,112.421
125.377,109.624,33.800,112.856
126.040,108.607,33.489,113.866
124.945,106.285,33.482,113.821
123.648,104.537,33.523,113.245
121.979,108.790,33.579,112.904
122.783,110.199,33.609,113.028
123.341,111.999,33.549,113.483
123.682,111.167,33.804,113.782
125.005,113.974,34.040,114.916
124.653,117.282,34.162,115.360
123.748,120.194,34.387,115.137
123.333,113.390,35.466,113.724
123.290,112.954,36.092,112.969
124.098,112.567,36.608,112.281
124.716,110.803,37.174,111.299
125.947,109.256,37.766,110.403
127.399,109.186,37.404,110.817
126.746,105.800,36.549,111.264
125.583,101.984,35.634,111.751
124.537,97.658,35.000,112.095
122.675,94.248,34.616,112.156
122.796,91.983,34.729,110.961
122.286,89.281,34.601,110.802
121.975,88.107,34.064,111.851
124.357,91.159,33.995,112.261
128.790,89.790,34.462,112.468
132.426,92.287,34.649,113.495
133.949,91.284,34.346,114.809
133.834,90.653,34.592,114.699
133.687,90.762,35.084,113.743
134.007,92.117,35.369,113.702
135.074,92.920,35.392,113.694
135.819,96.765,35.167,114.794
136.552,99.227,35.014,115.579
135.509,99.526,34.636,116.967
134.382,97.911,34.539,117.326
132.936,94.845,34.588,117.585
130.294,92.220,34.850,116.926
127.682,91.760,35.083,116.126
125.774,94.604,35.201,115.293
126.949,99.500,35.288,114.883
126.312,100.191,35.104,115.600
124.597,101.954,35.160,116.129
124.903,104.702,35.249,116.988
125.242,107.080,35.452,116.950
124.978,107.369,35.501,117.041
125.476,108.352,35.916,116.670
121.700,105.733,36.774,114.820
112.551,105.609,37.241,113.798
113.954,106.609,37.471,113.585
110.255,105.921,37.285,112.800
108.010,105.589,36.743,112.911
106.046,101.677,35.967,113.239
105.719,99.245,35.484,113.368
106.842,97.093,35.641,112.539
109.929,93.969,35.847,111.466
114.223,92.356,35.778,111.451
115.132,91.167,35.627,111.682
118.633,94.075,35.664,111.383
123.194,97.143,35.448,112.115
126.655,97.546,35.288,113.117
130.147,100.450,35.120,114.385
130.775,102.696,35.334,113.996
128.425,99.342,36.025,112.130
126.541,99.639,36.395,111.108
127.856,101.309,36.905,110.387
131.738,101.104,37.460,109.832
136.483,101.123,37.616,110.042
137.401,102.222,37.045,111.038
139.217,101.716,36.451,112.370
139.902,101.185,35.858,113.470
138.793,98.658,35.411,114.349
139.322,99.518,35.207,114.651
140.250,103.343,35.068,114.264
142.068,103.955,34.844,114.313
144.774,104.192,34.798,114.208
142.162,111.618,34.435,114.720
140.899,114.305,34.011,116.225
140.265,117.398,33.942,117.370
136.547,117.675,34.440,117.251
132.998,119.637,34.856,117.262
130.699,121.537,35.488,116.771
122.657,125.173,35.780,117.132
123.053,129.175,36.007,117.630
123.474,132.622,35.945,118.681
123.183,132.356,36.351,118.816
122.066,134.521,36.331,118.362
120.883,130.772,36.178,117.833
117.434,124.986,35.764,117.516
117.095,122.041,35.452,117.504
114.031,117.289,35.328,117.284
110.210,110.922,35.367,116.862
110.080,109.624,35.330,116.705
109.632,108.956,35.050,116.823
109.852,108.414,34.689,117.434
107.041,109.215,34.666,118.102
107.279,111.196,34.550,119.522
107.933,112.691,34.738,119.958
107.331,113.784,35.365,119.603
104.244,107.638,36.367,117.907
99.389,102.000,36.712,116.774
94.959,98.020,37.033,115.712
96.479,96.839,38.032,114.097
105.668,99.924,37.470,115.296
107.340,99.458,37.079,116.303
112.449,98.731,37.269,116.331
115.734,97.501,36.944,117.136
115.504,93.831,36.741,117.202
115.584,91.135,36.446,117.843
115.273,90.232,36.165,118.182
115.014,91.016,35.833,118.911
116.621,95.727,35.501,119.755
117.835,98.486,35.199,121.251
121.324,103.487,35.387,122.395
122.485,105.100,35.711,122.831
123.942,105.604,36.396,123.133
126.852,110.267,37.173,122.846
126.981,111.028,38.250,120.973
127.929,111.939,38.728,120.352
126.239,114.551,38.424,120.496
126.836,116.759,38.175,121.345
127.329,118.926,38.043,121.738
129.757,118.131,38.098,121.713
131.742,115.796,37.896,122.244
133.832,115.850,37.570,122.471
134.069,114.689,37.263,122.667
135.534,116.487,37.201,122.291
131.580,114.911,37.211,122.146
121.814,124.103,37.453,121.183
118.149,126.637,37.227,121.745
117.629,131.228,36.695,122.503
117.234,132.919,36.264,123.899
117.022,135.724,37.091,122.797
115.534,133.293,38.108,121.199
113.728,131.696,39.142,119.410
112.351,127.877,39.832,118.135
110.858,125.750,40.489,116.427
111.795,125.448,40.710,116.078
111.559,126.515,39.944,117.191
108.937,122.425,39.506,118.701
108.725,118.768,38.998,120.545
107.600,113.486,38.709,121.769
106.535,112.354,38.842,122.215
105.063,111.588,39.226,122.277
104.047,112.171,39.763,122.361
103.055,115.081,40.255,122.558
103.278,121.964,40.484,122.167
104.099,123.858,40.538,122.236
105.466,126.620,40.700,123.063
106.104,130.892,41.510,122.675
106.151,133.029,42.941,120.946
105.849,136.323,44.010,119.718
103.371,133.128,44.533,118.323
102.032,130.881,44.654,117.503
103.658,132.733,43.347,119.540
105.733,134.570,42.932,119.664
107.382,135.854,41.938,120.543
107.141,132.903,40.966,120.369
106.367,129.061,39.950,121.127
104.621,125.396,39.601,121.520
104.129,127.686,39.542,121.211
106.095,129.347,39.050,121.491
106.488,130.216,38.890,121.639
106.745,131.771,39.067,121.707
106.277,135.021,39.143,122.702
105.352,134.789,39.630,122.541
103.773,134.296,40.120,122.379
101.411,134.076,40.373,122.053
97.880,132.166,40.997,121.196
94.472,129.813,41.609,120.502
85.152,127.050,42.045,118.998
