136.000,35.000,52.000,182.000
129.957,31.186,54.613,177.062
126.103,37.036,56.545,172.576
122.128,42.009,60.936,164.543
118.812,45.932,63.622,159.843
115.749,36.517,65.358,156.563
113.011,43.196,65.900,154.912
112.582,33.274,64.465,155.165
113.432,31.326,63.802,155.290
114.112,27.737,64.527,153.636
114.426,34.142,64.894,152.705
113.726,31.991,65.107,151.949
113.050,38.945,65.303,151.329
125.818,46.419,64.220,152.124
126.599,53.254,63.526,152.588
127.395,61.733,62.305,153.535
128.397,57.230,61.443,154.044
128.664,61.491,60.708,154.546
129.298,56.751,60.301,154.833
130.666,59.875,60.031,154.901
132.011,62.476,59.721,154.879
133.915,39.996,59.507,155.136
145.994,36.254,59.156,154.802
145.515,35.634,58.799,153.441
146.555,33.214,58.382,152.299
148.192,34.956,58.198,150.824
148.753,32.387,57.630,149.954
149.766,30.757,57.206,148.887
150.215,31.850,56.715,147.961
151.208,29.976,56.453,147.838
152.271,11.608,55.527,148.344
153.663,12.614,54.665,149.214
154.944,11.955,54.571,148.625
165.045,11.300,54.669,148.192
163.223,11.550,54.721,147.801
162.227,11.833,54.723,147.724
160.728,13.660,54.729,147.659
158.866,18.053,54.718,147.646
156.783,21.749,54.689,147.644
155.593,26.825,54.595,147.637
155.927,35.072,54.513,147.565
155.803,30.022,54.418,147.605
155.268,30.924,54.387,147.631
155.460,30.319,54.354,147.610
155.597,32.253,54.334,147.602
155.604,32.462,54.320,147.593
155.174,33.088,54.315,147.582
180.566,-17.451,55.926,144.571
181.417,-17.864,55.863,143.377
182.166,-18.688,55.832,142.584
181.414,-15.538,56.870,140.619
180.408,-9.110,56.601,139.411
180.661,-7.253,56.237,138.846
180.320,-7.363,55.740,138.632
180.061,-6.419,55.037,139.038
180.483,-4.470,54.284,139.718
179.211,7.052,53.814,139.850
176.926,27.079,53.519,139.030
173.943,63.425,54.546,135.914
172.245,66.593,55.080,134.155
168.409,70.876,55.936,132.881
166.528,73.227,56.776,131.685
163.795,74.315,57.498,130.610
69.613,-3.036,56.043,131.968
68.795,2.493,54.558,134.578
68.450,-4.527,53.688,135.649
68.546,3.020,52.775,137.143
68.898,6.258,51.615,138.985
68.681,9.346,50.439,141.343
68.136,1.111,49.493,143.349
65.839,2.386,48.628,145.347
64.702,-7.377,48.154,146.840
61.993,-6.733,47.604,148.193
59.071,-10.224,47.366,148.727
57.163,-13.451,47.257,148.827
54.662,-10.389,47.030,149.177
53.511,-7.673,46.798,149.705
51.386,-5.151,46.584,150.154
50.081,-14.291,46.546,150.140
49.303,-10.272,46.466,150.245
48.640,-10.405,46.402,150.450
47.993,-6.913,46.326,150.746
46.909,-11.343,46.165,151.336
45.980,-15.879,46.131,151.495
44.687,-15.893,46.133,151.486
43.409,-12.507,46.130,151.476
40.831,-12.301,46.153,151.437
38.750,-11.784,46.155,151.477
27.247,-11.712,46.230,151.454
27.944,-14.502,46.275,151.470
27.582,-13.475,46.343,151.314
26.876,-11.325,46.343,151.282
25.770,-12.646,46.373,151.167
24.435,-13.739,46.402,150.970
22.331,-8.296,46.415,150.763
21.645,-12.038,46.391,150.762
20.797,-13.980,46.420,150.648
19.419,-11.205,46.449,150.517
8.639,-15.104,46.366,150.936
9.714,-14.843,46.347,150.922
10.203,-14.310,46.379,150.800
10.630,-13.302,46.353,150.748
9.457,-10.038,46.438,150.448
9.017,-12.462,46.441,150.381
7.448,-13.079,46.496,150.209
6.565,-13.544,46.546,150.045
5.707,-11.860,46.575,149.915
5.400,-14.011,46.550,149.885
4.194,-14.281,46.555,149.810
3.461,-16.285,46.553,149.728
3.180,-16.145,46.552,149.682
3.784,-14.427,46.548,149.616
2.050,-12.664,46.553,149.465
1.451,-11.156,46.537,149.340
0.519,-10.139,46.532,149.167
-0.891,-15.869,46.536,148.896
-1.956,-12.730,46.571,148.655
-2.937,-12.496,46.559,148.578
-3.731,-12.967,46.527,148.557
-5.634,-12.782,46.471,148.490
-7.668,-12.424,46.374,148.459
-8.134,-11.761,46.318,148.442
