147.000,110.000,34.000,33.000
150.295,112.252,31.729,35.686
153.317,115.978,31.633,36.163
156.046,116.852,31.478,36.593
159.960,116.284,31.489,36.857
162.564,116.805,31.451,37.268
161.424,117.144,31.505,37.518
162.698,117.339,31.558,37.854
162.206,117.721,31.574,38.234
163.637,117.517,31.576,38.692
167.129,114.861,30.338,40.349
165.675,112.935,30.772,39.958
161.606,111.671,31.037,39.379
156.934,109.920,30.999,39.125
157.393,104.298,31.050,39.100
157.508,92.661,30.459,39.514
151.966,81.773,30.751,39.069
148.215,71.197,31.081,38.470
144.350,69.628,31.177,38.010
136.944,65.759,31.475,37.554
129.742,63.733,31.359,37.216
130.383,63.091,31.244,37.038
129.919,63.079,31.346,36.737
130.048,61.492,31.351,36.603
131.034,60.782,31.144,36.839
143.316,55.513,31.149,36.868
149.486,59.974,31.507,36.565
154.736,64.379,31.547,36.502
160.446,73.643,31.603,36.380
164.711,87.334,31.371,36.451
168.728,105.779,31.316,36.409
168.186,112.396,31.581,35.867
168.672,122.700,30.621,36.953
166.814,113.570,30.611,36.939
161.794,117.865,30.661,36.826
163.418,117.581,30.662,36.826
163.757,117.508,30.662,36.825
163.475,117.314,30.662,36.825
162.631,117.326,30.663,36.825
161.790,117.132,30.663,36.825
161.709,115.253,30.681,36.808
164.627,114.975,30.790,36.433
161.532,114.256,30.710,36.338
164.663,116.558,29.747,37.576
163.021,121.633,29.805,37.835
162.065,126.790,29.967,37.181
162.381,117.761,30.125,36.593
159.291,94.287,30.374,36.188
158.922,93.306,30.298,36.134
159.194,92.507,29.076,37.685
157.731,108.829,28.249,38.790
157.616,119.969,27.640,39.713
158.782,132.241,27.474,40.132
161.116,149.443,26.980,40.719
161.720,162.317,26.514,41.587
161.636,156.296,26.438,41.372
157.913,165.976,27.623,39.874
157.912,153.297,28.640,38.399
156.373,149.744,30.520,36.402
154.134,146.030,32.770,33.905
150.261,110.304,32.135,34.320
148.959,114.927,31.467,35.103
148.976,116.719,29.731,37.209
147.310,124.321,29.014,38.241
147.414,136.490,28.147,39.459
145.739,140.045,27.752,39.932
141.183,126.386,28.455,39.191
136.334,107.692,27.880,39.591
136.238,111.559,28.302,38.947
132.344,111.934,31.111,36.059
128.224,107.450,32.975,34.055
128.254,106.810,33.061,33.661
120.527,95.854,31.297,35.361
121.522,104.040,29.911,36.834
121.720,112.719,29.725,37.021
125.861,138.946,28.375,38.732
126.411,137.356,27.628,39.564
130.796,146.750,27.923,39.194
130.997,138.028,29.078,38.013
129.066,138.640,29.078,38.012
123.840,138.319,28.816,38.303
118.946,143.381,28.279,38.940
123.425,144.627,26.934,40.437
127.723,149.261,25.953,41.549
128.273,155.826,25.372,42.196
128.209,157.586,25.387,42.179
127.845,157.572,25.419,42.146
127.976,158.984,25.436,42.128
126.521,160.946,25.447,42.115
124.787,162.667,25.461,42.098
128.523,166.942,25.432,42.086
128.414,172.126,25.681,41.657
129.169,176.172,25.891,41.332
129.384,178.975,25.803,41.303
129.395,178.874,25.777,41.316
129.904,180.637,25.783,41.307
129.998,181.571,25.794,41.293
129.854,183.273,25.822,41.261
130.233,184.428,25.829,41.253
135.800,184.993,25.619,41.529
132.240,179.209,24.739,42.712
133.036,171.942,23.583,44.367
132.605,167.832,22.906,45.290
128.916,173.089,22.392,45.867
128.642,179.186,22.213,46.045
127.387,179.098,22.249,46.002
127.080,180.640,22.213,46.052
126.181,181.331,22.187,46.082
125.563,181.215,22.168,46.103
125.903,182.431,22.163,46.108
125.760,182.795,22.164,46.103
125.305,182.951,22.159,46.108
124.723,183.748,22.157,46.109
126.628,183.448,22.171,46.096
126.991,183.936,22.174,46.093
125.971,156.172,24.716,42.576
125.471,153.981,27.033,39.350
124.211,140.310,28.159,37.934
127.149,132.259,29.699,36.216
128.174,128.980,32.477,33.207
134.813,125.473,34.215,31.239
132.090,105.056,31.811,33.440
136.785,102.527,29.831,35.861
140.853,107.658,29.806,36.013
148.603,120.843,29.598,36.362
160.106,137.981,29.530,36.886
164.787,137.567,29.571,36.869
169.768,122.198,28.352,37.862
173.960,110.541,27.285,38.444
175.196,103.169,26.632,38.846
176.311,93.142,27.498,37.798
176.941,92.603,27.859,37.421
173.929,92.508,27.021,38.923
170.865,100.386,26.649,39.860
167.635,110.705,27.152,39.224
166.102,128.621,26.379,40.319
166.293,127.462,25.943,40.363
165.182,131.943,26.848,38.834
165.274,123.148,27.680,37.442
165.384,118.509,28.814,35.805
161.981,119.474,30.987,33.409
162.310,118.496,31.341,32.663
157.276,104.803,30.620,33.138
154.367,103.642,28.965,35.261
154.698,108.585,28.934,35.394
154.217,119.370,27.918,36.631
153.389,114.782,27.985,36.152
152.198,104.568,27.966,35.726
147.006,93.550,28.036,35.052
140.850,89.483,28.619,34.071
128.806,88.134,27.365,35.675
125.690,96.361,26.611,36.947
124.559,108.920,26.019,37.691
122.694,122.265,26.535,37.162
121.760,139.017,25.959,37.780
122.544,149.375,25.457,38.760
124.011,145.226,26.067,37.667
124.263,135.240,26.546,36.847
127.298,129.828,27.140,35.859
132.619,124.083,27.773,34.806
141.689,123.821,28.270,34.394
146.269,125.776,27.117,35.808
153.525,129.507,26.414,36.811
160.583,139.106,26.757,36.259
165.883,158.062,26.114,37.387
174.616,160.810,25.577,37.999
178.013,152.048,26.115,36.907
180.585,139.476,26.559,36.112
185.740,130.839,27.503,34.859
191.557,121.365,27.957,34.485
194.940,120.389,28.200,34.021
196.201,119.377,27.274,35.433
195.255,126.214,26.108,37.103
190.374,134.781,25.569,37.812
184.904,144.791,25.166,38.183
168.862,141.680,25.742,37.573
165.961,145.290,25.453,37.707
157.567,132.702,26.351,36.364
149.190,125.564,29.428,33.392
145.176,117.913,32.081,30.799
141.821,113.785,33.739,28.987
139.076,114.173,33.146,29.190
138.329,104.726,32.282,29.657
138.325,103.755,31.639,30.460
140.101,120.743,30.005,32.216
140.517,115.212,28.731,33.545
142.904,109.829,28.368,33.871
143.769,100.128,28.240,34.177
145.906,97.881,28.317,33.831
149.141,98.226,28.573,33.543
156.920,105.212,26.947,35.513
158.670,111.993,26.165,36.751
159.415,120.941,26.625,36.303
159.766,138.423,26.932,35.905
161.190,160.392,26.040,37.002
162.408,156.557,26.305,36.465
159.752,143.845,26.639,35.945
159.026,138.661,27.134,35.081
159.181,136.598,27.647,34.440
159.136,136.393,27.818,34.584
158.976,143.732,26.645,36.171
159.547,155.016,25.903,37.224
159.568,164.702,26.339,36.722
160.893,184.432,26.617,36.446
162.576,206.666,25.755,37.434
163.714,206.397,26.204,36.844
164.360,215.311,26.546,36.409
164.742,206.231,27.650,35.273
164.274,196.542,28.892,34.040
164.785,187.049,29.711,33.201
162.670,174.581,31.125,31.709
163.576,169.548,30.868,31.629
159.758,155.870,29.962,32.099
160.910,155.056,28.601,33.717
162.607,166.526,27.264,35.437
162.756,167.247,27.517,35.155
162.151,154.967,28.831,33.884
162.032,154.091,28.833,33.882
161.582,154.032,28.834,33.881
159.562,154.676,28.835,33.880
157.983,155.188,28.836,33.879
156.886,154.801,28.836,33.879
162.220,137.808,29.156,33.410
159.054,127.747,27.944,34.561
159.523,134.933,26.833,36.096
152.342,126.835,26.953,35.703
149.644,117.665,27.062,35.095
148.210,108.194,27.162,34.503
144.297,102.917,27.480,33.903
141.693,98.349,27.954,33.560
138.626,100.790,26.888,35.276
137.785,108.339,25.994,36.636
137.946,117.543,26.393,36.245
138.313,130.974,25.689,37.349
141.933,129.485,25.053,38.444
146.347,115.850,25.698,37.213
149.052,106.416,26.135,36.271
150.125,100.416,26.698,35.458
154.753,95.064,27.179,34.657
161.165,93.388,27.338,34.450
164.847,100.129,26.209,36.156
169.381,107.068,25.599,37.191
178.515,115.530,26.152,36.509
182.613,120.964,27.005,35.979
183.486,119.541,26.175,36.929
186.876,97.847,26.524,36.209
186.593,92.726,27.270,35.193
187.106,87.311,27.654,34.624
188.120,85.592,28.032,34.143
189.188,85.974,28.584,34.037
193.933,92.850,27.220,36.001
197.847,97.651,27.448,35.679
201.041,117.074,26.533,37.045
203.704,121.616,27.322,36.785
204.726,116.141,26.518,37.633
210.137,119.343,27.069,36.774
209.572,111.790,27.495,35.852
205.659,111.970,28.201,34.851
191.744,90.211,28.458,34.245
187.054,89.361,28.776,34.027
180.570,96.961,27.582,35.640
177.212,108.810,26.803,36.690
175.028,118.690,27.414,36.594
171.805,120.532,26.310,38.021
168.497,110.804,25.749,38.562
165.550,88.671,25.251,38.761
164.930,87.438,26.321,37.322
162.543,86.695,27.179,36.616
160.138,86.776,27.724,36.232
159.326,89.149,26.633,37.542
156.090,108.809,26.045,38.243
154.977,120.802,25.564,38.944
151.346,126.362,26.802,38.179
148.420,128.522,26.081,39.488
139.909,119.820,26.880,38.785
120.101,106.937,27.435,38.002
118.481,101.341,27.902,37.441
117.389,99.702,28.139,37.140
114.711,99.548,28.689,36.955
113.917,103.163,27.595,38.528
120.945,117.074,26.966,39.329
124.536,131.519,26.376,40.181
128.548,137.413,26.234,40.532
134.757,136.606,27.095,39.531
143.873,141.383,27.664,38.790
142.539,141.876,27.665,38.788
141.476,140.760,27.662,38.791
128.507,140.856,26.575,40.079
132.560,145.270,25.334,41.651
134.219,148.916,24.354,43.078
135.011,159.872,24.000,43.505
139.169,166.037,23.750,43.785
139.482,172.924,23.559,43.968
139.156,174.103,23.376,44.180
138.575,174.227,23.270,44.319
138.162,174.321,23.185,44.435
137.650,173.354,23.131,44.499
133.579,172.090,22.996,44.645
133.486,171.865,22.920,44.749
129.617,162.595,22.428,45.432
129.163,164.122,22.291,45.592
128.882,165.502,22.283,45.600
149.649,129.908,24.170,43.069
146.082,116.565,24.032,43.277
145.785,106.830,23.877,43.108
146.541,100.855,25.392,40.889
146.959,99.450,25.461,40.860
147.809,102.941,25.204,41.577
149.515,110.902,25.116,41.996
150.701,118.056,24.833,42.636
150.818,140.610,24.853,42.661
150.698,154.091,24.668,43.073
148.501,160.509,26.157,41.890
