40.000,199.000,61.000,103.000
41.359,197.556,60.758,104.000
40.275,197.940,60.507,104.768
41.282,196.265,59.951,106.334
40.516,195.537,59.742,107.111
40.323,194.778,59.476,108.036
40.631,193.378,59.158,109.001
40.458,192.983,58.974,109.785
40.545,192.477,58.960,110.260
40.156,191.284,58.827,110.653
39.930,190.008,58.857,111.246
39.824,188.348,58.536,112.141
40.302,184.155,57.941,113.384
39.671,179.846,57.539,114.177
40.944,173.725,57.362,114.197
40.857,168.694,57.365,114.129
41.506,161.886,57.475,113.932
41.955,155.086,57.612,114.344
43.131,148.362,57.740,115.090
44.322,140.874,57.838,116.050
46.442,132.889,58.278,116.959
49.203,123.763,58.635,118.139
51.740,116.823,59.251,119.096
53.104,113.481,59.526,120.596
58.150,104.849,60.025,121.834
60.697,101.316,60.156,123.606
66.216,94.208,61.936,122.598
72.450,89.047,63.348,122.308
78.583,85.023,64.813,122.431
83.932,81.474,65.673,123.466
89.903,75.863,66.698,124.696
95.170,72.181,67.557,125.835
102.646,66.686,67.528,127.589
113.734,62.911,67.592,129.732
122.690,59.144,68.068,131.216
131.704,54.313,69.427,131.697
142.214,50.380,69.903,132.780
149.326,45.883,70.206,133.570
157.119,41.319,70.918,134.247
168.608,44.169,71.202,135.475
175.850,40.091,71.682,135.509
185.657,39.448,72.379,135.603
195.572,40.683,73.073,135.784
206.322,41.512,73.540,135.825
214.941,37.954,72.266,136.652
222.981,33.753,72.018,137.665
229.030,36.852,72.334,136.908
235.136,37.814,71.470,137.346
243.223,38.501,70.468,138.354
249.666,42.568,69.319,139.561
255.759,41.697,67.899,141.852
260.094,41.994,67.986,142.883
263.559,42.306,68.495,143.198
267.291,44.836,68.664,143.603
270.834,46.994,68.691,143.864
274.552,47.229,68.619,144.258
277.904,50.200,68.451,145.107
282.333,53.788,68.640,145.000
285.524,58.866,67.949,145.758
290.882,60.613,67.962,145.422
292.584,64.364,68.123,145.065
295.017,71.339,68.995,143.336
297.577,77.233,70.183,142.036
301.699,82.035,71.608,140.581
305.988,87.005,73.003,139.076
310.747,91.928,73.405,139.059
316.189,97.317,72.973,139.523
320.925,103.299,72.675,140.046
325.776,106.977,72.298,140.154
331.433,111.427,71.814,140.183
336.148,117.168,70.967,140.602
340.322,122.762,70.451,140.097
344.986,128.370,70.116,139.115
349.907,137.219,69.650,137.943
353.317,142.576,69.226,136.996
356.797,146.917,69.061,136.046
359.775,153.898,68.742,135.469
361.729,161.327,68.414,134.796
362.048,170.091,68.246,133.310
364.635,175.358,68.049,131.698
364.384,181.967,67.591,130.364
364.767,184.114,67.334,128.829
365.263,189.843,66.627,127.585
364.651,194.281,66.137,126.256
364.997,195.131,65.659,124.932
363.111,196.081,65.010,123.824
362.758,196.903,64.479,122.772
362.923,195.862,63.732,122.182
362.648,196.086,63.153,121.307
363.281,195.176,62.558,120.681
363.707,193.492,61.762,120.391
364.424,191.375,61.005,120.217
365.758,188.382,60.476,120.331
366.263,184.913,60.221,120.169
367.477,181.933,60.020,120.148
368.680,179.380,59.975,119.946
369.769,174.695,59.896,120.440
371.398,170.494,60.107,120.856
371.852,165.801,60.227,121.524
372.870,161.275,60.237,122.443
373.481,154.694,60.623,123.445
372.935,148.972,61.269,124.326
372.415,143.226,62.081,125.601
370.408,138.750,63.253,126.547
368.960,134.377,64.236,127.186
365.384,129.686,65.019,128.416
362.958,126.385,65.740,128.719
358.867,121.656,66.082,129.787
353.713,119.598,66.642,130.856
348.680,117.658,67.155,131.425
342.938,116.602,67.580,132.159
337.018,116.576,68.232,132.815
331.193,115.610,68.755,133.597
324.402,115.347,69.350,134.269
317.935,116.039,69.600,135.149
310.001,116.360,69.728,135.876
301.377,116.780,69.884,136.383
292.423,116.350,70.547,136.862
286.482,117.832,71.230,137.451
280.562,116.589,71.111,138.383
274.603,115.436,71.312,139.667
267.387,117.906,72.259,140.659
261.196,119.103,72.461,142.345
256.204,118.438,72.724,144.094
250.920,120.008,73.262,145.876
244.724,120.735,73.904,147.118
239.800,120.549,74.877,148.085
235.912,121.295,75.633,149.472
230.409,123.783,76.607,151.158
228.561,123.816,77.434,152.391
225.183,125.902,78.359,153.777
225.133,127.360,78.470,155.952
222.239,130.036,78.973,157.930
221.462,129.290,79.483,159.986
219.768,132.142,80.156,161.666
219.905,133.677,80.590,163.485
220.671,135.902,81.400,164.887
224.258,136.336,81.438,166.378
225.614,137.956,81.656,167.186
231.945,140.870,80.986,167.863
235.034,145.050,81.052,167.431
239.999,145.731,80.550,166.092
247.269,145.267,79.313,165.475
253.328,144.994,78.437,164.805
258.578,144.034,78.012,163.406
263.983,145.033,77.873,161.363
265.098,146.899,77.048,161.281
274.209,144.650,77.047,158.831
276.374,142.872,76.263,159.131
281.047,142.199,76.341,157.845
286.982,142.175,75.888,156.521
292.182,144.493,75.504,154.756
295.726,146.619,76.015,151.786
300.233,147.150,75.900,149.499
303.574,151.621,75.778,147.102
308.476,154.494,74.954,144.952
312.504,157.558,74.153,141.884
314.989,162.674,73.141,139.649
319.192,163.233,72.245,137.514
321.505,166.227,71.504,135.421
323.489,167.390,71.088,132.998
324.610,168.469,70.942,130.617
326.264,169.300,70.429,128.571
328.065,169.316,69.765,126.967
329.308,168.280,69.424,125.710
331.389,168.946,68.449,125.185
333.896,167.243,67.476,124.895
335.298,166.472,67.020,124.167
338.052,166.322,66.254,123.943
341.235,164.235,65.473,124.174
343.817,163.594,64.918,124.216
347.944,161.789,64.277,124.183
351.972,160.567,63.533,124.375
356.531,159.694,62.807,124.131
360.469,158.541,62.438,123.802
365.658,157.378,61.721,123.624
370.299,157.716,61.457,123.340
374.546,158.140,61.756,123.138
378.375,157.059,62.166,122.609
382.995,156.733,62.064,122.717
388.268,155.144,62.101,123.101
390.707,155.582,62.621,123.058
395.009,154.673,62.670,123.073
399.594,151.558,62.259,123.757
402.150,148.286,62.045,124.421
406.256,144.851,62.024,124.423
410.291,141.531,61.784,124.731
413.671,143.592,61.919,124.197
418.694,141.943,62.143,124.128
422.956,142.161,62.119,124.085
426.155,140.780,61.907,123.909
430.139,137.572,61.613,123.889
432.600,136.404,61.110,123.988
435.238,134.448,60.694,124.348
436.583,132.710,60.307,124.611
438.728,133.134,60.099,124.576
441.353,132.426,60.085,124.327
444.279,135.156,59.886,124.489
446.764,137.095,59.778,124.609
449.991,138.220,59.492,125.139
452.413,137.755,59.298,125.154
452.396,138.896,59.618,124.952
454.225,138.026,59.770,124.707
455.986,136.374,60.175,124.270
457.428,135.930,60.336,124.338
459.289,134.432,60.105,124.760
458.891,129.963,60.617,124.484
459.331,126.309,61.299,123.877
458.637,121.746,61.769,123.449
457.627,116.839,62.411,122.856
456.115,112.519,62.950,122.508
453.607,109.059,63.467,122.671
449.894,103.786,63.400,123.686
447.246,99.756,63.364,124.185
444.268,93.468,63.787,124.505
436.653,82.279,64.652,125.457
426.283,75.186,64.344,127.330
419.561,69.912,65.413,128.076
411.447,65.930,66.057,128.806
398.167,59.969,66.166,130.643
385.291,51.886,65.245,133.242
371.154,43.913,65.381,134.203
355.465,41.522,65.147,134.742
339.674,37.276,65.729,134.863
321.949,38.599,67.556,133.055
302.483,40.398,69.026,131.418
288.705,42.545,68.287,132.174
272.337,43.166,67.452,133.972
257.052,41.025,66.081,136.650
242.544,38.932,64.185,139.087
224.864,32.278,62.742,141.270
208.960,22.676,62.272,142.650
191.823,24.293,62.082,143.866
176.267,14.397,62.680,144.729
162.919,12.242,62.710,146.009
147.921,5.816,65.557,142.431
136.307,8.820,67.613,139.291
125.796,9.979,67.930,138.294
113.162,9.555,68.663,135.881
106.028,16.159,68.831,135.842
92.158,15.404,69.262,135.766
82.082,23.691,69.555,136.576
74.720,28.536,69.639,138.371
69.706,30.839,70.083,139.212
62.035,35.262,71.478,138.075
54.479,40.222,72.026,137.544
48.068,41.663,72.493,137.715
41.712,47.084,73.313,137.524
35.903,51.665,73.833,138.190
33.047,56.758,73.477,138.852
30.888,63.916,73.001,138.821
28.452,71.356,72.246,139.433
23.281,77.765,71.498,140.410
20.502,84.110,70.782,141.270
18.389,90.295,70.328,141.106
16.084,93.704,70.383,140.726
14.000,97.232,70.087,140.623
12.748,101.718,69.254,141.056
10.657,106.979,69.038,140.633
8.585,114.250,69.180,139.079
8.334,120.979,69.178,136.935
7.585,127.156,69.237,135.215
8.007,130.739,68.866,133.952
9.050,133.716,68.492,132.991
8.763,135.824,67.947,132.108
9.437,138.066,67.570,130.966
11.727,140.814,67.014,130.369
12.496,142.171,66.558,129.723
15.163,143.292,65.843,129.481
15.859,145.873,65.383,129.130
18.063,151.367,64.454,129.268
21.053,157.523,63.952,128.703
22.948,163.718,63.799,127.861
25.218,171.303,63.353,127.290
28.219,176.580,63.415,126.435
30.921,183.559,63.544,124.665
33.929,189.210,63.359,122.972
36.978,193.346,62.898,121.162
39.372,196.711,63.003,118.870
41.280,198.477,63.186,117.157
42.712,201.125,63.257,115.760
44.181,203.763,63.295,114.875
44.883,205.333,63.119,114.131
45.522,205.170,62.913,113.222
46.822,205.453,62.581,112.429
47.289,205.635,62.398,111.583
47.899,206.814,62.373,110.508
48.641,215.288,62.030,109.751
50.592,195.535,66.649,104.961
51.369,195.884,70.000,101.441
51.920,196.274,72.700,98.909
53.924,186.791,69.255,101.823
56.399,185.946,64.758,106.014
57.521,187.822,63.087,106.917
58.638,188.485,61.955,107.628
59.494,189.843,61.190,107.851
60.272,190.668,60.567,108.219
61.091,191.945,60.054,108.670
62.126,192.497,59.656,109.151
52.074,192.635,64.123,104.775
52.079,193.064,67.791,101.495
51.717,193.661,71.024,98.651
50.873,193.539,73.839,96.303
50.825,193.344,75.856,94.723
50.463,193.743,77.231,93.546
50.123,194.116,78.147,92.946
50.943,201.046,79.170,92.866
50.785,197.092,80.304,92.590
49.197,194.856,81.078,92.321
47.924,194.338,81.416,92.075
37.142,199.582,81.917,91.628
37.475,197.723,82.030,90.970
38.010,198.258,82.299,89.864
37.248,200.388,82.670,88.633
36.712,200.879,82.990,87.371
37.094,200.736,83.579,85.780
36.325,201.793,84.011,84.466
36.436,201.901,83.487,83.576
36.398,202.077,82.773,82.794
36.966,201.921,82.262,82.034
38.083,202.700,81.746,81.126
38.414,202.064,81.259,80.222
38.251,203.914,80.954,79.300
37.920,203.229,80.104,78.774
38.582,204.167,79.239,78.414
38.551,203.061,78.762,77.718
38.312,203.765,78.602,76.772
37.667,204.462,78.555,75.874
37.432,205.434,78.003,75.464
37.559,205.016,77.557,74.973
37.922,204.921,77.012,74.704
38.440,205.232,76.806,74.165
39.432,206.140,76.771,73.338
39.667,207.024,76.974,72.422
39.480,207.462,77.540,71.343
39.198,207.579,78.095,70.384
39.075,207.568,78.079,69.786
38.146,207.944,78.346,69.070
38.971,208.106,78.356,68.416
38.329,207.827,78.441,67.883
38.658,207.791,78.564,67.425
38.881,207.934,78.303,67.148
39.061,207.655,78.065,66.770
39.075,208.219,77.738,66.574
39.217,208.053,77.455,66.305
39.498,208.617,77.454,65.882
39.640,208.631,77.067,65.661
39.394,208.558,76.876,65.478
39.648,208.821,76.783,65.276
39.181,208.673,76.842,64.928
39.443,208.999,76.650,64.752
39.425,208.766,76.326,64.602
39.976,209.022,76.066,64.490
39.758,209.259,75.961,64.338
39.731,209.626,75.825,64.282
39.808,209.820,75.687,64.247
39.637,209.626,75.646,64.110
39.577,209.683,75.777,64.080
39.889,210.039,75.750,64.159
40.358,210.343,75.840,64.009
40.026,209.971,75.735,64.147
39.959,210.230,75.529,64.324
40.248,209.648,74.914,64.918
40.264,208.984,73.993,65.706
40.549,207.951,73.044,66.362
41.004,208.249,72.617,66.659
40.578,208.315,72.332,66.591
40.553,208.050,72.028,66.770
40.585,207.109,71.525,67.082
40.298,206.420,70.898,67.585
40.231,206.016,70.297,68.260
34.278,206.228,68.969,69.605
37.222,206.141,68.036,70.567
40.373,206.445,67.589,71.155
45.289,208.128,67.333,71.517
48.920,208.891,66.809,71.758
51.804,209.083,66.060,72.392
53.647,206.289,65.426,74.114
57.244,202.645,64.623,76.301
58.196,197.915,64.275,78.622
59.990,191.715,61.154,84.021
61.850,185.638,59.068,88.139
64.227,182.598,60.288,88.194
66.566,175.996,58.290,91.301
69.034,169.853,56.926,93.918
69.846,156.987,56.207,96.117
71.214,141.860,56.962,98.092
75.551,136.784,57.730,99.371
79.381,130.913,58.408,100.854
84.621,124.620,59.156,102.008
89.063,118.640,60.037,103.321
94.241,112.137,61.293,104.104
99.051,108.286,62.273,104.768
107.810,107.124,62.050,107.045
118.815,106.055,61.739,108.996
129.549,104.635,61.655,110.896
138.752,102.444,61.347,112.793
150.346,102.087,60.823,114.581
162.009,100.828,60.042,115.886
175.678,99.542,59.886,115.814
186.696,98.731,60.014,115.900
196.896,99.952,59.723,115.774
211.174,100.681,60.122,116.101
223.659,102.766,60.210,116.597
236.940,105.079,60.341,117.390
248.808,110.970,60.490,119.322
258.871,113.055,60.456,121.486
266.987,113.690,60.758,123.345
274.578,117.129,61.370,124.060
284.967,122.646,61.774,124.734
289.484,127.708,62.439,125.389
291.595,131.509,63.915,125.849
293.602,139.355,64.736,126.279
297.531,143.543,65.296,126.909
300.105,150.782,65.240,127.116
301.950,156.991,65.287,127.347
302.458,159.788,65.830,126.983
301.907,163.742,66.193,126.018
299.876,166.997,66.576,125.023
297.223,169.717,67.077,124.292
294.715,172.545,66.833,123.786
292.425,174.519,66.492,123.475
290.359,176.384,66.049,123.034
287.914,178.421,65.439,122.382
285.633,178.429,64.788,121.662
281.736,179.255,64.602,120.640
278.102,180.484,64.243,119.612
274.985,181.283,63.590,119.489
271.425,182.316,63.485,119.378
269.353,182.212,63.119,119.742
266.518,182.756,62.874,119.921
265.373,184.024,62.409,119.901
264.818,184.012,61.699,119.817
263.123,185.496,61.188,119.235
263.613,186.040,60.511,118.671
262.685,189.704,60.133,117.258
261.610,191.277,59.603,116.015
260.883,195.038,59.227,114.300
260.143,196.596,58.882,113.035
259.661,198.316,58.289,111.812
259.077,202.275,58.075,109.731
258.160,202.234,57.943,107.745
257.434,203.441,57.613,105.911
257.222,206.232,57.020,104.390
257.023,208.478,56.358,102.865
256.974,210.008,55.758,101.358
256.570,212.069,55.258,99.621
256.281,215.136,54.722,97.812
256.483,217.442,53.992,96.527
255.807,219.354,53.160,95.411
255.107,220.324,52.426,94.595
254.416,219.432,51.773,93.995
253.612,218.353,51.161,93.219
251.815,216.958,50.879,91.886
249.658,212.947,50.976,90.344
247.752,207.900,50.768,89.586
246.245,204.053,50.792,89.286
245.906,200.501,51.005,89.655
244.852,197.814,50.719,91.598
245.550,194.412,50.127,93.455
247.227,188.693,49.067,94.919
247.626,184.724,48.048,96.767
248.849,181.551,46.097,100.128
250.092,178.958,44.505,103.397
252.934,170.470,43.181,105.973
254.897,162.404,42.442,108.309
256.448,154.715,42.125,110.127
257.778,146.564,42.165,111.357
259.473,136.020,42.618,112.615
262.433,135.887,42.816,114.573
266.015,124.884,43.320,115.995
269.503,114.004,44.687,116.844
272.981,113.080,46.146,117.845
277.536,110.966,47.202,119.170
283.763,108.952,50.273,117.719
286.390,108.777,51.313,119.911
289.899,108.906,52.545,121.873
292.219,109.512,54.086,123.881
295.922,110.285,57.875,123.670
295.890,114.703,61.161,124.112
296.029,120.172,63.932,125.181
294.675,127.177,66.112,126.651
293.109,134.373,68.109,128.937
289.450,143.560,69.803,131.200
284.841,149.477,71.118,134.249
279.965,157.011,71.676,136.950
272.995,164.371,72.661,138.021
265.176,179.396,73.814,137.096
257.094,189.784,74.177,138.350
246.924,199.751,75.142,138.685
236.403,207.400,75.840,139.345
225.801,215.996,76.111,140.319
217.368,224.502,76.515,141.804
211.116,232.009,77.585,142.679
205.452,232.642,78.083,143.146
201.602,228.754,78.340,142.991
198.594,223.324,78.789,142.607
193.115,218.205,79.622,142.095
189.485,210.247,80.087,142.233
188.094,201.002,79.745,143.374
188.360,188.438,79.599,144.863
191.174,173.442,79.019,145.194
194.931,166.528,77.978,146.067
200.323,157.914,77.748,147.573
203.783,152.773,77.692,148.837
208.400,147.476,77.522,149.094
213.190,142.564,77.159,150.321
219.339,137.330,76.928,150.885
225.448,131.178,77.179,151.549
233.787,127.091,77.720,152.147
241.946,128.266,78.521,152.752
251.099,130.443,78.896,153.473
260.997,133.754,79.146,154.657
269.192,138.837,81.180,153.786
278.530,139.279,82.045,154.691
288.910,138.963,83.024,154.918
297.533,142.534,84.273,155.032
314.382,152.623,83.571,155.593
326.944,152.740,81.818,157.264
342.562,157.959,81.480,157.391
354.463,157.507,80.307,157.272
369.419,157.210,79.128,158.669
383.281,155.105,79.041,158.644
392.763,153.490,78.025,158.864
403.110,153.039,76.925,158.343
412.188,149.946,76.152,157.543
419.374,149.422,76.049,155.974
424.777,147.394,75.666,154.914
427.804,143.813,75.145,154.346
430.648,139.442,74.521,154.401
430.827,134.506,74.818,153.207
428.602,131.004,75.711,150.684
425.334,128.545,76.658,148.553
421.398,126.005,77.566,146.964
405.546,123.168,77.590,146.722
389.370,120.461,77.056,147.964
374.050,121.473,77.257,147.850
358.575,118.298,77.673,147.702
339.584,119.345,77.823,147.414
318.171,123.592,77.914,146.702
294.749,127.847,78.186,145.987
265.541,118.590,78.754,146.329
241.523,125.099,78.530,147.159
210.754,127.169,78.940,147.189
178.275,127.637,80.757,146.185
143.114,121.249,82.077,146.124
112.340,122.517,84.710,145.413
84.332,122.662,86.326,145.814
62.179,129.863,87.268,146.431
41.395,132.590,87.449,148.669
18.713,130.223,87.582,150.503
-1.727,127.295,86.385,153.570
-7.933,121.761,82.246,159.977
-8.950,114.575,78.085,165.491
-8.619,108.226,73.995,170.830
-8.492,89.339,71.448,174.375
-6.813,85.600,69.215,178.085
-2.621,82.485,68.228,180.418
1.145,64.887,68.902,180.905
13.293,61.382,70.154,181.292
15.722,48.486,71.517,182.251
30.823,32.596,73.123,182.549
44.209,27.845,78.151,175.183
63.353,25.917,81.465,169.136
79.807,22.331,81.894,167.025
93.548,14.119,82.976,162.950
109.384,13.726,83.208,161.003
124.862,12.060,84.254,157.489
139.062,14.568,84.006,156.381
153.386,10.119,83.786,155.271
166.131,13.190,83.248,155.930
181.546,14.110,79.420,160.656
200.619,13.261,79.380,160.811
211.388,18.605,78.973,160.356
222.011,17.755,79.452,159.279
236.730,26.017,78.190,158.771
248.512,26.696,76.047,160.819
260.036,27.301,74.577,162.253
268.965,30.786,74.106,162.566
274.389,34.691,74.429,161.970
281.000,41.527,73.658,162.589
284.085,46.703,73.731,162.160
288.036,55.122,73.980,161.381
290.636,64.393,74.385,160.394
289.966,74.221,74.741,159.202
290.105,87.280,75.089,158.170
289.222,98.561,75.573,156.773
288.358,108.801,75.785,156.170
285.993,116.521,74.802,156.074
284.773,125.183,74.004,156.127
283.589,132.229,73.387,156.747
282.642,138.400,72.698,157.470
283.633,142.545,72.904,156.236
283.004,148.585,72.693,155.939
281.767,155.926,72.325,155.347
280.068,165.638,72.971,153.122
280.117,172.986,71.936,152.573
280.664,180.749,71.159,151.421
282.012,184.803,70.582,150.276
284.150,184.888,69.780,149.104
286.144,187.659,69.162,148.272
290.763,189.525,70.236,144.393
293.409,189.305,71.572,140.759
294.703,185.104,70.997,140.807
296.778,183.591,70.996,140.491
299.749,184.194,72.546,138.123
302.894,183.144,72.858,136.723
306.532,180.654,73.185,135.358
308.162,178.338,73.178,135.361
309.970,177.875,73.499,135.433
311.486,177.963,73.576,135.869
313.019,175.727,73.589,136.666
312.636,175.320,73.823,138.230
313.096,175.150,74.214,139.806
312.757,176.862,74.790,141.052
310.082,179.211,75.975,142.520
306.885,180.810,76.883,144.440
301.647,182.988,78.370,146.006
295.462,185.417,80.206,147.232
288.793,187.039,81.792,148.363
282.000,188.242,83.240,148.737
272.004,189.083,84.466,149.221
262.412,192.665,85.041,151.205
252.671,193.196,85.859,152.597
241.081,193.671,86.401,154.204
229.645,196.030,86.802,155.786
218.642,197.269,86.428,158.932
208.958,197.918,86.366,162.448
199.725,197.703,87.762,164.386
186.776,194.443,90.141,165.974
174.243,194.975,92.165,167.463
165.380,196.721,93.087,167.916
158.653,196.563,93.906,166.958
149.461,200.804,94.173,166.409
143.976,201.141,93.463,166.262
138.569,203.621,92.318,166.459
135.954,206.383,90.063,167.800
135.545,209.725,88.099,169.094
135.270,212.913,85.763,170.335
135.794,218.317,84.030,169.879
135.517,223.774,83.469,169.139
138.454,227.809,82.793,168.218
141.861,232.647,81.769,166.705
144.444,234.900,81.500,164.270
147.322,237.237,81.193,161.918
152.011,238.615,80.869,159.718
154.203,241.951,80.660,156.845
158.491,248.336,80.779,153.059
161.208,250.256,80.502,151.246
163.832,250.609,80.232,149.988
166.854,250.086,80.085,148.772
168.274,250.905,80.488,147.445
170.583,249.898,80.857,146.150
171.963,251.695,81.868,144.635
174.875,248.640,82.262,143.759
176.751,247.831,83.297,142.063
180.435,250.075,83.750,141.018
185.311,252.032,84.137,140.391
192.528,252.113,84.790,140.174
199.929,251.350,85.440,140.547
207.445,253.423,85.864,141.355
215.873,251.518,85.061,143.308
225.168,246.620,84.163,145.773
235.356,245.081,83.868,146.224
245.623,242.543,83.786,146.966
256.909,238.740,83.109,148.371
269.091,240.891,82.398,149.345
280.679,239.627,81.779,151.107
292.198,239.747,80.837,152.136
308.204,245.431,80.961,150.883
317.547,246.562,80.128,150.476
338.062,244.978,78.998,150.588
353.999,244.772,79.273,149.491
369.793,242.618,79.260,148.614
384.385,242.473,79.619,147.303
398.053,237.837,79.310,146.527
411.084,234.489,80.042,145.283
425.606,230.877,81.273,143.600
431.744,227.759,80.476,143.513
446.911,224.189,79.982,143.517
451.772,224.928,79.407,143.559
458.753,221.724,78.053,144.419
463.271,218.957,77.356,144.862
467.708,216.858,76.545,145.246
470.890,211.646,76.284,145.216
473.832,205.799,76.465,145.076
475.509,198.289,76.739,145.620
475.210,177.809,77.795,146.933
472.847,170.962,79.313,147.364
462.724,163.475,78.290,149.752
460.147,143.687,78.690,151.442
443.650,123.952,79.594,153.097
428.819,115.607,80.067,153.999
413.987,108.065,80.915,154.380
396.510,83.969,81.554,156.634
379.685,79.817,81.709,158.843
357.891,61.018,82.707,160.798
338.947,57.672,82.916,161.706
311.384,45.392,85.672,159.989
291.232,42.598,86.122,160.414
273.399,36.277,85.530,162.299
252.108,35.158,84.493,163.612
232.044,35.329,84.862,162.809
211.935,31.386,84.816,164.485
188.840,35.239,86.290,164.850
168.071,41.039,86.840,167.138
150.928,45.692,87.561,170.494
140.142,53.873,88.415,172.687
132.208,56.040,88.374,176.290
127.671,66.615,87.412,178.740
125.623,90.136,87.057,181.034
123.238,98.681,87.138,181.755
122.053,109.376,87.242,180.965
128.006,129.270,88.217,180.039
132.538,141.857,89.232,178.449
137.393,149.148,90.347,176.549
147.058,159.231,90.559,175.686
153.574,165.467,90.731,175.822
163.493,176.769,91.544,174.061
170.805,179.469,91.881,173.158
180.651,182.116,93.363,171.345
186.887,186.698,95.790,168.179
193.786,193.593,97.501,165.709
210.001,201.805,94.957,166.182
219.117,204.141,93.875,165.931
228.627,201.996,92.148,167.095
254.403,197.539,88.345,167.585
267.124,191.811,85.819,168.445
277.861,187.520,84.950,167.086
288.457,190.799,85.323,164.587
296.472,188.381,85.814,162.397
310.324,188.873,85.636,159.295
316.911,190.524,84.941,156.600
325.881,187.132,83.660,154.832
332.380,187.120,82.463,153.222
337.301,182.536,81.814,151.725
340.818,182.105,81.142,150.274
342.587,181.160,79.951,149.896
343.832,178.288,78.908,149.888
343.859,174.955,78.075,149.961
339.958,172.046,77.517,149.676
336.855,168.467,76.762,149.722
331.845,168.586,76.451,148.897
327.378,169.768,76.352,147.609
321.086,168.935,76.133,146.275
314.575,167.580,75.457,145.487
307.643,168.385,75.260,143.841
299.152,167.849,75.332,142.010
291.374,165.865,75.126,140.253
285.130,161.635,74.023,139.980
279.028,155.101,72.594,140.498
270.632,152.063,72.156,140.344
265.933,148.362,71.269,140.150
262.588,145.820,69.419,141.771
259.565,141.365,67.491,144.234
254.899,135.460,66.600,146.774
250.107,131.547,64.952,150.604
245.668,128.607,63.703,153.722
239.137,118.463,63.658,154.386
230.582,108.602,66.528,151.068
225.439,106.474,67.591,149.575
217.801,104.755,68.778,149.013
210.203,102.260,69.357,149.222
201.497,100.307,69.726,150.551
194.221,96.661,68.815,152.665
183.366,85.016,67.783,153.746
177.965,82.047,67.016,154.862
163.462,76.244,70.547,151.192
152.498,79.807,72.351,150.061
142.240,83.543,73.762,149.344
134.275,84.715,74.896,149.688
122.610,87.753,76.209,149.773
113.320,92.824,77.617,149.045
103.491,95.885,79.141,148.426
94.781,102.882,79.798,148.423
80.598,104.427,80.684,148.418
72.583,111.903,80.709,148.620
64.335,118.855,80.624,148.158
56.414,123.309,79.958,147.947
49.578,125.433,79.199,148.750
42.575,125.016,78.725,148.813
33.695,129.264,79.525,147.752
25.337,131.843,79.499,146.814
19.329,134.197,78.881,146.096
14.522,130.833,78.294,146.135
10.553,134.169,77.136,146.320
9.274,139.286,75.954,146.606
8.291,151.858,75.434,147.468
9.005,153.739,75.110,147.467
10.859,166.611,75.253,146.259
14.401,171.903,75.345,144.566
17.648,176.931,74.977,142.873
21.178,183.439,74.145,140.479
24.275,189.804,73.943,137.132
28.053,194.117,73.818,134.065
31.180,197.884,73.601,130.992
35.378,201.327,73.128,128.601
39.336,200.585,72.297,126.562
42.892,201.052,71.324,124.876
45.891,199.386,70.169,123.535
47.602,199.631,69.298,122.630
48.811,200.257,68.456,121.720
49.697,201.025,67.665,120.860
50.689,202.451,66.891,119.881
50.601,203.258,66.045,119.005
51.675,204.416,65.346,117.905
52.470,205.836,64.569,117.290
53.254,206.850,63.711,117.059
52.369,208.995,63.255,116.903
52.518,210.915,62.970,116.812
51.542,211.568,62.832,116.327
50.396,211.525,62.780,115.884
49.326,214.253,62.364,116.055
48.041,217.672,61.937,115.983
47.285,220.602,61.670,114.963
44.616,223.892,61.404,114.248
42.043,225.457,61.240,113.485
40.689,225.165,60.967,112.930
38.344,225.646,60.865,112.109
36.823,223.767,60.697,110.923
34.796,222.779,60.787,109.841
32.626,222.526,60.970,108.330
31.279,223.786,61.212,107.167
29.486,224.285,61.244,106.185
26.957,224.944,61.178,105.083
25.051,225.638,60.929,104.318
23.046,226.289,60.621,103.951
21.279,225.864,60.508,103.484
19.671,225.886,60.093,103.485
18.621,224.788,59.484,104.047
17.634,225.249,58.831,104.339
16.369,222.888,58.460,104.201
14.351,222.753,58.084,103.879
12.937,222.591,58.094,103.073
11.163,223.261,58.090,102.279
8.944,224.876,58.074,101.784
6.943,226.021,58.227,101.437
5.632,227.882,58.483,101.477
3.841,229.709,58.662,101.829
2.916,230.828,58.775,101.737
2.589,233.503,58.837,101.916
2.605,235.183,58.809,102.727
2.747,236.687,59.102,103.241
2.565,237.162,59.500,104.038
2.746,239.716,59.835,104.752
2.766,242.796,60.272,105.764
2.598,243.654,60.475,107.064
4.252,244.115,60.486,108.417
4.456,246.277,61.354,108.813
5.443,246.480,61.963,109.478
6.296,247.116,62.683,110.015
8.378,248.567,63.301,110.938
9.206,249.515,63.702,111.547
10.335,250.616,64.073,112.219
11.794,252.298,64.008,113.044
12.391,253.958,64.156,114.190
12.846,255.875,64.332,115.288
14.009,255.918,64.788,115.876
14.391,256.464,65.428,115.932
15.104,256.514,65.869,116.288
15.944,258.284,65.571,117.337
15.956,258.607,65.641,118.304
16.472,259.051,65.795,118.775
16.829,261.460,66.205,118.677
17.779,263.081,66.660,118.908
16.985,265.053,67.293,118.820
16.973,265.902,67.586,118.922
17.373,267.661,67.849,119.060
18.421,268.611,68.206,119.273
19.439,267.571,68.717,119.457
20.670,268.856,68.706,119.369
22.229,269.193,68.622,119.439
23.225,269.641,68.736,118.854
24.881,268.559,68.926,118.394
27.038,269.932,68.924,117.740
29.506,269.643,69.041,117.622
32.029,270.616,68.997,117.584
40.348,272.316,68.726,118.575
41.860,271.125,68.474,119.451
43.953,269.168,68.327,120.320
45.774,267.711,68.080,121.259
48.961,265.984,67.386,122.786
51.831,265.433,67.289,124.011
54.953,263.266,67.353,125.082
57.502,260.538,67.548,126.162
60.393,256.816,67.909,126.965
61.585,246.486,68.501,125.644
61.969,240.489,69.157,124.080
64.678,242.898,69.648,122.559
74.535,248.653,69.203,123.046
73.981,242.686,70.285,121.771
74.893,232.009,74.258,117.104
76.598,235.180,73.580,117.464
79.090,239.902,73.013,117.848
88.929,243.165,71.987,119.674
89.451,236.701,72.012,119.549
91.502,227.809,76.409,113.976
95.452,228.822,78.562,111.407
107.022,234.002,76.734,113.417
106.201,222.919,79.695,109.768
110.665,225.807,80.966,107.475
115.738,227.981,81.763,105.716
120.600,231.644,83.162,104.068
126.182,234.990,83.656,102.814
132.760,238.096,84.144,101.561
139.831,240.171,84.482,100.997
146.914,239.532,84.527,102.223
152.099,240.445,84.936,103.123
156.092,232.206,84.794,103.689
160.298,235.666,85.858,103.711
167.400,237.072,87.059,104.518
170.490,235.946,87.457,106.579
172.526,223.843,88.198,107.026
172.252,225.116,89.903,106.618
172.228,233.543,92.026,106.236
185.044,229.496,92.904,107.502
201.957,221.180,88.487,113.863
205.851,213.244,85.662,119.205
209.919,206.896,83.440,123.649
213.844,202.323,81.761,127.347
219.082,197.802,81.088,130.443
223.342,194.593,80.378,133.738
228.467,193.528,80.203,136.200
233.715,192.306,79.947,138.587
238.536,190.964,79.408,141.099
243.754,191.125,78.791,143.597
249.894,188.664,78.160,145.928
252.950,187.890,77.796,146.770
255.441,186.049,77.309,147.252
258.119,186.600,77.053,147.260
259.331,186.388,76.579,147.309
259.726,185.275,76.396,146.816
261.523,184.582,76.252,146.385
262.122,182.886,76.153,145.549
262.747,181.496,76.295,144.419
261.909,180.646,76.714,143.236
261.471,181.143,76.906,142.350
262.588,180.188,76.641,141.738
262.554,180.115,76.824,140.261
263.004,179.715,76.886,139.046
263.582,177.816,76.546,138.406
263.761,176.000,76.180,138.461
262.884,174.695,75.839,138.479
262.656,171.462,75.933,138.682
262.107,168.047,76.164,138.890
261.454,164.763,76.463,139.192
260.913,161.798,76.929,139.068
260.002,158.820,77.268,139.113
259.700,158.373,77.719,138.968
260.990,157.156,77.910,139.342
262.482,152.633,77.659,140.865
265.308,149.345,77.540,142.009
267.317,147.213,77.828,143.229
268.303,144.468,78.117,144.520
269.667,139.353,78.175,146.069
271.045,138.032,78.631,146.305
271.930,135.923,78.817,146.793
274.020,135.717,79.116,146.774
275.045,135.038,79.463,146.781
276.019,134.965,79.752,146.344
288.167,135.576,79.358,146.320
285.565,134.038,79.040,146.642
282.756,134.631,78.942,146.710
282.938,133.274,78.682,147.219
284.071,131.456,78.576,147.576
284.827,130.966,79.001,146.886
286.027,129.478,78.922,147.004
287.634,128.398,78.682,146.641
289.759,128.956,78.300,146.493
302.025,128.884,78.482,145.882
300.587,127.224,78.640,145.666
299.201,125.996,78.892,145.499
299.069,126.767,79.151,144.826
299.618,124.789,79.068,145.490
311.893,127.255,78.102,146.296
309.482,116.759,77.619,145.862
308.492,118.075,77.167,145.901
308.951,119.166,76.861,146.169
308.033,107.306,76.925,145.062
307.680,108.868,77.032,144.356
307.921,109.633,76.999,143.887
308.357,111.460,76.726,143.618
309.156,112.774,76.340,143.848
309.344,112.641,76.130,144.127
309.217,113.755,76.024,144.239
308.652,115.348,75.774,144.619
308.764,117.275,75.508,145.307
309.058,118.976,75.089,146.221
309.984,120.519,74.343,147.259
308.749,107.624,74.378,146.751
307.702,108.815,74.345,146.406
306.501,111.308,74.700,145.945
305.393,112.465,74.894,146.279
304.356,113.599,74.884,146.902
302.202,101.309,75.071,145.656
298.915,101.186,75.509,145.202
295.681,100.542,75.916,144.700
292.695,100.007,76.664,143.630
291.506,100.947,77.588,142.124
290.849,100.102,78.299,141.747
291.243,100.695,79.053,141.243
302.388,101.207,78.955,140.459
299.227,100.624,79.059,139.866
298.983,101.590,79.498,138.820
299.932,102.882,79.640,138.375
300.759,104.046,80.203,137.742
301.094,105.715,80.561,137.544
301.996,110.814,80.987,137.200
302.086,114.905,81.411,136.927
302.776,119.396,81.196,137.585
302.816,123.616,80.830,137.949
304.270,129.317,80.505,138.526
304.388,133.801,80.215,139.479
304.215,138.625,79.732,140.759
305.275,144.066,79.311,141.704
304.569,148.215,78.956,143.075
306.283,150.973,78.266,144.314
308.810,152.695,77.391,145.770
310.691,153.888,77.088,146.682
312.841,158.543,76.883,147.223
317.247,161.701,76.472,147.455
321.155,165.325,76.368,147.538
324.570,166.929,76.194,147.715
327.434,167.332,75.742,148.193
331.904,164.575,74.771,149.412
335.939,165.188,74.330,149.234
338.501,164.063,71.704,151.471
352.562,165.211,72.979,149.748
356.490,166.253,73.131,148.675
372.639,164.731,73.769,148.242
387.915,161.992,74.744,147.770
391.390,164.112,74.544,147.986
407.896,160.256,74.894,147.284
424.655,158.929,81.430,139.853
437.363,158.095,87.510,132.803
441.740,155.374,90.337,129.226
445.472,156.222,92.735,126.432
450.040,155.370,94.383,125.031
454.451,152.217,95.731,123.717
459.363,149.035,96.352,123.025
459.740,146.855,96.260,122.308
464.241,147.731,91.466,126.864
466.916,140.979,87.545,131.055
456.121,141.186,84.888,135.360
456.974,137.989,83.582,137.151
458.526,133.243,81.854,138.681
459.199,128.454,80.303,139.587
457.583,124.979,79.586,139.182
441.927,119.730,83.399,133.734
437.349,117.589,87.042,128.837
434.992,118.827,89.432,125.277
421.782,119.468,92.103,121.451
384.043,122.999,87.384,125.125
374.221,117.896,84.169,128.979
364.229,112.779,81.752,131.720
364.728,107.660,79.223,134.645
353.831,104.473,77.971,136.310
352.838,101.360,76.777,138.529
350.887,98.801,75.812,140.476
347.909,97.720,75.602,141.352
344.769,96.251,75.720,142.242
342.483,89.365,76.122,140.567
340.497,90.442,76.441,140.647
340.604,89.665,76.328,141.938
340.620,87.970,76.605,142.700
340.273,86.625,77.062,142.862
340.565,87.288,77.620,141.946
340.812,90.450,78.067,140.995
340.661,94.384,78.600,140.356
340.043,95.275,78.934,140.361
339.165,97.942,79.559,139.612
335.508,94.962,84.425,134.241
332.301,96.077,88.162,128.794
327.718,100.471,91.654,124.292
309.596,112.727,92.594,123.904
306.219,119.142,94.264,121.365
302.764,133.211,95.047,120.742
287.765,141.390,95.935,121.291
289.256,147.335,95.995,121.227
280.397,153.546,95.625,121.744
278.791,156.930,95.052,120.549
271.439,160.763,93.731,119.443
262.099,163.338,92.076,119.006
251.865,165.999,91.026,119.926
248.109,167.262,88.966,123.657
246.490,164.210,84.553,131.474
246.060,157.930,81.212,137.638
246.528,153.319,78.324,142.657
247.286,147.795,76.355,146.330
247.308,141.227,75.470,148.388
248.446,135.477,75.471,149.473
247.649,119.663,76.043,151.095
249.994,116.884,76.487,152.700
252.678,114.671,76.826,153.708
255.639,111.018,77.292,154.433
258.383,109.735,77.790,154.438
260.408,105.926,78.438,154.251
259.360,88.294,79.270,155.087
257.669,86.341,80.250,154.778
256.910,86.017,81.109,154.461
256.706,85.812,81.813,154.473
256.854,86.727,81.985,154.975
255.144,73.547,81.925,155.721
254.312,76.462,81.746,156.315
255.713,76.910,78.778,160.658
256.131,97.193,78.640,159.697
257.930,105.471,75.084,162.700
256.982,113.498,72.127,164.344
254.426,118.418,69.766,166.421
247.892,110.791,70.405,162.978
236.846,114.731,70.594,161.209
235.167,105.125,70.661,158.758
224.413,108.389,71.458,155.972
223.628,111.635,71.413,154.923
208.858,110.902,71.782,154.294
205.266,110.205,72.163,153.983
194.025,106.119,70.896,155.496
180.450,63.846,69.595,155.888
165.196,47.965,71.366,153.496
163.626,48.080,72.284,151.865
161.615,48.841,72.771,150.783
159.266,46.788,73.383,150.096
157.922,46.366,73.681,149.327
155.982,46.272,74.016,148.621
153.632,43.926,74.194,148.137
150.181,42.823,74.714,146.408
146.777,43.056,75.175,144.540
145.104,41.237,75.469,143.205
144.380,41.019,75.740,141.532
144.586,38.858,75.778,139.411
145.038,37.714,75.753,137.038
155.600,38.772,75.789,135.746
152.918,39.019,75.575,134.184
151.735,39.774,75.327,132.233
151.508,41.635,74.615,131.032
151.859,43.195,73.690,129.728
151.970,44.831,72.893,128.566
152.724,46.545,72.300,127.342
153.423,47.439,71.715,126.047
153.004,48.125,71.167,125.083
152.378,49.836,71.001,123.664
151.439,52.043,71.170,121.940
150.560,54.660,71.140,120.682
149.148,54.124,71.312,119.668
148.074,56.028,71.489,118.959
147.321,56.767,71.379,118.791
146.584,58.242,71.479,118.573
156.426,58.577,70.529,120.036
153.402,59.082,70.645,120.719
150.817,61.231,70.506,121.589
148.044,64.635,70.817,121.852
145.528,67.019,71.176,122.001
143.868,70.282,71.725,121.708
143.277,71.969,72.210,121.615
142.228,73.771,72.241,122.347
141.812,74.601,72.133,122.906
141.337,75.134,71.532,124.246
140.898,76.586,71.091,125.383
140.140,76.948,70.506,126.336
139.187,77.282,69.964,127.109
138.506,78.233,69.483,127.641
138.488,79.170,69.297,128.221
139.866,76.566,68.628,129.749
140.162,76.626,68.098,130.516
140.197,76.922,67.785,131.279
140.477,75.920,67.683,132.056
141.068,75.809,67.461,133.207
140.562,74.818,67.286,134.344
140.359,74.929,67.493,135.299
140.393,74.884,67.846,135.791
140.117,74.294,68.056,136.526
140.856,74.075,68.313,137.250
142.469,72.949,68.563,137.992
142.762,71.735,68.551,138.975
143.002,70.893,68.908,139.860
142.411,71.371,69.336,140.409
142.559,70.566,69.719,141.008
143.807,68.571,69.971,141.735
144.220,66.383,70.121,142.740
144.957,65.129,70.443,143.474
145.231,63.759,70.911,143.825
146.692,62.558,71.193,144.262
147.866,61.451,71.489,144.194
149.598,61.739,71.747,144.375
151.862,62.598,72.101,143.887
153.953,61.874,72.449,143.513
157.371,59.750,71.857,144.443
158.803,57.048,71.810,144.893
162.076,51.867,71.778,144.887
162.907,48.564,71.831,144.982
165.107,48.264,72.037,144.071
166.671,47.811,72.187,143.497
169.420,47.048,72.251,142.964
170.603,46.737,72.293,141.161
172.428,45.757,72.283,139.757
174.354,45.619,72.183,138.414
176.537,43.763,71.524,137.740
177.615,42.756,70.737,137.012
178.703,41.785,69.929,136.856
179.631,40.615,69.544,136.410
180.797,39.817,69.082,136.041
180.771,38.726,68.653,135.921
181.032,38.469,68.396,135.450
182.366,38.704,68.092,135.141
182.236,38.940,67.904,134.937
182.696,39.663,67.728,134.692
182.952,40.122,67.724,134.366
183.208,40.444,67.509,134.733
184.332,40.696,67.355,134.860
185.678,41.460,67.054,135.172
186.777,43.260,65.311,137.537
188.047,39.788,65.592,137.739
189.895,39.735,64.250,139.688
191.309,40.982,63.629,141.135
193.546,39.633,62.991,142.288
194.850,39.487,62.289,143.282
197.074,39.065,61.563,144.214
199.057,37.440,61.179,144.854
202.017,37.942,60.489,145.508
203.113,38.498,60.052,145.971
204.848,38.623,59.642,146.260
206.328,38.967,59.102,146.785
207.741,39.484,58.471,147.012
208.455,38.964,57.950,147.094
209.098,40.319,57.564,146.934
210.087,39.392,57.384,146.841
211.519,39.076,57.103,146.663
212.931,39.706,56.903,146.407
214.567,39.331,56.808,146.074
214.441,40.041,56.983,144.834
215.268,40.336,57.089,143.902
215.430,39.953,57.207,142.810
216.356,40.755,57.211,142.220
216.055,40.823,57.367,141.202
216.193,40.182,57.347,140.512
216.181,41.112,57.291,140.074
215.942,41.858,57.313,139.459
216.002,40.975,57.142,139.181
215.215,43.019,57.044,138.376
214.596,42.712,56.769,138.179
214.566,43.623,56.542,137.696
213.355,42.763,56.558,137.030
212.687,43.665,56.447,136.618
211.698,43.091,56.482,136.407
211.124,44.562,56.150,136.285
209.847,43.773,56.086,135.872
210.121,44.301,55.695,136.158
208.796,44.268,55.664,135.801
208.793,44.608,55.443,135.812
208.540,44.309,55.469,135.598
208.275,44.123,55.394,135.428
208.955,44.457,55.235,135.027
209.801,44.565,55.167,134.938
210.283,44.272,55.110,135.014
211.821,44.453,54.892,135.144
212.017,42.179,54.915,134.916
213.226,43.645,54.922,134.804
213.921,42.589,55.233,134.377
215.726,41.598,55.704,133.697
216.250,41.726,56.358,132.871
218.506,40.999,56.678,132.582
218.799,44.223,57.663,131.749
219.770,43.174,58.363,131.630
221.878,43.963,58.784,132.504
221.976,44.501,59.459,132.393
223.020,43.413,59.919,132.485
226.166,41.602,60.321,132.686
226.244,41.779,60.473,133.206
230.863,40.641,60.850,133.217
232.042,39.243,61.069,133.118
231.449,38.868,61.412,134.078
233.336,38.707,61.527,134.949
233.885,37.773,61.638,135.519
235.396,38.037,61.959,135.955
237.431,39.624,61.797,137.006
239.337,42.090,61.471,138.283
241.010,45.182,61.302,139.275
243.787,47.612,61.314,140.640
246.350,51.606,61.369,142.186
249.939,52.855,61.368,143.306
253.033,54.069,61.584,144.731
256.334,55.569,61.807,146.101
260.237,57.571,62.438,147.701
264.581,61.374,62.841,149.381
269.044,64.899,63.202,151.195
273.217,68.848,63.619,153.055
279.591,73.225,65.727,151.742
285.097,82.510,67.958,149.696
287.675,91.899,68.064,151.040
289.992,95.433,68.637,152.418
292.937,100.335,68.456,154.968
296.176,106.471,68.443,157.054
299.139,108.931,68.645,158.051
302.637,119.489,71.516,155.174
306.417,128.033,71.302,156.237
309.869,134.903,71.156,156.057
314.200,138.038,70.699,156.364
317.515,142.487,70.733,156.022
319.042,146.450,71.156,155.303
319.879,149.636,71.482,154.771
320.111,151.457,72.071,153.779
320.502,154.934,72.159,153.412
320.396,156.532,72.299,153.295
319.951,157.838,72.330,153.312
319.415,161.811,72.169,152.730
318.385,164.030,72.113,152.453
316.914,166.217,72.162,152.124
315.882,169.223,72.328,151.289
314.050,172.189,72.358,150.629
313.370,176.054,72.409,149.725
313.748,178.667,72.407,149.263
313.455,182.101,72.288,148.330
313.637,185.298,72.067,147.424
313.990,186.574,71.790,146.659
315.248,190.639,71.368,146.168
317.448,192.340,71.132,145.847
318.801,193.740,71.389,145.128
320.995,197.694,71.333,144.426
323.780,199.906,71.213,144.002
326.390,202.156,70.987,143.852
329.311,203.296,70.823,143.804
331.675,203.930,71.087,143.515
333.632,206.234,71.365,142.692
336.979,206.587,71.346,142.102
339.622,208.097,71.438,141.450
341.707,208.663,71.289,141.143
344.299,209.255,70.983,141.027
345.377,209.450,70.860,141.091
347.099,209.362,70.679,141.639
348.372,209.963,70.595,141.756
349.096,211.237,72.466,139.290
348.415,211.498,73.588,137.857
348.180,212.487,74.352,136.441
346.029,213.790,74.863,135.291
345.191,214.272,74.770,134.395
343.742,215.590,75.092,133.159
