276.000,161.000,73.000,74.000
279.610,161.791,72.195,74.115
281.893,167.355,72.139,73.552
285.042,164.504,71.486,73.526
289.205,161.992,70.700,73.734
292.670,168.057,71.023,72.779
295.297,164.849,70.619,72.532
302.590,163.434,70.766,72.332
303.772,162.370,70.521,72.307
305.975,161.527,69.968,72.468
310.510,157.584,63.371,78.888
314.719,155.050,58.289,83.811
317.682,149.995,54.321,87.682
319.705,145.671,51.397,90.138
322.229,144.261,49.288,91.415
324.162,141.912,47.790,91.956
325.313,140.197,46.388,92.243
326.269,139.072,45.326,92.245
327.218,138.472,44.467,92.148
327.440,146.155,43.640,92.062
327.555,146.260,42.757,92.043
327.572,146.312,42.109,91.829
327.124,147.004,41.713,91.297
326.619,146.791,41.216,91.103
326.440,146.912,40.701,90.864
326.252,147.584,40.327,90.348
325.371,149.026,40.169,89.619
324.819,154.653,39.615,89.708
324.468,152.089,39.171,89.755
323.790,152.791,38.968,89.401
323.383,154.814,38.835,89.015
323.214,155.115,38.686,88.799
322.856,155.570,38.545,88.672
322.405,154.952,38.510,88.272
322.368,155.113,38.394,88.112
321.837,154.430,38.230,87.986
321.568,155.415,38.122,87.737
320.515,155.358,37.937,87.814
320.331,154.570,37.730,88.040
319.088,157.732,37.512,87.901
318.009,160.401,37.240,88.182
317.426,161.145,37.201,88.262
317.064,162.324,37.118,88.400
316.765,163.573,37.500,87.903
316.120,165.045,37.808,87.459
315.237,165.058,38.365,86.631
314.657,166.389,39.051,85.603
314.866,166.739,39.379,84.968
321.474,167.415,39.039,85.112
319.900,167.684,37.005,87.512
319.566,164.960,35.221,89.809
318.100,166.566,35.799,88.899
316.962,166.239,36.303,88.185
315.658,168.447,36.879,87.224
314.669,168.823,37.550,86.134
314.339,168.853,37.933,85.587
314.091,169.493,38.309,84.891
314.007,171.273,38.633,84.306
314.046,171.475,38.880,83.969
313.740,171.823,38.950,83.862
313.632,171.607,39.071,83.604
313.086,172.721,39.125,83.390
313.240,174.079,39.288,83.111
319.680,173.962,38.500,84.540
319.534,170.764,38.035,85.764
319.711,167.918,38.084,86.136
320.199,165.395,38.298,86.225
320.357,163.776,38.301,86.621
320.177,164.727,38.246,86.951
320.323,166.235,38.254,87.024
321.011,171.445,38.300,87.756
321.420,177.051,38.187,88.723
321.979,182.427,38.113,89.569
323.305,184.224,36.068,92.110
323.854,185.005,34.698,93.931
323.298,184.133,33.675,95.900
323.093,182.418,33.160,96.943
321.817,184.642,32.663,97.925
320.609,185.247,32.247,99.063
319.583,188.421,31.984,99.436
318.113,191.403,31.982,99.619
316.481,194.519,32.076,99.763
315.114,195.591,32.155,100.330
313.813,197.369,32.248,100.835
312.946,198.318,32.457,101.231
311.933,199.734,32.717,101.683
311.962,199.087,32.930,102.209
312.296,195.959,32.798,103.577
312.231,191.875,32.654,104.715
311.187,190.383,32.838,105.288
310.722,187.977,33.107,105.932
309.978,187.058,33.381,106.441
308.975,183.796,33.682,106.968
308.256,183.449,33.900,107.496
307.524,181.279,34.065,108.078
307.475,180.100,34.271,108.448
307.714,177.325,34.570,108.831
307.843,177.018,34.645,109.204
307.836,177.800,34.880,109.241
309.357,175.574,35.346,109.001
309.212,177.115,35.602,108.455
307.603,178.806,37.857,105.676
306.943,180.101,39.602,103.483
313.122,182.741,38.235,105.327
311.035,180.397,38.907,105.705
312.131,178.087,38.156,107.335
313.058,175.500,37.636,108.448
312.419,175.697,36.993,109.529
312.626,176.347,38.981,107.207
313.134,175.673,38.192,108.477
313.611,175.158,37.598,109.502
313.851,173.153,37.059,110.504
313.539,173.287,36.730,111.000
314.201,172.818,36.750,111.123
314.347,171.209,36.388,111.875
313.943,170.731,36.107,112.524
313.759,170.660,36.019,112.821
313.918,169.272,36.065,112.826
313.578,170.769,36.078,112.746
314.296,170.607,36.183,112.854
314.289,171.240,36.274,112.745
314.769,170.274,36.273,112.863
314.477,169.755,36.181,112.840
314.617,168.577,36.238,112.883
314.532,168.968,36.278,112.744
314.340,168.664,36.107,113.016
314.179,169.201,35.883,113.321
313.667,170.428,35.773,113.634
313.508,171.180,36.011,113.425
314.103,170.249,36.273,113.204
314.267,169.512,36.335,113.124
314.393,169.520,36.441,112.975
314.406,169.690,36.322,113.129
314.358,169.419,36.317,113.262
314.860,168.570,36.243,113.545
315.169,167.726,36.106,114.186
314.947,163.504,36.046,115.003
314.647,164.990,36.148,114.587
314.365,164.711,36.150,114.688
314.328,163.734,36.225,114.786
314.455,163.634,36.316,114.804
314.759,163.314,36.406,114.794
314.288,161.251,36.401,115.228
314.052,160.552,36.561,115.235
312.254,160.646,36.742,115.099
310.312,161.127,39.099,111.979
309.391,160.185,40.728,109.890
308.943,160.046,42.089,107.893
309.031,159.452,43.004,106.470
308.140,161.080,43.687,105.244
308.391,160.198,44.325,104.089
307.144,161.099,44.717,103.144
308.007,160.326,45.072,102.461
307.466,160.743,45.188,101.924
306.850,161.754,45.519,100.829
307.230,162.530,45.567,100.072
307.345,163.952,45.658,99.196
307.862,166.797,45.721,98.233
307.957,169.414,45.484,97.786
307.829,169.768,45.347,97.468
307.661,170.432,45.334,96.883
307.658,170.799,45.269,96.376
308.024,170.752,45.215,96.021
308.209,171.485,45.201,95.409
308.242,172.172,44.993,95.157
309.042,172.499,44.903,94.692
309.764,173.950,44.699,94.398
309.563,172.054,44.193,94.710
309.542,171.457,43.837,94.684
309.172,164.048,43.318,95.037
309.293,166.848,43.134,94.705
308.127,168.607,43.059,94.223
307.964,169.402,43.145,93.409
307.548,170.801,43.067,92.891
307.376,171.814,42.910,92.464
307.503,172.163,42.778,92.034
306.539,173.290,42.573,91.453
306.259,175.928,42.338,90.888
306.520,175.813,42.140,90.446
306.479,178.623,41.952,89.913
306.681,178.660,41.829,89.507
306.272,179.665,41.509,89.228
306.430,181.429,41.479,88.524
306.415,182.026,41.176,88.401
306.785,183.387,41.110,87.775
306.893,182.900,40.870,87.563
307.097,184.815,40.720,87.009
307.111,185.025,40.387,86.828
307.125,183.900,40.184,86.669
307.287,183.480,40.000,86.328
307.413,183.561,39.770,86.060
307.232,182.706,39.685,85.794
307.861,181.518,39.750,85.140
308.538,180.886,39.586,84.809
308.862,179.805,39.599,84.408
316.120,179.762,39.285,84.023
315.269,178.737,38.925,84.073
315.561,176.851,37.031,86.184
316.170,175.180,35.725,87.600
316.699,173.352,34.806,88.735
323.563,180.881,35.624,87.200
322.363,182.606,34.478,87.964
321.980,180.922,33.780,88.726
322.786,180.381,33.223,89.318
323.367,180.352,32.963,89.513
329.608,185.622,34.445,87.114
329.143,187.175,35.431,85.197
328.409,187.689,36.093,83.810
327.637,186.986,36.649,82.532
327.621,187.158,37.198,81.382
327.361,187.347,37.640,80.262
329.278,189.638,42.272,75.113
322.093,188.761,41.502,75.337
322.259,188.274,40.948,75.429
322.288,187.777,40.644,75.403
324.367,189.079,44.507,71.282
323.146,190.403,47.283,67.845
321.598,191.369,49.296,65.122
320.393,191.170,51.078,62.819
320.267,190.226,52.283,61.226
319.738,189.188,53.256,59.924
317.831,183.253,53.555,59.079
317.427,183.885,53.997,58.315
317.159,177.437,54.185,57.817
316.008,178.322,54.635,56.988
315.623,178.577,55.164,56.078
314.583,178.596,55.803,55.066
314.137,178.349,56.277,54.159
315.222,177.798,56.725,53.496
316.477,178.073,57.011,53.196
317.484,178.253,57.386,52.982
317.989,177.901,57.842,52.884
318.689,177.378,58.000,53.001
319.523,176.008,57.994,53.378
319.614,175.296,58.051,53.557
320.187,174.654,58.472,53.595
319.490,180.407,58.607,53.877
319.133,179.278,58.537,54.349
319.452,177.159,58.705,54.832
319.586,174.950,58.557,55.407
319.551,173.257,58.320,56.063
318.959,171.507,57.802,56.894
312.464,177.933,57.799,57.038
313.684,176.664,57.706,57.326
314.854,175.782,57.480,57.471
315.423,174.738,57.309,57.785
315.987,173.640,57.118,58.136
316.182,172.838,56.932,58.404
316.341,177.969,57.085,58.427
316.069,175.820,56.857,58.758
307.777,175.190,57.323,58.491
308.601,175.135,57.830,58.416
309.246,175.397,57.980,58.483
309.998,174.908,58.252,58.593
310.199,174.125,58.507,58.665
311.322,173.618,58.904,58.539
312.104,173.021,58.869,58.826
313.039,172.163,58.831,59.145
313.469,171.583,58.933,59.142
313.898,170.776,58.890,59.181
314.425,170.214,58.738,59.093
315.954,169.901,58.460,59.179
316.446,169.582,58.045,59.387
316.153,176.155,57.573,59.686
317.872,175.374,57.404,59.612
319.185,175.652,56.994,59.579
319.294,182.065,56.552,59.826
320.398,181.245,56.144,59.790
321.618,181.357,55.857,59.546
327.913,166.867,55.331,59.912
325.638,167.772,55.070,59.596
324.591,169.486,54.974,58.929
324.614,169.972,54.676,58.475
322.641,170.767,54.456,58.317
321.370,171.679,54.393,58.160
319.993,172.695,53.908,58.402
307.974,172.688,49.211,63.724
311.235,173.418,44.753,68.656
312.026,169.093,41.175,72.414
313.290,169.692,38.545,75.132
313.121,166.754,36.610,76.706
314.453,168.911,35.047,78.279
315.498,165.364,33.367,80.563
315.854,166.671,32.187,81.730
316.155,162.162,31.047,83.335
316.142,163.328,30.496,83.733
316.556,161.074,29.917,84.534
316.613,162.648,29.616,84.702
316.877,159.046,29.129,85.355
317.042,161.103,29.033,85.156
317.364,157.712,28.793,85.476
317.018,159.814,28.715,85.220
317.217,156.820,28.595,85.173
316.234,158.109,29.542,83.555
315.399,158.209,30.381,82.078
314.862,158.413,31.136,80.745
314.178,157.845,31.583,79.718
313.699,156.515,31.982,78.817
313.462,156.276,32.686,77.455
312.709,156.794,33.145,76.178
311.927,155.970,33.688,74.862
304.254,156.510,34.142,73.736
303.720,156.028,34.538,72.685
303.095,155.738,34.739,71.879
302.396,155.664,34.915,71.065
301.591,155.666,34.960,70.487
307.119,149.337,38.963,65.842
305.910,149.047,41.977,62.385
304.830,148.777,44.322,59.666
304.220,147.919,46.161,57.517
303.928,147.590,47.521,55.935
301.733,142.743,48.161,55.138
301.243,142.633,48.713,54.632
300.867,142.225,49.245,54.366
300.563,141.644,49.418,54.219
299.309,135.808,49.216,54.032
298.803,135.688,49.185,53.961
291.650,130.515,49.401,53.393
285.778,130.377,49.664,53.404
286.375,129.444,49.770,53.715
286.900,128.789,49.753,53.978
286.985,127.743,49.644,54.273
287.191,126.925,49.502,54.414
287.540,126.584,49.442,54.370
287.836,126.685,49.559,54.340
287.208,126.710,49.573,54.418
288.718,122.045,50.190,53.390
288.475,122.864,50.436,52.921
288.400,123.685,50.689,52.493
288.170,124.631,50.973,52.174
287.736,125.805,50.970,51.870
286.898,126.981,50.860,51.651
286.835,128.038,50.706,51.346
286.462,129.378,50.470,51.103
286.664,131.254,50.233,50.830
287.419,133.196,50.038,50.521
288.145,135.442,49.881,50.000
288.631,137.606,49.770,49.663
288.782,139.656,49.413,49.362
288.844,142.057,49.229,49.046
288.921,144.892,48.917,48.719
279.354,147.528,44.663,52.705
280.957,144.937,41.445,55.528
283.169,145.737,38.674,58.320
284.164,144.255,36.915,59.771
285.821,143.623,35.137,61.935
286.138,142.807,34.897,61.908
286.765,140.316,34.614,61.829
286.758,143.477,34.278,62.163
287.781,145.891,33.828,62.730
288.441,146.875,33.163,63.808
287.647,138.924,33.337,63.007
288.098,141.243,33.401,62.778
288.695,138.057,33.258,62.749
288.774,138.695,33.435,62.002
289.543,138.669,32.956,62.688
289.684,138.692,32.659,63.213
290.404,138.475,32.431,63.675
290.786,137.936,32.949,62.657
291.194,138.721,32.729,63.117
290.458,138.259,33.000,62.263
290.702,137.700,33.168,61.542
291.151,139.769,32.665,62.117
291.396,138.627,32.558,61.657
292.325,139.360,32.209,62.132
292.382,139.977,31.689,62.824
292.313,140.228,31.322,63.290
292.336,142.822,31.064,63.323
292.446,143.983,30.833,63.630
292.526,146.676,30.721,63.655
292.534,148.814,30.493,63.958
292.935,150.728,30.369,64.118
292.758,153.260,30.335,63.987
292.374,155.860,30.258,63.845
291.731,158.111,30.240,63.606
291.200,160.244,30.182,63.519
290.932,162.566,30.156,63.372
290.807,164.888,30.174,63.080
291.140,167.642,30.175,62.938
291.491,170.318,30.068,62.805
291.375,172.741,29.995,62.685
291.224,175.536,29.943,62.555
291.101,178.453,29.928,62.302
291.132,180.553,29.824,62.245
291.187,182.358,29.798,61.867
292.418,196.804,30.021,61.651
292.960,203.018,29.926,61.732
293.324,203.489,29.883,61.723
293.116,204.129,29.727,61.649
292.992,199.238,29.992,61.158
292.894,200.180,30.331,60.541
292.806,201.349,30.700,59.930
292.549,203.241,31.018,59.207
292.093,205.044,31.242,58.711
292.149,207.120,31.320,58.295
292.509,208.848,31.358,57.907
292.944,210.835,31.362,57.563
293.529,212.017,31.220,57.443
297.962,224.141,31.322,57.080
297.780,225.143,31.371,56.800
297.297,225.739,31.365,56.600
296.917,226.454,31.263,56.237
296.581,222.311,31.395,55.904
296.317,222.459,31.269,55.848
296.492,229.261,33.456,52.946
295.558,235.583,35.608,50.095
294.899,236.424,37.286,47.855
294.401,237.247,38.615,46.199
293.361,238.109,39.785,44.712
293.197,238.163,40.577,43.477
292.875,238.722,41.340,42.360
292.642,238.837,41.889,41.541
293.395,238.107,42.160,40.833
292.715,237.954,42.609,40.082
292.032,237.620,42.890,39.461
291.955,235.691,43.094,38.834
290.994,230.669,43.294,38.485
290.639,229.818,43.580,37.995
289.097,229.995,45.955,35.762
288.887,224.114,45.447,35.944
289.455,220.948,45.062,35.963
287.912,220.936,46.869,34.242
288.021,213.147,45.939,34.759
292.793,213.127,47.627,33.227
292.042,208.701,48.988,32.058
292.076,204.607,49.957,31.286
291.934,203.635,50.848,30.421
291.866,198.820,51.395,30.047
291.599,197.655,52.019,29.487
291.423,195.973,52.686,28.873
291.837,190.496,52.909,28.899
292.522,188.317,53.546,28.219
293.351,186.600,53.862,28.094
292.111,185.988,53.682,28.400
292.353,185.564,53.810,28.574
292.787,186.379,53.712,28.982
293.240,187.652,53.576,29.308
293.351,188.969,53.730,29.447
293.997,192.453,54.208,29.124
294.492,194.151,54.245,29.353
295.004,197.698,54.849,28.933
295.214,201.074,55.349,28.568
296.393,201.927,55.439,28.821
297.431,203.256,55.337,29.172
298.383,206.497,55.977,28.841
299.346,207.246,55.941,29.130
300.534,210.851,56.297,29.033
301.326,211.632,56.038,29.366
302.354,215.187,56.439,29.183
303.586,216.069,56.141,29.536
304.707,220.461,56.121,29.528
308.868,224.105,56.206,29.425
309.896,227.789,56.413,29.340
311.991,231.912,56.567,29.250
313.077,232.602,56.438,29.481
314.252,236.703,56.748,29.390
314.431,237.056,56.728,29.501
315.402,237.783,56.713,29.632
316.109,238.181,56.702,29.768
316.408,238.482,56.700,29.905
317.433,238.709,56.695,29.928
317.880,239.118,56.756,29.945
318.831,239.296,56.787,29.937
319.182,239.199,56.887,29.854
318.885,238.916,57.020,29.687
319.118,238.761,57.099,29.586
319.083,238.490,57.114,29.491
319.994,238.112,57.153,29.487
320.607,237.957,57.210,29.499
312.243,246.981,53.124,33.185
314.604,245.842,49.635,36.298
317.896,245.030,45.718,39.906
319.968,243.733,43.260,42.175
320.231,237.801,42.639,42.480
320.452,237.015,42.037,42.719
320.869,236.593,41.448,43.010
321.421,235.899,41.032,43.176
322.329,235.506,40.623,43.296
322.007,235.258,40.208,43.356
321.958,234.930,40.032,43.245
321.811,235.224,39.861,43.019
321.897,235.382,39.683,42.783
321.901,239.467,39.516,42.529
322.401,239.025,39.560,42.243
323.220,242.388,39.630,41.923
323.843,241.872,39.655,41.612
324.891,241.476,39.710,41.252
326.441,241.068,39.764,40.920
327.907,239.946,39.805,40.655
329.608,239.054,39.909,40.415
308.193,249.750,39.776,40.298
308.678,249.035,39.680,40.108
309.515,248.514,39.579,39.967
309.979,248.208,39.674,39.618
310.277,248.454,40.042,39.377
310.230,249.476,40.370,39.150
310.310,250.126,40.853,38.655
311.056,250.306,41.085,38.267
311.994,250.251,41.229,38.055
313.385,249.097,41.277,37.872
315.537,248.737,41.187,37.709
318.149,247.567,41.022,37.798
320.248,246.890,40.913,37.879
322.596,246.022,40.707,37.975
324.820,245.226,40.581,38.028
326.264,245.028,40.515,37.996
327.530,244.669,40.535,37.789
329.199,244.627,40.469,37.667
330.199,245.074,40.209,37.661
331.095,245.562,40.079,37.461
331.808,246.508,39.944,37.245
332.687,246.101,39.876,36.896
333.055,246.003,39.606,36.825
333.519,245.965,39.290,36.599
334.585,246.395,38.819,36.528
335.605,246.468,38.589,36.209
336.088,246.669,38.448,35.938
335.763,246.928,37.989,35.845
334.760,246.277,37.673,35.406
333.891,246.121,37.286,35.082
333.201,245.935,37.039,34.756
332.253,245.327,36.801,34.413
331.756,244.358,36.681,33.952
331.032,243.266,36.432,33.608
329.934,241.638,36.131,33.193
329.054,240.358,35.896,32.810
327.988,239.065,35.532,32.654
327.668,237.551,35.339,32.370
327.942,235.479,35.321,32.019
327.579,233.890,35.036,31.855
327.122,232.171,34.730,31.708
326.807,228.951,34.474,31.713
327.238,227.972,34.213,31.637
327.496,226.598,33.859,31.512
326.856,223.629,33.581,31.492
327.363,222.887,33.604,31.216
327.419,222.161,33.635,31.028
327.839,221.460,33.572,30.896
328.467,221.178,33.633,30.727
328.660,220.526,33.429,30.634
328.989,220.117,33.230,30.560
329.122,219.542,33.257,30.351
329.173,218.951,33.273,30.135
329.216,218.982,33.429,29.919
329.131,218.806,33.580,29.650
329.768,218.176,33.475,29.478
330.518,216.642,33.529,29.074
331.748,215.578,33.525,28.917
332.738,214.167,33.638,28.634
334.426,212.715,33.450,28.506
337.982,210.931,32.972,28.483
338.260,210.749,32.510,28.461
338.765,212.069,31.841,28.675
339.862,213.303,31.444,28.626
340.698,215.141,31.063,28.638
341.191,215.712,30.690,28.459
341.355,216.482,30.218,28.353
341.384,217.341,29.963,28.167
341.718,217.043,29.915,27.891
341.609,216.993,29.563,27.717
341.469,217.000,29.205,27.670
341.230,216.148,28.965,27.456
341.256,215.717,28.771,27.322
341.120,215.058,28.620,27.077
340.712,214.570,28.428,26.920
340.968,214.997,28.372,26.774
340.497,214.428,28.078,26.702
340.733,213.626,27.980,26.445
341.156,213.870,27.817,26.300
341.593,213.244,27.587,26.140
341.985,213.505,27.407,26.061
342.748,212.985,27.278,25.902
343.473,212.168,27.039,25.721
346.352,211.324,26.664,25.665
349.079,210.440,26.257,25.617
352.010,209.234,25.945,25.555
354.816,208.096,25.766,25.503
357.520,207.435,25.468,25.505
359.608,204.392,25.229,25.539
362.346,202.241,25.084,25.550
365.552,201.729,24.938,25.635
368.219,200.996,24.766,25.541
370.083,198.710,24.746,25.436
373.002,198.789,24.806,25.402
375.120,198.739,24.865,25.391
375.289,197.137,25.031,25.160
377.555,198.003,25.157,25.081
377.696,198.407,25.282,25.107
380.074,198.416,25.526,25.030
380.065,198.388,25.575,25.100
379.662,196.072,25.574,25.159
381.702,196.309,25.778,25.094
381.209,196.781,25.881,25.091
380.733,197.176,25.901,25.105
378.151,195.222,25.949,24.970
377.671,196.314,26.004,24.900
376.869,197.436,26.058,24.904
376.115,198.562,26.089,24.878
375.288,199.257,26.141,24.842
372.847,199.692,26.068,24.989
372.788,200.200,26.019,25.014
372.333,200.382,26.052,25.084
371.639,200.741,25.936,25.099
370.931,200.903,25.932,25.218
367.982,201.569,25.877,25.324
367.271,202.235,25.885,25.395
365.988,203.276,25.824,25.486
365.448,203.207,25.705,25.506
362.589,203.443,25.557,25.474
361.542,204.205,25.421,25.455
358.777,204.748,25.295,25.476
357.996,205.437,25.098,25.406
355.086,205.959,25.129,25.367
354.303,206.609,25.110,25.261
353.331,206.603,25.149,25.172
352.201,207.061,25.184,25.045
349.064,207.996,25.250,24.926
348.059,209.266,25.291,24.841
347.006,210.408,25.321,24.773
346.013,210.994,25.296,24.665
342.478,212.394,25.343,24.562
341.972,213.014,25.346,24.453
340.643,214.362,25.400,24.342
339.566,215.546,25.302,24.238
336.720,217.167,25.332,24.035
335.366,218.673,25.328,23.875
334.168,221.202,25.574,23.527
330.971,222.524,25.496,23.368
329.819,223.873,25.406,23.220
329.224,224.848,25.345,23.037
328.455,225.440,25.296,22.898
327.892,225.916,25.137,22.758
327.347,226.230,25.097,22.641
327.310,226.128,25.234,22.285
327.788,224.003,25.117,22.262
327.955,223.494,25.190,22.124
328.272,222.666,25.213,22.022
328.340,221.829,25.138,22.035
327.974,220.984,24.941,22.003
327.608,220.579,24.697,22.086
327.325,220.315,24.507,22.134
327.241,220.375,24.358,22.105
327.040,220.623,24.192,22.110
326.658,220.824,24.019,22.130
327.688,221.033,24.075,21.890
327.396,221.081,24.015,21.764
328.262,221.322,24.100,21.578
329.535,221.081,24.245,21.398
330.238,219.751,24.453,21.116
332.993,217.168,24.127,21.200
336.094,216.891,23.977,21.218
339.786,216.213,23.972,21.150
344.169,214.102,23.826,21.176
348.281,214.060,23.700,21.158
353.762,213.451,23.442,21.231
357.461,214.270,23.161,21.403
361.265,214.880,22.957,21.561
365.391,215.555,22.649,21.670
368.750,215.813,22.342,21.879
371.554,216.454,22.137,21.995
374.363,216.712,21.989,22.098
377.006,214.607,21.759,22.104
379.935,214.775,21.627,22.221
382.069,212.559,21.449,22.204
383.305,212.802,21.347,22.227
384.254,210.372,21.307,22.248
384.792,208.194,21.140,22.231
385.071,206.280,21.033,22.147
385.714,206.331,20.976,22.226
385.691,203.900,20.884,22.229
385.627,201.528,20.785,22.202
385.063,199.399,20.847,22.078
385.311,199.455,20.943,22.100
385.302,197.183,21.017,22.044
385.490,197.463,20.916,22.054
385.902,197.550,20.995,22.106
385.752,197.703,21.031,22.145
385.820,197.925,21.099,22.206
385.255,195.858,21.025,22.133
384.669,193.917,20.994,22.058
382.459,191.458,21.124,21.951
379.805,186.494,21.312,21.833
376.742,181.632,21.441,21.734
375.887,176.462,21.467,21.740
373.616,173.196,21.678,21.600
372.656,167.252,21.479,21.641
371.453,161.371,21.239,21.724
370.898,156.023,21.090,21.797
371.190,150.983,21.102,21.708
370.859,147.926,20.933,21.769
370.632,143.343,20.980,21.616
369.874,141.535,20.988,21.528
369.794,139.709,20.983,21.350
369.991,138.052,21.016,21.194
370.570,136.565,21.132,20.952
370.808,135.019,21.072,20.844
370.660,135.304,20.959,20.913
369.501,133.229,20.702,21.009
368.588,133.424,20.438,21.171
367.465,133.588,20.312,21.232
366.967,131.885,20.448,21.044
366.194,132.492,20.402,20.953
366.099,133.392,20.471,20.792
365.419,133.732,20.329,20.833
364.654,132.094,20.335,20.697
363.600,132.692,20.361,20.724
362.812,133.150,20.353,20.689
361.932,131.559,20.490,20.612
361.703,132.295,20.583,20.515
362.254,133.025,20.850,20.398
362.347,133.900,21.035,20.313
362.809,134.596,21.276,20.180
362.870,135.971,21.561,19.932
362.135,134.081,22.645,18.875
361.735,137.247,23.492,17.975
361.110,140.115,24.163,17.253
359.855,140.986,24.822,16.495
360.533,141.487,25.298,15.921
359.529,141.522,25.804,15.436
358.078,141.427,26.025,15.092
357.447,141.556,26.433,14.704
356.108,141.682,26.710,14.377
354.805,141.743,27.152,14.017
353.241,141.736,27.548,13.693
351.852,142.156,27.906,13.326
350.362,142.481,28.364,13.095
348.811,145.161,28.708,12.949
347.605,145.558,28.731,12.980
346.473,146.012,28.610,13.045
345.264,146.295,28.547,13.190
343.783,149.180,28.421,13.304
341.966,149.576,28.303,13.364
340.686,151.877,28.253,13.512
337.841,153.944,28.082,13.882
336.447,154.076,27.949,14.044
334.814,155.903,26.454,15.563
334.655,155.501,25.337,16.757
334.526,155.317,24.461,17.666
332.325,155.397,23.907,18.235
332.233,155.282,23.433,18.878
329.962,155.173,23.084,19.411
327.900,154.583,22.886,19.879
327.492,151.245,22.510,20.245
324.501,148.381,22.300,20.540
321.501,147.427,22.048,20.877
318.943,146.571,21.733,21.268
316.509,146.012,21.550,21.485
315.760,143.132,21.451,21.625
312.373,142.569,21.241,21.795
309.271,141.935,21.060,22.089
307.098,141.273,21.037,22.217
304.768,137.976,21.092,22.276
303.327,137.330,21.127,22.269
303.115,134.596,20.917,22.394
303.284,133.736,19.588,23.817
301.853,130.710,18.614,24.917
302.705,127.432,17.958,25.656
303.638,126.826,17.640,26.010
304.475,126.215,17.335,26.308
322.864,113.969,18.432,24.999
325.005,114.252,19.374,24.130
327.607,112.591,20.097,23.404
330.205,113.360,20.674,22.913
332.520,114.198,21.115,22.629
333.328,115.228,21.287,22.400
336.036,116.505,21.275,22.311
336.429,119.916,21.443,22.210
339.290,121.124,21.662,22.137
342.238,122.640,21.579,22.237
344.458,124.542,21.560,22.274
347.120,127.677,21.488,22.400
347.576,129.790,21.551,22.237
350.986,132.496,21.374,22.502
351.900,134.961,21.092,22.803
352.088,136.640,20.911,22.756
352.819,139.254,20.707,22.952
353.324,140.961,20.595,22.907
354.298,144.003,20.398,22.958
355.095,147.024,20.202,23.024
355.485,150.401,19.957,23.083
358.542,153.572,18.810,24.080
362.031,156.951,17.278,25.723
362.885,160.012,15.831,27.376
363.496,162.225,14.665,28.829
364.210,164.882,13.725,30.067
364.816,167.579,12.927,31.112
365.142,170.956,12.277,31.900
365.393,173.661,11.744,32.659
365.373,175.287,11.367,32.976
365.259,178.264,11.029,33.553
365.330,181.341,10.780,34.016
365.189,183.782,10.640,34.558
365.171,184.393,10.579,34.968
365.078,185.073,10.495,35.273
364.916,185.977,10.433,35.639
364.697,186.636,10.381,35.981
364.534,186.695,10.378,36.378
364.475,187.082,10.463,36.545
364.478,187.595,10.546,36.826
364.516,188.567,10.689,37.079
364.308,189.022,10.777,37.228
364.150,189.526,10.869,37.380
361.370,186.726,10.934,37.524
361.280,189.342,11.076,37.502
361.304,188.838,11.190,37.415
361.483,189.115,11.320,37.345
363.971,188.484,11.387,37.284
363.547,187.776,11.492,37.151
363.366,187.346,11.654,36.933
363.693,187.280,11.920,36.615
363.558,187.132,12.181,36.318
363.320,190.017,12.552,35.865
363.228,189.442,12.888,35.469
363.225,189.076,13.064,35.271
363.459,188.860,13.178,35.151
363.584,188.374,13.279,35.050
363.952,188.122,13.393,34.929
366.287,188.067,13.576,34.756
368.211,188.174,13.725,34.616
368.737,188.328,14.026,34.322
369.102,188.400,14.257,34.092
368.566,188.628,14.402,33.945
368.296,188.487,14.619,33.721
367.885,188.319,14.712,33.624
367.097,188.138,14.773,33.555
363.744,187.747,14.954,33.361
363.529,187.412,15.144,33.137
362.947,186.823,15.224,33.047
362.439,186.305,15.298,32.960
359.058,185.690,15.429,32.800
355.824,185.001,15.708,32.465
355.951,184.353,15.972,32.138
355.763,162.192,17.800,30.092
355.729,163.754,19.274,28.500
355.294,165.507,20.451,27.262
355.415,166.884,21.236,26.442
356.188,167.731,21.771,25.957
356.578,168.249,22.215,25.595
356.534,168.557,22.556,25.292
356.849,168.876,22.746,25.120
357.501,169.090,22.872,25.029
357.627,166.919,22.998,24.836
357.587,168.120,23.153,24.610
357.431,168.912,23.173,24.571
357.375,169.661,23.218,24.558
357.090,170.139,23.269,24.546
356.492,170.756,23.370,24.495
356.092,168.712,23.420,24.411
355.249,169.126,23.446,24.389
354.667,169.020,23.425,24.469
353.880,166.938,23.508,24.327
352.987,167.192,23.619,24.271
352.460,164.828,23.611,24.222
352.184,162.440,23.545,24.278
351.755,162.257,23.342,24.517
351.321,159.865,23.248,24.692
351.256,159.928,23.066,24.832
351.045,157.835,22.905,24.945
351.741,158.289,22.828,25.003
352.365,158.712,22.771,25.016
351.987,159.568,22.720,25.067
352.683,160.390,22.682,25.071
352.199,161.226,22.622,25.070
352.553,162.011,22.592,25.079
351.763,162.969,22.414,25.033
351.045,164.061,22.243,24.946
349.609,167.231,22.248,24.776
348.251,168.606,22.245,24.630
345.431,170.317,22.334,24.351
345.046,173.418,22.110,24.231
342.066,175.052,22.218,23.909
341.214,176.895,22.270,23.543
340.752,180.235,22.118,23.486
339.440,181.759,22.082,23.351
338.546,185.601,22.036,23.163
337.718,187.273,22.139,22.909
335.601,191.467,22.336,22.599
335.149,198.269,22.402,22.511
334.929,201.876,22.690,22.384
332.226,205.090,22.620,22.368
329.776,208.174,22.665,22.288
329.344,209.245,22.751,22.188
328.662,210.069,22.878,22.042
326.073,211.158,22.918,21.909
323.973,212.455,23.111,21.693
323.160,215.416,23.233,21.481
320.885,216.784,23.285,21.368
318.891,218.008,23.394,21.127
316.781,218.802,23.617,20.870
314.060,221.715,23.841,20.633
310.945,222.341,24.030,20.533
307.910,223.031,24.143,20.471
305.011,223.840,24.164,20.477
302.438,224.566,24.345,20.416
299.629,224.913,24.549,20.348
298.968,225.035,24.934,20.175
298.317,225.114,25.221,20.020
297.713,225.294,25.511,19.910
294.759,225.391,25.832,19.836
294.008,225.006,25.986,19.804
291.303,224.183,26.120,19.938
290.695,223.467,26.219,19.964
289.553,222.778,26.231,20.081
288.733,223.068,26.170,20.209
288.123,223.599,26.042,20.370
287.010,224.785,25.915,20.439
286.379,225.640,25.682,20.459
285.703,227.171,25.442,20.477
285.185,229.193,25.284,20.442
284.047,230.592,25.115,20.391
283.222,232.457,24.978,20.308
282.708,233.994,24.888,20.280
282.090,235.077,24.774,20.186
281.732,236.486,24.685,20.123
281.372,237.618,24.576,19.973
280.909,238.482,24.556,19.872
280.217,239.150,24.419,19.849
279.847,240.469,24.168,19.793
279.851,242.149,23.981,19.746
280.032,243.039,23.809,19.782
279.974,243.728,23.657,19.828
279.694,244.274,23.551,19.794
279.199,242.836,23.491,19.725
278.776,243.395,23.589,19.606
278.777,243.285,23.596,19.524
279.550,243.573,23.472,19.437
280.732,243.718,23.427,19.374
281.883,244.617,23.350,19.440
284.356,245.015,23.129,19.499
284.491,245.220,23.070,19.533
286.764,245.868,22.871,19.654
287.665,246.587,22.731,19.621
288.408,247.125,22.648,19.665
291.206,247.461,22.372,19.762
291.694,248.276,22.324,19.819
293.922,251.231,22.227,19.863
294.050,252.103,22.136,19.888
296.170,253.202,22.134,19.867
296.651,254.240,22.240,19.811
297.312,255.266,22.335,19.782
299.528,256.027,22.317,19.804
301.916,256.789,22.293,19.845
301.957,255.387,22.373,19.830
302.350,255.990,22.356,19.896
304.740,254.372,22.391,19.880
305.106,254.971,22.376,19.933
305.325,253.253,22.410,19.946
305.676,251.553,22.418,19.964
298.713,256.760,20.896,21.675
299.631,255.230,19.330,23.456
300.613,253.038,17.989,25.057
301.266,250.970,17.141,26.081
301.674,247.905,16.406,26.946
301.936,244.551,15.694,27.885
302.089,242.642,15.339,28.259
299.850,238.499,14.827,28.833
299.853,235.588,14.527,28.841
300.026,231.891,14.316,28.944
300.239,229.106,14.203,28.998
300.683,229.033,13.916,29.329
300.928,228.434,13.585,29.694
300.882,227.189,13.508,29.701
300.809,225.974,13.475,29.712
300.817,224.801,13.462,29.538
301.089,223.763,13.431,29.470
301.669,222.775,13.417,29.397
302.098,222.319,13.445,29.267
302.554,222.322,13.434,29.164
302.998,222.364,13.266,29.308
303.490,222.386,13.272,29.225
303.687,222.085,13.272,29.181
303.950,221.478,13.287,29.130
301.631,220.835,13.292,29.084
301.842,220.511,13.288,29.046
302.027,219.770,13.309,29.006
299.703,219.670,13.301,28.980
299.920,219.544,13.297,28.974
300.235,219.441,13.297,28.971
319.229,228.976,16.640,25.662
317.142,230.491,19.383,22.920
314.815,231.464,21.489,20.808
312.058,232.500,23.298,19.139
309.879,232.927,24.666,17.937
307.676,233.142,25.778,17.089
306.142,232.595,26.558,16.609
304.426,230.070,27.011,16.206
302.207,229.326,26.353,17.034
302.053,226.040,26.799,16.664
300.099,223.558,27.190,16.241
298.795,223.177,27.408,16.149
295.799,220.408,27.628,16.009
292.936,220.014,27.867,15.955
289.452,219.936,28.079,15.919
285.651,220.244,28.153,15.891
282.331,220.632,28.053,15.977
280.618,220.844,27.953,16.076
278.920,220.719,27.888,16.247
276.935,220.123,27.819,16.336
274.555,217.881,27.719,16.291
273.120,215.706,27.638,16.332
272.025,212.998,27.462,16.508
271.017,210.331,27.396,16.535
271.341,207.064,27.228,16.516
271.037,204.099,26.692,16.962
271.324,201.076,26.163,17.416
271.449,197.973,25.700,17.836
271.430,196.985,25.194,18.241
271.372,193.202,24.788,18.574
271.615,189.711,24.488,18.896
272.153,188.845,24.174,19.185
271.515,185.609,23.969,19.389
271.703,182.751,23.915,19.544
272.033,182.497,23.818,19.680
272.526,181.844,23.703,19.791
272.565,181.549,23.725,19.757
273.040,178.373,23.722,19.803
273.494,175.398,23.837,19.782
274.114,174.945,23.963,19.736
274.163,171.731,23.984,19.824
275.155,168.214,23.894,19.954
275.552,165.174,23.760,20.080
276.396,164.788,23.594,20.211
276.801,162.224,23.418,20.310
277.193,162.306,23.232,20.370
275.032,159.285,22.984,20.494
275.440,158.754,22.829,20.554
275.606,158.262,22.732,20.609
276.016,154.892,22.613,20.662
273.902,151.299,22.456,20.777
271.595,147.343,21.739,21.450
272.016,143.678,20.995,22.128
272.606,142.647,20.081,23.032
273.235,141.939,19.311,23.737
271.268,138.879,18.684,24.289
271.991,136.888,18.288,24.658
272.583,136.843,17.984,24.968
272.904,136.891,17.803,25.153
273.042,137.352,17.514,25.460
271.045,137.645,16.934,26.155
271.488,138.257,16.615,26.517
271.707,138.644,16.320,26.835
271.928,138.803,16.014,27.164
271.981,139.252,15.831,27.352
269.701,139.397,15.459,27.773
270.179,140.107,15.222,28.027
278.513,138.250,15.983,27.274
277.975,139.670,17.043,26.220
275.414,141.095,17.812,25.464
274.712,143.107,18.354,24.925
272.337,146.865,19.024,24.362
271.888,148.369,19.739,23.740
271.377,152.343,20.234,23.264
268.713,153.995,20.872,22.799
268.473,157.812,21.255,22.443
267.927,161.446,21.606,22.161
265.249,162.942,22.024,21.778
264.997,164.542,22.359,21.531
264.304,168.340,22.714,21.282
262.007,169.610,23.016,21.060
261.838,173.578,23.273,20.820
261.626,177.228,23.627,20.548
260.772,179.095,24.048,20.313
260.128,180.504,24.320,20.202
259.490,181.697,24.441,20.146
259.283,182.196,24.580,20.102
258.477,181.021,24.816,20.025
258.111,181.217,24.919,20.102
258.077,181.448,24.843,20.231
257.563,182.174,24.987,20.268
257.683,182.917,25.142,20.285
258.037,183.742,25.249,20.323
258.460,185.010,25.399,20.335
261.500,188.400,25.407,20.462
262.161,188.636,25.491,20.554
263.029,189.453,25.552,20.605
263.803,190.554,25.615,20.710
266.588,192.059,25.736,20.732
267.432,192.920,25.833,20.782
268.285,193.524,25.853,20.856
271.663,196.676,25.879,20.943
272.321,197.340,25.881,21.035
275.867,198.249,25.915,21.092
276.586,198.882,25.888,21.205
279.862,200.412,25.985,21.410
283.085,203.481,25.951,21.574
283.297,204.111,26.011,21.636
286.579,205.519,25.957,21.887
287.584,209.052,25.880,22.085
291.036,212.141,25.812,22.156
294.166,215.005,25.768,22.125
297.204,216.051,25.454,22.357
299.718,218.864,25.100,22.492
300.870,219.188,25.015,22.541
303.498,219.912,24.699,22.526
304.758,220.034,24.461,22.509
305.466,220.548,24.249,22.458
306.666,220.471,24.080,22.533
308.960,220.709,23.973,22.507
308.959,221.757,23.905,22.536
309.653,222.494,23.892,22.537
310.431,223.690,23.811,22.558
311.069,225.061,23.812,22.639
311.877,226.375,23.816,22.591
313.025,229.826,23.732,22.661
313.629,230.646,23.685,22.697
313.607,232.068,23.869,22.644
314.256,233.455,23.933,22.542
314.801,236.586,23.913,22.562
316.910,237.144,24.145,22.461
316.491,237.601,24.258,22.339
316.469,237.941,24.401,22.331
316.504,238.660,24.508,22.328
316.866,239.103,24.616,22.368
317.351,239.825,24.650,22.415
317.825,239.998,24.654,22.502
318.419,240.232,24.743,22.591
318.788,240.890,24.824,22.646
318.853,241.227,24.828,22.679
319.359,241.916,24.863,22.765
319.546,242.823,24.962,22.860
320.369,243.760,25.022,22.980
321.077,244.204,25.029,23.104
321.764,242.663,25.230,23.059
322.794,243.248,25.241,23.187
323.487,243.610,25.210,23.330
324.523,241.403,25.261,23.374
325.726,242.191,25.401,23.443
327.140,242.762,25.407,23.580
327.970,243.165,25.399,23.757
331.009,241.195,25.459,23.687
331.628,241.581,25.371,23.784
332.110,239.196,25.384,23.854
332.935,236.748,25.399,23.929
333.386,234.491,25.412,23.978
333.066,232.386,25.490,23.965
333.219,232.248,25.501,24.086
332.943,229.612,25.461,24.135
333.140,227.088,25.494,24.131
333.077,224.253,25.521,24.262
333.285,221.476,25.429,24.444
333.781,218.617,25.376,24.529
334.671,215.883,25.329,24.594
335.674,213.413,25.160,24.753
335.963,213.244,25.084,24.917
335.633,212.863,25.073,25.048
336.219,209.975,25.007,25.255
336.039,210.094,25.037,25.390
335.588,209.747,24.959,25.507
334.909,208.989,25.003,25.570
334.148,208.213,25.130,25.626
333.216,207.235,25.146,25.743
332.910,204.301,25.104,25.815
332.769,201.890,25.043,25.895
332.185,201.457,25.044,25.937
330.899,200.167,25.119,26.079
330.997,195.762,25.128,26.242
331.230,191.645,24.986,26.509
331.510,187.611,24.863,26.777
331.682,184.015,24.641,27.083
331.926,181.136,24.350,27.179
332.391,181.027,24.197,27.236
333.168,180.484,24.116,27.257
334.441,175.453,22.619,28.606
338.087,176.602,22.896,28.402
338.958,177.386,23.056,28.290
339.406,177.882,23.140,28.190
339.026,177.956,23.079,28.090
338.754,177.286,23.075,28.028
338.510,176.578,23.028,28.203
339.608,174.412,21.904,29.305
340.860,172.722,20.980,30.067
344.523,170.543,20.310,30.626
347.836,166.242,19.674,31.043
350.848,165.479,19.091,31.386
351.024,164.812,18.422,31.842
351.469,164.331,18.032,31.971
351.722,163.683,17.660,32.126
352.250,163.800,17.343,32.240
352.314,163.969,17.078,32.163
352.389,163.754,16.850,32.268
352.385,163.573,16.734,32.276
352.757,163.058,16.540,32.290
352.484,162.505,16.433,32.248
352.445,161.957,16.343,32.234
352.509,162.070,16.203,32.124
352.927,161.564,16.074,32.163
353.190,161.713,15.986,32.008
353.115,162.476,15.958,31.831
353.669,162.894,15.924,31.667
353.687,163.406,15.848,31.493
353.998,163.651,15.690,31.550
353.858,163.643,15.460,31.591
354.040,163.349,15.350,31.564
354.108,160.320,15.123,31.696
354.236,159.097,14.480,32.421
354.432,157.978,14.050,33.036
354.480,154.979,13.709,33.296
354.615,154.712,13.453,33.552
354.791,154.741,13.271,33.719
355.120,154.429,13.060,33.895
355.128,154.982,12.941,33.893
355.539,155.439,12.884,33.923
356.061,156.266,12.768,33.892
356.595,156.216,12.749,33.839
356.836,156.072,12.772,33.692
356.919,155.840,12.774,33.610
359.126,155.410,12.773,33.474
359.314,154.468,12.767,33.398
359.639,151.697,12.773,33.380
362.603,148.883,12.798,33.473
364.962,146.808,13.345,32.693
365.587,147.056,13.642,32.220
368.010,147.062,13.868,31.816
368.367,146.351,14.016,31.685
370.975,146.026,14.141,31.446
371.064,143.447,14.135,31.388
371.744,143.206,14.152,31.351
372.570,142.899,14.115,31.418
372.982,142.990,13.979,31.405
373.630,143.060,13.892,31.412
373.966,143.092,13.812,31.369
374.231,143.407,13.741,31.310
373.906,143.641,13.677,31.167
373.366,143.882,13.581,31.166
372.979,144.413,13.625,31.126
372.379,145.101,13.694,30.903
372.164,145.969,13.621,30.735
371.867,146.368,13.710,30.527
372.004,146.972,13.923,30.158
372.364,147.007,14.123,29.882
372.426,147.500,14.443,29.413
372.559,147.162,14.685,29.134
372.600,146.867,15.042,28.697
372.725,145.617,16.460,27.190
372.484,146.633,17.540,26.040
371.683,147.385,18.410,25.205
371.101,147.792,19.263,24.568
370.476,145.999,19.973,24.016
370.332,144.533,20.583,23.509
369.990,144.947,21.117,23.230
369.540,143.264,21.586,22.925
369.102,144.060,22.020,22.655
368.563,144.445,22.343,22.445
368.048,144.766,22.661,22.350
367.543,145.195,22.892,22.262
367.021,145.453,23.094,22.276
364.090,143.536,23.340,22.161
363.502,144.243,23.478,22.111
360.588,144.438,23.634,22.078
358.184,141.945,23.745,22.061
355.935,142.253,23.785,22.119
353.212,142.673,23.850,22.169
353.063,143.198,23.863,22.187
349.944,144.095,23.925,22.217
346.740,144.900,23.966,22.227
344.299,148.198,23.936,22.305
341.672,148.755,23.919,22.408
341.375,152.340,23.917,22.551
338.399,152.985,23.874,22.682
336.055,153.470,23.848,22.753
335.653,156.842,23.805,23.013
333.289,157.441,23.799,23.142
333.062,158.504,23.811,23.205
332.775,161.876,23.698,23.476
332.229,162.434,23.638,23.771
331.706,162.960,23.555,23.993
331.178,163.595,23.589,24.185
330.754,164.200,23.565,24.405
330.117,165.088,23.606,24.598
329.833,165.814,23.548,24.845
329.609,166.313,23.505,25.003
329.146,166.953,23.624,25.141
328.781,167.808,23.520,25.287
327.669,168.920,23.548,25.376
326.944,170.198,23.602,25.532
326.557,171.491,23.530,25.659
325.519,172.776,23.536,25.787
324.384,173.808,23.585,25.846
323.345,174.615,23.470,26.008
322.865,175.025,23.329,26.112
321.469,175.235,23.303,26.225
320.503,175.725,23.078,26.428
319.106,176.644,22.980,26.600
317.702,177.705,22.886,26.759
316.818,179.476,22.799,26.833
316.039,181.060,22.739,26.898
315.083,183.140,22.686,26.816
314.868,187.003,22.667,26.704
314.691,190.578,22.745,26.564
313.820,192.097,22.805,26.459
313.395,193.546,22.964,26.269
313.431,195.243,23.038,26.100
312.741,196.281,23.100,26.021
311.865,197.177,23.165,25.903
310.808,197.952,23.189,25.664
310.249,197.958,23.076,25.609
309.308,197.515,23.036,25.482
308.231,196.814,22.867,25.367
307.473,196.020,22.748,25.332
305.279,194.721,22.486,25.487
305.079,193.594,22.252,25.584
304.605,192.940,22.151,25.422
304.202,191.906,21.952,25.330
303.441,190.933,21.839,25.247
302.851,190.278,21.601,25.375
302.665,190.392,21.379,25.429
303.259,190.605,21.199,25.475
303.672,191.536,21.099,25.323
303.992,192.527,21.061,25.158
304.151,194.133,21.044,24.864
304.116,195.140,21.039,24.672
304.195,196.159,21.043,24.405
303.814,196.748,21.080,24.206
302.813,196.728,21.198,23.980
301.951,195.313,21.309,23.726
300.321,192.706,21.271,23.571
299.477,191.997,21.364,23.415
298.271,188.976,21.508,23.284
297.587,188.078,21.581,23.204
297.034,187.432,21.725,23.115
296.118,187.050,21.795,23.067
295.815,186.437,21.848,23.039
295.184,186.419,22.021,22.917
295.172,186.060,22.142,22.852
294.933,185.931,22.380,22.768
294.522,185.382,22.568,22.656
294.622,185.273,22.724,22.609
294.504,184.802,22.871,22.608
294.373,184.000,23.133,22.544
294.177,183.141,23.367,22.525
294.111,181.080,23.446,22.502
294.517,180.301,23.520,22.556
294.330,178.472,23.666,22.570
295.032,178.358,23.861,22.553
295.905,178.092,23.965,22.599
296.679,177.828,24.003,22.655
299.069,178.331,24.191,22.609
299.314,178.580,24.284,22.601
299.332,179.508,24.332,22.620
301.802,180.787,24.387,22.634
301.629,181.876,24.403,22.625
302.119,182.838,24.437,22.608
304.690,183.465,24.408,22.663
305.059,181.969,24.497,22.556
305.781,182.506,24.513,22.562
308.735,180.608,24.619,22.440
309.238,178.813,24.678,22.365
310.068,179.278,24.616,22.438
310.706,177.250,24.703,22.487
313.244,175.227,24.779,22.495
313.214,175.918,24.736,22.629
313.659,173.895,24.735,22.633
313.877,174.421,24.624,22.805
314.270,174.970,24.561,22.864
316.789,172.863,24.518,22.883
317.596,173.269,24.394,23.013
319.011,173.247,24.291,23.145
320.455,170.740,24.207,23.211
323.331,168.282,24.056,23.334
323.791,168.330,23.961,23.586
324.729,165.660,23.986,23.658
325.862,165.940,23.857,23.768
327.053,165.385,23.893,23.861
329.800,164.451,23.786,23.984
330.211,161.820,23.729,24.075
330.975,161.271,23.787,24.119
331.492,160.771,23.752,24.232
332.155,159.900,23.769,24.267
333.047,159.216,23.975,24.135
333.827,158.333,24.189,24.125
336.819,157.493,24.190,24.217
337.742,156.402,24.306,24.095
341.086,155.421,24.347,24.116
342.299,154.620,24.427,24.056
345.209,153.883,24.307,24.107
346.072,153.019,24.426,24.117
348.870,152.077,24.383,24.224
349.894,151.515,24.543,24.181
350.868,150.736,24.662,24.191
352.328,150.124,24.775,24.146
353.329,149.427,24.788,24.091
354.356,148.487,24.863,24.117
355.964,147.674,24.874,24.131
357.049,147.433,24.783,24.028
359.867,147.659,24.534,24.003
361.548,148.149,24.339,23.964
364.534,148.877,24.096,23.880
366.795,149.461,23.634,23.949
368.213,149.931,23.467,23.915
369.974,150.857,23.098,23.938
372.201,150.585,22.593,24.098
372.684,150.170,22.415,24.167
373.327,151.571,22.373,24.109
374.149,152.027,22.186,24.133
374.734,151.589,21.978,24.268
375.241,152.088,21.897,24.270
375.268,152.116,21.802,24.331
375.665,152.253,21.803,24.335
376.377,152.098,21.841,24.329
375.667,150.021,21.720,24.439
376.034,149.868,21.779,24.441
375.446,149.575,21.759,24.327
373.936,149.197,21.768,24.397
373.256,148.822,21.871,24.374
372.058,148.727,21.945,24.247
371.250,148.656,22.032,24.264
370.771,148.439,22.126,24.294
370.019,146.403,22.128,24.337
369.644,146.173,22.155,24.387
369.086,143.472,22.246,24.391
367.830,141.048,22.288,24.337
366.603,138.710,22.451,24.327
365.613,136.363,22.667,24.261
365.263,136.595,22.924,24.232
364.792,134.419,23.049,24.149
364.657,134.582,23.178,24.172
364.620,134.726,23.185,24.218
364.474,135.111,23.247,24.175
364.622,135.226,23.242,24.220
364.640,135.475,23.277,24.186
364.381,135.951,23.300,24.178
364.412,136.398,23.341,24.234
364.188,136.704,23.332,24.204
363.315,137.384,23.401,24.237
362.516,137.957,23.435,24.214
361.990,138.348,23.559,24.224
361.376,138.813,23.639,24.176
361.895,139.294,23.761,24.120
361.978,140.444,23.775,24.005
362.733,141.216,23.786,24.001
363.354,141.811,23.854,23.972
363.775,142.818,23.875,23.905
363.007,144.290,23.865,23.773
363.276,148.115,23.912,23.784
363.214,148.820,23.909,23.800
363.086,149.272,23.854,23.938
362.637,149.603,23.793,24.075
362.258,147.623,23.752,24.058
362.459,148.418,23.768,24.078
363.242,149.137,23.820,24.030
363.956,149.559,23.861,24.044
364.247,149.917,23.942,24.145
364.767,150.132,23.908,24.214
365.413,150.290,23.917,24.342
365.516,150.640,23.938,24.406
365.822,151.071,23.894,24.486
366.549,151.368,23.883,24.574
366.360,151.788,23.870,24.587
366.416,152.117,23.942,24.689
366.350,152.370,23.855,24.718
366.287,152.727,23.835,24.737
366.176,153.139,23.892,24.756
366.277,153.457,23.869,24.729
366.352,153.671,23.899,24.825
366.588,153.851,23.968,24.870
366.406,154.333,24.025,24.861
366.795,154.492,24.051,24.918
366.748,154.751,24.046,24.911
366.520,155.030,24.056,24.903
366.369,155.181,24.036,25.073
366.396,155.427,24.128,25.121
366.461,153.020,24.114,25.029
366.800,153.414,24.177,25.055
367.646,153.738,24.173,25.048
368.023,154.029,24.168,25.108
368.074,154.483,24.211,25.104
368.435,154.957,24.239,25.134
369.301,155.595,24.225,25.139
369.415,156.365,24.116,25.152
369.540,157.368,24.039,25.128
369.721,157.757,23.794,25.232
369.808,157.975,23.614,25.425
369.948,158.229,23.476,25.539
370.129,158.745,23.308,25.557
370.414,158.644,23.229,25.663
370.931,158.590,23.111,25.801
371.388,158.649,22.968,25.908
371.734,158.287,22.707,26.011
372.111,158.360,22.528,25.995
372.225,158.000,22.303,26.027
372.650,156.471,20.772,27.363
373.237,155.537,19.720,28.197
373.532,154.679,18.885,28.917
373.726,154.430,18.374,29.254
374.102,153.834,17.934,29.535
373.786,153.986,17.618,29.617
373.484,154.181,17.371,29.635
373.694,154.549,17.211,29.566
373.498,155.315,17.135,29.349
373.468,156.042,16.960,29.204
373.278,159.386,16.966,28.963
372.946,163.997,18.331,27.422
372.685,167.804,19.207,26.326
372.111,169.290,19.994,25.445
372.051,173.021,20.642,24.812
372.323,174.524,21.120,24.126
373.340,178.274,21.479,23.754
373.569,179.189,21.834,23.367
373.737,180.570,22.006,23.066
374.240,181.644,22.086,22.881
374.452,182.823,22.237,22.609
374.134,184.188,22.369,22.379
374.604,185.303,22.503,22.258
374.310,186.122,22.627,22.190
373.434,186.933,22.656,22.209
372.795,187.510,22.573,22.320
371.799,188.129,22.616,22.267
370.476,188.941,22.567,22.305
369.360,189.709,22.516,22.356
368.395,190.888,22.526,22.274
367.492,194.314,22.625,22.222
366.582,197.566,22.694,22.209
366.520,198.794,22.792,22.080
366.752,202.292,22.870,22.087
366.873,203.748,23.001,21.864
367.829,204.998,23.154,21.739
368.263,206.105,23.150,21.685
368.636,207.306,23.102,21.721
369.287,208.168,23.082,21.770
369.222,208.493,22.967,21.896
369.016,208.926,22.898,21.974
369.223,208.989,22.785,22.123
368.475,207.004,22.747,22.135
368.686,207.170,22.824,22.132
368.924,205.384,22.794,22.133
369.809,205.419,22.891,22.209
369.871,203.351,22.960,22.208
370.511,203.403,22.987,22.245
372.480,201.486,23.009,22.227
372.755,199.650,23.001,22.220
373.161,197.535,22.976,22.261
374.697,195.087,22.940,22.282
374.765,192.347,22.991,22.312
376.682,189.285,22.859,22.417
378.666,185.925,22.768,22.525
378.454,182.662,22.783,22.575
378.576,177.436,22.926,22.478
378.736,174.959,22.919,22.529
377.940,171.824,22.877,22.641
374.984,169.547,23.027,22.585
371.920,167.405,23.107,22.629
371.005,167.521,23.201,22.646
367.843,167.640,23.246,22.722
366.888,167.618,23.159,22.871
365.843,167.444,23.101,22.929
362.697,167.380,23.163,22.942
361.770,167.344,23.179,22.997
361.002,167.804,23.300,23.010
360.765,168.042,23.380,23.049
360.100,168.532,23.452,23.040
359.597,168.986,23.582,23.101
358.653,169.145,23.546,23.096
358.194,169.377,23.626,23.181
357.551,169.627,23.615,23.280
357.017,169.861,23.593,23.377
356.677,169.963,23.729,23.474
356.636,170.158,23.837,23.514
356.467,168.153,23.976,23.355
356.602,168.718,24.019,23.393
358.778,168.755,24.005,23.511
358.683,166.767,23.961,23.462
358.967,167.063,23.918,23.557
359.076,164.894,23.968,23.556
359.667,165.449,23.986,23.582
360.126,163.264,24.072,23.575
362.196,163.395,24.096,23.673
362.390,161.229,24.047,23.710
364.252,160.978,24.008,23.918
363.512,158.845,23.991,23.851
363.291,159.203,23.983,23.893
363.445,159.508,23.944,23.973
363.049,159.838,24.005,24.092
363.084,160.117,24.010,24.095
363.405,160.417,23.993,24.093
363.512,160.659,24.055,24.181
363.678,160.783,24.078,24.280
363.726,158.415,24.122,24.228
364.259,158.570,24.085,24.367
364.172,156.273,24.095,24.317
364.896,156.486,24.134,24.363
365.673,156.581,24.083,24.455
365.722,154.499,24.194,24.315
365.896,155.538,24.137,24.236
365.934,156.392,24.106,24.221
365.569,157.144,24.054,24.242
365.539,157.658,24.080,24.260
364.904,158.555,24.073,24.205
364.631,159.493,24.138,24.081
364.088,160.594,24.132,24.011
363.450,161.786,24.182,23.864
363.146,165.098,24.227,23.976
362.406,165.674,24.145,23.935
362.070,166.614,24.163,23.907
362.390,167.683,24.259,23.797
362.673,168.613,24.318,23.735
362.842,169.231,24.362,23.771
363.349,169.730,24.343,23.741
363.652,170.112,24.382,23.813
364.485,170.319,24.325,23.882
365.032,168.070,24.326,23.877
365.518,168.606,24.237,23.911
367.774,168.467,24.266,24.042
367.832,166.136,24.283,23.971
368.314,166.358,24.257,24.073
370.426,166.376,24.167,24.207
370.708,166.689,24.171,24.295
371.278,166.840,24.226,24.321
372.360,166.768,23.946,24.713
373.381,167.071,24.301,24.568
373.844,167.010,24.213,24.762
373.977,164.571,24.345,24.726
374.594,164.831,24.413,24.698
375.136,164.911,24.364,24.771
375.388,162.496,24.440,24.701
375.986,163.060,24.422,24.671
376.790,163.591,24.511,24.678
377.615,163.896,24.519,24.643
379.989,164.061,24.543,24.673
380.519,164.415,24.489,24.766
383.241,165.049,24.350,24.853
384.242,165.800,24.423,24.798
386.823,166.372,24.369,24.814
388.926,167.313,24.428,24.701
391.356,168.061,24.415,24.650
392.573,168.711,24.508,24.592
394.876,169.036,24.411,24.565
396.017,169.503,24.363,24.540
398.705,169.589,24.210,24.662
398.558,167.103,24.179,24.599
398.757,167.479,24.162,24.666
398.673,165.215,24.095,24.594
398.344,165.555,23.941,24.622
397.574,162.912,23.885,24.714
396.837,162.840,23.857,24.821
395.631,162.632,23.821,24.953
392.768,160.314,23.831,24.954
391.596,158.094,23.921,24.831
390.358,158.229,23.838,24.849
387.390,155.907,23.908,24.778
386.088,155.885,23.928,24.883
382.848,153.456,23.928,24.849
381.230,150.923,24.015,24.709
380.392,151.160,24.042,24.698
379.557,151.005,23.990,24.755
376.730,151.313,24.029,24.767
375.101,149.175,24.059,24.625
373.799,150.382,24.053,24.373
372.072,151.327,24.122,24.171
369.063,152.465,24.144,24.021
368.781,153.527,24.180,23.947
367.943,156.829,24.242,24.032
366.491,157.440,24.267,24.003
365.726,158.074,24.268,24.021
364.875,158.518,24.335,24.042
363.906,159.520,24.320,24.020
362.930,160.368,24.336,23.988
362.791,161.081,24.447,23.912
363.055,161.919,24.514,23.948
363.013,162.364,24.554,24.038
363.622,163.014,24.509,24.053
366.824,163.348,24.147,24.302
367.425,164.222,24.267,24.155
369.682,165.018,24.335,24.063
370.762,166.031,24.456,24.037
372.969,167.253,24.519,23.988
373.690,168.063,24.457,24.010
376.146,168.893,24.462,24.038
378.210,169.575,24.547,24.038
378.697,170.367,24.523,23.964
379.367,170.929,24.420,23.992
380.096,171.508,24.506,24.014
380.171,171.915,24.425,24.098
380.462,172.363,24.530,24.153
380.494,172.469,24.385,24.288
380.623,170.290,24.358,24.163
381.087,170.404,24.343,24.174
381.819,170.718,24.321,24.233
384.134,170.390,24.282,24.444
384.128,170.619,24.239,24.586
384.495,170.775,24.268,24.647
383.925,170.990,24.307,24.619
383.677,171.487,24.293,24.644
383.064,171.615,24.318,24.637
382.443,171.830,24.318,24.665
381.416,172.109,24.287,24.659
380.097,172.196,24.404,24.662
377.000,172.702,24.544,24.656
376.175,172.535,24.504,24.733
375.349,172.422,24.538,24.841
374.453,172.180,24.524,24.969
374.383,172.219,24.621,25.002
374.007,169.864,24.771,24.932
374.566,170.417,24.815,24.943
375.098,170.439,24.931,24.958
377.250,170.556,24.936,25.032
377.064,170.853,25.026,24.992
377.393,171.351,25.116,25.029
377.614,171.604,25.112,25.030
377.668,171.833,25.084,25.094
377.715,171.923,25.155,25.177
377.937,171.993,25.171,25.236
378.191,172.408,25.247,25.227
378.341,172.437,25.303,25.330
378.428,172.643,25.365,25.432
378.413,173.028,25.448,25.427
378.512,173.113,25.458,25.521
378.560,173.080,25.430,25.665
378.296,170.516,25.445,25.562
378.148,170.735,25.533,25.630
378.177,170.960,25.591,25.726
378.487,171.027,25.598,25.814
378.140,170.817,25.656,25.993
378.066,170.862,25.693,26.109
377.829,170.957,25.759,26.161
377.655,170.805,25.772,26.233
377.766,170.911,25.770,26.290
377.691,171.209,25.734,26.376
377.616,171.070,25.729,26.562
377.323,168.627,25.851,26.378
376.805,169.341,25.944,26.307
376.623,169.741,25.936,26.384
376.020,170.341,25.996,26.359
375.408,171.101,26.050,26.278
374.228,171.662,26.063,26.271
371.179,172.861,26.146,26.043
370.120,173.771,26.140,25.960
368.893,177.392,26.141,26.036
365.583,178.354,26.208,25.922
365.576,179.314,26.219,25.880
365.434,180.320,26.239,25.859
365.069,181.235,26.277,25.888
365.046,182.066,26.243,25.973
365.512,182.665,26.157,25.981
365.982,183.099,26.094,26.089
366.664,183.423,26.091,26.241
367.336,183.918,26.117,26.324
366.977,181.785,26.212,26.369
367.188,182.472,26.240,26.500
367.363,182.881,26.250,26.603
366.759,180.843,26.188,26.636
366.072,180.655,26.189,26.772
363.321,178.067,26.283,26.710
360.689,178.377,26.467,26.725
360.374,176.083,26.630,26.658
359.350,174.022,26.683,26.629
358.348,173.991,26.612,26.747
357.090,171.946,26.619,26.686
356.035,171.857,26.509,26.852
354.991,171.657,26.512,26.850
353.800,169.629,26.582,26.759
352.550,170.499,26.660,26.751
351.842,170.519,26.599,26.732
351.106,170.075,26.651,26.602
350.932,167.818,26.770,26.478
350.646,167.421,26.794,26.432
350.832,165.102,26.981,26.286
350.867,163.150,27.094,26.190
350.798,163.032,27.019,26.155
350.906,160.035,26.859,26.082
351.328,157.362,26.760,26.005
350.762,155.466,26.630,25.916
350.780,152.990,26.339,25.886
349.938,149.759,26.054,25.833
348.623,147.873,25.969,25.637
347.604,148.252,25.774,25.649
344.539,146.229,25.753,25.518
343.886,144.309,25.613,25.430
342.907,144.398,25.511,25.444
338.850,141.500,25.511,25.458
335.713,138.910,25.594,25.438
334.056,136.398,25.680,25.530
332.522,133.738,25.731,25.616
329.275,131.426,25.971,25.465
327.551,129.285,26.102,25.338
325.828,126.926,26.302,25.339
324.073,124.370,26.329,25.282
323.082,124.522,26.466,25.412
321.567,121.744,26.700,25.357
320.328,121.957,26.954,25.452
320.037,122.253,27.152,25.439
319.085,122.226,27.315,25.581
318.144,119.309,27.485,25.557
317.026,116.182,27.580,25.519
316.076,116.212,27.634,25.612
315.548,116.118,27.702,25.688
314.748,116.054,27.957,25.874
314.066,116.186,28.053,25.988
313.395,116.500,28.101,25.986
312.519,120.108,28.164,26.171
312.299,120.281,28.410,26.167
315.416,131.647,28.493,26.183
316.021,135.943,28.577,26.307
319.996,140.488,28.705,26.337
323.036,145.012,28.946,26.386
326.010,146.053,29.045,26.511
326.979,146.324,29.071,26.615
328.398,145.966,29.082,26.900
329.847,145.450,29.059,27.240
331.358,142.261,28.866,27.480
334.710,142.406,28.764,27.783
336.048,139.026,28.532,28.010
337.084,138.543,28.453,28.293
338.815,134.429,28.246,28.571
340.068,133.533,27.986,28.950
341.409,132.895,27.675,29.364
342.278,132.647,27.490,29.608
343.720,132.982,27.413,29.663
344.450,133.548,27.172,29.739
345.001,134.008,27.098,29.876
345.324,134.311,26.901,29.966
345.440,134.598,26.738,30.056
346.109,134.405,26.676,30.084
347.133,134.396,26.569,30.069
347.973,134.035,26.362,30.125
349.079,133.969,26.276,30.168
349.552,134.431,26.094,30.153
350.284,135.089,25.875,30.032
350.896,136.205,25.762,29.806
351.177,137.758,25.577,29.668
355.124,141.933,23.785,31.169
355.616,145.328,22.414,32.477
355.999,149.646,23.099,31.610
355.229,150.435,23.906,30.667
352.215,150.668,24.188,30.357
349.646,149.540,22.759,31.958
349.793,148.944,21.521,33.226
346.751,144.858,20.511,34.205
346.498,144.272,19.819,34.735
345.955,143.666,19.481,34.875
345.323,143.080,19.287,34.738
344.534,143.124,19.088,34.546
343.808,143.063,19.219,34.073
343.347,143.664,19.233,33.636
343.009,144.352,19.287,33.115
342.945,145.142,19.320,32.648
343.688,147.432,20.679,31.008
343.739,149.666,21.763,29.800
344.393,151.273,22.608,28.858
344.652,152.060,23.252,28.191
344.484,152.407,23.863,27.707
344.460,152.597,24.445,27.267
343.985,152.715,24.949,26.962
343.721,152.766,25.284,26.753
343.936,152.859,25.705,26.448
344.930,153.222,26.133,26.107
345.516,153.976,26.587,25.872
345.988,155.082,26.959,25.680
345.838,156.045,27.210,25.550
348.451,156.786,27.467,25.467
347.948,157.550,27.643,25.547
348.057,157.782,27.595,25.765
347.779,155.981,27.610,25.787
347.412,157.024,27.548,25.913
347.404,157.316,27.494,26.102
347.532,155.039,27.323,26.207
347.576,155.629,27.221,26.358
347.185,153.897,27.231,26.371
346.923,154.669,27.096,26.477
346.688,155.135,26.986,26.570
346.370,155.803,26.860,26.555
346.166,156.243,26.819,26.580
345.944,156.599,26.730,26.567
345.312,157.116,26.653,26.527
345.419,157.515,26.596,26.509
346.119,158.532,26.494,26.523
348.438,158.808,26.446,26.415
348.028,159.503,26.328,26.329
350.101,159.821,26.202,26.248
349.315,159.561,26.086,26.177
348.274,158.914,25.985,26.090
347.280,157.045,25.891,26.034
346.859,156.646,25.832,26.020
345.472,153.965,25.803,26.019
345.719,153.307,25.771,26.028
344.883,151.417,25.676,26.010
345.435,149.416,25.587,25.961
346.373,148.968,25.494,26.003
346.149,146.797,25.408,26.047
346.027,144.877,25.349,26.006
347.098,144.795,25.340,25.978
347.641,143.035,25.390,25.884
347.664,141.258,25.388,25.796
347.785,139.488,25.526,25.646
348.549,139.034,25.608,25.580
349.084,136.403,25.667,25.551
349.747,133.587,25.829,25.477
350.035,133.040,25.841,25.519
350.321,132.676,25.916,25.516
350.714,130.569,26.095,25.401
351.523,131.045,26.262,25.350
351.459,131.955,26.424,25.300
349.154,132.235,26.578,25.269
349.853,132.907,26.678,25.287
350.030,133.656,26.859,25.290
350.074,133.926,27.010,25.336
350.399,134.077,27.073,25.376
350.834,134.312,27.190,25.367
351.240,132.328,27.421,25.303
351.743,132.691,27.587,25.332
351.948,132.680,27.714,25.375
351.663,130.519,27.920,25.351
351.678,130.267,27.959,25.434
351.142,128.414,28.226,25.411
350.970,128.614,28.328,25.456
350.340,126.745,28.467,25.470
349.937,126.768,28.588,25.533
349.678,126.688,28.687,25.602
349.744,126.966,28.787,25.620
349.847,127.732,28.914,25.602
350.419,128.392,29.065,25.535
350.830,129.265,29.196,25.564
351.440,130.335,29.236,25.561
351.356,131.663,29.332,25.523
351.418,132.697,29.368,25.481
351.202,133.401,29.413,25.423
348.669,132.752,29.305,25.503
349.035,131.848,29.133,25.514
348.949,130.967,28.874,25.543
348.085,130.363,28.671,25.521
347.453,127.909,28.630,25.398
346.835,128.488,28.483,25.349
347.361,128.607,28.272,25.350
347.520,128.327,28.053,25.399
347.538,128.259,27.804,25.470
347.784,128.707,27.543,25.457
348.313,129.211,27.330,25.572
350.348,129.862,27.062,25.683
350.110,131.103,26.784,25.755
350.425,132.128,26.575,25.795
350.791,133.420,26.456,25.840
350.462,133.162,26.274,25.911
350.141,130.955,26.135,25.935
349.329,129.018,26.033,25.932
348.026,127.171,25.933,25.937
346.835,125.096,25.817,25.935
345.524,122.382,25.735,25.943
344.489,120.323,25.691,25.899
343.476,118.247,25.687,25.828
342.549,116.265,25.697,25.762
341.737,114.594,25.743,25.629
342.436,114.984,25.711,25.622
342.095,113.124,25.718,25.554
342.231,113.214,25.687,25.559
341.312,113.171,25.679,25.560
337.755,110.432,25.650,25.554
334.169,107.877,25.638,25.548
334.219,106.586,25.587,25.597
334.459,102.982,25.286,25.921
331.569,99.549,24.749,26.532
331.442,96.407,24.266,27.138
356.833,86.757,24.914,26.556
359.718,89.792,25.203,26.250
364.112,92.392,25.432,26.101
370.476,96.841,25.512,25.964
371.222,97.230,25.492,25.981
369.269,96.473,25.516,25.960
368.530,96.336,25.542,25.938
369.494,96.389,25.581,25.907
370.270,96.318,25.644,25.855
370.584,96.517,25.673,25.831
371.490,96.761,25.694,25.814
371.452,96.782,25.712,25.799
371.869,96.688,25.772,25.749
371.877,96.585,25.809,25.718
372.668,96.669,25.839,25.692
373.563,96.789,25.858,25.677
374.385,96.866,25.903,25.641
374.545,96.757,25.921,25.626
375.404,96.540,25.939,25.611
375.746,96.685,25.952,25.600
376.547,96.584,25.976,25.580
376.508,96.372,25.995,25.565
376.591,96.091,26.002,25.559
377.005,95.681,26.005,25.556
376.452,95.628,26.011,25.552
375.747,95.687,26.022,25.542
376.067,95.889,26.036,25.530
376.360,95.906,26.035,25.529
375.702,96.006,26.000,25.568
375.346,95.493,25.984,25.587
375.129,94.856,25.797,25.795
375.817,94.434,25.736,25.863
364.889,98.128,26.358,25.290
368.008,98.206,27.022,24.742
369.498,98.417,27.796,24.100
372.163,101.781,28.503,23.549
372.108,102.018,29.185,23.000
373.358,102.267,29.794,22.529
374.079,105.611,30.559,21.921
375.068,105.737,31.482,21.204
376.311,105.724,32.140,20.712
375.159,102.624,32.853,20.151
375.344,102.612,33.663,19.564
375.007,99.493,34.401,19.029
376.616,99.360,34.987,18.629
377.335,99.251,35.712,18.154
377.190,99.486,36.353,17.693
