51.000,53.000,87.000,290.000
53.571,47.159,90.077,287.435
53.973,44.225,92.846,284.475
55.209,40.364,94.884,282.406
56.731,42.662,96.668,280.543
59.543,43.271,97.536,280.102
61.719,42.140,98.149,279.679
64.126,43.977,98.120,279.323
68.184,39.692,97.923,279.703
71.302,37.328,97.497,279.746
72.471,41.531,97.515,278.466
75.976,38.422,97.323,278.061
78.279,42.558,97.032,276.855
82.767,42.317,97.042,276.011
85.635,42.725,97.073,274.834
88.331,43.885,96.947,273.616
91.262,45.201,96.612,273.105
93.710,44.193,96.519,272.892
97.549,46.981,96.421,272.735
99.200,48.918,96.404,272.374
102.359,43.204,96.789,272.296
106.310,48.812,97.231,270.155
109.200,47.441,97.618,268.932
110.659,50.506,97.500,268.374
111.684,53.780,98.247,266.628
114.750,55.008,98.677,265.527
117.639,59.096,99.412,264.274
118.451,61.254,100.041,263.330
119.946,61.595,100.681,262.783
123.274,60.193,101.284,263.135
124.568,53.696,101.804,263.406
125.915,56.675,102.682,261.768
128.564,60.951,103.070,260.982
133.185,60.682,102.789,262.099
134.267,55.713,102.581,263.014
135.123,54.154,103.188,262.001
136.515,53.658,104.279,260.338
138.488,51.725,104.642,259.596
138.624,57.973,108.039,253.084
141.194,56.499,110.282,249.305
143.592,60.855,110.909,246.708
146.632,59.439,111.421,245.184
148.732,68.041,110.557,243.444
151.099,61.779,109.739,243.810
149.394,71.174,111.049,240.720
151.630,68.537,109.986,239.272
155.126,70.819,108.578,238.251
160.273,80.928,103.213,245.601
162.487,80.609,99.750,249.977
163.902,80.183,97.493,252.936
167.231,79.657,95.161,256.126
170.001,74.180,93.023,259.636
173.366,76.012,92.167,260.460
176.889,70.581,91.943,261.080
177.037,73.080,91.230,261.210
180.033,71.898,91.293,261.412
180.490,76.437,92.026,259.960
183.676,74.982,91.482,260.549
185.623,78.159,91.327,259.832
186.530,80.299,90.799,258.536
189.889,80.454,90.540,257.019
191.665,81.420,89.944,256.026
194.104,78.032,88.705,256.768
197.360,79.084,88.778,254.926
197.633,80.143,88.218,253.931
200.281,80.409,87.705,252.669
200.383,81.165,86.854,251.976
203.030,75.607,86.309,251.361
204.584,76.348,85.827,250.633
206.360,76.055,85.453,250.031
208.774,73.408,84.884,249.720
210.321,72.679,84.279,249.043
211.386,73.985,83.740,248.527
212.855,71.329,83.862,247.026
215.323,73.100,83.564,245.261
218.079,77.144,83.354,243.408
218.834,77.191,83.136,242.375
219.935,79.459,82.719,241.001
222.333,80.313,82.200,239.904
222.849,79.924,81.751,238.968
224.161,79.211,81.510,237.691
225.396,81.851,81.253,236.112
226.434,80.772,80.883,234.454
227.797,83.197,80.982,232.061
228.985,85.340,81.100,229.292
230.009,88.611,80.917,227.105
230.554,91.707,82.950,221.486
231.245,93.459,84.123,217.179
232.003,94.135,83.216,216.160
233.743,94.470,82.290,215.322
235.804,94.235,81.369,214.536
237.038,97.088,80.582,214.539
238.360,94.227,79.825,214.077
240.591,91.473,78.889,213.899
241.551,87.938,77.947,214.237
243.010,97.947,77.429,214.190
243.108,94.505,76.859,214.348
243.900,92.461,76.461,213.937
245.331,90.730,76.310,213.337
247.061,88.825,75.992,213.214
249.511,89.694,75.582,213.187
252.279,88.690,75.424,212.579
254.184,90.413,74.934,212.102
256.280,89.911,74.465,211.407
257.915,90.847,74.374,210.162
258.911,90.909,74.261,209.451
260.352,92.369,74.035,208.914
260.231,101.720,73.519,209.318
261.983,97.898,73.086,209.543
262.368,96.864,72.596,209.836
263.363,97.612,72.308,209.569
263.973,103.123,71.957,210.049
265.128,100.370,71.859,209.368
267.160,98.086,71.400,209.469
267.555,94.399,71.308,208.787
267.370,94.327,71.438,207.725
266.973,95.518,71.309,207.002
267.183,95.852,71.028,206.498
268.523,95.123,70.616,206.313
270.423,92.261,70.282,206.158
270.684,88.651,70.123,205.795
271.702,85.520,69.950,205.455
271.283,87.383,69.900,204.770
271.869,87.577,69.802,204.340
273.053,96.638,69.523,204.259
273.276,104.588,69.218,204.127
273.645,96.143,68.842,204.315
273.028,91.198,68.872,203.677
272.997,96.470,68.870,203.586
272.312,93.178,68.768,202.903
271.135,90.755,68.670,202.617
270.051,88.140,68.444,202.284
269.203,94.475,68.542,201.395
268.016,91.219,68.364,200.655
266.584,94.440,68.025,199.794
266.463,94.062,67.785,198.732
266.355,93.792,67.374,198.095
267.200,90.469,66.968,197.819
268.788,89.322,66.794,197.080
269.774,88.291,66.686,196.444
270.235,87.855,66.681,195.695
271.792,85.812,66.718,194.761
272.695,85.929,66.664,194.044
273.491,85.995,66.764,192.968
274.928,85.839,66.806,191.985
276.561,84.767,66.752,191.347
278.068,84.352,66.551,190.965
279.370,75.597,68.092,187.774
279.855,88.138,67.365,187.982
282.331,86.898,68.824,185.284
283.080,98.976,70.338,182.297
283.415,95.034,69.311,182.678
284.511,103.331,70.915,179.435
286.066,95.100,69.599,180.076
286.935,101.685,70.982,176.977
287.086,96.854,69.527,177.828
288.392,104.873,71.120,174.261
289.124,100.937,69.565,175.599
289.648,99.123,68.549,176.385
290.514,106.862,69.924,173.847
290.630,102.241,70.926,171.245
291.772,99.163,71.596,169.431
291.655,85.078,70.358,170.750
292.657,85.900,69.194,171.677
294.428,100.033,67.726,172.989
296.321,98.966,66.312,173.840
297.909,98.894,65.095,174.532
299.665,99.192,63.934,174.773
299.111,83.743,63.670,174.868
299.270,92.209,63.079,174.817
300.591,97.056,62.529,174.608
301.650,88.961,61.973,174.854
303.725,92.923,61.386,174.593
305.355,96.780,60.806,174.095
304.583,94.958,61.036,172.937
306.324,96.483,60.489,172.672
306.816,93.988,60.441,172.107
308.560,98.273,59.911,171.487
307.604,96.912,59.938,170.113
307.949,93.686,59.670,169.641
309.161,93.111,59.314,170.324
309.967,91.464,58.950,170.269
310.433,88.335,58.523,170.775
311.095,84.567,58.497,170.454
311.736,83.543,58.796,169.736
312.499,81.348,58.652,169.512
312.735,79.409,58.577,169.634
312.602,80.306,58.782,169.622
313.441,78.226,58.832,169.503
314.204,88.784,58.909,168.804
314.954,87.381,59.275,168.182
316.109,85.380,59.350,168.409
317.134,82.928,58.900,168.879
319.033,82.963,58.699,168.702
318.832,85.553,58.529,168.202
318.360,85.163,58.465,167.656
319.199,84.835,58.253,167.298
320.028,85.775,58.141,166.735
320.895,87.163,57.976,166.299
321.276,86.713,57.774,166.386
322.706,83.208,57.208,167.013
322.366,86.443,57.154,166.567
322.761,89.327,57.068,165.897
323.698,91.143,57.173,165.338
323.972,89.667,56.632,165.940
323.669,88.959,56.634,165.898
324.702,88.052,56.442,166.235
325.574,87.748,56.738,165.922
326.462,87.442,56.789,165.420
327.079,90.079,56.579,164.882
326.479,91.435,56.623,164.353
326.958,89.977,56.450,164.134
327.118,91.032,56.330,163.639
327.393,91.063,56.061,162.669
327.691,91.834,55.781,161.774
327.906,91.390,55.304,161.119
328.514,88.253,54.925,160.397
329.914,88.725,54.566,159.742
329.532,89.649,54.251,159.234
330.972,91.821,54.068,158.379
330.999,90.365,53.657,158.224
331.019,91.148,53.162,158.188
332.243,90.301,52.827,158.095
331.767,91.442,52.637,157.066
332.598,92.723,52.449,156.437
332.231,94.442,52.232,155.126
332.756,94.418,51.974,154.200
334.081,94.860,51.670,153.421
334.111,93.856,51.460,152.817
333.620,91.372,51.173,151.903
333.523,93.118,50.887,151.094
334.827,93.910,50.701,150.411
333.666,94.865,50.400,149.585
334.249,96.527,50.034,148.270
334.352,95.397,49.863,146.790
334.688,93.895,48.947,146.702
335.262,93.860,48.665,145.334
335.825,95.167,48.143,144.560
334.890,96.093,47.996,143.438
334.903,96.483,48.082,142.233
335.043,95.033,48.029,141.549
335.289,94.935,47.944,140.595
335.463,93.752,47.781,139.823
336.875,94.023,47.584,138.884
337.817,93.069,47.474,137.994
338.424,97.201,47.514,136.773
337.815,98.249,47.317,136.225
337.811,98.119,47.409,134.550
338.195,101.111,47.429,133.528
337.861,102.568,47.374,132.765
337.468,104.838,46.882,132.652
336.646,104.927,46.565,131.851
336.661,103.357,46.032,131.520
336.995,103.872,45.599,131.385
337.939,101.650,45.037,131.460
336.635,103.970,44.546,131.066
337.116,106.223,44.135,130.330
337.181,106.573,43.872,129.066
337.290,107.626,43.480,128.343
337.343,106.528,43.479,127.096
337.242,106.525,43.216,126.587
337.079,106.040,43.107,125.792
337.037,105.424,43.096,124.388
337.622,106.374,43.265,122.736
337.204,105.723,43.082,122.010
337.457,104.092,43.051,121.132
338.033,102.797,43.073,120.526
338.939,105.121,42.989,119.906
338.458,106.991,42.766,119.064
338.464,105.363,42.602,118.209
339.123,106.830,42.601,117.401
338.801,106.677,42.321,117.172
339.568,107.403,42.111,116.771
339.335,105.744,41.831,116.407
340.092,105.576,41.561,116.308
340.471,106.095,41.320,116.433
340.449,106.740,41.333,116.395
340.313,106.986,41.396,115.487
340.760,106.682,41.608,114.587
340.809,107.316,41.472,114.333
340.539,107.090,41.430,113.783
340.416,107.562,41.388,113.211
340.875,107.180,41.558,112.541
340.648,107.887,41.435,112.071
341.417,107.616,41.382,111.384
340.666,107.496,41.016,111.199
341.266,108.699,40.869,110.813
340.579,108.070,40.585,110.447
341.962,108.432,40.483,109.954
341.447,108.341,40.286,109.919
342.299,108.171,39.953,109.789
342.711,108.917,39.775,109.612
342.468,109.005,39.796,109.122
343.034,109.833,39.807,108.911
342.621,111.912,39.767,108.525
342.286,113.156,39.863,107.806
342.012,114.836,39.762,107.172
342.824,113.721,39.907,106.365
342.397,114.576,39.816,105.767
341.992,107.777,39.764,105.439
342.487,109.846,39.448,105.195
342.435,112.657,39.313,104.014
342.897,113.807,39.150,103.539
342.604,114.201,39.016,102.984
343.698,112.728,38.904,102.369
343.251,112.443,38.767,101.956
343.252,113.667,38.612,101.442
342.601,113.643,38.474,100.959
343.153,114.382,38.535,100.436
343.445,113.701,38.322,99.785
342.963,114.094,38.291,99.189
342.559,114.095,38.068,98.752
342.312,113.934,37.860,98.182
342.300,114.549,38.974,95.733
341.848,115.033,38.477,95.795
342.027,114.110,38.124,95.479
342.490,113.481,37.750,95.296
342.944,113.069,37.008,96.029
343.063,113.584,36.420,96.452
343.140,112.553,36.281,96.075
343.346,113.007,35.822,96.457
343.339,113.742,35.430,96.724
342.922,113.335,35.395,96.088
342.778,113.819,35.031,96.053
342.635,113.658,35.056,95.467
342.591,113.935,34.666,95.507
342.538,113.709,34.541,95.029
343.148,114.277,34.246,95.003
343.210,114.142,34.129,94.603
343.226,114.398,33.782,94.702
342.875,114.589,33.716,94.326
342.787,114.723,33.624,93.902
343.554,114.407,33.400,93.792
343.513,115.197,33.484,93.169
343.861,116.760,33.288,92.955
343.896,117.540,33.079,92.619
343.760,118.282,32.963,92.326
343.962,117.769,33.020,91.937
343.715,117.807,33.016,91.428
343.444,117.537,33.006,91.022
343.571,117.931,33.049,90.625
343.828,117.699,33.079,90.320
343.739,117.647,33.195,89.861
343.627,117.731,33.271,89.529
343.926,118.020,33.396,89.224
344.257,116.350,33.503,89.026
344.619,116.001,33.488,88.932
344.431,116.628,33.547,88.657
344.391,116.960,33.607,88.449
344.204,117.267,33.610,87.934
345.326,117.389,33.268,88.043
