163.000,44.000,47.000,164.000
159.840,43.045,50.498,160.390
158.421,46.698,52.853,157.258
157.830,47.341,53.604,156.952
157.319,47.393,54.216,156.403
157.649,45.608,53.447,158.932
157.974,41.986,52.150,162.751
157.801,47.921,51.559,163.485
158.772,45.106,50.389,166.463
159.991,49.489,50.024,166.472
160.049,47.253,49.286,168.448
159.811,44.500,49.134,169.517
160.186,41.409,48.949,171.091
159.070,24.417,48.543,173.337
156.848,15.265,48.324,175.057
156.742,14.401,48.874,175.441
156.675,17.718,49.233,175.979
157.344,23.475,50.463,174.626
157.783,22.938,51.178,174.923
157.173,34.736,52.915,171.622
156.616,43.422,54.903,167.394
157.035,44.386,55.698,164.379
156.863,45.110,56.807,161.596
157.873,47.472,57.771,158.869
157.277,51.365,58.336,157.698
157.706,54.864,58.556,156.299
156.846,57.547,58.380,155.883
146.482,59.528,56.491,157.191
145.137,61.399,56.764,156.709
141.187,62.307,58.709,154.724
135.615,59.596,60.688,152.293
131.112,63.817,65.908,145.851
128.879,69.622,71.801,140.033
125.721,74.930,77.958,134.581
123.478,95.938,84.079,127.235
119.354,97.020,89.743,120.916
115.974,99.103,93.588,116.675
111.890,99.056,96.357,113.538
107.663,97.778,98.002,111.742
111.748,92.551,97.737,112.301
118.725,73.790,92.244,118.718
127.165,64.604,84.693,126.181
132.799,60.529,77.742,132.750
136.406,59.079,73.160,135.894
140.628,61.772,69.084,137.567
142.422,62.089,65.974,139.340
142.204,62.780,63.333,141.289
141.510,65.532,61.448,144.405
139.749,64.134,60.988,145.899
140.168,68.138,61.585,145.933
141.028,70.499,62.939,145.844
141.591,72.453,64.105,145.945
139.880,72.528,64.950,146.482
137.598,76.453,65.698,146.195
138.067,76.241,66.803,146.768
136.235,77.259,67.164,147.263
132.392,75.611,67.580,147.724
127.954,75.379,68.054,147.337
123.376,73.549,68.440,147.727
118.746,72.970,68.704,148.518
113.661,74.865,68.704,149.641
106.992,75.713,68.980,150.233
103.362,73.784,69.168,152.065
99.899,74.114,69.532,153.993
96.165,73.249,70.105,155.821
92.350,72.927,71.349,156.955
92.206,74.672,71.809,158.252
92.016,73.558,72.769,158.344
91.509,75.386,73.475,158.347
89.780,78.334,73.540,158.033
89.956,80.594,73.634,156.957
92.839,74.292,73.491,156.407
92.619,73.530,72.980,155.965
95.581,74.118,72.264,155.432
97.045,73.855,71.931,154.425
98.256,67.603,71.918,154.091
100.218,64.233,71.526,152.848
104.010,59.051,70.226,151.954
106.865,60.453,69.108,150.486
107.771,62.046,68.153,148.886
108.224,60.061,67.454,147.061
109.386,63.988,66.293,145.971
109.592,65.046,65.725,144.674
112.568,65.506,64.503,144.858
116.079,66.988,63.646,144.242
118.337,65.379,62.529,143.957
118.847,66.978,61.851,142.950
122.376,67.966,61.238,141.665
124.728,64.881,60.244,140.493
126.887,67.384,59.879,138.369
128.615,68.315,59.509,136.660
130.193,73.955,58.484,135.622
131.718,72.339,58.138,133.941
130.897,78.909,57.768,132.118
131.463,82.749,57.035,130.848
130.916,93.506,56.547,130.011
131.614,92.357,57.097,128.751
132.127,98.176,57.789,127.596
131.972,98.681,59.074,125.921
132.095,100.525,61.585,123.113
132.162,100.705,63.981,120.459
132.623,101.466,65.665,118.700
133.250,102.318,66.762,117.655
135.208,104.062,67.159,117.317
139.910,103.680,66.013,118.266
147.427,98.565,64.108,120.288
154.001,94.198,62.172,122.944
157.674,91.387,59.415,126.192
158.138,88.141,55.634,130.609
156.638,80.262,52.235,134.113
156.097,78.752,50.148,135.807
156.253,80.958,49.131,135.037
156.288,82.647,49.185,133.959
156.368,88.642,49.643,132.533
158.014,91.968,50.035,131.573
158.887,94.274,50.802,130.080
159.215,94.166,51.786,128.178
156.255,96.214,52.374,126.217
154.514,96.192,53.466,124.735
151.886,94.945,53.950,123.767
148.608,93.018,54.129,122.860
145.496,89.756,53.343,122.943
144.939,85.056,52.741,122.762
141.993,83.506,51.838,123.850
138.711,83.242,49.974,126.824
138.969,80.303,47.834,130.214
139.341,81.500,46.786,132.267
138.862,83.338,47.337,133.140
138.225,87.714,48.186,133.312
139.847,89.692,49.785,132.968
140.511,90.492,49.848,133.709
141.982,88.988,49.011,135.491
142.503,85.671,48.394,137.017
145.880,81.224,48.112,138.267
146.737,81.239,48.713,138.734
147.416,83.022,50.698,137.600
147.131,81.800,52.369,137.329
147.766,82.352,55.006,135.785
147.345,82.055,57.988,134.294
145.500,78.606,60.254,133.164
144.174,85.852,64.883,129.155
142.857,86.713,67.472,126.378
142.157,90.296,67.468,124.869
136.292,91.832,66.205,123.476
118.438,93.558,66.328,122.140
112.825,88.184,65.179,123.419
106.997,81.749,63.679,125.722
100.915,77.081,61.923,129.117
96.796,77.193,58.969,134.112
96.905,71.085,56.314,139.168
98.293,74.071,53.905,143.191
98.284,76.634,52.184,147.161
100.369,77.442,51.517,149.202
101.945,82.441,50.975,150.632
104.011,85.485,51.488,150.535
105.674,90.720,51.967,150.370
107.912,88.973,53.043,148.795
109.914,93.894,53.733,147.071
111.854,92.034,54.241,146.025
114.313,94.247,54.567,144.388
117.373,90.649,55.145,142.179
121.387,91.208,56.188,138.758
123.532,86.614,56.539,136.726
124.503,89.995,56.627,134.658
124.935,86.341,56.555,133.111
124.140,83.480,56.455,131.849
120.807,81.139,56.123,130.909
118.620,82.944,55.374,129.663
119.319,85.101,54.398,128.960
116.747,84.728,55.971,125.012
110.898,85.308,57.555,120.945
107.611,88.763,57.497,119.228
105.738,94.218,57.329,117.729
101.759,96.748,56.867,116.716
100.225,98.470,57.131,115.680
97.419,97.625,57.447,114.423
97.061,101.597,57.637,113.177
96.745,102.181,57.353,111.998
97.270,106.112,56.748,111.193
98.239,106.628,56.114,110.779
100.155,105.532,55.494,110.202
99.984,102.392,55.241,109.949
100.897,103.394,54.233,111.104
99.196,98.510,53.213,112.282
99.904,97.440,50.888,115.014
99.013,92.822,49.528,116.775
99.084,94.896,48.617,118.441
98.072,89.340,47.964,119.273
95.051,83.713,47.402,121.020
92.058,84.011,47.436,122.097
83.807,89.268,46.780,123.088
80.733,82.832,46.928,123.919
77.686,82.068,47.629,123.697
67.535,86.831,48.597,123.673
65.110,82.019,49.392,123.838
63.682,81.461,50.685,123.803
63.258,80.966,50.859,124.302
65.697,81.792,51.597,122.766
68.984,79.522,51.909,121.544
70.388,82.738,52.306,120.609
69.611,85.414,55.254,117.191
70.848,89.497,56.909,115.142
70.926,89.244,58.207,113.439
70.990,92.555,59.850,111.557
70.199,95.171,60.949,110.146
68.790,95.348,62.026,109.033
67.035,93.068,62.789,107.872
67.584,93.670,62.254,107.750
69.364,91.970,61.588,108.444
81.232,94.006,60.375,108.920
81.885,88.744,59.774,109.581
93.546,85.445,58.623,110.414
94.210,85.529,56.966,112.029
96.021,84.641,55.549,112.847
106.649,94.895,54.686,112.640
105.543,104.271,53.513,112.140
106.657,104.582,52.523,111.540
106.613,103.484,51.065,111.565
106.647,101.574,48.501,112.806
107.993,98.429,46.486,114.659
108.191,95.755,45.047,115.818
106.840,105.992,45.669,113.791
106.589,102.289,44.395,114.876
105.339,98.385,43.286,116.138
104.860,96.923,42.308,118.308
105.388,96.635,41.663,119.809
106.501,96.062,41.174,121.113
113.966,96.916,41.666,121.157
115.166,99.161,42.075,120.895
117.572,100.940,43.032,120.057
118.991,100.266,44.385,118.475
119.102,101.219,45.962,117.090
121.799,102.262,46.901,116.762
123.601,108.438,48.670,114.547
125.454,113.704,50.948,111.746
125.810,112.629,52.947,110.017
126.529,112.996,54.226,108.891
126.309,114.449,55.383,107.832
127.077,113.218,55.361,107.852
127.978,109.903,55.007,108.352
130.585,109.342,54.218,109.314
139.647,109.204,54.480,109.920
140.927,107.434,52.335,112.618
152.126,113.607,53.256,111.196
152.654,111.361,53.721,110.783
152.189,112.133,53.795,110.674
152.821,110.558,54.083,109.926
150.044,109.652,53.484,109.368
147.618,104.981,54.180,109.403
136.678,112.090,54.339,109.803
136.336,124.573,58.435,105.865
135.559,135.767,64.409,100.050
124.046,137.377,67.327,97.274
123.221,136.975,69.642,95.050
122.580,135.183,71.748,93.061
121.675,133.825,73.462,91.370
123.870,128.827,73.482,91.555
134.046,118.235,69.160,95.887
138.005,112.593,64.499,99.783
152.437,101.556,59.367,104.881
154.763,90.780,55.288,109.506
165.340,95.358,54.989,109.553
163.199,91.853,54.694,109.535
154.184,86.962,52.395,111.671
174.084,110.571,57.600,105.493
174.194,111.688,60.978,101.388
170.938,120.711,65.126,95.751
167.804,123.115,67.121,92.382
164.861,124.011,68.915,89.613
162.858,123.423,70.284,87.360
152.294,122.819,70.169,86.786
145.458,114.580,66.207,89.781
124.753,110.091,62.549,93.189
114.389,110.770,57.597,97.646
113.227,107.507,53.654,101.411
112.361,114.859,52.701,100.934
103.389,115.363,51.020,102.323
103.392,116.146,50.536,103.453
102.372,117.363,50.763,103.525
103.135,114.919,51.021,103.606
105.852,112.193,50.150,105.139
113.917,112.012,50.015,104.764
114.643,109.871,47.877,107.970
117.798,110.432,45.488,111.004
120.189,109.154,43.380,114.530
121.271,107.161,42.026,116.582
121.606,106.216,41.199,118.018
122.761,103.330,41.116,118.517
123.113,108.280,41.523,119.273
133.318,118.819,41.289,119.457
135.127,127.864,40.936,118.759
137.393,127.910,40.496,117.948
139.010,127.342,39.847,117.355
140.153,127.311,39.442,116.387
139.755,127.390,39.526,114.679
136.444,129.603,41.217,111.623
124.417,130.929,43.534,108.355
114.939,131.715,45.781,105.946
115.282,130.165,46.533,105.576
116.637,131.854,46.896,105.059
116.384,134.439,47.066,104.407
116.033,133.631,46.998,104.293
115.834,136.044,47.375,103.910
116.160,135.701,47.836,104.011
116.221,134.969,48.499,103.936
109.196,139.240,48.728,103.929
118.256,131.457,48.927,104.886
127.635,124.909,46.877,108.760
127.884,124.887,47.198,109.698
127.024,122.498,46.026,111.453
127.662,119.270,44.962,113.034
129.490,116.280,44.568,114.198
131.197,117.851,44.429,114.115
133.235,115.317,44.012,114.419
133.991,118.922,44.152,113.511
133.592,120.707,43.826,113.173
132.315,119.379,43.456,112.765
130.774,120.779,43.337,112.754
130.104,120.897,43.220,112.560
129.050,118.549,43.017,112.958
128.131,119.862,42.611,114.494
127.376,120.181,42.358,114.968
129.822,123.417,41.727,116.201
131.837,125.109,41.282,118.271
132.568,123.415,40.902,119.465
134.172,126.035,40.818,121.051
135.637,126.077,41.259,121.862
143.855,127.177,41.710,122.408
144.288,129.119,42.329,122.962
142.979,130.652,43.169,122.346
140.322,131.850,43.777,121.753
137.435,128.444,44.225,121.756
134.041,124.711,44.499,121.753
130.435,117.137,44.242,122.282
126.818,111.656,43.709,123.291
117.806,116.256,43.383,122.733
118.743,112.304,43.036,122.653
115.744,109.101,42.642,122.649
107.904,109.495,42.067,122.807
106.722,104.373,42.381,121.978
106.258,102.185,42.980,122.143
106.340,104.587,43.644,122.038
107.334,107.552,43.660,121.512
109.660,108.912,42.740,121.178
111.285,108.187,42.036,120.646
111.488,108.862,41.593,120.202
110.821,107.113,41.646,118.876
110.488,104.205,41.847,117.369
109.765,101.787,42.271,115.660
109.894,100.676,42.596,114.725
109.532,100.615,42.852,114.013
108.829,99.868,43.125,113.533
109.842,102.087,44.848,111.439
111.054,102.377,46.056,109.882
112.646,103.345,46.931,108.641
114.714,103.438,47.480,107.848
116.531,106.337,47.893,107.439
117.703,107.420,48.213,106.943
118.959,109.143,48.552,106.548
128.886,107.746,48.685,107.325
130.456,107.065,48.720,108.064
132.416,108.213,49.121,108.184
133.960,110.374,49.354,108.427
133.783,113.466,50.211,106.938
135.359,112.898,50.333,107.114
144.328,107.308,49.685,108.382
146.208,106.331,49.492,109.400
148.091,104.648,49.650,110.183
149.921,104.734,49.620,111.202
151.367,102.960,50.009,111.404
152.598,104.404,50.763,111.104
153.217,103.892,51.158,110.816
153.871,103.884,51.590,110.422
141.671,108.487,48.448,115.598
140.558,106.993,46.441,119.482
137.744,101.953,45.600,121.727
130.718,104.264,45.541,122.370
128.089,102.353,45.676,123.331
124.965,103.242,45.759,123.193
123.960,107.512,45.848,123.529
121.289,110.949,47.170,122.652
118.192,109.207,48.836,121.531
118.239,108.744,49.392,120.581
117.478,110.304,49.816,119.176
117.165,111.131,49.950,118.084
116.867,112.468,50.022,117.001
117.768,116.932,50.371,114.442
120.652,117.208,50.580,112.262
129.576,115.268,52.695,107.927
133.372,117.090,53.187,105.609
137.096,118.110,52.364,104.697
140.451,117.880,51.804,103.876
144.074,116.586,50.633,103.616
152.682,111.633,48.344,105.572
161.936,108.719,45.917,108.403
171.217,102.125,46.399,106.959
173.214,101.243,44.626,108.957
174.442,102.741,43.881,109.666
176.363,104.479,43.624,110.175
184.879,103.711,41.566,112.623
187.952,102.037,40.061,116.059
191.017,103.997,39.378,119.096
194.414,101.336,40.033,120.434
196.272,100.640,40.464,121.569
197.695,102.575,41.527,121.566
198.738,104.632,42.571,121.427
198.244,108.081,43.785,121.940
198.300,113.478,44.538,121.654
207.817,117.058,43.987,120.767
208.771,118.366,46.225,116.702
209.327,116.516,48.555,112.463
209.381,115.519,49.794,110.123
210.004,115.375,49.869,109.027
211.993,116.702,50.386,108.610
212.550,118.531,48.479,111.400
213.835,113.276,45.823,113.962
213.618,115.046,44.182,114.383
213.887,115.014,42.775,114.324
212.433,112.993,41.923,113.117
209.323,98.234,42.117,112.162
208.295,97.708,43.721,108.823
205.384,81.468,42.864,106.965
204.298,83.414,41.950,105.630
203.100,83.323,41.110,104.376
201.148,78.909,40.256,103.159
201.900,83.095,39.586,102.522
201.256,82.059,38.898,102.152
201.500,83.399,38.595,101.967
199.835,84.134,38.176,101.350
198.847,83.114,37.529,101.670
191.167,77.334,37.009,101.558
190.158,86.901,36.315,102.396
181.803,78.186,36.257,101.470
174.791,77.498,36.266,99.912
171.352,88.248,39.534,95.515
