302.000,135.000,67.000,81.000
298.144,139.510,67.032,81.426
294.012,143.162,67.956,81.829
294.699,142.450,69.084,82.673
297.217,146.580,69.312,83.439
299.190,149.493,69.748,83.746
305.111,146.701,70.281,84.388
307.496,152.277,70.261,85.094
307.925,148.721,70.508,86.405
304.965,150.697,71.434,86.905
306.276,148.301,72.460,88.425
309.120,146.381,73.763,89.804
314.420,144.000,75.184,91.588
319.088,136.633,77.106,93.084
326.253,127.513,78.019,93.539
329.898,127.669,77.580,93.413
331.703,124.500,77.640,93.712
329.164,130.660,78.275,93.277
332.438,127.010,78.816,94.065
334.484,121.921,79.845,94.263
337.157,115.537,81.654,94.194
342.403,108.372,83.062,94.046
346.935,106.586,83.310,93.959
351.437,109.836,84.675,92.580
354.863,117.352,85.636,91.724
363.026,126.086,85.498,91.367
373.403,124.327,84.856,91.425
369.062,122.478,84.396,92.362
364.710,113.487,83.884,93.109
350.967,99.636,84.146,93.773
343.472,91.724,83.599,95.630
335.024,85.861,82.341,98.040
335.519,80.067,82.178,98.689
332.316,85.270,82.558,97.667
332.130,93.586,84.359,96.007
334.989,98.615,84.939,95.765
346.828,112.952,85.982,95.793
364.380,128.569,86.364,95.621
365.787,127.210,86.414,96.712
366.805,118.023,86.345,98.345
361.044,105.052,86.179,98.470
358.200,95.466,86.536,98.289
356.111,89.250,85.684,100.425
356.109,90.908,85.948,101.187
353.797,89.419,86.738,101.358
357.122,98.408,87.660,101.394
361.930,110.691,87.857,101.280
365.518,121.962,88.025,100.780
369.664,132.811,88.400,99.751
369.130,138.754,89.131,98.794
370.693,148.870,87.867,101.297
364.268,134.410,87.273,101.735
358.846,119.373,86.900,101.301
359.382,112.888,85.908,102.486
354.344,111.333,86.759,102.382
351.056,114.649,88.715,101.188
348.182,125.588,88.582,102.012
348.408,145.392,86.929,103.299
351.252,165.209,85.848,104.696
351.040,175.619,86.411,104.656
338.588,176.505,86.123,105.353
328.679,158.310,86.399,104.124
318.839,141.685,87.155,102.868
309.437,127.456,86.311,101.866
305.387,122.585,85.375,99.891
298.548,124.768,84.375,97.344
296.712,127.065,83.147,96.321
296.512,134.312,81.496,96.211
289.221,143.869,82.308,95.606
297.755,160.561,79.637,97.778
297.611,159.173,76.797,100.866
298.279,186.212,77.497,100.057
291.255,185.803,77.413,100.300
284.739,169.250,76.978,100.805
275.264,154.489,77.191,99.216
267.313,143.792,77.402,97.534
262.390,138.827,77.367,95.822
259.147,134.910,76.698,94.336
255.463,132.510,75.908,93.281
255.266,134.120,75.072,92.401
253.626,145.550,74.401,92.341
253.897,156.208,72.932,93.234
253.578,178.564,72.717,92.684
250.652,189.548,73.302,92.717
249.283,192.007,73.056,93.256
246.661,186.725,72.897,93.434
244.634,175.060,72.877,92.744
239.510,175.432,72.635,91.438
241.123,180.215,73.168,90.222
239.268,186.208,73.893,89.122
236.642,192.951,74.204,88.629
232.924,201.298,74.313,88.260
228.799,199.399,74.294,88.079
219.502,187.827,74.350,87.805
299.788,171.420,76.838,85.216
303.870,172.797,78.772,82.654
302.823,175.839,80.220,81.129
301.525,178.037,81.087,80.174
299.203,189.892,82.105,79.838
299.482,197.996,82.019,79.743
306.821,184.432,82.952,79.508
317.086,162.269,82.313,80.174
306.894,160.418,81.682,80.920
305.691,158.357,81.481,81.100
301.702,154.896,81.445,81.120
298.632,165.990,81.343,81.221
308.747,173.889,80.909,81.694
350.472,224.259,80.884,83.193
343.203,223.852,80.904,83.501
341.544,219.961,80.943,83.594
330.245,205.883,81.037,83.758
326.931,182.198,81.091,83.995
324.163,179.520,81.088,84.350
325.043,185.870,80.937,85.476
314.684,182.811,80.729,85.626
311.513,180.969,80.669,85.656
321.425,191.636,80.803,86.016
320.353,188.969,80.847,85.985
309.879,197.418,80.152,87.326
305.811,195.867,80.126,87.392
303.416,193.860,80.131,87.401
300.889,193.344,80.129,87.404
300.869,189.028,79.896,87.628
300.959,190.341,79.853,87.665
333.513,186.800,79.975,87.890
335.723,183.120,79.979,87.907
337.198,156.083,79.918,88.078
251.278,140.506,80.038,89.242
247.618,135.867,79.786,89.194
248.685,134.530,79.794,89.178
247.402,129.633,79.795,89.177
267.984,138.774,79.593,89.341
265.499,141.911,79.096,89.225
262.047,149.492,79.511,88.822
260.338,153.125,80.108,88.263
258.812,153.139,81.311,87.987
258.968,153.801,82.205,87.778
264.912,154.362,82.080,87.245
265.373,143.848,81.503,88.003
265.347,140.454,81.387,88.461
264.395,151.294,81.179,87.608
262.775,147.394,79.929,88.787
262.870,147.534,80.011,88.876
264.423,155.374,79.649,88.637
261.618,153.730,78.592,90.185
257.689,151.911,78.577,91.225
244.718,141.461,80.315,91.328
247.583,137.038,80.102,92.145
247.124,134.747,80.599,90.759
233.862,134.239,80.055,90.694
221.132,143.661,81.646,89.537
220.151,144.103,82.551,89.459
217.925,141.142,81.362,90.435
207.184,150.058,81.531,90.510
204.906,149.080,81.502,90.652
204.971,146.679,81.006,90.873
206.120,144.671,81.196,90.774
204.558,139.978,81.019,91.235
196.301,138.133,80.662,91.646
201.189,140.416,81.114,91.239
188.400,149.475,81.941,91.696
203.259,144.291,81.710,92.968
205.874,145.528,81.495,93.862
206.940,154.610,81.485,94.378
219.531,154.643,81.701,94.243
222.108,164.954,81.774,94.079
223.687,160.148,81.907,94.005
248.982,157.569,82.011,94.068
257.004,156.169,82.242,93.202
259.062,165.109,83.024,92.662
270.162,165.758,82.488,92.141
275.033,168.618,82.223,90.975
275.656,178.490,81.899,91.131
277.429,179.548,82.114,90.652
280.110,185.596,81.750,92.290
280.750,181.277,82.289,92.444
283.395,179.293,82.322,92.413
282.908,176.566,82.482,92.347
286.132,183.613,82.594,92.459
301.332,185.288,82.653,92.204
303.668,183.780,82.850,91.687
306.364,181.816,82.900,91.623
306.994,179.581,83.401,91.289
320.468,175.427,83.794,90.914
323.592,169.514,83.829,90.886
334.134,171.769,84.995,88.732
335.693,171.503,85.215,87.992
336.572,180.330,85.365,87.913
336.882,181.867,85.570,87.806
337.427,178.908,85.767,87.724
338.809,180.209,85.840,87.672
338.249,167.510,85.405,88.161
337.782,163.228,84.248,89.867
336.239,162.183,83.767,90.629
332.357,158.612,83.186,90.711
332.868,165.251,82.495,91.385
320.939,174.101,82.621,91.721
319.961,193.390,83.110,92.180
331.649,200.374,83.123,92.541
332.692,197.330,82.923,93.345
331.371,182.454,82.837,94.450
329.061,167.925,83.009,94.642
327.517,153.635,83.018,93.951
326.166,150.879,83.738,93.172
321.236,148.985,83.834,93.375
319.393,160.081,84.028,93.258
317.846,170.098,83.446,94.003
316.142,179.787,83.856,94.209
313.684,188.621,83.549,95.139
304.288,174.736,83.176,95.586
294.622,162.797,82.343,95.961
292.045,151.967,81.849,95.396
291.726,160.425,81.416,94.608
290.558,156.861,80.571,93.985
287.891,162.572,79.614,93.558
288.078,152.329,79.267,93.259
285.047,171.177,78.721,93.269
282.802,190.816,78.135,93.190
283.069,191.196,77.505,92.999
290.420,189.734,77.360,92.827
287.211,187.187,77.004,92.779
287.377,174.164,77.220,91.971
288.454,171.372,77.572,90.590
286.860,170.089,77.521,89.623
288.031,177.401,77.130,89.023
288.457,185.850,76.515,89.080
288.248,187.234,74.836,88.521
284.626,185.242,74.524,87.998
280.456,184.490,74.529,87.922
218.194,212.519,75.356,87.678
218.166,199.285,75.210,89.042
215.319,183.219,74.706,90.490
214.374,169.560,74.732,90.763
225.230,163.190,73.144,92.026
291.680,92.997,74.342,90.390
293.320,103.029,74.460,89.668
293.312,110.734,74.561,88.969
293.490,111.173,74.775,88.113
302.815,90.133,74.646,87.337
304.289,85.604,72.896,88.784
303.318,83.751,73.209,88.336
301.119,105.780,73.864,87.266
298.590,117.501,74.412,86.757
296.307,107.589,75.338,86.427
307.188,96.592,75.241,86.387
275.689,138.181,74.652,85.957
277.163,137.737,74.363,85.038
277.521,144.060,74.830,85.404
268.073,133.394,75.546,84.911
267.826,130.825,76.287,84.511
268.192,129.206,75.567,85.158
271.496,118.682,72.733,87.498
294.162,115.267,73.797,87.006
293.374,111.388,74.777,86.620
292.400,98.093,75.322,86.523
290.531,97.198,76.728,85.875
302.217,86.200,76.145,86.469
304.249,84.874,75.602,86.913
304.051,84.057,75.093,87.623
302.500,73.061,74.854,87.434
301.907,50.509,75.321,86.443
299.262,61.435,75.419,86.132
298.346,60.205,75.194,85.818
285.330,50.143,75.018,85.702
285.687,61.234,76.152,85.085
285.201,69.727,75.878,86.671
275.771,68.045,75.758,87.452
273.379,75.485,75.469,87.872
281.578,52.618,75.174,88.035
280.070,49.305,72.794,90.576
278.040,56.637,71.726,91.772
277.454,68.198,72.040,91.166
285.538,56.735,72.014,91.424
283.931,68.742,73.548,90.330
291.658,57.758,73.862,89.473
297.181,56.158,75.187,88.255
294.125,54.123,76.832,86.449
301.278,53.908,77.390,86.123
300.256,53.761,77.314,86.281
300.308,56.024,77.662,86.474
289.709,66.833,78.527,85.584
290.698,81.627,78.893,85.018
290.832,89.185,78.910,85.387
292.028,77.991,78.192,86.669
294.081,44.215,78.111,87.086
289.936,43.557,78.665,86.573
288.695,44.159,78.570,86.937
286.991,46.625,79.114,86.744
286.142,48.268,79.486,87.116
282.574,49.115,79.755,87.492
283.154,62.308,79.902,86.577
281.697,52.740,79.735,86.092
293.087,30.160,79.461,86.731
295.580,8.105,79.131,87.146
294.483,9.026,79.280,86.712
291.573,8.299,79.160,86.594
288.955,8.727,78.786,85.986
287.780,18.377,77.957,86.559
294.324,28.172,78.317,86.789
285.418,32.390,75.718,88.896
293.247,28.244,73.346,91.918
290.105,23.424,72.078,94.289
287.193,12.027,72.906,94.046
283.548,16.506,71.646,94.604
276.262,15.170,72.350,94.447
277.624,26.720,72.640,93.849
276.708,29.151,71.856,94.357
276.464,40.942,72.529,93.779
282.628,52.061,73.427,93.023
279.445,52.830,74.271,92.268
286.585,42.089,74.546,92.090
284.440,43.562,72.821,93.862
282.940,41.776,73.125,93.513
286.092,42.693,71.340,95.407
284.189,32.303,72.327,93.242
292.832,23.832,72.950,91.867
290.754,35.071,73.616,91.042
290.118,36.992,74.333,90.133
291.677,47.903,75.016,89.337
288.725,47.772,75.057,89.560
293.396,37.568,75.147,89.734
284.097,26.156,75.384,89.658
281.419,23.740,76.261,89.936
281.469,23.728,76.949,89.647
280.480,24.882,77.497,89.418
281.809,36.324,77.581,89.381
292.664,37.314,77.112,89.909
289.534,38.827,77.112,89.780
278.935,50.115,77.362,89.411
259.663,86.621,73.416,93.416
259.580,84.190,73.532,93.310
258.934,69.058,73.000,93.862
266.499,65.297,72.941,93.643
264.692,61.435,72.827,93.770
263.170,59.759,72.577,94.040
261.904,57.884,72.613,93.990
261.202,58.957,72.507,94.090
282.419,44.918,71.890,94.802
279.580,53.616,72.254,94.526
278.061,36.888,71.507,95.196
279.796,25.234,70.178,96.286
280.738,27.275,69.576,97.100
280.632,27.947,69.856,96.742
277.721,27.569,70.001,96.609
266.126,36.660,70.190,96.372
264.314,35.869,70.522,95.997
284.555,42.583,71.161,95.355
294.680,49.243,72.150,94.646
296.201,47.331,72.719,93.884
305.489,45.241,72.688,94.029
305.066,43.974,70.956,95.445
294.193,45.245,69.533,96.972
283.961,43.912,69.239,97.327
282.217,47.240,69.068,97.479
278.932,49.157,69.232,97.345
278.171,61.842,69.032,97.566
278.771,73.955,68.244,98.294
267.196,51.210,69.669,96.656
274.798,60.762,70.269,96.169
263.240,47.266,69.258,96.979
260.895,35.530,68.797,97.362
264.742,76.619,70.458,94.307
264.074,75.918,72.106,92.699
261.616,84.979,72.969,91.708
260.466,82.529,73.209,91.540
259.226,70.708,74.139,90.961
248.750,57.635,74.074,90.918
249.708,55.932,74.202,90.825
248.649,46.027,73.316,92.124
246.483,47.106,72.660,92.811
245.255,59.968,71.335,93.918
244.336,59.562,70.641,94.695
245.394,57.304,70.163,94.973
245.052,56.484,69.495,95.308
244.890,55.423,68.355,95.927
243.315,56.802,67.988,96.176
251.768,66.148,67.054,97.017
260.112,62.619,66.402,98.375
257.288,82.202,67.149,97.671
244.561,49.678,68.047,96.391
243.996,61.563,67.369,96.563
244.800,75.311,66.856,96.556
252.294,76.233,66.147,96.860
254.724,86.303,64.489,97.386
257.936,87.015,62.332,98.934
261.759,88.647,60.585,100.167
266.004,91.702,59.347,100.701
269.692,97.538,59.052,100.031
269.235,106.990,59.171,100.446
267.163,110.795,59.141,100.230
266.641,115.228,59.134,100.098
265.777,118.746,59.220,99.803
