16.000,88.000,19.000,51.000
16.733,87.999,18.828,51.326
17.916,87.666,18.661,51.638
21.431,88.647,18.660,51.620
22.233,87.580,18.728,51.585
23.068,87.768,18.725,51.593
25.796,88.964,19.407,50.316
26.195,88.996,19.297,50.596
29.148,90.364,19.756,49.907
29.315,90.881,20.198,49.390
30.186,90.806,19.906,50.068
31.192,90.087,19.763,50.314
32.760,88.661,19.534,50.529
34.318,88.288,19.426,50.614
37.734,89.846,19.195,50.680
38.175,89.475,19.142,50.833
39.567,89.203,19.001,51.016
40.974,89.215,18.870,51.306
44.404,89.735,18.806,51.314
45.162,89.625,18.840,51.407
46.546,90.016,18.773,51.676
47.915,89.981,18.626,52.159
51.311,90.444,18.602,52.340
51.772,90.282,18.719,52.361
52.900,89.523,18.787,52.370
54.111,89.531,18.835,52.379
57.816,90.444,18.931,52.178
58.573,90.483,19.109,52.007
59.828,90.210,19.053,52.144
61.304,90.340,18.935,52.460
63.022,89.605,18.787,52.836
64.267,89.255,18.689,53.080
65.509,88.571,18.576,53.404
69.643,89.099,18.579,53.511
70.220,88.688,18.526,53.753
71.402,88.902,18.455,54.075
72.124,91.761,18.510,54.414
80.462,97.736,19.593,53.242
81.054,103.977,19.638,53.667
80.529,105.199,19.575,54.234
80.268,105.348,19.523,54.994
79.327,104.325,19.706,55.649
78.046,105.185,20.164,55.751
76.532,107.590,21.151,55.007
71.672,105.715,21.266,55.291
71.112,107.872,22.259,54.692
65.963,104.492,22.080,55.274
62.262,105.352,21.621,55.821
62.378,104.863,21.266,56.485
61.620,104.485,20.897,57.428
59.844,103.626,20.907,57.998
58.246,103.223,20.898,58.349
54.209,102.185,20.653,58.663
53.831,104.172,20.643,58.760
52.544,105.960,21.050,58.151
48.522,103.162,21.078,58.266
48.010,103.063,21.155,58.400
47.095,105.597,21.600,57.888
43.231,104.259,21.657,57.935
42.397,104.084,21.932,57.977
38.037,103.029,21.785,58.121
37.076,102.799,21.632,58.423
35.682,102.323,21.578,58.461
34.037,102.194,21.599,58.700
32.382,102.493,21.530,59.045
28.448,101.944,21.086,59.898
27.739,101.367,21.088,60.170
26.819,102.247,21.203,60.343
25.219,102.078,21.412,60.379
23.839,101.077,21.703,60.231
21.752,105.341,22.696,59.090
19.640,106.083,23.629,58.109
17.578,106.496,24.384,57.175
15.752,105.710,24.941,56.588
11.175,104.786,24.984,56.551
10.266,103.664,25.003,56.321
5.916,102.532,24.217,57.416
6.016,102.377,23.525,58.444
5.192,100.459,23.231,58.936
1.088,101.084,22.712,59.943
1.030,99.848,22.439,60.502
0.274,101.682,22.247,60.863
-1.148,100.573,22.301,60.674
-1.812,103.642,22.110,60.664
-2.172,102.822,21.863,60.595
-2.335,107.012,21.833,60.022
-2.514,110.268,21.799,59.556
-2.886,109.758,21.706,59.225
27.583,120.287,21.456,59.235
25.482,121.741,21.497,59.021
23.363,123.037,21.435,58.853
21.408,122.930,21.427,58.570
19.503,122.551,21.238,58.454
17.118,122.480,21.191,58.105
14.887,123.324,21.017,58.091
12.411,124.225,21.013,57.939
10.410,123.565,20.987,57.571
5.582,123.067,21.874,56.401
4.587,122.232,21.865,56.292
2.863,122.600,21.873,56.175
0.867,123.755,21.899,56.088
-0.605,124.542,21.809,56.072
-1.955,125.659,21.205,56.656
-2.480,125.955,20.557,57.197
-2.175,130.036,20.163,57.338
-2.053,129.887,20.020,57.318
-2.209,131.110,19.989,57.308
-2.391,132.702,19.973,57.296
-2.711,133.238,19.962,57.290
-2.711,134.228,19.950,57.277
-2.421,134.213,19.938,57.268
-2.267,134.041,19.929,57.255
-2.218,133.836,19.926,57.247
-2.312,133.918,19.922,57.241
-2.198,134.056,19.917,57.235
-2.321,133.925,19.911,57.221
-2.318,133.649,19.905,57.214
-2.528,133.598,19.901,57.203
-2.646,133.280,19.896,57.198
-2.587,132.880,19.892,57.195
-2.351,132.194,19.885,57.189
-2.395,132.107,19.881,57.179
-2.314,131.712,19.876,57.172
-2.466,132.248,19.871,57.162
-2.353,131.984,19.865,57.155
-2.377,131.698,19.861,57.146
-2.528,131.866,19.857,57.138
-2.374,131.824,19.851,57.135
-2.530,131.768,19.847,57.127
-2.371,131.552,19.841,57.124
33.117,91.261,23.852,52.100
29.079,91.059,27.003,47.863
24.723,89.990,29.064,44.830
21.151,71.430,26.880,47.630
20.363,69.095,25.306,49.551
17.303,66.684,23.741,51.293
16.937,65.162,22.754,52.335
15.962,63.075,22.178,52.950
11.843,62.730,21.690,53.386
11.204,62.325,21.451,53.549
6.576,67.660,22.176,52.726
5.785,72.176,22.979,52.222
1.921,67.377,23.152,52.175
1.166,67.855,23.437,52.212
0.555,67.430,22.856,53.333
-0.483,66.522,22.249,54.203
-1.593,65.227,21.626,54.962
-2.254,63.877,20.935,55.807
-2.986,63.420,20.266,56.591
-3.622,63.621,19.899,56.949
-4.358,68.811,19.800,57.034
-4.924,70.057,19.778,57.047
-5.448,71.308,19.765,57.054
-5.865,76.017,19.718,57.103
-6.403,75.662,19.703,57.116
-6.878,75.233,19.696,57.124
-7.173,74.715,19.691,57.128
-7.490,74.358,19.689,57.131
-7.818,73.769,19.687,57.133
31.254,106.896,20.044,56.494
30.333,106.256,20.534,55.990
28.673,104.802,20.688,55.729
25.027,105.499,20.520,55.429
24.447,103.498,20.482,55.101
22.485,104.294,20.471,54.748
20.896,104.894,20.435,54.552
16.966,107.150,20.169,55.016
15.521,107.358,20.099,55.667
13.792,106.543,20.110,56.217
12.478,105.788,20.293,56.160
7.394,105.620,21.399,54.902
5.559,105.437,22.080,54.074
1.674,105.069,21.793,54.759
0.409,105.056,21.610,55.242
-0.218,103.886,21.118,56.204
