275.000,137.000,23.000,26.000
277.869,134.982,22.559,25.992
279.770,133.903,22.289,25.910
279.042,134.085,22.195,25.642
280.618,134.911,21.939,25.429
276.376,138.154,22.462,24.819
271.263,143.804,22.500,24.456
268.581,151.114,22.235,23.952
269.360,152.031,21.797,23.712
269.325,155.185,21.638,23.446
273.504,154.021,21.097,23.472
277.492,152.047,20.758,23.412
280.540,145.855,20.402,24.025
280.073,144.636,20.319,23.984
280.808,134.999,20.110,24.472
280.116,120.679,19.905,24.947
279.238,105.848,19.831,25.372
277.472,89.547,20.142,25.398
276.968,87.708,20.330,25.288
278.575,79.145,20.503,25.331
280.853,69.440,20.530,25.701
282.624,60.655,20.409,26.132
284.214,54.796,20.343,26.399
282.874,52.847,20.563,26.510
282.376,54.550,20.418,26.551
283.784,58.122,20.594,25.763
285.959,64.706,20.805,24.785
286.068,71.552,20.901,24.249
286.706,72.285,20.791,24.260
282.548,73.870,21.170,24.117
279.461,71.091,21.173,24.687
280.206,64.413,20.909,25.340
280.419,57.999,20.688,25.861
279.611,56.384,20.922,25.922
278.650,54.918,21.134,25.965
277.603,52.217,21.188,26.221
278.527,48.882,21.105,26.546
280.062,46.910,21.299,26.419
278.954,48.690,21.377,26.350
279.147,45.032,21.549,26.615
274.469,42.947,22.064,26.636
270.113,36.244,22.196,26.881
266.168,29.373,22.247,27.271
264.389,26.498,22.580,27.355
260.835,29.659,23.110,26.686
256.551,33.127,23.453,26.354
250.553,34.796,23.990,26.083
250.876,35.210,23.530,26.180
250.409,35.262,23.281,26.235
258.160,44.499,23.111,25.612
267.377,55.785,22.868,25.108
274.843,62.196,22.735,24.400
284.486,65.902,22.531,24.059
284.401,66.537,22.349,24.029
293.814,74.247,22.229,23.556
297.655,86.303,22.220,22.977
294.023,98.127,22.253,22.468
284.103,104.118,22.517,22.231
283.920,104.009,22.238,22.237
273.365,100.455,22.554,22.281
263.145,91.325,22.370,22.855
255.337,82.359,22.241,23.332
249.282,76.882,22.499,23.573
248.773,75.911,22.556,23.629
245.720,74.662,22.860,23.674
244.167,73.483,22.967,23.690
243.798,72.855,23.030,23.704
243.867,70.073,22.847,24.076
243.206,70.286,22.887,23.926
242.852,68.689,22.816,24.186
243.478,66.840,22.694,24.422
242.065,65.585,22.784,24.458
240.470,65.865,23.047,24.286
241.040,65.491,23.073,24.355
240.826,69.729,23.292,23.627
243.246,75.524,23.214,23.219
240.991,81.160,23.334,22.926
235.029,90.023,23.476,22.598
235.048,90.861,23.403,22.575
230.090,100.263,23.688,22.027
224.358,106.008,23.861,21.728
217.863,106.515,23.888,21.879
210.724,105.459,23.639,22.302
209.995,104.885,23.360,22.727
200.022,105.084,23.559,22.819
193.013,107.164,23.644,23.060
191.048,103.682,23.554,23.754
190.654,97.911,23.327,24.412
190.022,97.482,23.433,24.409
190.551,96.752,23.552,24.337
191.952,99.759,23.600,23.796
193.721,101.228,23.487,23.628
198.379,98.667,23.250,24.154
198.196,97.663,23.238,24.341
201.330,94.344,23.042,24.931
196.328,95.813,23.566,24.596
190.186,99.215,23.717,24.152
182.678,101.336,23.977,23.950
183.313,101.272,23.919,24.107
180.459,100.990,24.154,24.301
179.733,101.155,24.517,24.372
175.183,102.999,24.826,24.262
169.452,105.106,25.070,24.045
169.355,105.237,24.904,24.335
165.920,108.710,25.072,24.080
167.397,111.044,24.936,24.057
168.162,107.594,24.556,25.022
166.046,103.828,24.427,25.967
164.526,100.337,24.236,27.049
162.942,95.810,24.272,27.709
158.354,88.075,24.308,28.122
152.925,77.699,24.362,28.674
147.959,67.818,24.533,29.033
146.724,64.839,24.355,29.759
138.817,54.206,24.446,30.311
134.370,50.052,24.865,30.375
133.164,46.899,25.192,30.792
136.609,43.824,25.004,31.283
135.779,41.116,25.269,31.890
138.864,38.951,25.281,32.209
138.124,42.810,25.231,32.311
143.634,46.961,25.919,31.368
150.253,57.229,26.321,30.599
150.627,59.326,26.629,30.518
155.868,66.997,26.965,29.876
157.968,77.546,27.169,29.472
157.054,87.775,27.452,29.136
159.945,95.294,27.397,28.544
160.921,96.941,27.444,28.631
169.692,102.015,27.199,28.627
183.504,104.066,27.126,28.423
192.310,102.200,26.291,29.306
200.381,99.666,25.624,29.919
200.588,97.499,25.551,30.435
208.322,91.641,25.088,30.846
214.258,85.372,24.819,31.286
216.634,76.117,25.335,31.244
212.988,67.039,25.712,31.102
212.656,65.313,25.997,31.100
207.026,56.785,26.463,30.803
202.437,48.132,26.888,30.634
200.967,39.581,27.225,30.456
196.248,25.743,27.549,30.650
194.179,19.551,27.796,31.168
192.217,13.206,28.206,31.448
190.315,10.698,28.453,32.018
187.857,8.520,28.770,32.845
184.406,12.705,29.547,32.343
184.518,12.583,29.478,32.780
175.259,20.263,30.530,32.026
165.373,32.562,30.640,31.612
159.278,48.319,30.812,31.593
153.288,67.325,31.394,31.480
152.753,68.570,31.386,31.737
144.117,77.212,32.270,30.834
136.867,82.167,33.118,30.111
135.046,81.520,33.620,30.715
135.872,77.448,32.930,32.550
135.386,75.978,32.899,33.691
132.634,66.114,32.568,35.082
127.130,56.191,32.439,35.862
121.749,46.421,32.386,36.541
117.378,41.892,32.616,37.268
113.555,37.183,32.934,38.475
112.496,41.895,33.021,38.343
116.616,48.580,33.879,36.990
123.448,51.004,34.289,36.066
133.611,53.084,34.560,35.461
133.935,53.830,34.421,35.652
145.297,54.202,34.331,35.484
153.305,52.850,33.755,35.599
160.540,47.630,33.299,35.596
165.448,39.585,32.677,36.387
163.778,39.772,32.676,36.666
163.454,34.140,32.538,37.587
160.948,29.827,32.240,38.176
161.027,32.923,32.106,37.901
163.480,38.400,31.843,37.034
164.342,39.160,31.470,37.242
168.400,49.080,31.377,36.395
172.548,63.464,31.338,35.400
177.315,74.539,31.376,34.800
181.841,81.590,30.902,34.497
181.613,83.539,30.649,34.655
185.350,84.743,30.388,34.555
184.262,85.371,30.244,34.849
183.960,86.002,30.074,35.167
183.873,85.399,30.077,35.481
183.809,85.411,30.102,35.718
182.924,87.131,29.795,35.785
185.133,91.948,29.966,34.676
189.155,100.942,30.140,33.552
193.611,109.901,30.293,32.410
193.958,111.978,30.532,31.884
197.271,117.180,30.433,31.076
200.966,120.935,30.041,30.475
203.294,125.577,29.975,29.717
204.058,130.094,29.990,28.889
204.338,131.702,30.157,28.559
202.365,134.714,30.344,28.269
199.215,137.869,30.678,28.122
196.522,140.393,30.644,28.347
194.173,140.217,30.697,28.651
194.113,140.490,30.371,28.848
192.852,140.197,30.025,29.345
192.973,140.836,29.733,29.689
194.116,141.449,29.200,30.243
194.892,140.665,28.964,30.377
194.986,140.217,28.823,30.605
197.760,138.059,29.260,30.147
199.104,132.032,29.208,30.053
202.455,125.342,29.360,29.778
202.593,119.766,29.258,29.888
202.714,118.759,28.821,30.446
203.177,118.383,28.321,31.209
204.800,121.743,28.104,31.369
208.624,124.324,28.248,31.094
212.698,123.037,28.469,30.758
212.948,122.079,28.548,30.651
215.088,117.003,28.394,30.703
219.745,111.952,28.264,30.810
224.727,107.013,28.239,30.781
228.333,98.279,28.331,30.789
228.552,97.704,28.231,31.016
231.869,90.665,28.593,30.578
230.541,84.350,28.735,30.362
228.315,82.485,29.173,30.119
227.638,84.253,29.286,29.771
227.053,84.474,29.225,29.647
224.615,88.014,29.677,29.099
222.514,93.322,29.938,28.863
219.897,96.892,30.242,28.420
219.910,98.517,29.959,28.295
220.732,98.605,29.633,28.439
222.735,98.390,29.170,28.613
228.020,95.480,28.653,29.464
234.114,87.019,27.834,30.872
240.351,75.342,27.261,31.807
239.543,73.767,27.562,31.824
245.359,65.059,27.189,32.761
248.003,57.442,27.196,33.278
251.503,54.484,27.276,33.469
255.611,52.111,27.255,33.476
254.260,51.715,27.301,33.421
259.307,46.904,27.227,32.974
263.709,41.378,27.102,32.810
268.604,38.108,26.699,33.016
272.764,35.551,26.259,33.030
272.157,35.005,26.101,32.898
276.629,32.543,26.081,33.027
276.490,32.981,26.130,32.795
276.820,35.574,26.281,32.218
276.023,40.401,26.408,31.428
276.324,41.188,26.271,31.455
275.202,49.096,26.305,30.933
273.528,58.515,26.540,30.168
272.379,67.830,26.607,29.573
273.275,74.993,26.510,29.232
272.551,74.959,26.298,29.542
271.445,76.479,26.237,29.566
271.004,76.405,25.985,29.932
272.940,74.557,25.617,30.461
273.903,70.349,25.259,31.013
273.417,69.446,25.301,31.186
275.971,65.259,25.192,31.636
275.579,60.043,25.144,32.192
274.933,55.596,25.100,32.741
275.576,53.334,25.210,32.930
274.964,54.812,25.399,32.976
276.886,50.981,25.316,33.412
277.885,47.055,25.344,33.833
279.252,48.518,25.279,33.951
281.349,47.580,25.459,33.805
280.254,49.738,25.540,33.957
279.996,48.951,25.646,34.015
277.168,52.221,25.728,34.114
276.414,55.461,25.801,34.078
275.273,58.570,25.887,33.874
275.490,59.410,26.047,34.028
272.294,63.539,26.430,33.744
269.047,67.516,26.685,33.682
263.504,67.267,27.485,33.280
255.209,67.609,28.214,32.939
256.145,67.764,28.024,33.072
244.882,67.205,28.641,33.049
236.733,69.120,29.440,32.655
229.379,69.915,30.094,32.510
223.167,69.030,30.493,32.770
225.935,68.602,30.515,32.822
215.747,70.715,30.956,32.678
208.852,75.401,31.486,32.176
203.992,84.636,31.595,31.629
202.721,93.823,31.441,31.255
203.703,93.829,31.024,31.499
201.656,100.100,31.140,30.864
201.525,104.901,31.199,30.455
201.590,109.139,31.050,30.143
204.102,114.071,30.891,29.719
204.988,115.145,30.881,29.604
208.781,121.066,30.518,29.423
211.188,127.347,30.384,29.014
211.434,133.522,30.323,28.716
211.506,136.469,30.200,28.372
211.448,137.602,30.099,28.151
211.155,138.120,30.217,27.987
210.970,138.759,30.293,27.783
211.609,140.767,30.367,27.542
211.975,143.227,30.121,27.644
212.349,143.871,29.915,27.646
212.554,144.797,29.622,27.718
211.794,145.453,29.427,27.844
211.200,145.828,29.209,27.916
210.857,147.314,29.016,28.045
210.545,147.577,28.885,28.092
210.884,150.983,28.730,28.165
211.189,152.477,28.417,28.182
212.056,160.243,28.058,28.032
213.177,167.362,27.890,27.763
213.770,167.798,27.725,27.556
214.199,172.098,27.585,27.272
214.730,173.503,27.462,26.887
218.025,173.374,27.466,26.623
223.398,169.025,27.202,26.549
223.718,168.898,27.291,26.208
227.267,161.256,27.391,25.929
228.320,149.893,27.194,25.835
230.793,138.738,27.314,25.706
234.476,129.217,27.308,25.739
234.837,129.411,27.221,25.761
239.352,122.248,26.901,25.960
242.832,114.538,26.923,26.119
245.422,105.984,26.859,26.571
248.695,96.866,26.616,27.072
247.699,95.910,26.775,26.957
252.618,90.315,26.525,27.397
258.822,84.377,26.178,27.827
264.445,78.774,26.084,28.353
268.008,72.985,26.169,28.796
267.815,72.747,26.615,28.608
269.904,67.201,26.544,28.853
272.105,61.464,26.536,29.140
275.055,58.586,26.489,29.714
275.125,56.437,26.559,30.132
275.291,56.095,26.881,29.853
274.213,57.933,27.538,29.265
274.199,60.581,27.894,28.752
276.132,64.787,28.238,28.129
280.050,67.980,28.494,27.593
280.059,68.841,28.529,27.713
284.771,70.716,28.610,27.518
291.591,71.300,28.596,27.714
297.974,70.707,28.490,27.950
302.218,71.268,28.500,27.912
302.389,71.256,28.517,28.006
306.744,72.690,28.522,27.810
314.171,78.229,28.464,27.717
322.674,82.310,28.201,27.847
333.093,82.683,28.442,27.914
333.287,83.217,28.799,27.836
341.013,83.021,28.678,28.185
351.332,83.003,28.857,28.255
357.310,84.101,29.203,27.962
359.575,83.905,29.450,28.022
359.574,83.948,29.963,27.972
360.505,81.266,29.833,28.535
360.266,78.724,30.227,28.616
360.664,78.749,30.757,28.107
358.578,80.523,30.877,27.660
358.541,80.932,30.935,27.308
357.890,85.577,31.341,27.045
358.541,89.858,31.536,27.078
362.162,97.759,31.573,27.075
361.444,96.161,31.572,27.077
360.698,94.385,31.571,27.079
359.533,93.354,31.562,27.085
359.525,93.040,31.563,27.083
