122.000,51.000,51.000,61.000
122.354,51.100,50.798,61.137
123.211,52.142,50.631,61.156
123.095,52.449,50.721,61.124
123.004,53.980,50.497,61.150
123.429,54.445,50.286,61.549
122.756,56.532,50.040,61.588
122.945,57.644,50.109,61.675
123.101,58.065,50.421,61.686
122.681,58.507,50.560,61.731
122.665,58.488,50.689,61.804
122.635,59.144,50.716,61.857
122.659,59.632,50.856,61.918
121.569,59.232,50.912,62.039
122.399,59.541,51.311,62.016
122.300,60.561,51.030,62.436
121.316,60.121,51.057,62.723
121.904,60.730,51.388,62.722
121.330,60.836,51.492,62.713
120.973,61.460,51.479,62.799
122.036,62.334,51.856,62.509
119.657,60.835,52.032,62.723
121.029,62.359,52.262,62.669
120.285,62.386,52.242,62.998
120.026,62.830,52.033,63.330
120.444,62.938,51.972,63.182
119.618,62.181,52.199,63.202
119.706,63.147,52.216,63.167
118.858,62.455,52.274,63.297
119.099,62.767,52.257,63.285
118.296,62.076,52.429,63.152
116.137,60.612,52.649,63.196
115.412,61.219,52.835,63.098
112.078,59.608,53.033,62.995
112.019,59.377,52.858,62.918
109.434,57.619,52.714,62.825
108.733,57.290,52.601,62.827
107.882,56.955,52.598,62.650
106.847,56.531,52.853,62.361
105.895,56.818,52.698,62.279
105.931,56.616,52.648,62.094
107.003,56.337,52.531,61.746
107.142,55.583,52.501,61.461
107.425,54.722,52.450,61.161
108.249,54.570,52.279,60.571
110.163,54.073,52.190,59.921
111.190,53.433,52.254,59.286
113.117,52.969,51.936,59.077
113.169,51.822,51.779,58.581
113.596,52.299,51.327,58.338
114.975,53.859,51.342,57.879
114.888,55.254,51.084,57.774
115.209,56.792,50.661,57.970
114.891,59.416,50.350,58.480
116.739,61.133,50.356,58.909
115.832,63.370,50.221,59.396
115.926,66.327,50.367,59.625
116.654,68.476,50.146,59.959
116.024,70.372,50.133,60.273
116.041,71.974,49.746,60.770
114.938,73.624,49.610,61.351
113.249,75.859,49.688,61.858
114.979,78.641,49.745,62.048
114.180,81.683,50.393,61.745
113.382,83.239,51.434,61.254
113.070,84.272,51.838,61.059
112.952,83.945,51.916,61.012
113.729,85.356,51.862,61.119
114.519,86.206,52.360,60.857
115.602,86.954,53.008,60.559
117.424,88.737,53.980,60.171
119.197,88.481,54.662,60.079
120.760,88.031,55.171,60.244
122.155,87.923,55.389,60.613
122.769,86.445,55.706,61.122
124.214,84.052,56.661,61.100
125.141,82.313,57.399,61.631
124.419,78.631,57.183,62.489
123.464,76.491,57.136,63.042
122.187,73.489,57.322,63.862
120.817,70.419,57.200,64.324
122.151,68.361,56.901,64.699
122.173,67.111,56.626,64.860
121.045,66.668,56.631,64.495
121.667,66.283,56.409,64.254
122.139,66.172,56.220,63.833
121.189,64.929,55.983,63.777
122.166,64.607,55.663,63.448
121.027,65.436,55.283,63.442
120.051,64.033,54.919,63.335
120.647,62.706,54.562,63.181
119.618,61.745,54.457,63.066
118.702,59.901,54.292,63.074
116.491,57.740,54.205,62.846
114.569,56.334,54.179,62.528
111.532,54.913,54.004,62.205
110.012,53.896,53.410,61.983
109.039,54.043,52.757,61.699
107.935,54.097,52.380,61.428
106.477,54.274,51.831,61.137
105.266,54.788,51.285,60.837
104.921,54.313,50.743,60.666
104.546,55.394,50.480,60.272
104.157,55.338,50.361,59.972
103.768,54.946,50.115,59.821
102.914,54.258,50.070,59.284
103.813,53.300,50.088,58.622
103.876,53.656,49.995,58.149
105.237,54.053,49.968,57.813
105.765,54.619,49.857,57.505
106.525,55.171,49.762,57.223
107.645,55.823,49.831,57.204
108.246,56.099,49.851,57.293
107.997,57.191,49.801,57.475
109.392,57.186,49.900,57.705
110.817,57.858,49.834,57.982
110.776,59.326,49.989,58.017
112.265,60.147,49.957,58.425
113.131,62.083,50.140,58.311
112.812,64.396,50.084,58.468
112.136,63.290,50.047,58.662
112.768,64.190,49.841,58.542
112.154,64.707,50.036,58.167
111.319,65.629,50.506,57.820
113.572,66.420,50.037,57.873
113.722,67.541,49.573,58.284
114.545,68.149,49.362,58.482
113.850,67.265,49.587,58.714
114.195,67.222,49.526,58.912
113.525,67.000,49.638,58.795
113.532,65.780,49.547,59.176
114.506,65.767,49.264,59.226
113.559,65.416,49.469,59.021
114.484,65.012,49.155,59.111
114.002,65.728,49.336,58.799
114.244,65.185,49.148,59.044
113.997,66.409,49.219,58.800
113.110,66.105,49.331,58.879
113.422,65.970,49.288,58.923
111.931,66.176,49.768,58.630
110.922,65.774,50.003,58.335
110.280,65.236,50.173,58.147
109.386,64.768,50.531,57.932
108.749,64.244,51.008,57.875
106.196,64.824,51.065,57.849
105.549,65.821,51.366,57.598
103.691,65.868,51.282,57.805
104.321,65.526,51.339,57.776
105.248,64.873,51.296,57.858
105.392,66.341,51.555,57.909
104.481,66.200,51.587,58.223
105.310,65.461,51.428,58.645
106.172,66.227,51.912,58.680
106.078,66.507,51.990,58.907
106.229,67.458,52.239,58.799
106.081,68.323,52.483,58.924
106.118,68.587,52.934,59.107
106.312,68.562,53.137,59.573
106.221,68.814,53.509,59.659
105.761,68.945,53.799,59.868
105.650,67.327,54.295,60.240
105.880,68.426,53.952,60.778
106.133,67.398,54.182,61.274
105.656,67.683,54.388,61.455
105.591,67.789,54.645,61.678
105.531,67.966,54.515,61.914
106.286,67.309,54.649,62.233
105.838,67.596,54.734,62.522
105.625,67.099,54.754,62.926
105.789,67.133,54.949,63.002
105.230,67.384,55.061,63.293
104.884,66.846,54.753,63.680
105.184,65.354,54.682,64.008
104.597,65.345,54.641,64.163
104.098,64.339,54.391,64.486
103.576,64.490,54.177,64.773
103.977,62.976,53.964,64.754
103.299,63.107,53.781,64.409
102.704,62.878,53.411,64.461
103.169,62.764,52.933,64.418
103.263,62.417,52.769,64.319
103.320,61.902,52.414,64.273
103.010,62.286,51.952,64.044
103.282,61.622,51.631,63.753
103.836,62.373,51.286,63.195
103.627,63.279,51.107,62.824
103.897,63.283,50.603,62.732
103.420,64.165,50.244,62.487
103.386,63.475,49.735,62.293
104.537,64.303,49.523,61.793
103.965,63.207,49.154,61.438
105.405,63.984,48.933,60.993
104.606,64.277,48.503,60.862
106.643,64.268,48.394,60.430
105.876,64.969,48.186,60.308
106.552,65.169,47.906,60.053
107.132,65.434,47.444,59.754
108.657,65.804,47.229,59.389
107.829,66.238,46.849,59.136
109.049,66.345,46.742,58.662
108.965,67.738,46.828,57.959
109.263,68.065,46.569,57.652
110.156,69.190,46.499,57.264
109.948,69.425,46.269,57.084
110.604,69.901,46.166,56.863
110.823,70.300,46.027,56.649
110.148,70.604,45.829,56.622
110.933,71.370,45.758,56.437
110.435,72.742,45.512,56.240
109.367,72.629,45.369,56.300
109.891,72.754,45.433,56.151
109.334,73.005,45.455,55.952
109.193,73.199,45.443,55.849
109.178,73.012,45.482,55.608
108.498,74.292,45.550,55.244
108.290,73.742,45.477,55.200
107.996,73.426,45.416,55.111
107.316,72.979,45.284,55.078
108.230,72.759,45.363,54.656
107.434,73.108,45.117,54.419
107.713,72.941,45.009,54.212
106.572,72.137,44.736,54.153
107.358,72.279,44.470,53.802
106.504,71.538,44.152,53.749
105.867,71.379,43.847,53.917
105.426,71.277,43.482,53.918
104.638,70.830,43.159,53.857
105.821,70.612,42.993,53.810
105.139,70.320,43.009,53.680
104.088,70.134,42.981,53.535
104.050,69.738,42.708,53.650
104.077,69.988,42.336,53.517
105.413,69.846,42.207,53.348
105.210,70.973,42.183,52.979
105.452,71.606,42.151,52.728
106.050,71.998,42.186,52.432
106.008,73.069,42.353,52.055
105.156,73.677,42.693,51.767
105.010,73.842,42.814,51.697
104.564,74.263,42.988,51.491
104.790,73.968,43.162,51.406
104.408,74.126,43.789,51.104
104.630,74.093,43.827,51.130
104.718,74.167,44.083,51.178
105.517,74.380,44.220,51.027
105.363,74.541,44.626,50.859
105.332,73.811,44.954,50.869
105.178,74.447,45.110,50.923
104.741,74.070,45.393,50.928
104.313,74.692,45.645,50.862
104.060,74.393,45.862,51.134
103.826,73.760,46.132,51.355
103.043,72.811,46.161,51.621
102.921,71.517,46.410,51.869
102.569,70.137,46.415,52.086
101.353,68.445,46.183,52.404
101.924,65.920,46.272,52.700
101.713,63.600,46.301,52.723
102.014,62.037,46.311,52.561
102.015,60.533,46.385,52.493
101.838,59.390,46.395,52.310
101.228,58.147,46.522,52.317
101.487,56.186,46.471,52.403
100.564,54.209,46.615,52.250
100.480,51.723,46.434,52.438
101.422,50.057,46.223,52.506
100.864,49.115,45.942,52.659
100.740,47.741,45.872,52.704
101.236,47.282,46.002,52.828
102.494,46.095,46.212,52.799
101.699,45.509,46.484,52.869
101.804,45.155,46.529,53.150
102.960,45.233,46.560,53.241
103.271,45.352,46.514,53.460
104.274,45.240,46.409,53.579
104.982,45.593,46.304,53.467
106.128,46.503,46.260,53.058
106.577,47.470,46.251,52.942
109.058,48.990,46.377,52.433
109.847,50.174,46.859,51.971
110.960,51.543,47.093,51.696
111.663,52.478,46.785,52.046
112.967,52.780,46.484,52.263
113.685,53.229,46.218,52.425
113.205,54.378,46.026,52.566
116.287,54.016,45.166,53.135
114.590,54.622,45.029,53.280
116.435,54.231,44.533,53.494
115.368,54.850,44.499,53.481
117.104,56.245,44.391,53.426
117.115,57.330,44.538,53.246
118.924,58.431,44.609,53.200
118.023,59.988,45.026,52.998
119.011,61.672,45.387,52.855
119.570,63.209,45.726,52.935
119.680,65.354,46.237,52.872
119.318,67.265,46.637,52.738
118.990,68.867,47.135,52.703
118.755,70.995,47.557,52.803
118.166,71.660,47.960,53.145
117.584,73.101,48.161,53.530
116.853,74.193,48.449,53.681
115.520,75.929,48.559,53.726
114.866,77.915,48.431,53.716
114.449,79.425,48.508,53.926
113.960,79.419,48.472,54.428
114.476,80.385,48.345,55.052
113.211,79.838,47.883,55.934
112.753,80.093,47.999,56.242
112.667,79.870,48.049,56.588
111.833,79.696,47.894,57.148
112.993,79.421,47.804,57.707
111.934,79.333,47.993,58.270
112.846,79.611,48.301,58.530
111.330,78.511,48.980,58.897
110.285,77.789,49.713,59.037
109.915,77.426,50.206,59.445
108.947,76.173,50.380,60.260
107.339,75.792,50.494,60.915
106.235,74.547,50.672,61.771
104.386,73.626,50.885,62.317
103.102,73.558,50.935,62.750
100.601,72.330,51.446,63.046
98.874,70.866,51.384,63.478
97.628,71.001,51.460,63.456
96.300,69.549,51.572,63.371
94.175,68.279,51.696,63.147
92.604,68.271,51.753,62.814
90.784,68.319,51.560,62.555
90.864,68.782,51.107,62.758
88.133,67.689,51.416,62.446
87.205,68.005,51.215,62.391
85.612,68.211,51.512,62.091
85.853,68.159,51.782,61.853
82.912,66.938,52.277,61.607
81.449,67.135,52.346,61.446
79.942,67.532,52.171,61.473
78.742,67.839,52.230,61.265
77.137,67.919,52.319,61.071
74.766,68.138,52.731,60.651
74.865,68.336,53.050,60.241
73.894,68.034,53.700,59.923
73.148,68.339,54.147,59.801
71.443,68.560,55.090,59.438
69.890,69.112,55.565,59.337
68.091,68.936,56.141,59.209
66.672,68.792,56.331,59.273
64.801,69.540,57.082,58.975
62.459,68.785,58.075,58.528
61.945,68.939,58.506,58.482
59.753,68.272,58.951,58.529
59.118,68.797,59.169,58.466
57.237,69.322,59.519,58.486
55.909,69.636,60.014,58.455
54.537,69.557,60.554,58.547
54.004,70.056,60.886,58.513
52.785,69.790,61.911,58.388
51.002,68.892,62.602,58.448
50.874,67.725,63.019,58.474
50.219,67.529,63.205,58.408
49.532,67.844,63.137,58.467
49.871,67.294,62.963,58.774
50.349,67.814,62.478,59.002
49.511,65.385,62.408,59.412
51.808,65.520,62.216,59.706
52.158,62.727,62.450,60.116
54.664,61.489,62.411,60.522
55.888,61.452,61.928,60.725
55.694,59.921,61.782,60.869
58.865,60.142,61.534,61.237
57.793,56.830,61.360,61.268
60.911,56.326,61.024,61.598
59.693,53.826,60.568,61.678
62.794,52.613,59.761,62.144
63.900,50.105,59.222,62.572
64.682,47.910,58.305,63.100
66.448,47.115,57.636,63.300
68.053,46.694,56.914,63.631
70.207,44.943,56.342,63.672
71.710,43.957,55.841,63.817
73.358,42.272,55.578,63.770
77.663,41.923,55.218,63.358
77.519,40.796,55.062,62.606
81.968,40.580,54.689,61.837
84.110,41.297,54.287,61.007
85.654,41.672,53.871,60.429
88.171,40.913,53.748,59.738
90.317,42.333,53.348,59.239
92.225,43.363,52.994,58.924
94.371,44.422,52.546,58.773
95.779,45.756,52.306,58.706
97.235,46.540,51.988,58.692
98.587,47.959,51.731,58.524
99.237,49.289,51.545,58.522
100.533,51.487,51.447,58.543
100.813,52.480,51.281,58.881
102.102,54.270,51.089,59.223
103.471,55.561,51.113,59.656
103.100,57.197,51.226,59.915
103.854,59.600,51.408,60.213
103.774,61.784,51.659,60.530
104.668,63.179,51.827,60.969
103.876,65.694,51.733,61.273
104.563,67.407,51.946,61.557
104.051,69.858,51.845,61.916
104.394,71.060,51.987,62.160
105.098,72.422,51.914,62.558
104.952,74.435,51.845,62.867
105.039,76.175,51.666,63.137
105.911,77.482,51.533,63.414
106.177,80.776,51.191,63.540
106.606,82.780,51.198,63.812
107.441,86.099,51.411,63.746
106.375,89.110,51.482,63.582
107.580,90.547,50.987,64.016
107.315,93.323,51.008,64.113
107.700,95.709,50.665,64.153
107.068,98.773,50.457,63.930
107.146,102.530,49.885,63.923
107.501,105.200,49.873,63.893
107.549,107.543,49.559,64.323
107.982,109.930,49.167,65.157
107.342,112.883,49.108,65.907
107.835,115.354,49.397,66.266
107.298,117.958,49.907,66.099
106.611,120.925,50.512,65.753
106.813,122.923,50.886,65.224
105.620,123.440,51.667,64.233
106.318,124.979,51.697,63.876
106.053,125.639,51.903,63.517
104.808,127.354,51.922,63.447
105.522,129.578,52.312,62.981
104.559,130.910,52.603,62.564
104.319,133.407,52.749,62.455
103.900,135.708,52.928,62.275
103.120,137.028,53.180,62.223
102.215,138.884,53.437,62.222
101.582,141.146,53.588,62.085
101.095,142.120,53.590,62.119
100.180,143.408,53.624,62.183
99.652,145.069,53.881,61.961
99.204,146.522,54.145,61.862
98.150,148.051,54.832,61.598
97.175,148.737,55.439,61.508
96.336,149.546,55.750,61.695
94.972,149.833,55.804,61.945
93.501,150.432,55.893,62.111
93.292,150.715,56.153,62.472
92.780,152.501,56.483,62.438
91.712,154.068,56.987,62.372
90.903,155.087,57.483,62.158
88.474,156.404,58.100,61.850
89.202,156.622,58.118,61.840
87.050,157.155,58.557,61.728
86.348,158.128,58.333,61.851
84.605,159.101,58.243,62.152
82.510,157.392,57.943,62.585
82.050,154.154,57.816,63.254
82.730,151.402,57.824,63.685
81.926,148.465,58.874,63.283
81.364,145.044,59.647,63.250
81.288,141.766,60.050,63.183
81.169,137.838,60.453,63.033
82.716,133.879,59.973,63.312
81.432,130.253,60.332,63.253
80.896,127.373,60.727,63.719
81.533,124.299,61.137,63.998
81.406,121.070,61.249,64.897
81.802,118.827,61.310,65.979
82.501,115.803,61.229,67.217
83.407,112.570,61.148,68.596
84.261,108.407,61.063,70.123
85.380,105.435,60.923,71.176
87.057,103.815,61.183,71.621
88.648,101.919,61.355,72.756
89.069,99.434,61.749,73.409
90.749,96.744,61.602,74.407
92.424,93.945,60.935,75.411
93.897,91.695,60.594,75.869
96.730,89.902,60.486,75.669
100.057,89.808,60.548,75.204
101.525,90.008,60.974,74.757
102.594,90.006,61.015,74.542
104.006,90.713,60.899,74.277
106.259,89.710,60.521,74.305
108.116,89.942,60.109,74.230
109.800,89.283,60.224,73.885
111.758,88.522,60.527,73.281
112.907,89.568,61.262,72.250
113.808,90.014,61.844,71.639
113.250,90.037,62.391,71.455
113.845,90.013,62.850,71.388
114.333,89.162,63.525,71.329
114.957,89.217,64.314,71.104
114.591,88.990,64.621,71.287
115.783,89.485,64.653,71.237
118.445,88.903,64.778,71.267
119.798,88.526,65.364,71.241
122.340,89.062,65.624,71.501
124.944,89.317,66.160,71.660
137.120,89.509,66.834,72.099
138.217,89.648,67.147,72.905
139.411,89.332,67.439,73.447
140.196,89.014,67.423,73.945
142.269,90.352,67.228,74.414
142.310,90.190,67.369,74.619
142.798,90.435,66.757,74.549
144.618,90.226,65.503,74.631
146.066,90.918,64.605,74.059
146.614,91.300,63.111,74.276
146.385,92.971,61.411,74.327
147.444,93.505,60.157,74.323
147.691,94.563,59.362,73.846
148.850,96.032,58.696,73.258
149.819,96.314,58.038,72.789
152.454,93.250,55.221,74.445
154.113,93.549,53.335,75.736
154.819,93.456,51.909,76.740
157.150,92.636,50.656,77.083
158.797,91.627,49.762,77.155
160.282,92.172,49.057,76.983
165.162,96.440,51.608,73.779
162.740,97.804,53.236,71.333
164.240,98.231,54.112,69.308
164.535,96.924,55.497,67.285
165.767,95.143,56.077,66.481
167.415,92.252,56.272,66.412
169.269,90.686,56.825,66.177
169.337,84.117,57.021,65.599
169.788,83.326,57.095,65.651
169.379,78.983,57.445,64.873
169.047,78.711,57.342,65.001
169.908,76.828,57.642,65.051
169.873,74.706,58.553,64.530
162.974,71.795,58.036,64.755
164.433,69.360,57.177,65.262
166.066,65.876,56.371,65.898
167.515,62.868,56.305,65.788
168.854,60.102,56.578,65.697
170.489,58.015,56.775,65.828
170.727,56.171,56.865,65.999
171.484,54.458,56.994,65.979
170.201,52.999,57.699,65.718
169.822,51.188,57.785,65.674
167.632,50.162,57.991,65.528
166.806,49.003,57.702,65.724
165.353,48.589,57.427,65.813
164.210,50.015,56.734,65.999
162.000,51.894,56.633,65.599
159.682,53.852,56.029,65.450
160.301,55.205,55.230,65.362
157.917,55.515,55.031,64.945
157.150,56.931,54.429,64.416
156.129,58.145,53.564,64.242
154.978,60.339,53.286,63.521
153.208,62.286,52.919,63.137
150.850,62.732,52.588,62.908
149.393,63.551,52.115,62.938
146.175,63.537,51.670,62.643
144.112,63.783,51.364,62.256
141.179,62.932,51.331,61.705
140.219,63.614,51.192,61.109
138.013,64.657,51.056,60.631
136.708,65.138,50.907,60.570
134.705,66.380,50.688,60.415
131.741,67.147,51.104,60.300
128.906,69.475,51.581,60.044
125.983,71.948,52.217,59.877
123.859,74.270,52.899,59.572
123.442,75.403,52.974,59.879
123.145,74.491,53.747,60.387
125.031,72.917,54.211,60.902
127.377,70.583,54.350,61.694
130.934,69.194,54.195,62.323
135.464,68.363,53.123,62.897
137.799,68.789,51.982,62.995
140.339,68.508,50.961,63.076
140.826,70.091,51.152,62.036
141.516,70.314,51.492,61.420
143.372,70.853,52.026,60.566
144.197,70.658,52.902,59.763
143.794,69.357,53.962,59.129
142.120,68.733,54.210,58.799
139.009,67.811,54.197,59.109
136.963,68.579,53.803,58.959
135.376,71.285,53.482,58.980
132.130,72.593,53.169,59.373
131.016,74.037,52.614,59.697
130.676,75.734,52.442,59.608
130.171,78.527,52.478,59.457
127.147,80.841,53.452,58.838
124.861,82.781,54.237,58.531
121.546,84.753,55.359,58.337
118.129,85.688,56.970,57.998
115.215,87.227,58.175,58.091
112.876,89.141,58.356,58.913
111.205,90.741,58.469,60.000
110.528,91.935,58.863,60.726
109.081,93.650,59.163,60.984
110.931,95.464,59.052,61.122
109.921,96.214,59.618,60.810
109.221,97.228,60.328,60.456
110.061,100.086,60.332,60.482
108.006,102.726,60.808,60.244
107.072,106.021,60.958,60.499
107.393,109.869,60.479,61.534
108.387,113.026,60.103,62.586
108.366,115.267,59.415,63.922
109.190,115.672,58.649,64.870
108.510,116.375,58.552,65.562
108.042,116.118,58.197,66.069
107.236,116.632,58.005,66.334
106.280,117.115,57.626,66.516
103.805,117.356,57.504,66.419
105.104,117.490,57.421,66.459
105.153,117.063,57.232,66.242
103.744,117.974,56.755,66.141
102.960,118.283,56.584,65.818
101.795,118.747,56.661,65.430
101.088,119.127,56.521,65.215
102.273,118.529,56.351,64.947
100.852,117.791,56.001,64.963
101.310,116.957,55.293,65.802
101.361,115.255,54.868,66.814
99.977,112.772,54.615,67.802
98.859,110.504,54.282,69.039
98.697,109.433,54.031,70.031
98.547,108.917,53.406,71.092
98.976,101.566,50.774,74.643
100.481,97.250,48.750,77.049
101.826,94.128,47.339,78.822
102.289,92.766,46.874,79.320
102.528,89.697,46.597,80.082
102.595,86.468,46.637,80.494
103.602,83.941,46.931,80.070
103.657,79.953,47.574,79.625
103.134,75.874,48.378,78.983
102.868,71.425,48.821,78.812
102.468,66.158,49.405,78.604
101.739,68.166,50.254,77.179
101.024,63.498,50.471,77.265
100.753,63.138,50.843,76.199
100.824,61.021,51.344,75.692
100.882,60.435,52.064,74.665
100.586,59.744,52.436,74.014
99.553,60.023,52.787,73.175
97.561,56.440,52.902,73.376
95.666,56.238,53.233,72.751
93.833,54.910,53.689,72.451
91.967,54.846,53.939,71.720
88.262,54.930,54.332,71.351
85.821,54.082,53.978,71.131
84.308,53.137,53.496,71.225
84.364,52.206,53.036,71.188
83.540,51.710,52.286,71.332
83.149,52.079,51.956,70.968
83.309,50.335,51.416,70.989
82.377,51.777,51.464,70.396
83.086,52.533,51.399,69.878
82.766,53.389,51.410,69.586
81.955,53.889,51.276,69.658
80.635,53.947,51.470,69.063
80.557,54.627,51.397,68.377
80.500,56.421,51.031,67.671
79.248,57.834,50.864,66.970
77.750,58.816,50.526,66.335
76.281,61.594,52.655,63.811
74.476,63.490,54.371,61.816
73.422,65.150,55.894,60.028
71.014,66.804,56.966,58.773
70.153,69.528,57.226,57.851
70.232,71.235,58.040,56.884
68.766,72.324,58.416,56.242
68.787,73.647,58.882,55.681
69.150,76.114,58.699,55.469
68.356,78.579,58.263,55.353
68.405,81.526,57.404,55.156
68.779,83.040,56.914,54.753
69.709,84.918,56.993,54.071
69.580,86.190,56.902,53.301
71.543,85.565,56.827,52.939
71.821,83.489,56.600,52.752
74.466,80.458,55.878,53.167
77.097,76.654,55.409,53.606
79.599,75.100,55.165,53.783
81.889,74.226,55.360,53.931
84.030,72.553,55.658,54.174
86.323,70.915,55.762,54.618
89.541,69.669,55.623,55.341
91.799,67.560,55.208,56.402
95.087,65.342,54.812,57.399
97.247,62.937,54.333,58.649
99.881,60.433,54.250,59.660
101.519,59.152,54.833,60.095
101.270,58.747,55.230,60.713
101.498,57.840,55.540,61.058
101.388,56.868,55.735,61.582
100.493,55.228,56.063,62.027
99.636,53.663,56.236,62.209
98.542,51.842,55.984,62.510
100.083,51.690,55.886,62.349
97.738,49.614,56.164,62.464
98.211,48.767,55.776,62.508
97.949,47.306,55.559,62.787
98.597,46.441,55.517,62.723
96.158,44.885,55.427,62.890
97.567,43.805,55.239,62.706
94.114,43.204,55.613,62.487
97.597,44.436,55.179,62.475
93.182,43.364,55.435,62.346
92.158,44.092,55.569,61.817
90.127,44.371,55.337,61.677
89.005,43.915,55.441,61.376
87.249,44.058,55.662,60.935
84.738,43.627,55.824,60.701
82.886,43.285,55.945,60.520
81.560,41.933,55.994,60.396
80.868,40.836,56.340,60.397
78.258,39.634,55.977,60.758
78.252,37.301,56.121,60.596
76.310,35.632,56.156,60.606
74.722,33.206,56.178,60.710
74.668,31.560,55.835,60.857
73.751,29.817,55.690,60.933
72.943,30.016,55.008,61.079
71.563,28.524,54.709,61.114
70.017,28.467,54.208,61.231
69.098,28.454,53.968,60.964
67.982,27.359,53.875,60.710
69.260,26.901,53.837,60.428
69.328,28.470,53.603,60.483
69.632,29.230,53.317,60.468
71.495,29.687,53.465,60.362
71.305,30.455,52.945,60.724
72.002,31.637,52.720,60.778
73.966,33.338,52.489,61.040
73.936,34.263,52.287,61.348
75.460,36.182,52.417,61.647
75.783,38.936,52.822,61.450
76.096,41.358,53.177,61.340
77.355,44.651,53.066,61.329
78.553,47.362,53.079,60.979
79.503,50.209,52.978,60.759
81.076,52.202,53.145,60.166
82.759,52.152,53.349,59.658
85.364,53.510,53.260,59.118
87.212,53.316,53.367,59.099
88.915,52.172,53.719,59.019
90.990,51.316,53.685,58.878
93.841,49.933,53.546,58.779
96.494,48.349,53.079,58.975
99.162,47.112,52.709,59.203
101.935,45.215,52.537,59.449
102.510,43.248,52.099,59.837
106.412,41.418,51.672,59.712
108.045,39.887,51.438,59.629
110.829,38.127,50.847,59.683
113.338,36.423,50.385,59.597
114.989,35.205,49.862,59.526
117.373,33.779,49.376,59.517
119.923,33.387,48.857,59.477
122.072,32.492,48.544,59.304
125.016,32.273,48.206,58.971
126.177,31.618,48.018,58.608
129.941,31.268,47.850,58.201
130.695,30.867,47.800,57.857
133.445,30.760,47.572,57.463
136.037,30.906,47.256,57.184
139.136,30.861,46.985,56.796
140.070,31.163,46.637,56.585
143.416,31.313,46.364,56.307
144.039,30.389,46.013,56.307
148.356,30.049,45.565,56.353
149.685,30.298,45.428,56.202
151.303,30.339,45.416,56.031
152.998,30.049,45.133,56.099
155.201,30.296,44.716,56.275
157.512,30.555,44.423,56.432
158.731,31.455,44.390,56.153
160.007,32.464,44.093,56.142
160.624,34.323,44.034,55.950
162.564,36.031,44.054,55.635
163.109,36.841,44.033,55.546
164.235,39.048,44.033,55.130
164.508,40.787,44.093,54.760
166.585,42.889,44.094,54.406
167.578,45.405,44.199,54.009
168.333,47.222,44.171,53.839
169.292,49.263,44.085,53.555
170.016,51.335,44.281,53.144
170.481,52.936,44.362,52.916
170.810,54.570,44.243,52.651
171.084,56.204,44.045,52.512
171.725,57.369,43.705,52.618
171.250,58.750,43.778,52.292
171.330,58.822,43.943,52.084
170.673,59.930,43.833,52.012
169.636,60.221,43.838,51.999
167.716,60.857,44.030,51.602
164.954,60.580,44.014,51.763
163.866,60.924,44.145,52.039
163.039,60.669,44.092,52.500
161.027,59.445,44.157,52.836
159.939,58.555,43.921,53.241
159.829,57.667,43.822,53.414
159.123,56.381,43.612,53.276
157.688,56.349,43.188,52.984
155.648,57.310,42.461,53.091
153.423,57.404,42.287,52.939
151.128,59.253,42.161,52.781
148.617,59.871,42.077,52.797
145.270,59.566,42.233,52.723
141.543,60.538,42.193,52.626
137.139,60.714,42.445,52.661
133.862,60.971,42.891,52.356
131.993,61.957,44.172,51.703
129.083,62.936,45.626,50.889
125.462,64.573,46.278,50.689
121.180,66.480,46.784,50.447
117.627,67.718,47.239,50.376
114.401,69.166,47.741,50.741
111.237,70.755,47.930,51.387
108.507,71.435,48.168,52.181
105.049,71.931,48.826,52.780
102.632,72.542,49.536,53.293
99.891,72.749,50.063,53.629
97.758,73.688,50.411,53.858
95.157,74.645,50.548,53.992
93.043,75.577,50.698,54.173
91.040,76.999,50.977,54.103
90.906,77.545,51.501,54.255
88.982,78.090,52.218,54.186
88.313,78.820,52.650,54.287
88.177,79.495,52.586,54.775
89.050,80.843,52.365,55.387
89.616,81.831,51.854,56.106
90.608,83.095,51.403,56.413
90.474,85.607,50.618,56.570
92.420,89.437,49.959,56.107
93.976,93.786,49.557,55.747
95.437,98.866,49.773,55.192
95.913,102.522,50.387,54.584
97.115,106.068,51.093,54.028
95.378,107.205,51.367,53.683
94.866,109.011,51.215,54.001
95.173,110.240,50.869,54.958
95.945,111.447,50.390,56.083
96.433,112.299,49.991,56.922
95.843,120.963,50.134,57.523
96.396,123.791,50.597,57.738
97.138,127.635,51.270,57.760
96.661,130.099,51.801,58.013
95.586,129.682,52.498,58.126
93.762,126.465,52.910,58.896
94.787,125.017,53.085,59.958
95.419,123.252,53.293,61.135
94.916,121.177,54.013,62.071
94.217,119.551,53.654,63.184
93.005,117.583,53.555,64.333
92.132,107.063,53.500,65.570
90.949,94.656,54.470,66.079
89.908,88.634,55.299,66.649
89.634,82.885,56.051,66.735
86.542,75.718,56.980,66.679
88.438,69.369,57.588,66.477
86.122,68.100,57.695,66.258
90.128,65.488,57.595,66.279
92.224,64.420,57.705,65.893
94.631,64.261,57.091,66.210
99.295,63.796,57.366,65.673
100.512,64.598,57.732,65.273
103.913,64.742,57.784,64.999
106.995,64.549,57.567,64.628
108.494,64.948,56.887,64.616
111.255,66.121,56.149,64.552
113.628,66.452,55.696,64.570
115.103,67.406,55.269,64.514
116.492,67.362,55.676,64.127
118.781,67.060,56.191,63.552
119.266,68.269,56.657,62.755
120.941,68.634,57.119,62.077
120.360,67.500,57.029,61.964
120.511,67.364,56.442,62.058
119.446,66.433,55.928,62.251
118.820,66.395,55.646,62.435
117.804,67.040,55.228,62.730
115.171,66.037,55.423,63.002
113.199,65.894,55.481,63.061
111.832,66.888,55.188,63.140
108.269,67.092,55.352,62.965
105.995,67.737,55.516,62.926
103.892,69.165,55.425,63.491
102.425,68.351,55.354,63.819
97.794,67.652,55.378,64.231
97.959,69.577,55.551,64.200
93.924,70.408,55.343,64.406
92.275,72.025,55.716,63.841
90.217,73.389,55.972,63.494
88.543,75.372,56.262,63.046
87.068,75.841,56.693,62.829
86.368,76.622,56.889,62.622
83.819,78.001,57.179,62.317
84.742,79.211,57.315,61.847
83.116,80.481,57.350,61.668
83.957,82.698,57.057,61.482
82.838,85.883,57.306,60.974
83.465,88.455,57.205,60.506
84.128,90.700,56.940,59.838
84.767,95.208,56.794,59.258
84.670,98.967,56.274,58.666
85.868,102.077,54.501,58.762
86.891,104.635,53.556,58.519
88.042,107.413,53.093,57.930
87.904,109.344,52.844,57.326
87.621,110.764,52.372,57.084
89.346,112.742,52.354,56.593
91.423,113.267,52.037,56.733
93.087,114.460,51.776,57.324
94.989,113.975,51.559,57.831
95.732,114.432,51.545,58.338
97.792,114.446,50.850,59.247
102.209,113.729,50.733,59.962
105.347,113.513,51.277,60.424
108.430,113.269,51.390,61.293
111.133,111.715,51.308,62.520
110.729,109.248,51.280,63.520
110.320,106.039,51.194,64.552
110.378,102.020,50.966,65.456
111.076,97.741,51.073,65.680
110.546,94.145,51.950,65.344
111.780,89.442,52.238,65.418
110.815,86.388,53.436,65.119
109.903,83.785,54.390,65.088
108.137,81.494,55.081,65.194
105.096,79.846,55.910,65.293
104.100,77.919,56.344,65.555
100.204,76.380,56.718,65.743
98.021,74.959,57.042,66.096
95.601,73.486,57.500,66.226
94.392,72.012,57.656,66.523
92.334,70.809,58.030,66.482
91.802,69.706,58.019,66.438
90.515,68.595,58.464,66.365
89.897,67.576,58.401,66.284
89.241,65.275,58.672,66.142
88.735,63.422,58.753,65.773
90.262,62.493,58.689,65.373
91.004,61.589,58.546,65.253
93.415,60.916,58.298,64.883
93.629,60.733,57.963,64.691
96.004,59.424,57.556,64.804
97.831,59.768,57.471,64.687
99.610,60.340,57.060,64.944
100.645,60.970,56.704,65.047
104.129,60.003,56.612,65.331
103.005,60.058,56.626,65.237
105.198,59.634,56.425,65.282
104.996,59.081,56.175,65.201
109.550,59.404,55.736,65.293
109.353,58.765,55.607,65.086
113.744,59.643,55.708,64.498
112.665,58.719,55.516,64.126
114.917,58.877,55.022,63.777
115.673,59.202,55.026,63.266
115.284,59.379,55.091,62.721
115.381,60.325,54.962,62.409
115.536,61.066,54.789,61.971
117.335,62.387,54.541,61.716
118.472,62.909,54.775,61.106
118.711,63.065,55.052,60.573
119.870,63.410,54.773,60.615
120.017,62.673,54.661,60.599
121.680,62.523,54.363,60.796
123.331,62.067,54.068,60.748
122.158,61.841,53.846,60.566
123.499,61.208,53.328,60.831
124.219,60.886,52.705,61.045
125.309,59.846,52.195,61.222
126.000,59.181,51.346,61.400
127.036,59.596,50.862,61.315
128.175,58.871,50.578,61.303
130.705,59.718,50.561,60.940
131.100,59.662,50.458,60.716
132.290,59.836,50.134,60.769
132.822,60.453,49.665,60.884
132.963,61.652,49.279,61.067
133.202,64.320,48.796,61.082
133.218,67.208,48.624,60.772
133.014,70.989,48.403,60.645
132.075,74.555,48.342,60.709
132.134,78.473,48.490,60.531
132.203,81.978,49.110,60.105
132.771,83.728,49.610,60.030
131.210,85.275,49.670,59.888
130.955,88.525,50.122,59.480
129.964,90.536,50.296,59.395
129.739,92.958,50.411,59.324
128.892,94.799,50.655,59.311
126.473,101.547,51.160,59.371
125.115,102.055,51.415,59.592
124.027,103.656,52.205,58.942
129.332,97.676,52.497,58.787
127.754,97.411,52.592,58.796
126.270,97.163,52.626,59.115
124.016,95.545,52.799,59.510
123.695,89.247,52.938,59.850
121.957,89.219,53.517,60.153
120.815,81.631,53.551,60.616
119.811,77.656,53.157,60.845
118.618,76.084,52.887,61.385
118.949,71.923,52.480,61.156
120.741,68.440,51.918,60.962
120.540,65.053,48.666,64.076
120.959,61.907,46.286,66.202
121.891,58.783,47.014,64.211
121.138,57.761,47.311,63.271
120.208,56.691,47.885,62.040
119.031,54.959,48.056,61.217
116.189,55.697,48.340,60.259
113.252,55.057,48.558,59.386
110.247,54.322,48.788,58.422
107.728,53.582,48.865,57.502
105.976,53.742,48.882,56.717
103.368,54.381,48.868,56.198
99.777,53.779,48.842,56.077
96.042,52.651,49.112,55.778
93.714,53.338,49.398,55.224
91.225,52.774,49.559,55.055
88.625,53.256,50.007,54.693
82.398,53.758,49.526,54.660
79.987,54.404,49.151,54.607
77.164,54.804,48.832,54.479
74.351,55.633,48.583,54.393
71.995,56.688,48.238,54.623
70.566,57.377,48.089,54.881
69.595,57.889,48.079,55.212
68.204,57.571,48.403,55.154
67.600,57.641,48.973,55.030
65.632,56.618,49.119,55.208
65.749,57.206,49.057,55.302
65.278,57.343,48.819,55.480
65.126,58.133,49.028,55.553
65.589,58.128,49.023,55.794
67.759,59.170,48.840,55.828
68.659,59.186,49.007,55.615
72.122,60.169,49.160,55.483
75.332,61.144,49.136,55.332
82.187,61.968,49.349,54.891
85.276,63.715,49.263,54.722
88.433,65.775,48.963,54.701
92.069,67.410,48.872,54.578
96.114,67.054,49.087,54.442
99.989,68.650,49.004,54.444
102.846,68.364,48.828,54.870
108.417,67.361,48.258,55.247
110.627,68.278,47.826,55.492
117.493,67.575,47.007,56.040
120.553,67.977,46.497,56.299
124.404,68.831,45.923,56.424
131.810,69.327,46.256,56.211
134.517,70.551,46.556,55.638
136.900,70.669,46.527,55.330
140.939,71.274,46.449,54.872
143.477,70.820,46.813,54.452
146.815,71.534,47.619,53.608
148.590,71.243,48.110,52.984
151.304,72.021,48.666,52.433
153.494,72.548,49.168,51.925
155.076,73.419,49.066,52.138
157.031,74.984,48.971,52.495
158.427,76.659,48.769,52.940
160.629,83.485,48.902,53.062
163.512,85.192,48.899,53.233
165.598,87.475,48.251,54.018
167.687,95.018,48.128,53.928
167.216,95.899,47.739,54.342
166.248,102.418,47.830,54.243
165.851,103.640,47.825,54.709
164.975,109.967,48.184,54.433
164.178,114.954,48.395,54.267
166.060,110.365,45.449,57.706
166.786,112.992,43.417,59.994
167.232,115.880,41.812,61.711
167.569,119.618,40.716,63.060
167.788,123.137,40.196,63.614
167.542,127.494,39.662,64.248
159.413,134.819,41.507,62.608
158.596,141.403,43.538,60.745
159.168,147.512,45.311,59.208
164.415,153.654,46.091,58.274
167.335,152.898,47.012,57.644
164.920,152.551,47.827,56.869
165.402,151.234,48.603,56.114
164.565,150.811,49.260,55.646
164.125,149.717,49.752,55.260
163.226,148.833,49.983,54.978
162.030,148.022,49.876,54.804
162.260,152.489,50.181,54.682
162.492,150.084,50.488,54.729
148.015,133.440,50.747,54.112
147.693,123.928,50.817,54.260
146.721,116.098,51.337,55.039
145.287,114.582,51.884,55.447
144.077,112.584,52.709,55.537
142.571,110.256,53.386,55.801
142.094,102.077,54.557,55.990
150.485,100.254,55.129,56.363
149.972,96.503,55.526,56.630
148.429,93.073,55.189,57.558
146.889,89.477,54.834,58.658
145.901,85.779,53.892,59.963
145.261,83.229,52.945,61.206
144.778,80.835,52.122,62.187
143.673,80.180,52.024,62.763
141.769,79.336,52.546,63.004
140.804,79.965,52.980,63.137
139.145,80.489,53.571,63.127
137.670,80.532,54.258,63.265
135.458,81.611,55.257,63.251
133.163,82.296,56.051,63.391
129.601,82.369,56.945,63.492
125.925,82.267,57.554,63.623
122.294,82.054,57.951,63.573
120.404,82.692,59.022,63.109
118.131,84.404,60.075,62.660
106.340,87.532,62.012,61.337
103.812,91.013,63.426,60.280
100.770,93.479,64.322,59.505
99.650,96.477,63.820,59.387
95.835,96.535,63.278,59.740
94.990,96.436,62.229,60.233
93.829,96.557,60.836,60.979
91.982,94.728,60.013,61.677
91.515,94.710,59.211,62.334
91.240,93.098,58.428,62.660
91.673,93.487,58.238,62.978
91.081,93.817,58.248,63.096
91.737,94.580,57.991,63.143
92.840,93.731,58.313,63.118
91.745,93.854,57.976,63.537
91.114,93.734,57.722,63.990
90.237,93.215,57.431,64.389
89.372,93.304,56.994,64.671
88.316,92.537,56.480,64.964
88.754,92.151,56.278,64.874
89.302,92.344,56.340,64.745
88.222,92.464,56.873,64.585
86.629,92.018,56.597,65.453
85.472,91.568,56.253,65.748
84.833,90.609,56.090,66.143
84.916,90.243,55.944,66.316
82.976,89.549,55.453,66.949
84.234,88.184,55.236,67.497
82.558,87.348,55.400,67.704
83.232,84.562,55.729,67.544
81.471,83.425,55.803,67.336
79.809,83.074,56.113,66.992
80.059,81.669,56.639,66.067
78.054,81.124,56.938,64.954
77.913,81.586,57.279,63.795
77.479,80.339,58.004,62.321
77.720,80.310,59.040,60.538
78.195,79.948,60.287,58.507
78.447,81.077,61.311,56.545
77.960,80.850,62.638,55.053
79.126,79.556,63.094,54.374
79.734,77.895,62.456,54.482
81.535,76.091,60.559,55.356
86.446,73.839,58.458,56.435
90.091,70.886,56.915,57.156
93.183,68.699,56.433,57.676
95.385,67.072,55.893,58.329
97.389,64.598,55.410,59.310
98.519,62.507,55.469,60.054
101.170,59.546,55.263,60.670
102.539,58.215,55.615,61.248
101.775,55.975,55.663,62.221
103.903,53.748,55.453,63.032
103.715,50.868,55.977,63.309
106.151,48.488,55.992,63.665
105.750,48.416,55.865,63.853
107.196,47.129,56.015,64.198
107.512,45.868,56.054,64.463
108.849,45.259,56.244,64.362
110.388,44.909,55.782,64.707
112.079,43.797,55.186,65.205
112.756,42.793,55.017,65.186
113.331,42.194,54.569,65.088
114.774,40.939,53.735,65.249
115.654,40.020,52.841,65.466
116.490,39.799,51.747,65.266
117.741,38.773,50.906,64.965
119.282,39.720,49.852,64.719
120.092,39.533,49.189,64.572
121.330,39.679,48.716,64.247
122.770,39.678,48.205,64.023
125.294,41.141,47.848,63.512
126.373,41.760,47.372,63.244
128.507,42.749,47.381,62.359
130.805,44.709,47.176,61.670
132.212,46.236,47.221,61.012
133.300,48.229,47.034,60.539
132.140,47.785,47.314,60.220
131.488,47.393,47.399,60.127
130.580,47.954,46.867,60.387
129.219,47.378,46.476,60.726
127.478,47.096,45.550,61.313
126.130,46.602,45.169,61.453
123.976,46.250,44.815,61.496
122.610,47.191,44.525,61.366
121.197,48.618,44.409,61.175
119.682,49.611,44.476,60.780
117.175,50.212,44.819,60.186
115.696,51.852,45.227,59.602
113.000,52.897,45.942,58.965
108.559,55.745,46.868,58.138
107.009,56.520,46.880,58.623
104.171,57.812,46.734,59.398
101.245,58.408,47.047,60.029
99.006,60.191,46.742,60.750
97.650,62.886,46.514,61.212
95.800,63.503,46.056,61.982
94.051,65.161,45.647,62.639
93.258,65.468,45.282,63.689
91.914,67.196,45.296,63.927
90.779,67.955,45.479,63.969
89.329,70.299,45.587,63.564
88.125,72.300,45.612,63.063
87.559,73.215,45.568,62.688
86.673,75.415,45.421,62.237
86.320,76.647,45.094,61.980
85.532,78.668,44.538,61.640
85.536,79.640,44.403,61.279
85.591,80.944,44.581,60.560
86.076,83.045,44.144,60.382
87.643,84.929,45.744,58.629
89.166,86.296,47.053,57.638
89.773,87.880,48.099,56.978
91.359,88.019,49.267,56.385
91.906,89.070,49.564,56.111
92.538,89.518,49.720,56.143
93.052,89.503,50.314,55.994
93.911,89.910,50.767,55.785
94.439,89.013,51.211,55.728
95.090,89.515,51.691,55.554
95.944,89.068,51.628,55.844
97.082,88.258,51.583,56.441
98.392,87.255,51.330,56.927
99.662,85.584,51.330,57.355
100.840,83.328,51.215,57.929
100.680,81.272,51.689,58.175
100.725,79.658,51.910,58.641
100.011,77.964,52.116,59.073
101.460,75.537,52.692,59.349
101.577,73.999,53.329,59.707
100.768,72.367,53.835,60.353
103.505,70.115,54.422,60.608
104.794,68.882,54.715,61.108
108.499,68.834,54.853,61.491
109.349,68.878,54.713,61.949
111.928,70.355,54.631,62.255
113.163,71.323,55.019,62.223
115.692,73.556,54.895,62.326
115.726,73.966,55.439,62.043
117.076,75.174,55.868,61.879
117.125,75.839,56.068,61.808
117.686,75.845,56.518,61.800
117.786,75.702,56.512,61.891
118.158,75.643,56.609,61.800
118.323,74.827,56.841,61.765
118.073,75.422,56.873,61.702
118.862,76.488,57.414,61.393
119.941,76.714,57.588,61.524
122.079,77.870,57.959,61.710
124.200,79.350,58.390,61.621
132.136,81.010,58.466,61.334
140.381,83.694,59.404,60.733
142.919,90.589,59.159,61.867
150.286,91.239,58.939,62.773
149.365,92.152,59.587,62.971
156.168,92.285,60.057,63.090
160.935,94.726,60.947,62.650
167.215,96.622,61.801,62.421
168.007,97.225,62.816,62.523
175.328,98.506,63.393,62.398
180.287,98.933,63.911,62.078
181.231,100.986,64.386,61.915
187.253,99.729,63.878,62.479
186.939,99.638,63.289,63.062
187.341,98.958,62.684,63.862
187.251,98.613,62.435,64.098
187.324,98.825,62.401,64.231
187.062,98.580,61.958,64.536
186.762,98.487,62.139,64.439
187.070,99.274,62.051,64.256
186.846,99.498,62.366,63.709
184.472,99.466,62.806,63.296
183.559,99.675,62.943,63.148
181.226,99.838,63.156,62.882
180.615,99.977,63.207,62.623
179.357,100.228,63.425,62.322
178.901,101.532,63.807,61.759
178.965,102.454,63.667,61.554
178.636,102.420,63.309,61.608
178.707,102.997,62.925,61.682
180.332,102.908,62.468,61.782
180.438,103.472,62.425,61.460
180.788,104.198,62.599,61.186
181.295,104.015,62.412,61.057
181.097,104.550,62.612,60.783
181.880,104.414,62.503,60.892
181.889,104.206,62.446,60.871
181.855,104.934,62.285,60.816
180.998,104.441,62.024,60.945
181.027,104.867,62.209,60.729
179.806,104.996,62.290,60.720
180.623,104.638,62.317,60.752
180.474,105.056,62.499,60.582
179.613,104.975,62.629,60.392
180.386,104.724,62.420,60.562
180.198,105.225,62.344,60.420
180.116,105.627,62.509,60.283
180.139,105.768,62.616,60.236
181.012,106.080,62.460,60.171
181.226,106.028,62.286,60.093
180.991,106.332,62.179,60.250
181.163,105.671,62.053,60.177
181.230,106.324,62.321,59.907
181.232,106.622,62.259,59.915
181.031,106.873,62.241,59.929
180.661,107.089,62.309,59.874
182.248,106.362,62.215,60.174
181.589,105.589,61.950,60.276
181.240,106.104,61.901,60.330
180.678,105.547,61.790,60.171
181.088,106.621,61.900,60.104
180.528,106.623,61.900,60.097
180.703,107.257,62.032,59.908
181.820,107.222,61.730,59.993
181.975,107.029,61.509,60.074
181.661,105.861,61.198,60.277
181.654,106.459,61.312,60.018
181.389,106.858,61.164,59.936
180.831,107.291,61.275,59.551
181.357,107.355,61.210,59.521
