232.000,88.000,76.000,84.000
243.537,87.498,70.046,90.916
255.410,89.151,66.099,95.575
291.536,91.920,69.058,92.036
304.735,104.260,69.798,90.136
308.654,107.605,70.581,88.410
313.374,107.739,70.863,87.441
316.094,106.808,71.174,86.353
311.278,104.242,71.672,84.824
303.769,103.855,71.433,84.389
291.010,104.563,71.303,84.470
285.751,104.780,70.643,84.672
269.963,105.951,70.061,84.961
258.255,104.691,70.447,84.543
247.825,104.360,70.780,83.940
239.963,104.176,70.637,84.333
227.703,103.152,69.805,84.752
222.281,103.812,68.722,85.503
224.969,103.061,64.648,89.387
222.264,102.243,65.000,88.775
224.042,102.364,66.120,86.598
236.878,98.904,62.640,88.402
260.613,98.177,64.257,86.098
274.438,98.508,65.798,84.573
282.529,112.009,65.871,84.212
289.276,111.261,67.590,81.953
295.542,111.440,68.413,80.291
302.866,111.727,69.134,79.186
304.984,112.596,69.040,79.820
302.186,108.483,68.587,79.927
300.853,105.854,68.570,79.128
297.745,104.004,69.231,78.183
292.677,103.563,70.721,76.512
285.316,102.551,71.651,75.297
272.514,100.393,73.268,74.315
260.583,101.764,74.343,74.376
248.432,103.991,72.384,76.438
243.998,102.850,70.852,78.030
246.832,101.101,71.387,77.472
259.168,101.614,73.269,76.455
280.598,102.526,73.944,75.667
300.982,104.560,75.176,74.784
321.881,113.115,76.638,73.647
342.669,109.408,76.210,74.104
347.533,114.392,75.035,74.916
351.361,112.119,73.835,76.168
346.193,119.363,74.445,75.623
333.763,98.482,73.429,75.734
315.295,100.501,72.614,75.576
292.352,107.074,71.828,75.688
267.637,113.604,71.111,76.096
245.217,125.177,70.761,76.042
222.522,127.683,70.840,75.906
207.356,129.910,70.689,75.418
194.553,131.500,71.678,73.427
191.534,134.119,72.801,71.285
190.839,134.876,73.086,69.918
191.520,135.000,72.834,69.063
210.801,124.681,72.138,69.300
220.160,133.556,72.010,69.085
233.328,137.678,73.585,67.143
239.748,140.069,78.259,61.987
255.421,158.886,77.438,62.293
270.802,169.568,77.048,62.500
284.659,179.061,74.740,63.961
289.053,176.800,69.600,68.436
292.407,178.397,63.845,73.776
295.140,172.885,59.605,77.956
297.020,169.022,56.624,80.540
296.662,173.295,54.773,81.846
290.270,179.652,53.303,82.992
292.862,176.773,52.237,83.765
295.241,173.744,51.461,84.177
296.865,171.849,50.434,84.639
297.629,169.638,49.510,85.103
298.851,174.393,48.572,85.524
299.467,172.588,47.890,85.636
299.975,169.711,46.959,85.957
301.740,168.367,45.717,86.537
291.571,177.474,48.526,83.308
289.377,177.755,51.124,80.194
288.613,153.735,54.653,76.512
271.713,153.219,57.974,72.739
261.559,133.736,58.957,71.721
255.840,121.468,55.862,74.909
248.862,116.216,52.925,77.948
235.770,116.846,54.164,76.309
227.456,116.195,51.771,78.963
247.002,107.549,47.772,83.946
238.518,106.815,46.081,85.628
230.991,107.798,45.566,85.586
232.509,101.221,45.039,86.272
240.852,100.661,44.168,86.769
249.176,101.335,43.387,87.138
240.005,101.255,44.107,86.235
247.442,99.174,44.073,86.139
246.735,98.455,44.435,85.429
253.882,100.058,44.456,85.698
254.122,115.709,48.312,81.517
254.363,106.032,47.536,82.743
245.514,105.778,47.511,82.624
243.695,104.436,46.846,83.050
235.415,103.582,46.831,83.100
234.648,103.999,45.890,84.478
234.669,104.392,44.900,85.372
228.976,108.284,48.526,81.133
234.495,99.322,51.384,76.894
253.158,98.259,54.024,73.583
272.969,116.927,52.440,74.423
292.564,117.649,51.094,75.589
310.931,120.309,53.131,73.712
301.334,122.311,54.384,71.958
311.162,117.207,55.306,71.060
323.209,118.526,55.623,70.785
332.079,116.603,56.475,69.951
334.667,117.533,56.725,69.672
336.754,120.182,56.959,69.143
348.324,123.564,56.292,68.468
350.668,124.760,57.098,67.073
354.942,119.295,58.081,66.199
357.414,127.638,58.927,65.421
359.608,126.306,59.025,65.461
364.979,132.522,60.283,64.040
361.419,141.018,61.865,62.070
363.249,127.291,68.520,55.872
350.444,128.865,73.372,51.443
360.905,123.969,70.023,54.751
346.047,122.734,66.783,58.143
327.543,120.853,64.447,60.245
308.287,120.341,62.728,61.848
290.420,119.343,60.294,64.090
271.790,127.131,58.189,66.431
264.323,122.682,54.678,70.140
243.734,132.538,55.599,69.059
224.615,133.489,56.588,67.709
214.900,136.893,57.327,66.140
207.037,132.652,58.265,64.518
200.611,134.974,58.573,63.253
208.485,143.038,58.653,62.960
201.452,141.831,59.011,62.435
202.157,141.768,59.048,61.887
202.870,141.933,58.968,61.487
210.876,142.088,58.737,61.270
202.932,142.907,58.793,60.860
203.535,136.719,58.916,59.921
219.499,136.642,58.742,59.958
227.064,144.532,59.184,59.468
234.456,130.102,59.323,59.067
250.010,135.118,65.319,53.477
272.616,130.341,69.593,49.323
293.965,124.852,73.133,45.693
312.777,117.396,75.801,43.008
330.425,115.271,77.237,41.198
337.573,112.539,77.936,40.061
340.512,112.810,79.093,38.486
346.193,120.300,80.406,36.982
344.875,127.208,81.580,36.141
328.577,125.267,82.237,35.471
317.823,131.581,82.970,34.761
300.232,130.624,82.587,34.697
290.575,137.670,82.100,34.758
304.522,134.306,75.000,41.594
297.148,126.086,69.148,47.049
285.291,126.562,64.834,51.305
271.131,125.835,61.161,54.895
256.285,127.965,59.077,56.706
260.040,125.935,53.520,62.702
253.234,137.290,51.024,64.566
254.689,143.788,52.176,63.316
253.526,144.725,53.839,61.537
253.564,145.311,54.842,60.290
253.628,146.023,55.866,59.219
260.784,144.476,55.828,59.145
260.584,132.085,52.364,62.587
250.370,135.490,58.767,56.320
264.537,129.674,64.939,50.546
270.538,123.589,68.781,46.813
271.144,103.568,66.368,49.247
256.836,95.205,63.392,52.643
247.370,95.985,60.621,55.521
241.211,87.137,59.562,57.087
251.605,87.931,59.764,56.801
259.704,86.579,61.934,55.131
269.450,86.403,62.662,54.659
278.581,93.330,60.654,56.644
278.209,93.548,59.887,57.491
274.882,94.493,59.306,58.104
271.495,97.684,57.969,59.103
278.545,98.622,57.387,59.087
289.352,98.188,56.727,59.020
299.048,90.561,56.511,58.305
304.422,81.883,56.226,58.227
293.070,77.657,56.512,57.791
286.791,70.038,57.732,56.487
282.431,62.243,58.568,55.032
281.561,52.532,59.750,53.763
271.354,46.358,64.015,49.856
255.804,48.720,67.581,46.375
245.324,58.792,70.214,43.876
243.675,76.279,67.116,46.985
242.912,78.484,66.102,47.932
254.485,79.370,63.979,49.921
260.587,69.728,61.446,52.122
259.649,61.648,60.656,52.737
251.172,56.428,60.645,52.781
241.581,59.469,61.334,51.994
226.913,63.647,65.085,47.976
223.545,62.772,68.942,45.040
228.817,57.253,65.767,48.817
240.230,53.245,63.644,51.286
235.313,39.530,58.386,56.482
213.163,49.972,63.606,51.768
217.689,52.983,68.153,48.144
222.022,54.531,71.496,45.507
226.975,55.227,73.933,43.594
227.164,56.133,76.153,41.909
226.392,57.188,78.633,40.081
224.507,57.849,80.878,38.403
223.694,58.332,82.689,37.167
222.969,66.693,82.961,36.895
209.594,67.666,83.796,36.384
203.082,60.629,85.292,35.267
200.638,61.439,86.109,34.408
207.202,54.127,86.163,34.619
205.621,46.369,86.029,35.106
203.332,45.501,86.035,35.432
201.752,44.520,86.014,35.532
200.477,43.616,85.841,35.788
191.733,43.774,86.044,35.842
184.142,43.420,86.163,36.036
176.570,43.117,86.468,36.168
168.117,43.317,86.590,36.244
164.697,43.274,86.565,36.456
167.871,44.018,86.358,36.842
177.273,43.918,86.715,36.902
191.913,44.616,87.010,36.943
191.465,37.042,87.534,36.784
189.527,21.322,88.527,36.477
180.100,12.371,89.102,36.233
176.564,12.677,91.209,34.919
162.495,12.748,94.358,33.463
162.476,12.730,96.578,32.523
162.541,12.937,97.756,32.109
161.282,21.140,98.803,31.752
150.648,38.870,98.030,32.436
150.055,46.245,96.638,33.577
150.237,45.464,95.489,34.534
157.334,45.230,95.155,35.250
165.016,45.366,95.048,35.779
174.080,44.935,96.242,35.343
184.023,44.390,95.788,35.911
192.472,43.621,94.886,36.629
201.031,42.673,94.201,37.245
201.826,41.964,93.948,37.463
202.760,49.956,93.729,37.495
199.588,58.277,94.723,36.690
196.380,50.721,96.581,35.556
198.812,59.019,97.976,34.708
200.174,59.237,99.122,34.067
199.582,60.041,100.065,33.524
197.137,60.532,100.949,33.111
198.634,60.871,101.002,33.128
196.488,53.298,102.170,32.520
196.155,53.700,103.098,32.090
192.128,54.402,103.380,31.826
191.326,55.583,103.825,31.327
190.003,56.492,104.471,30.847
193.271,57.348,105.211,30.654
195.950,57.900,105.543,30.445
197.057,58.854,106.192,30.207
199.559,59.935,106.540,30.199
207.622,60.048,106.122,30.729
207.370,61.157,105.947,31.050
205.328,61.388,105.339,31.443
197.871,61.833,105.215,31.628
197.164,53.316,105.915,31.568
196.290,53.846,106.758,31.385
197.064,61.677,106.020,32.139
195.561,61.361,105.342,32.846
197.432,61.844,103.786,34.264
196.502,62.428,101.971,35.677
189.301,62.616,100.419,36.779
196.715,53.597,94.300,42.061
187.847,54.332,89.334,46.339
188.613,47.356,85.307,49.569
187.575,38.258,87.342,48.229
178.431,37.634,89.147,47.199
176.081,38.508,92.661,44.932
165.254,31.066,96.041,42.623
163.994,22.749,98.445,41.021
162.674,14.650,101.491,39.177
158.085,14.175,103.925,37.855
156.258,13.603,105.934,36.929
156.722,12.913,107.464,36.277
154.867,12.201,108.725,35.843
154.881,11.487,109.932,35.307
150.735,11.697,110.587,34.890
152.193,11.662,111.935,34.410
150.645,11.956,112.768,34.193
152.473,12.876,113.813,33.798
154.072,12.995,114.289,33.732
149.382,22.240,114.368,34.019
160.938,20.859,112.620,35.737
155.434,20.425,113.270,35.957
155.269,11.680,113.614,35.814
153.936,11.599,114.550,35.443
151.956,11.075,115.583,35.201
152.070,10.321,116.132,35.157
151.817,9.192,116.426,35.157
153.109,8.509,116.463,35.407
152.242,16.741,117.898,35.208
153.907,14.546,119.111,35.269
155.388,13.879,119.345,35.614
157.155,14.255,120.657,35.371
155.014,14.496,121.375,35.550
159.221,14.327,122.556,35.454
154.313,13.909,122.767,35.852
157.817,13.418,123.065,35.977
151.564,12.206,122.364,36.693
149.931,10.566,122.193,37.088
146.824,9.958,122.475,37.078
151.794,9.067,124.498,36.502
159.225,9.918,125.309,36.220
154.824,10.124,126.041,36.058
151.666,9.739,126.702,35.843
150.830,18.087,127.990,35.854
147.718,15.727,128.263,36.338
145.052,13.919,127.511,37.210
142.420,12.545,127.128,37.705
144.566,11.603,127.628,37.791
153.671,11.758,128.701,37.580
158.712,10.646,129.272,37.562
157.342,10.004,128.826,37.998
155.652,9.840,128.367,38.426
160.915,9.244,128.742,38.319
163.930,9.569,129.469,38.096
165.826,10.612,130.061,37.963
170.355,10.711,130.592,38.163
164.624,10.504,131.138,38.324
161.774,10.495,131.270,38.543
166.781,10.938,131.471,38.732
163.313,10.977,131.445,38.981
161.961,10.712,131.112,39.173
159.574,10.506,130.902,39.419
159.744,10.631,132.405,39.069
155.621,9.912,132.438,39.281
151.608,8.832,133.136,39.233
153.342,8.773,134.192,38.961
148.436,8.914,134.565,38.995
