32.000,60.000,68.000,78.000
35.527,63.233,69.845,76.292
35.870,66.673,70.863,75.917
46.171,73.526,71.371,75.662
51.379,76.420,71.550,75.271
59.095,77.563,71.491,75.472
64.698,79.449,71.933,75.177
74.461,81.173,71.472,75.185
83.676,81.240,70.907,75.328
95.936,83.889,71.398,75.229
105.331,90.430,72.085,74.765
114.763,90.562,71.584,75.369
124.240,90.135,69.927,76.276
127.835,87.746,68.939,76.774
137.678,86.334,67.369,76.853
141.671,84.781,66.684,77.089
147.744,74.839,66.549,75.743
150.497,72.858,66.379,75.345
161.468,71.472,66.584,74.376
173.318,70.405,66.968,73.553
184.061,70.712,67.929,72.553
204.342,71.744,68.455,71.485
224.161,72.508,68.582,71.151
235.663,72.745,68.287,71.287
247.482,72.263,68.853,70.874
261.735,73.617,69.825,70.635
274.415,72.406,69.708,70.522
282.327,72.190,70.010,70.935
286.273,71.401,69.385,71.425
287.987,70.628,68.128,72.157
284.604,71.487,67.199,71.952
274.804,70.949,66.302,71.904
267.014,81.033,66.306,72.510
252.899,80.349,66.144,72.762
240.280,79.693,66.171,72.434
226.472,78.460,66.317,72.076
213.816,79.102,66.821,71.596
195.996,71.848,67.131,70.611
184.475,76.908,67.338,69.501
174.725,79.321,66.893,68.887
162.768,91.761,67.966,68.369
152.486,106.250,68.783,67.267
145.949,109.678,68.889,66.781
136.972,111.788,69.250,67.025
132.810,110.175,68.210,68.791
128.238,110.118,67.233,70.723
124.113,110.023,66.471,72.314
120.089,109.950,66.473,72.886
116.892,108.738,67.408,72.874
113.397,106.015,68.050,73.310
112.061,103.924,69.353,73.290
112.189,103.350,71.047,73.126
122.946,102.916,71.621,74.051
135.170,103.247,71.584,74.704
156.590,102.233,71.539,75.130
174.192,89.412,70.843,76.509
187.171,79.420,71.550,75.910
208.114,78.468,72.006,74.654
222.169,74.776,72.059,73.700
236.415,73.122,71.473,73.738
254.690,75.112,70.550,74.130
268.311,74.140,69.838,74.591
283.228,72.678,69.456,74.902
295.596,72.653,68.961,74.965
304.417,72.158,68.118,75.286
309.930,71.666,67.880,76.258
311.100,71.935,67.747,76.636
309.377,74.025,68.278,76.126
302.352,75.631,68.732,75.886
286.485,77.834,69.133,75.945
271.188,81.548,69.351,76.218
248.280,82.057,70.070,75.936
231.330,84.653,70.934,74.859
207.020,85.518,73.008,73.245
182.746,86.972,74.228,71.954
161.093,89.635,74.928,71.336
141.187,89.938,75.235,72.005
126.069,89.525,74.813,73.438
111.088,96.027,74.068,75.593
88.544,95.697,74.376,76.656
66.318,93.223,74.917,77.187
55.212,92.086,74.980,77.644
65.907,80.495,69.857,82.460
66.513,79.387,66.425,85.961
70.676,81.671,63.061,88.854
73.309,81.145,60.261,90.538
74.482,80.466,57.911,91.578
76.818,80.859,55.617,92.458
78.436,78.762,53.610,92.881
79.196,81.013,52.094,92.588
79.728,80.234,50.710,92.436
80.419,79.630,49.503,92.496
80.753,80.498,48.676,92.421
80.499,79.518,47.705,92.707
80.583,76.755,47.960,91.316
78.980,79.399,47.999,90.905
65.961,82.332,53.531,85.876
61.102,85.186,57.964,81.296
66.611,86.874,61.056,78.077
74.947,87.082,63.671,75.362
84.969,86.748,65.858,73.222
104.018,79.123,67.683,70.904
119.937,89.896,68.967,69.717
139.125,91.204,69.559,68.753
161.013,93.833,69.387,68.543
182.538,95.012,69.857,68.254
204.160,96.169,70.865,67.311
223.870,97.998,71.359,66.563
243.601,98.911,72.699,65.385
272.965,110.141,73.216,65.380
295.233,112.311,73.496,65.822
316.909,110.884,72.974,66.750
332.126,109.734,73.047,67.368
347.712,106.278,73.104,68.400
353.322,100.067,72.056,69.932
354.257,93.541,70.832,71.189
356.561,89.098,70.500,71.531
352.380,87.098,71.104,71.944
344.340,85.784,72.487,72.749
331.898,78.465,73.517,72.281
317.874,80.143,74.684,72.276
303.685,79.147,75.697,72.796
289.905,79.031,76.676,73.401
276.431,79.059,77.990,74.103
266.246,81.368,80.270,73.474
262.917,82.431,81.505,73.458
261.346,81.743,82.188,73.987
261.983,80.933,81.067,75.190
260.275,81.488,81.341,75.714
255.811,92.534,81.438,77.455
267.140,102.131,79.323,79.865
257.267,109.163,78.980,81.153
248.213,108.026,78.709,81.835
237.322,116.401,78.459,82.144
237.297,129.294,78.086,81.740
235.782,129.298,77.654,81.160
233.385,119.144,76.149,81.891
219.636,106.551,76.202,82.000
219.832,91.076,76.976,82.723
236.025,88.037,77.977,81.799
240.918,87.685,80.299,79.550
243.186,89.951,81.671,78.050
244.892,92.364,82.145,76.888
246.698,94.232,81.769,75.968
246.083,97.596,80.621,75.611
242.317,102.181,79.453,75.425
237.693,105.926,77.531,76.414
232.039,108.589,76.077,77.030
228.397,107.996,75.323,77.529
218.796,87.094,74.644,76.710
219.860,82.096,73.537,76.707
228.844,79.368,72.899,76.336
239.631,76.952,72.759,75.813
253.935,77.838,73.320,75.106
273.284,82.625,72.632,74.935
288.442,81.093,71.560,75.113
299.589,81.006,69.900,75.449
306.562,78.303,68.584,77.380
308.654,76.364,67.931,77.888
309.824,73.581,68.137,77.878
307.114,72.010,68.288,77.525
304.846,75.016,69.071,76.437
300.931,78.954,69.515,75.515
289.985,84.150,69.261,75.938
280.319,88.310,69.001,76.492
277.091,89.746,69.431,74.906
274.025,90.974,69.297,74.520
274.426,93.033,70.062,74.087
264.198,96.032,70.881,74.172
253.184,93.367,71.104,74.095
234.078,84.968,72.417,72.918
217.212,84.309,73.146,71.997
208.029,84.589,74.531,71.077
209.427,84.077,75.726,70.316
211.972,75.582,76.672,69.793
213.188,77.200,77.564,68.860
203.774,78.229,78.503,68.338
178.330,82.388,83.670,63.499
161.946,93.614,87.248,60.489
154.991,101.961,85.273,62.778
167.821,99.825,84.120,64.166
170.428,98.943,82.505,65.429
173.989,97.517,80.973,66.832
175.755,94.804,79.512,68.076
188.335,89.960,77.824,69.374
193.389,88.508,76.049,70.491
198.005,86.665,75.960,70.281
201.032,81.877,75.182,70.057
203.346,79.788,74.131,69.915
208.145,81.614,73.924,69.653
216.017,79.271,74.113,70.505
216.181,77.861,74.494,70.615
217.065,75.520,73.787,70.740
217.284,77.350,73.923,71.540
222.151,76.857,73.858,71.410
225.161,77.400,72.961,71.060
224.277,81.605,72.833,70.592
221.426,84.480,72.140,70.042
220.430,86.805,71.825,69.220
222.662,88.100,72.162,68.484
225.774,87.546,72.522,67.886
239.611,86.116,72.928,67.710
259.554,76.176,73.695,68.259
273.191,75.741,73.270,68.924
282.511,73.900,73.364,69.686
281.097,74.354,73.377,70.407
269.884,76.341,73.469,70.829
250.438,79.447,73.847,70.190
248.350,81.524,73.537,70.151
247.034,83.000,73.928,70.294
247.478,81.943,73.631,70.801
246.037,82.742,73.457,70.905
233.547,83.222,73.644,70.732
219.915,80.922,73.301,70.580
205.612,79.804,73.337,69.800
185.452,81.218,73.541,69.269
172.362,90.576,72.928,69.243
161.728,92.717,72.009,70.521
158.539,98.019,71.724,70.974
161.041,99.961,71.437,71.853
164.663,100.707,71.776,72.489
169.842,98.941,71.977,72.600
180.228,86.893,71.911,72.774
184.196,82.915,71.493,72.955
196.730,75.410,71.150,73.054
211.558,72.320,71.285,73.262
225.114,58.947,69.806,75.052
232.331,56.750,68.962,75.874
236.136,55.296,68.679,76.142
237.256,59.324,69.106,75.098
238.251,71.076,69.387,74.914
232.892,71.466,70.814,73.349
221.855,77.828,72.937,71.672
217.177,81.959,74.832,70.429
207.597,81.708,75.354,70.351
188.319,102.244,76.611,68.673
187.372,103.596,76.829,68.970
187.653,105.254,77.298,68.765
190.505,101.551,76.697,69.573
201.539,96.202,76.308,70.538
206.107,95.346,75.887,70.274
221.574,83.106,75.972,69.843
222.871,79.229,76.492,69.677
231.441,76.587,76.190,69.957
234.825,76.728,75.609,70.543
240.949,77.458,74.757,71.715
243.274,79.617,73.834,72.724
244.272,80.793,72.567,73.623
241.402,80.792,71.362,74.297
238.647,81.823,71.927,73.955
227.208,82.360,72.657,73.457
218.664,83.140,72.407,73.197
211.427,84.273,72.286,72.686
211.474,84.380,72.246,72.194
208.601,95.073,72.283,71.908
207.067,105.448,72.890,71.201
205.684,107.662,73.216,70.647
209.490,105.664,73.213,70.627
220.632,104.426,73.992,70.556
224.412,100.716,74.062,70.835
228.433,96.101,73.758,71.051
229.527,91.688,74.038,71.106
225.718,81.369,74.493,71.172
216.390,79.784,75.418,70.885
208.260,80.239,76.412,70.551
200.053,80.826,76.495,70.839
200.874,80.341,76.321,71.479
201.182,112.347,75.322,72.588
206.586,108.771,75.880,72.759
205.411,105.909,76.819,72.585
205.787,103.503,78.025,72.101
204.621,93.023,78.754,71.779
202.703,93.605,79.075,71.643
201.530,102.992,78.765,71.697
231.919,130.420,78.821,72.359
229.852,130.234,78.104,73.063
228.467,130.259,76.964,74.078
227.704,130.915,75.707,74.639
226.044,130.094,74.308,75.267
223.992,126.673,72.900,75.609
221.498,125.555,71.889,75.856
220.987,125.370,71.791,75.977
229.306,126.621,71.806,75.852
237.500,127.506,72.908,75.372
244.301,126.798,73.204,75.072
253.996,124.964,74.040,74.698
261.950,115.803,74.287,74.815
272.240,114.694,74.909,75.279
282.410,115.495,76.017,75.027
289.600,116.851,76.081,75.488
286.652,117.102,76.437,75.815
273.126,115.677,78.196,75.337
269.974,117.150,78.809,74.974
264.877,117.215,78.859,75.216
265.727,116.881,78.540,75.751
262.223,107.481,79.037,76.380
261.728,104.983,79.191,76.969
251.185,102.113,78.146,77.756
228.375,92.527,77.769,78.113
217.574,92.508,78.126,77.365
207.140,93.244,78.641,76.763
206.342,93.415,79.416,76.350
207.169,92.836,79.211,76.336
219.722,92.463,79.257,76.988
233.830,91.829,79.993,77.387
245.036,90.896,80.204,77.577
249.789,93.611,81.928,76.774
248.304,92.909,80.982,77.495
245.624,88.080,80.109,78.675
245.984,85.725,79.966,79.212
246.361,85.615,79.693,79.552
244.419,83.951,78.930,80.531
234.707,82.870,79.507,81.048
257.592,85.045,71.290,90.696
237.243,55.894,71.918,89.335
235.020,55.852,72.606,88.015
234.867,57.992,73.253,86.952
243.739,51.276,73.837,86.455
238.720,55.185,75.597,85.136
242.044,56.756,79.382,82.027
270.921,61.533,87.369,75.340
292.474,74.324,87.050,76.225
293.456,77.558,85.542,78.184
271.317,79.319,86.457,79.259
245.329,67.990,86.262,80.679
198.004,81.305,85.757,80.838
175.502,91.651,85.886,80.701
165.560,101.702,85.635,80.360
177.781,114.218,87.643,79.166
191.037,116.076,87.925,79.215
202.855,113.782,85.751,82.189
216.529,110.917,85.251,82.508
227.451,135.106,86.367,81.262
238.638,136.380,84.895,82.026
249.919,135.541,83.669,82.608
238.074,121.467,83.346,82.556
226.520,121.778,83.079,81.976
213.444,121.424,82.296,82.294
213.362,120.488,81.427,82.807
235.461,119.341,81.599,81.854
261.722,116.910,81.856,81.592
286.019,105.991,82.776,82.193
323.896,95.611,81.836,83.240
328.520,80.662,80.831,85.589
304.824,81.125,80.653,85.262
284.751,81.007,81.047,85.396
258.866,81.737,80.859,85.967
243.661,92.479,81.250,86.471
230.885,93.269,81.587,86.453
220.611,99.312,77.699,90.274
198.368,102.594,79.430,88.626
196.467,125.410,79.964,87.315
207.360,134.423,80.348,85.848
220.084,135.735,81.072,84.311
199.187,136.358,82.307,83.526
195.925,127.458,83.834,82.030
193.112,113.807,83.971,82.354
194.318,89.909,83.609,82.341
176.801,79.179,86.163,79.957
152.883,80.350,88.037,78.990
140.281,82.120,87.994,79.351
126.278,95.219,86.538,79.708
128.608,96.531,85.710,80.083
131.628,93.973,85.261,80.574
155.543,78.094,83.070,81.816
