146.000,54.000,68.000,101.000
144.080,54.024,71.587,96.781
142.832,54.528,74.096,94.147
142.591,56.904,76.050,92.278
144.403,56.719,77.215,91.350
144.879,56.045,77.897,90.739
148.126,57.189,78.660,89.792
149.921,60.137,79.384,89.186
152.225,61.259,79.489,88.853
155.294,60.427,79.151,88.701
159.300,59.243,78.650,88.538
158.604,58.751,78.288,87.887
159.763,58.299,77.293,88.183
160.283,58.054,76.649,88.320
162.302,58.111,76.012,88.673
165.449,57.471,75.858,88.824
168.497,52.824,75.371,89.131
171.802,52.228,74.596,89.369
176.904,51.349,73.777,89.869
180.194,51.486,73.240,89.666
181.932,49.300,72.807,89.533
182.677,46.000,72.401,89.631
186.981,45.757,71.714,90.070
187.290,45.819,71.252,89.849
190.103,48.220,71.707,88.632
188.525,52.338,71.522,87.507
188.084,55.486,71.025,86.953
187.178,57.256,70.453,86.255
187.294,59.423,69.944,85.725
185.765,60.240,69.467,84.797
182.524,60.270,69.597,83.573
178.007,58.610,69.269,82.907
174.408,58.981,69.133,82.169
171.144,55.457,69.203,81.283
168.141,55.312,69.285,81.014
161.994,56.560,68.906,81.490
157.700,56.534,68.228,81.834
152.833,55.501,68.796,81.276
149.241,54.459,68.811,80.793
148.052,54.452,68.174,81.334
148.774,56.111,67.260,81.708
148.172,56.409,67.060,81.338
148.934,58.304,66.779,80.779
148.272,56.233,66.780,80.286
145.226,57.587,67.683,78.754
141.818,61.112,68.154,77.745
138.717,62.123,68.350,76.920
138.086,62.756,68.236,76.492
140.015,63.339,67.977,76.022
141.314,62.499,67.254,76.165
139.880,61.858,66.975,75.844
139.355,60.528,66.090,75.863
141.187,58.351,65.373,75.992
141.449,58.568,64.885,75.702
142.275,59.629,64.557,75.417
145.318,71.052,61.843,78.138
146.285,71.963,59.139,80.695
147.240,73.812,57.512,82.157
148.616,75.643,56.617,83.082
148.956,76.417,55.397,84.004
148.774,74.236,57.899,80.522
151.600,70.632,59.167,78.430
154.239,67.651,60.105,76.857
156.910,64.622,60.809,75.378
160.843,63.279,61.357,74.416
162.430,61.527,61.195,73.556
165.860,60.061,61.198,72.998
167.026,58.707,61.209,72.967
171.098,60.460,61.443,72.851
173.629,61.768,61.754,72.581
175.403,63.174,62.062,72.523
179.031,64.066,61.862,72.859
178.295,64.691,61.859,72.971
178.457,66.180,61.866,72.740
181.877,66.391,61.760,72.560
182.625,67.362,62.031,72.165
182.034,66.796,62.082,71.572
179.432,65.092,62.127,71.304
181.404,63.466,61.641,71.196
179.282,61.416,61.348,71.011
175.360,60.595,61.693,70.914
172.245,60.725,62.030,70.690
170.153,61.540,62.850,69.905
170.333,61.332,62.751,69.635
168.510,60.644,62.816,69.530
169.513,60.961,62.547,69.497
167.337,60.565,62.529,69.061
165.879,60.780,62.166,69.153
164.792,61.565,61.937,69.203
162.913,61.863,61.775,69.168
161.094,62.986,61.885,68.480
156.055,63.283,61.978,67.833
152.728,60.935,61.886,67.035
151.938,61.276,61.498,67.107
152.101,64.366,61.009,67.104
152.050,73.539,60.500,67.052
152.215,76.331,60.103,67.070
152.693,76.869,60.198,66.301
150.435,78.552,59.865,66.213
149.987,83.171,59.532,66.058
149.245,81.382,59.077,65.858
153.269,79.467,58.513,65.830
153.185,79.215,58.161,65.182
155.183,78.267,57.258,65.337
157.468,77.014,56.892,65.011
158.707,75.786,56.714,64.748
161.662,74.525,56.403,64.695
164.499,75.297,56.447,64.319
167.391,82.151,56.941,63.650
169.092,82.481,57.158,63.087
172.888,83.224,56.895,62.662
175.185,82.304,56.885,61.934
174.993,81.813,57.345,61.055
173.811,82.536,57.102,61.115
177.441,82.698,57.302,60.720
178.857,83.714,57.478,60.372
182.679,84.310,57.720,59.977
184.319,83.891,57.794,59.485
185.464,82.298,57.539,59.300
186.087,81.437,56.951,59.458
186.120,81.112,56.723,59.427
187.133,82.356,56.677,59.302
187.909,85.374,56.371,59.146
189.260,88.059,56.137,59.231
191.961,89.532,56.140,58.870
191.993,89.472,56.038,58.581
191.454,89.372,55.937,58.417
189.076,88.156,55.527,58.300
183.702,86.093,55.475,58.396
182.164,82.286,55.604,58.465
180.348,79.430,55.976,58.561
179.333,76.845,56.165,58.582
176.402,74.695,56.427,58.360
174.910,74.782,56.314,57.976
172.147,75.589,56.119,58.102
165.999,77.566,56.287,57.487
163.112,78.209,56.025,57.486
160.944,78.926,55.828,57.216
158.317,79.379,55.555,57.319
157.984,78.434,55.400,56.963
158.428,76.665,55.285,56.878
157.206,77.632,55.139,56.901
157.945,77.234,55.026,56.710
158.806,79.204,54.590,56.958
162.196,80.207,54.162,57.676
164.280,81.231,53.536,58.306
167.840,83.213,54.007,57.914
168.159,85.518,54.439,57.807
167.754,87.345,54.565,57.819
171.269,88.284,54.624,57.883
170.780,86.930,54.878,57.793
175.448,87.154,54.791,57.871
178.843,86.195,54.361,58.305
180.594,84.005,54.211,58.619
181.693,81.158,54.108,59.135
183.995,79.160,54.337,59.101
183.922,81.519,54.087,59.261
182.784,83.323,53.824,59.276
183.849,85.131,53.959,59.145
184.590,90.537,53.693,59.460
182.957,88.677,53.576,59.776
182.329,89.059,53.796,59.596
181.290,89.336,54.301,59.105
179.474,89.385,54.572,58.704
180.122,89.850,54.751,58.413
178.744,89.718,54.731,58.470
178.227,88.657,54.435,59.050
180.368,86.781,54.148,59.450
179.352,83.451,54.030,60.050
175.030,82.441,53.925,60.600
172.411,80.559,54.134,60.874
170.299,81.230,54.574,60.882
167.023,82.893,55.138,60.771
166.172,83.487,55.763,60.324
163.305,87.123,56.545,59.949
160.536,87.518,56.375,60.108
155.794,85.756,56.619,60.039
153.058,82.472,56.808,59.672
153.041,82.190,56.264,59.602
151.644,81.720,55.874,59.370
151.443,82.121,55.617,59.193
152.076,83.144,55.502,59.000
153.989,83.019,55.535,58.782
158.645,84.984,55.228,58.544
160.390,87.940,54.935,58.371
160.994,93.348,54.806,58.563
163.728,94.258,55.025,57.960
165.321,99.588,54.762,58.098
166.776,98.461,54.992,57.693
171.883,99.545,55.031,57.496
173.596,100.128,54.755,57.793
178.074,101.240,53.812,58.473
180.829,101.689,52.971,59.837
185.950,98.600,52.147,60.996
187.687,95.504,51.774,61.691
191.171,92.977,51.972,61.152
193.743,90.690,52.252,60.631
199.694,88.846,52.500,60.257
203.652,87.175,53.231,59.749
205.473,88.773,54.122,59.427
208.636,89.711,54.572,59.214
212.890,91.578,54.903,59.497
213.614,90.956,54.851,60.198
213.939,88.867,55.035,60.343
214.394,89.534,55.406,60.280
216.594,89.742,55.191,60.616
213.474,87.655,55.318,60.711
210.568,88.883,54.969,60.825
210.680,89.783,55.881,60.664
209.134,91.543,56.315,60.612
207.475,92.393,55.909,61.161
207.002,91.686,56.061,61.204
206.266,92.367,56.270,60.846
204.798,91.049,56.252,61.150
204.292,90.275,56.225,61.441
204.161,86.698,56.163,61.339
201.846,85.978,55.835,61.671
200.934,87.371,55.634,62.038
199.471,90.005,55.242,62.722
198.443,88.305,54.895,63.329
199.580,87.543,54.908,63.672
198.845,86.097,55.478,63.557
196.966,86.143,55.667,63.805
195.193,86.218,55.882,63.501
194.424,85.167,55.359,63.809
196.791,84.728,54.860,63.904
199.157,87.051,54.778,63.548
201.755,90.511,54.510,63.372
203.343,89.896,54.129,63.545
203.929,87.801,53.897,63.769
205.853,88.630,54.615,63.401
207.710,89.487,54.852,63.304
208.381,89.186,54.731,63.455
210.407,87.629,54.781,63.546
213.669,88.877,54.474,63.951
218.991,86.106,53.855,64.531
223.297,87.235,53.256,64.495
229.591,87.431,53.434,64.663
230.365,90.847,53.719,64.254
233.355,96.931,53.836,63.962
231.587,99.181,54.315,63.814
231.141,100.795,54.678,63.790
229.602,102.269,54.959,63.481
228.241,101.827,55.415,62.923
231.467,102.807,55.689,62.800
230.245,108.292,56.453,61.915
231.652,106.009,57.475,61.178
231.941,106.187,58.421,60.708
228.057,104.577,59.427,60.380
228.657,102.035,59.650,60.932
230.339,101.569,59.168,61.226
230.452,101.791,58.600,61.912
229.515,101.144,58.633,62.437
222.857,101.860,57.863,63.838
219.980,100.297,58.085,64.393
217.154,106.629,58.113,64.261
213.480,105.261,58.942,63.710
211.043,102.278,59.148,63.908
211.923,90.841,58.624,64.677
214.466,86.390,57.457,66.008
221.543,74.236,57.716,66.266
224.718,75.575,57.852,66.110
227.251,84.150,58.045,65.932
230.262,90.551,55.199,69.073
238.478,90.647,52.554,72.785
246.235,93.787,54.474,70.724
249.531,96.653,56.201,68.905
251.681,96.530,56.899,68.507
255.049,96.320,57.628,68.161
253.513,96.359,57.154,67.961
257.039,95.677,56.772,67.925
264.363,91.319,54.804,69.603
264.935,90.546,54.668,69.049
267.355,85.226,53.098,70.205
267.992,80.698,51.615,71.441
266.991,78.793,50.710,71.946
264.741,76.078,49.893,72.621
264.150,72.296,49.113,73.531
263.268,69.696,48.717,73.789
264.630,68.277,48.433,74.336
263.707,67.937,48.385,74.922
263.416,65.945,48.223,75.462
262.261,65.865,50.721,73.231
263.104,65.405,49.863,74.511
263.889,64.475,49.085,76.102
264.685,63.350,48.624,76.983
265.301,60.414,47.754,77.823
266.428,62.186,47.614,78.007
266.547,60.993,47.616,78.088
261.904,65.296,49.781,75.283
263.892,66.663,49.785,75.201
260.169,68.412,51.705,73.502
261.277,67.962,52.938,72.518
262.298,70.371,53.989,71.605
260.936,70.548,54.735,71.071
261.520,72.119,55.274,70.364
258.000,74.574,56.201,69.680
253.551,77.082,57.485,69.038
249.285,79.366,58.793,68.339
239.276,80.230,59.530,68.289
236.854,79.880,60.262,68.646
227.470,79.327,60.636,68.721
224.101,85.265,60.639,68.547
216.512,83.584,60.259,68.425
214.644,79.353,59.927,68.491
214.063,76.247,60.316,68.472
211.366,74.587,60.782,68.400
204.113,73.192,57.152,72.566
198.177,76.058,54.532,75.078
197.465,84.646,55.405,73.623
197.886,83.907,52.835,75.584
195.868,84.425,50.901,76.964
189.518,74.902,49.671,78.092
186.702,74.462,48.931,78.729
178.752,73.939,48.348,79.682
170.694,73.713,47.805,80.058
162.715,71.831,47.584,79.737
154.579,70.790,47.055,79.418
146.493,61.620,46.728,79.727
143.097,65.861,49.697,76.228
141.985,65.257,49.120,76.841
138.826,66.521,51.720,73.991
135.917,66.383,53.731,71.583
133.916,68.216,55.255,69.737
134.745,67.616,52.710,72.465
128.205,67.810,50.853,74.729
128.915,66.930,49.415,76.638
130.143,66.789,48.221,78.048
136.784,67.940,50.430,75.556
138.244,76.619,52.206,73.429
144.393,83.875,54.022,71.050
143.481,81.833,55.848,68.919
145.750,80.234,55.911,68.077
147.557,80.157,56.326,67.636
152.583,80.855,57.131,67.169
157.603,83.258,57.252,67.231
161.220,82.614,57.759,67.141
162.991,84.584,58.263,66.950
164.332,81.689,58.420,67.463
167.948,78.703,58.609,68.285
166.740,75.066,58.798,68.809
167.161,72.336,58.596,69.771
165.834,68.872,58.156,70.404
165.324,66.417,57.853,71.415
165.299,67.878,58.030,72.027
163.592,71.167,58.301,71.676
166.923,79.543,58.948,70.924
170.224,89.976,59.197,70.465
176.024,98.170,60.203,70.043
183.019,107.665,60.246,70.405
192.832,109.655,61.264,70.628
193.551,113.411,61.607,70.703
193.832,116.984,62.024,70.738
198.321,123.051,63.457,70.212
196.318,120.365,63.915,69.825
201.274,119.205,63.794,69.804
200.496,117.469,63.682,70.161
194.402,116.382,63.502,70.142
191.664,114.927,63.751,69.497
191.091,108.790,63.753,69.078
188.202,103.574,64.235,68.034
187.225,93.590,63.826,68.655
179.720,89.968,63.536,68.709
174.790,88.275,62.526,69.051
175.002,86.400,61.655,69.286
171.921,88.047,60.600,69.653
168.339,87.372,59.941,69.721
168.075,83.912,56.260,72.847
168.473,82.076,53.110,75.786
169.778,84.190,50.820,77.551
168.335,86.284,48.663,79.104
169.842,88.257,47.082,79.908
169.764,88.932,45.976,79.819
170.282,88.091,45.953,78.732
170.596,86.455,45.582,78.190
169.979,84.345,45.969,77.021
169.286,85.860,48.237,74.291
168.927,85.655,50.409,71.628
169.252,85.316,51.662,69.653
169.815,86.100,52.860,67.909
177.815,75.679,50.890,70.003
185.546,85.380,51.949,68.329
187.538,87.896,52.788,67.054
194.579,94.950,53.038,66.133
202.222,94.785,51.025,67.812
203.188,98.242,51.975,66.510
206.788,100.582,52.415,65.146
209.267,99.902,52.434,64.599
211.952,98.983,52.568,64.011
213.635,98.937,52.885,62.856
213.059,91.388,52.967,62.366
211.790,90.254,53.190,61.715
211.779,89.725,53.339,61.241
210.749,90.121,53.780,60.385
210.968,91.516,54.170,59.774
211.363,91.743,53.985,59.547
211.602,94.182,54.082,59.307
211.484,96.866,54.479,58.946
210.480,97.771,54.819,58.690
204.295,98.873,55.196,58.304
204.837,99.639,55.171,57.999
198.695,98.485,54.925,58.053
197.526,95.975,55.396,57.572
189.513,88.780,55.387,57.736
188.568,88.229,55.178,58.195
189.304,88.371,54.961,58.638
188.798,89.769,54.884,58.593
189.642,92.412,54.506,58.638
190.775,97.313,54.631,57.874
191.725,97.916,54.114,57.939
192.704,100.816,53.529,57.680
192.953,102.051,53.249,57.475
193.069,100.741,53.011,57.322
193.164,93.503,52.922,56.748
193.353,93.973,52.130,56.926
197.209,93.016,51.868,57.245
196.506,92.308,51.808,56.889
196.090,83.906,51.013,57.214
198.153,81.141,48.185,60.083
203.295,82.209,48.325,59.797
209.143,82.998,48.204,59.343
211.676,91.267,48.392,57.869
214.169,91.304,48.562,56.606
214.084,92.853,48.413,55.673
214.415,99.677,48.267,55.249
215.081,103.130,45.948,57.481
216.360,102.723,46.442,56.958
210.049,103.841,46.908,56.264
202.753,101.896,47.898,55.100
196.719,99.666,47.219,55.205
190.141,99.938,46.913,54.639
184.700,97.971,46.685,54.206
184.120,96.585,46.689,53.344
183.184,95.984,46.914,52.704
187.546,101.245,47.093,52.227
192.485,100.309,47.315,51.772
194.595,106.239,46.832,51.736
200.171,106.447,46.496,51.397
203.914,105.709,46.237,51.307
203.580,105.633,45.733,51.411
202.508,106.503,45.471,51.083
198.130,104.809,45.072,50.888
194.976,102.741,45.182,50.217
191.600,101.291,45.531,49.269
187.706,99.241,45.862,48.793
180.916,93.223,46.374,48.421
181.179,94.041,46.227,48.548
177.926,95.787,46.625,48.464
175.160,97.223,46.951,48.521
173.134,97.345,46.975,48.819
169.891,97.548,46.855,49.158
167.403,90.493,46.786,49.571
166.990,88.638,46.878,50.077
168.730,85.515,46.199,50.926
170.015,81.819,45.521,51.411
171.607,76.916,45.261,51.604
176.709,75.024,45.348,51.546
179.265,76.284,44.909,52.187
178.520,77.895,44.946,52.396
178.588,82.423,45.634,52.231
176.136,83.093,46.020,52.303
173.396,87.951,46.736,51.920
164.383,86.317,47.524,51.789
156.570,84.664,47.791,51.916
153.654,82.880,48.271,51.566
147.198,78.848,48.222,51.554
144.491,75.976,48.163,51.595
136.861,66.898,48.322,51.452
134.288,64.834,48.556,51.411
133.513,62.920,48.371,51.816
133.321,62.627,48.450,52.155
134.952,62.347,48.485,52.287
136.424,67.474,48.661,52.144
137.160,67.971,48.989,52.366
143.344,68.512,49.413,52.652
147.866,69.556,49.576,52.803
148.996,69.252,50.122,52.752
152.605,66.090,46.623,56.835
158.923,68.453,47.235,56.470
157.292,68.858,48.031,55.774
158.086,69.089,48.243,55.620
162.437,76.058,48.475,55.105
161.918,77.012,48.582,54.954
162.159,81.928,48.902,54.231
162.112,86.858,49.123,53.589
161.918,85.949,49.433,53.084
163.996,85.725,49.355,53.075
170.506,90.704,49.583,52.798
170.839,87.517,49.848,52.528
172.580,84.829,49.855,52.402
173.300,81.832,49.951,52.245
174.044,78.878,49.788,52.230
168.762,75.997,49.466,52.260
168.381,74.091,48.970,53.208
166.340,74.866,48.740,54.011
163.875,79.947,48.809,54.121
158.912,79.601,48.644,54.768
161.065,80.361,48.388,55.463
162.293,78.919,48.222,55.863
161.901,79.348,48.544,55.850
168.342,78.658,49.562,55.404
174.671,78.971,49.696,55.096
180.359,78.169,49.437,55.303
183.795,77.772,49.702,55.257
188.143,76.473,49.797,55.672
190.695,74.828,50.138,56.000
193.325,82.269,50.129,56.531
191.605,79.480,50.230,57.172
187.334,77.992,50.638,57.328
183.399,74.683,51.482,57.208
181.338,73.032,51.481,57.886
183.612,70.226,50.815,58.461
184.537,68.311,50.487,59.015
186.353,64.537,47.726,61.983
191.859,63.234,48.925,61.785
194.975,61.903,46.980,64.039
195.143,71.006,48.134,63.549
193.515,79.204,48.728,63.667
193.158,79.427,49.712,63.568
183.784,87.265,50.527,64.002
175.328,88.186,51.334,64.583
163.544,86.567,52.261,65.160
152.950,85.306,53.321,65.262
143.463,82.707,54.686,64.227
139.620,80.409,55.713,63.496
135.756,70.037,55.877,64.152
133.986,65.245,55.602,65.200
134.126,63.258,55.177,65.881
138.730,64.055,55.724,66.259
138.615,72.396,52.902,69.548
141.129,78.494,50.204,71.949
142.096,85.418,48.775,73.271
142.111,91.429,47.800,73.934
143.593,89.156,46.739,74.378
147.053,87.369,45.472,74.926
150.145,84.989,44.950,74.799
152.850,83.468,44.445,74.567
154.432,81.744,44.030,74.480
156.632,81.105,43.336,74.477
157.668,80.307,43.069,74.280
159.063,81.239,42.752,74.119
159.084,82.789,42.853,74.098
153.883,91.975,42.425,74.194
152.923,98.435,42.685,73.605
150.228,97.708,42.821,73.202
146.419,99.595,45.437,70.919
142.470,100.150,48.064,68.490
139.226,97.274,50.271,66.497
136.512,94.028,52.098,65.060
134.991,84.258,52.916,64.548
134.107,81.481,53.942,63.451
134.150,79.575,54.354,62.877
135.049,79.033,54.263,62.985
134.908,83.079,54.445,62.419
134.236,87.896,54.991,61.706
133.730,94.304,55.180,61.298
133.573,98.563,55.178,60.995
133.693,97.965,55.029,61.096
132.634,96.755,55.117,61.153
133.895,97.255,54.568,61.453
137.222,95.792,54.943,61.290
137.969,99.378,52.132,63.545
144.870,96.358,52.456,63.009
151.531,93.767,53.095,62.411
157.790,91.587,53.529,62.100
164.090,89.715,53.792,61.934
169.977,88.367,53.926,61.763
172.445,94.847,51.495,64.124
174.476,99.431,49.297,66.194
