125.000,162.000,74.000,55.000
123.010,160.954,76.110,53.138
120.945,163.927,78.255,51.359
121.347,161.534,79.475,50.829
122.129,165.173,80.559,49.717
123.325,163.437,80.932,49.342
120.913,165.290,81.349,49.095
122.629,162.818,81.572,48.735
118.946,166.185,81.846,48.739
122.491,161.619,81.997,48.986
118.423,165.045,81.837,48.971
119.256,162.448,82.086,49.182
119.338,165.866,82.628,48.827
122.150,163.162,82.583,48.809
118.506,165.062,82.355,48.713
119.080,162.350,82.722,48.883
120.403,165.549,82.898,48.692
122.292,162.428,82.718,48.683
119.201,165.704,82.665,48.603
121.614,162.660,82.899,48.706
120.412,165.716,82.720,48.766
122.171,162.726,82.524,48.727
119.226,165.811,82.502,48.614
119.059,161.444,82.117,49.138
120.952,166.275,82.535,48.906
123.179,160.943,81.944,49.270
118.217,165.644,82.019,49.228
119.629,161.589,82.037,49.352
120.443,166.700,82.410,48.996
122.806,161.525,81.967,49.300
119.286,166.236,82.416,49.118
121.424,160.895,82.081,49.475
120.651,165.901,82.291,49.099
120.946,161.596,81.911,49.451
121.097,166.106,82.315,49.127
123.006,160.977,81.870,49.473
119.147,166.067,82.324,49.309
122.085,161.065,82.172,49.488
119.794,165.858,82.306,49.574
121.178,161.795,82.177,49.655
118.438,164.065,82.099,49.541
120.037,162.883,82.442,49.314
118.362,162.412,82.862,49.109
119.513,163.854,83.187,48.686
119.236,163.053,83.284,48.556
116.978,162.167,83.539,48.402
118.585,161.352,83.636,48.757
117.755,161.083,84.017,48.532
119.121,161.527,84.477,48.561
117.640,161.105,84.832,48.575
116.298,160.403,84.966,48.775
118.090,160.317,84.926,48.582
116.970,161.382,85.413,48.465
116.739,160.920,85.607,48.573
117.132,160.238,85.729,48.560
117.087,161.852,85.906,48.665
118.020,161.220,85.867,48.787
117.940,161.606,86.068,48.702
117.944,161.723,86.269,48.579
117.921,161.450,86.376,48.423
117.875,160.699,86.462,48.260
118.514,161.143,86.430,48.330
118.847,161.733,86.616,48.262
119.235,160.549,86.692,48.259
117.428,160.575,86.623,48.301
118.435,160.869,86.672,48.300
118.736,161.356,86.783,48.237
119.377,160.547,87.004,48.262
117.644,160.935,86.868,48.300
119.398,160.260,86.617,48.516
117.620,159.316,86.707,48.396
118.747,159.613,86.785,48.386
119.136,158.595,86.832,48.397
118.173,157.221,86.876,48.350
118.872,155.534,86.617,48.412
121.823,154.930,86.561,48.055
121.960,154.608,86.376,48.343
122.624,154.049,86.033,48.571
123.134,153.099,85.843,48.599
124.845,151.837,85.658,48.675
126.288,150.627,85.707,48.658
127.853,149.746,85.234,48.872
127.350,147.776,84.896,48.919
128.377,146.983,84.330,48.895
128.330,144.360,83.961,49.019
129.626,144.207,83.652,48.814
128.773,142.743,83.354,48.505
129.797,141.855,83.129,48.272
129.400,140.945,83.395,47.906
130.852,139.019,83.221,47.740
131.238,137.165,83.100,47.456
130.820,136.024,82.805,47.272
132.509,135.709,82.526,46.859
133.016,134.430,82.116,46.515
133.346,132.499,82.155,45.831
135.074,132.288,81.707,45.385
134.066,132.320,82.010,44.486
134.402,131.149,81.940,43.619
134.359,130.577,82.039,43.183
133.712,130.937,82.162,42.483
135.791,129.813,81.622,42.065
134.207,130.029,81.525,41.508
136.372,129.744,81.204,40.983
135.450,129.572,80.360,40.823
134.943,129.119,80.050,40.383
135.624,127.851,79.638,40.061
135.505,128.540,79.109,39.715
135.538,127.883,78.718,39.256
134.604,128.246,78.332,38.788
134.848,127.312,77.743,38.369
136.025,127.849,77.135,37.954
135.870,127.320,76.619,37.647
136.448,127.531,76.026,37.198
137.290,127.445,75.346,36.866
136.358,126.920,74.770,36.670
137.620,127.414,74.180,36.241
136.974,126.636,73.706,35.911
137.644,126.338,72.648,35.863
139.307,126.373,71.772,35.639
139.290,126.491,71.172,35.180
140.071,126.307,70.543,34.880
139.506,126.501,70.186,34.634
140.648,125.722,69.205,34.772
140.850,126.091,68.683,34.651
140.897,125.601,67.934,34.646
140.824,125.769,67.358,34.547
141.359,126.069,66.662,34.306
141.840,126.274,65.943,34.098
142.345,126.232,65.220,33.862
143.143,125.815,64.575,33.668
143.319,126.109,64.114,33.458
144.570,125.859,63.603,33.298
145.113,126.067,63.153,33.141
144.785,126.042,62.682,33.008
145.598,126.990,62.251,32.764
144.681,126.325,61.898,32.696
145.144,126.633,61.440,32.792
145.798,126.603,61.107,32.734
145.450,127.518,60.937,32.476
145.442,128.227,60.576,32.363
145.665,128.556,60.370,32.382
145.704,128.949,60.090,32.278
145.749,129.740,60.013,32.276
146.308,129.939,59.705,32.243
145.559,130.298,59.352,32.252
146.547,130.386,59.083,32.278
146.156,130.437,58.988,32.297
146.922,130.926,58.866,32.247
146.930,130.822,58.620,32.355
147.807,131.864,58.565,32.404
147.826,131.576,58.576,32.386
147.398,133.250,58.895,32.216
148.264,132.808,59.037,32.250
146.961,133.931,59.364,32.361
146.375,134.527,59.646,32.601
145.536,135.061,59.899,32.719
145.787,135.590,60.282,33.037
144.787,136.247,60.867,33.240
143.663,137.276,61.319,33.483
145.105,136.532,61.567,34.093
142.321,138.216,62.078,34.483
143.400,138.914,62.628,34.748
143.470,138.860,63.074,35.369
141.872,139.645,63.761,35.895
142.403,140.160,64.615,36.335
142.271,141.087,65.612,36.945
142.548,140.910,66.462,37.415
141.698,142.424,67.676,38.086
142.792,142.955,68.864,38.705
142.164,144.271,69.998,39.303
141.995,143.704,70.694,40.182
142.577,144.396,71.768,40.682
141.448,145.226,73.076,41.197
142.083,145.905,74.312,41.621
141.846,146.153,75.268,42.424
142.054,146.383,76.264,43.164
140.978,146.420,77.045,44.060
141.855,146.451,78.322,44.609
139.527,147.091,79.568,45.252
142.422,146.872,80.450,45.935
138.666,146.838,81.593,46.958
139.827,148.851,82.845,47.478
137.506,148.707,83.478,48.175
138.179,147.423,84.021,48.739
139.451,147.362,84.909,49.159
139.216,146.545,85.687,49.886
140.160,145.398,86.267,50.405
138.684,146.409,86.496,50.438
139.689,146.685,87.196,49.772
141.519,146.773,87.712,48.948
143.214,146.167,87.989,48.422
141.407,144.157,88.687,47.917
141.512,143.421,89.273,47.469
143.038,143.577,90.357,46.978
144.155,122.918,90.245,48.208
145.546,120.082,90.060,49.388
141.980,115.589,90.632,50.280
141.633,112.404,90.633,50.694
138.320,112.529,91.529,50.524
134.577,111.906,92.014,50.289
131.809,111.837,92.681,50.015
136.854,113.047,92.996,50.009
132.778,113.314,93.147,49.587
130.042,113.884,93.529,49.238
131.893,115.342,93.931,48.759
132.224,116.264,94.106,48.664
139.297,117.404,94.974,48.368
136.944,116.098,96.194,48.142
134.767,118.241,97.312,48.064
133.943,117.089,97.939,48.038
138.043,117.076,99.375,47.733
134.864,116.918,99.713,48.088
133.106,118.349,100.764,47.774
137.769,116.525,101.468,47.936
134.600,116.633,101.862,48.123
133.859,117.328,102.040,48.120
133.146,118.312,102.861,47.785
134.923,117.409,103.193,47.831
134.323,118.514,103.071,48.050
138.570,119.483,104.379,47.905
134.180,120.416,104.822,47.955
133.881,120.131,104.685,48.009
131.673,120.569,105.010,47.966
131.832,121.777,104.541,48.140
131.297,122.578,104.255,47.981
131.148,121.144,104.003,48.165
131.095,121.302,103.587,48.368
129.991,121.931,102.930,48.633
130.090,121.259,102.649,48.841
130.710,121.709,101.970,49.689
131.494,121.107,101.705,50.379
136.022,121.666,101.758,51.256
134.930,121.886,101.136,51.973
137.171,121.239,101.593,52.409
134.007,120.050,101.608,53.112
132.289,117.438,102.001,53.588
129.554,115.751,102.062,54.392
124.957,113.672,102.413,54.978
122.247,111.906,103.252,54.926
120.662,111.858,104.091,54.992
121.423,112.754,105.269,54.918
125.304,114.656,105.518,55.225
124.759,113.065,105.450,55.306
121.666,112.301,105.658,55.848
119.653,113.884,106.073,55.655
118.580,113.781,106.599,55.505
116.609,114.156,107.398,55.486
129.607,115.123,107.173,55.413
130.536,114.864,107.023,55.211
127.585,115.998,106.988,54.600
116.131,116.181,108.076,54.073
113.670,116.539,109.259,53.325
104.024,116.152,111.301,52.391
119.606,63.591,109.429,53.520
132.294,65.931,105.851,54.330
137.863,65.424,103.761,55.057
138.272,65.941,100.681,55.453
140.155,66.609,97.939,55.727
140.487,65.872,95.334,55.714
141.475,68.686,91.721,57.687
142.128,66.930,89.347,59.206
142.293,66.898,87.978,59.869
142.468,66.671,86.719,60.471
143.232,65.882,85.702,60.836
143.557,65.430,84.727,61.173
143.683,65.994,84.040,61.374
143.759,65.378,83.413,61.529
144.365,65.731,82.738,61.718
145.161,64.733,82.291,61.483
145.248,65.349,81.868,61.363
145.523,65.121,81.087,61.213
145.761,65.264,80.308,61.416
146.876,65.433,79.815,61.437
146.944,65.715,79.288,62.131
147.180,66.365,79.010,62.632
146.117,66.429,78.884,62.561
146.873,66.403,78.336,63.176
148.004,66.084,78.395,63.408
147.713,67.079,79.004,62.909
146.156,67.752,79.705,62.561
146.918,68.370,79.987,62.697
144.472,67.724,79.663,63.097
146.134,67.728,79.363,63.453
145.670,67.383,79.242,63.777
145.137,66.831,79.020,64.159
144.730,67.132,79.036,64.292
144.004,66.981,78.480,64.681
144.786,67.029,77.566,65.185
145.568,67.728,76.694,65.796
144.910,68.160,75.589,66.819
145.513,68.204,74.701,67.369
146.039,68.853,73.973,67.809
144.759,68.924,73.421,68.020
145.559,67.456,72.723,68.440
144.792,67.817,72.006,68.510
144.333,68.289,71.545,68.265
144.512,68.225,70.791,68.531
144.488,67.946,70.007,68.478
144.918,68.728,69.600,68.303
145.086,68.535,69.121,68.105
145.421,68.363,68.462,67.996
143.899,68.836,68.115,67.510
145.194,69.334,67.582,67.408
145.626,68.108,67.000,67.354
144.793,68.913,66.976,66.655
145.441,68.949,66.806,66.363
144.783,69.843,66.638,65.824
146.381,69.876,66.152,65.503
145.324,70.366,65.838,65.029
146.276,70.486,65.881,64.461
146.335,69.984,65.287,64.189
145.998,70.436,65.171,63.792
147.243,69.294,65.081,63.255
145.374,69.843,64.697,63.224
147.244,69.621,64.874,62.395
147.970,69.327,64.274,62.624
146.168,70.660,64.139,62.182
147.083,70.266,64.465,61.541
147.727,70.034,64.120,61.331
147.501,69.784,64.049,61.268
149.517,70.083,64.124,60.601
149.344,70.125,64.040,60.163
149.300,70.016,64.033,59.949
148.826,70.480,63.412,59.850
149.416,71.065,63.073,59.804
149.396,71.518,62.517,59.829
149.634,71.957,62.139,59.842
150.043,72.772,61.539,60.237
150.356,73.276,60.607,60.947
150.282,73.047,59.707,61.733
151.257,73.198,58.871,62.509
151.721,73.103,58.351,63.121
152.039,73.125,57.696,63.990
152.267,73.215,57.268,64.588
152.048,73.243,57.203,65.013
152.450,73.302,57.307,65.349
151.614,73.203,56.970,66.194
151.264,72.388,57.111,66.507
150.532,72.326,57.224,66.768
150.498,72.822,57.357,67.097
150.597,72.283,57.366,67.618
150.036,72.445,57.728,67.403
150.078,71.820,57.851,67.396
149.268,71.370,58.277,67.409
148.002,71.907,58.270,67.657
147.731,72.377,58.725,67.631
147.203,73.178,59.055,67.598
146.793,73.077,59.093,67.600
146.868,73.315,59.107,67.825
146.410,73.628,58.840,68.272
146.945,73.673,58.594,68.580
144.573,74.422,58.458,68.716
143.312,74.477,58.719,68.683
142.652,74.544,58.770,68.926
140.603,75.123,59.657,68.154
139.697,76.321,60.167,67.700
139.151,76.914,60.481,67.704
137.915,77.716,60.492,67.657
137.010,77.309,60.183,67.816
135.901,76.268,60.100,67.775
136.045,76.641,60.907,67.222
135.564,75.710,60.687,67.252
134.969,75.168,60.566,67.247
134.919,75.275,60.158,67.552
135.689,75.273,60.109,67.731
134.921,74.212,59.599,68.154
134.710,74.468,59.759,68.212
135.445,73.945,59.628,68.308
134.812,73.540,59.412,68.470
134.526,73.276,59.525,68.373
134.939,72.281,59.576,68.409
134.903,72.563,59.516,68.540
134.963,72.881,59.456,68.558
134.835,73.158,59.361,68.278
135.053,75.101,59.051,68.397
136.320,76.265,58.514,68.752
137.124,77.689,57.913,68.587
136.267,78.623,57.750,68.605
136.604,79.039,57.574,68.663
136.055,79.182,57.769,68.124
134.498,72.532,58.269,67.268
130.856,63.845,59.738,66.280
128.502,62.989,60.829,65.143
126.743,60.992,62.202,63.683
126.728,59.041,64.330,62.489
124.219,56.591,66.624,61.985
124.542,53.956,68.876,61.382
124.246,51.915,70.869,60.543
123.883,49.449,72.838,59.980
123.576,48.599,74.523,59.211
123.097,48.884,75.758,58.575
123.793,48.770,76.862,58.143
124.112,48.308,77.895,57.877
123.567,48.682,78.381,57.994
125.206,47.394,79.126,58.044
125.914,46.750,79.479,58.261
127.459,46.699,79.320,58.752
128.418,46.515,78.988,59.294
128.795,46.125,79.025,59.897
130.446,46.974,79.057,60.319
128.776,46.259,78.833,61.050
129.629,45.717,78.978,61.538
129.857,45.354,78.888,62.162
129.481,45.522,79.380,62.609
129.868,45.211,79.495,63.254
129.231,46.373,79.462,64.248
129.331,46.965,79.984,64.822
129.005,45.508,80.448,65.554
127.897,46.019,81.276,66.057
126.857,44.850,82.393,66.230
126.616,44.931,82.989,66.535
125.903,44.732,83.673,66.816
124.719,44.166,84.158,67.294
125.176,42.926,84.730,67.299
125.559,43.452,85.396,66.928
124.881,43.648,85.629,67.017
125.399,42.748,85.553,67.054
125.967,42.730,85.738,66.938
124.895,43.701,86.067,66.540
126.276,43.282,85.800,66.846
126.059,43.161,86.208,66.700
125.365,43.148,86.816,66.359
125.354,42.921,86.663,66.513
125.042,42.899,86.642,66.656
124.538,42.243,86.614,66.700
125.074,41.203,87.036,66.397
123.864,40.794,86.745,66.459
123.687,41.186,86.946,66.364
124.698,41.415,86.861,66.609
124.643,41.785,86.507,66.848
125.320,41.459,86.404,66.998
125.020,42.016,86.352,67.247
125.734,41.645,86.608,67.147
125.438,41.475,86.520,67.305
125.296,41.509,86.483,67.385
125.319,41.151,86.516,67.446
125.401,40.603,86.517,67.528
125.206,40.928,86.313,67.755
125.438,40.870,86.113,67.952
126.404,40.849,85.926,68.028
125.802,41.130,85.633,67.992
125.817,41.073,85.467,68.060
127.373,39.938,85.311,68.215
125.640,41.431,85.465,68.217
128.248,40.728,85.722,68.107
126.363,40.570,85.602,68.277
127.416,39.953,85.317,68.359
126.283,41.418,85.628,68.051
127.530,40.364,85.568,67.853
127.241,40.670,85.352,67.771
128.349,40.001,85.266,67.566
127.971,39.583,85.515,66.943
127.786,40.671,85.261,66.790
127.666,40.603,85.010,66.540
127.616,39.832,84.905,66.377
126.927,40.264,85.065,65.922
126.407,39.970,85.724,65.223
126.036,42.187,85.669,64.816
126.209,41.659,85.764,64.631
126.239,41.497,85.713,64.667
125.953,41.772,85.767,64.508
127.807,41.407,85.856,64.261
127.275,42.802,85.453,64.239
127.552,41.869,85.166,64.440
127.989,42.456,84.964,64.508
128.328,43.063,84.707,64.568
129.932,42.363,84.453,64.880
129.436,43.396,84.457,64.645
130.810,43.088,84.155,64.984
132.460,43.375,84.169,65.172
132.401,44.579,84.136,65.187
132.643,44.417,83.709,65.640
