692.000,439.000,24.000,79.000
688.374,443.519,25.476,77.738
685.366,444.441,26.632,76.968
681.896,443.425,27.765,75.875
678.976,442.737,28.694,74.765
676.021,443.283,29.683,73.819
673.105,443.001,30.494,72.893
669.817,442.838,31.056,72.467
666.321,442.401,31.400,72.208
663.407,441.428,31.497,72.167
661.487,438.909,31.373,72.542
658.231,438.141,31.273,72.349
654.683,436.670,31.470,72.083
652.132,435.693,31.392,72.216
649.374,435.103,31.470,72.069
646.718,435.261,31.466,72.554
644.459,436.074,31.420,72.975
642.042,434.607,31.555,72.484
639.763,433.998,31.627,72.558
637.236,433.558,31.807,72.530
634.051,433.396,31.908,72.310
631.214,432.975,31.976,72.005
628.040,432.252,31.923,71.664
624.929,431.683,32.017,71.827
622.277,432.353,32.095,71.649
619.515,429.426,31.736,71.554
616.467,428.672,31.553,71.584
614.241,427.778,31.210,72.058
611.351,427.732,31.188,72.293
608.557,426.203,31.249,72.639
606.078,423.670,31.512,72.556
603.204,422.857,31.813,72.353
599.443,423.053,32.151,72.462
596.262,423.190,32.388,72.530
593.762,421.558,32.386,72.713
591.763,423.012,32.416,72.927
590.661,422.214,31.992,72.957
589.251,420.709,31.345,73.071
586.122,421.647,31.110,72.484
582.896,420.108,31.023,72.150
581.502,418.013,30.691,72.489
579.053,418.657,30.582,72.626
575.819,418.826,30.706,72.420
573.697,417.921,30.879,71.978
571.199,417.617,31.282,71.317
568.575,418.922,31.566,70.855
566.026,417.629,31.697,70.956
563.520,416.903,31.531,70.709
560.786,416.139,31.393,70.647
558.821,416.226,31.465,70.748
556.963,417.057,31.109,70.713
554.751,414.877,30.603,70.647
552.448,413.760,30.090,70.720
550.203,413.991,29.582,71.173
547.051,414.499,29.608,70.751
544.971,413.064,29.604,70.490
542.318,411.615,29.889,70.002
539.551,412.149,30.057,69.663
537.092,410.158,30.128,69.552
534.446,410.221,30.132,69.534
532.019,408.849,30.008,69.903
530.329,409.229,29.779,70.127
528.664,407.327,29.648,70.190
526.542,405.380,29.299,70.286
524.393,405.203,28.916,70.382
522.043,404.522,28.806,70.255
520.046,404.020,28.522,70.586
517.526,404.299,28.550,70.511
514.849,404.223,28.684,70.572
512.311,404.110,29.136,69.960
509.730,405.148,29.784,69.173
507.814,405.297,30.184,68.720
505.709,404.163,30.220,68.524
503.531,403.742,30.152,68.606
501.207,403.132,29.894,68.433
499.900,403.914,29.759,68.303
498.015,403.334,29.388,68.302
495.028,401.753,28.890,68.321
493.562,400.499,28.206,68.543
491.499,400.502,27.692,68.809
489.418,401.559,27.569,69.132
487.802,402.041,27.414,69.260
485.204,401.624,27.448,68.983
483.850,400.018,27.535,68.614
482.061,398.121,27.395,68.837
479.731,398.881,27.399,69.072
477.986,398.315,27.252,69.210
476.144,398.907,27.236,69.182
474.296,396.428,27.006,69.040
471.393,396.717,26.811,68.704
469.250,394.178,26.579,68.718
467.077,393.873,26.427,68.560
464.985,391.541,26.008,68.917
462.533,391.631,25.944,68.844
461.076,390.618,26.036,68.653
459.712,390.731,26.143,68.727
456.970,390.797,26.555,68.564
455.218,390.488,27.090,68.285
453.140,389.682,27.351,68.110
451.055,389.588,27.274,68.036
448.689,389.471,27.462,67.867
446.571,389.413,27.305,67.780
445.532,389.100,27.048,67.617
443.260,388.291,26.735,67.781
441.336,385.741,26.648,67.297
439.221,385.411,26.386,67.518
437.887,385.446,26.099,67.792
435.627,386.533,26.037,68.201
433.298,386.037,26.521,67.827
431.103,384.741,26.835,67.234
429.242,383.674,26.989,67.070
427.652,383.833,27.091,67.027
425.730,384.483,27.172,67.056
424.137,385.296,27.003,67.001
423.381,382.823,26.632,67.457
421.523,383.187,26.351,67.672
419.183,381.957,26.211,67.435
417.503,382.395,26.234,67.061
416.147,380.778,26.140,66.787
414.527,381.265,26.093,66.628
412.401,381.023,26.027,66.701
410.271,380.624,26.329,66.188
408.440,380.813,26.681,65.706
407.005,380.769,26.800,65.650
404.926,380.796,27.212,65.041
402.820,380.053,27.270,64.676
400.679,380.124,27.167,64.490
399.096,380.543,27.170,64.223
397.248,380.606,26.838,64.256
396.267,378.853,26.219,64.646
393.711,378.085,26.028,64.252
392.626,376.608,25.641,64.164
390.081,376.963,25.483,64.088
387.997,377.758,25.585,63.837
386.467,376.604,25.637,63.512
384.233,376.774,25.658,63.657
382.811,376.219,25.676,63.560
381.377,376.434,25.620,63.466
379.359,375.708,25.636,63.535
378.006,375.224,25.466,63.762
377.105,375.581,25.320,63.671
375.797,374.944,24.928,63.663
373.925,374.317,24.807,63.127
372.393,375.639,24.708,62.434
370.526,376.412,24.625,61.791
368.848,374.694,24.319,61.410
366.949,376.006,24.154,61.079
365.696,376.233,24.050,60.793
363.843,375.450,24.335,60.111
362.053,375.531,24.505,59.671
360.112,375.347,24.666,59.257
358.292,374.472,24.645,59.081
357.052,374.059,24.522,59.008
355.142,373.560,24.548,58.872
353.744,375.175,24.373,58.828
352.206,373.517,23.780,59.113
350.077,371.989,23.525,58.847
348.047,371.698,23.277,58.594
347.090,371.843,23.173,58.209
345.014,373.064,23.225,58.127
343.162,372.430,23.237,58.088
341.272,372.780,23.515,57.454
339.325,372.533,23.672,57.117
337.845,372.275,23.745,56.922
336.630,370.976,23.625,57.040
335.168,371.424,23.701,56.881
334.428,370.823,23.390,56.893
333.288,369.732,22.840,57.409
331.241,369.536,22.714,56.982
329.811,369.176,22.563,56.644
328.127,367.788,22.218,56.766
326.456,367.165,21.877,56.986
325.397,367.879,21.694,57.108
323.997,367.514,21.724,56.985
322.156,368.250,21.887,56.655
320.294,368.390,22.309,55.900
318.907,368.137,22.432,55.731
317.560,367.043,22.579,55.662
315.837,365.310,22.536,55.642
314.100,366.168,22.447,55.515
312.563,367.392,22.231,55.653
311.633,365.063,21.961,55.913
309.239,364.675,21.728,55.659
307.588,363.679,21.581,55.433
306.112,363.195,21.457,55.353
304.199,363.003,21.339,55.661
302.781,363.848,21.367,55.718
300.867,363.651,21.869,54.966
299.628,363.450,22.112,54.554
297.906,363.009,22.174,54.562
296.476,362.798,22.096,54.511
295.148,363.557,21.986,54.429
293.707,363.316,21.950,54.342
291.933,362.349,21.624,54.333
290.597,361.749,21.664,54.012
288.749,360.912,21.587,53.534
287.538,361.098,21.286,53.523
286.031,359.841,20.961,53.625
284.749,360.134,20.723,53.735
283.370,360.844,20.753,53.612
281.613,359.850,20.994,53.064
279.861,361.438,21.444,52.366
278.669,361.039,21.798,51.876
276.677,361.758,21.970,51.532
275.213,360.370,22.037,51.387
273.733,359.653,22.066,51.220
271.606,361.050,22.016,51.142
270.049,359.639,21.771,51.494
268.435,358.045,21.190,52.082
266.403,356.519,20.965,52.302
264.999,355.915,20.840,52.446
263.387,355.832,20.732,52.857
261.884,356.833,20.755,52.849
260.509,357.936,20.896,52.724
259.514,357.447,20.850,52.932
257.906,356.831,20.962,52.691
256.314,356.749,20.979,52.651
254.507,356.512,21.009,52.555
252.886,354.799,20.895,52.319
251.520,355.449,20.684,52.269
250.225,353.342,20.677,51.630
248.360,351.753,20.612,50.970
246.974,352.166,20.599,50.127
244.606,353.172,20.449,49.723
243.237,354.168,20.438,49.466
241.902,353.007,20.385,49.379
239.859,352.913,20.648,48.845
238.800,353.738,20.932,48.497
236.914,353.821,21.012,48.067
235.722,353.577,21.143,47.991
234.170,353.448,21.014,48.158
232.091,353.582,21.009,48.253
231.176,353.863,21.079,48.214
229.796,353.547,20.838,48.588
227.361,352.653,20.690,48.700
225.901,350.276,20.273,49.131
224.402,350.198,20.019,49.514
222.729,349.827,19.757,50.143
221.332,350.990,19.829,50.244
219.916,350.005,20.046,50.217
218.223,350.021,20.294,50.110
216.780,350.152,20.457,49.980
215.372,350.282,20.464,50.127
214.059,349.427,20.497,50.375
212.697,349.646,20.289,50.508
212.238,348.544,19.965,50.522
209.934,347.058,19.729,50.686
208.293,348.180,19.599,50.487
207.436,348.086,19.516,50.176
206.316,347.602,19.239,50.268
205.136,347.500,19.119,50.440
203.481,347.503,19.056,50.654
201.941,349.243,19.342,50.470
200.987,349.349,19.728,50.424
199.567,348.474,19.909,50.609
198.328,347.974,20.040,50.718
196.700,348.223,20.142,50.626
195.373,347.417,20.128,50.473
193.874,347.500,20.132,50.534
192.391,347.172,19.917,50.608
191.177,345.509,19.628,50.927
189.072,344.230,19.415,51.037
187.767,342.510,19.315,50.890
186.041,344.540,19.237,50.925
185.114,344.292,19.418,50.604
183.653,344.749,19.658,49.837
182.276,343.726,19.688,49.629
180.902,344.718,19.690,49.167
179.577,344.128,19.768,48.936
178.369,344.627,19.759,48.746
177.869,343.278,19.541,48.860
175.989,343.420,19.268,48.911
174.585,342.615,19.184,48.769
172.919,342.414,19.230,48.512
171.992,342.770,19.095,48.299
170.682,341.842,18.913,48.377
169.286,342.231,18.746,48.587
167.589,341.758,18.793,48.448
166.817,341.667,19.017,48.236
165.740,342.629,19.366,47.907
164.614,342.274,19.745,47.723
162.359,342.464,19.894,47.494
160.477,342.236,19.963,47.359
159.203,341.522,19.872,47.248
158.346,342.053,19.862,47.186
157.033,341.651,19.723,47.334
155.107,341.776,19.547,47.578
153.687,340.057,19.273,47.678
152.351,339.397,19.155,47.573
151.794,339.314,18.943,47.661
149.825,340.164,18.840,47.611
148.409,340.180,18.998,47.349
146.837,339.675,19.219,47.220
145.731,340.709,19.267,47.131
144.446,340.467,19.374,46.972
143.514,339.495,19.231,47.192
142.900,339.458,19.037,47.429
141.287,338.368,18.775,47.586
140.057,337.694,18.545,47.861
138.911,336.892,18.379,47.786
137.459,336.946,18.356,47.704
136.132,336.874,18.327,47.618
134.520,336.665,18.108,47.974
133.912,337.118,18.134,47.976
132.543,336.564,18.164,48.157
131.498,335.701,18.370,48.061
129.518,336.000,18.740,47.560
128.306,336.524,19.022,47.168
127.212,336.362,19.149,47.137
126.167,335.814,19.088,47.058
124.938,336.225,19.003,47.178
124.280,335.649,19.011,47.076
122.086,336.300,18.856,47.003
121.341,334.543,18.406,47.417
120.214,332.406,18.307,47.190
119.310,333.006,18.222,46.994
118.537,332.886,17.997,46.825
117.376,333.706,18.017,46.604
115.897,333.900,18.006,46.571
114.673,334.791,18.038,46.142
113.536,334.540,18.002,46.069
113.093,334.638,17.975,45.959
112.199,334.244,17.800,46.017
111.217,332.740,17.701,46.018
110.728,331.973,17.495,46.362
109.403,330.984,17.376,46.302
108.530,332.186,17.234,46.227
108.024,331.248,17.149,46.074
106.975,331.879,17.146,45.951
105.827,331.340,17.166,45.925
104.483,331.743,17.149,45.851
103.773,331.505,17.389,45.628
102.450,330.937,17.567,45.419
101.523,332.816,17.745,45.033
100.954,332.696,17.757,44.996
99.871,331.216,17.851,45.028
98.271,330.779,17.884,45.186
97.228,330.855,17.859,45.196
96.067,330.570,17.793,45.369
94.817,329.697,17.730,45.556
93.432,329.007,17.723,45.499
92.831,327.562,17.589,45.614
91.754,328.602,17.592,45.385
90.871,328.155,17.533,45.399
90.141,328.842,17.425,45.450
89.371,329.406,17.342,45.325
88.242,328.873,17.326,45.143
87.624,328.757,17.199,45.341
86.911,328.263,17.171,45.438
86.352,328.099,16.912,45.701
85.396,327.664,16.679,45.666
84.042,327.365,16.568,45.467
82.883,325.856,16.462,45.359
82.246,327.175,16.372,45.252
81.285,326.165,16.368,45.131
81.399,326.626,16.229,45.202
80.268,326.705,16.137,45.308
79.539,327.406,16.168,45.126
78.224,326.780,16.338,44.887
77.107,328.305,16.582,44.640
76.174,328.385,16.624,44.362
75.359,328.376,16.664,44.101
74.938,327.358,16.541,44.048
74.098,325.671,16.485,44.021
72.651,326.429,16.565,43.661
71.514,326.928,16.651,43.581
70.314,326.071,16.511,43.695
69.354,324.375,16.442,43.608
67.874,324.087,16.321,43.682
67.443,323.711,16.184,43.695
66.777,323.946,16.088,43.704
66.156,324.425,16.046,43.781
64.641,323.698,15.993,43.772
64.597,323.634,15.952,43.887
63.720,323.375,15.909,44.059
63.280,323.980,15.968,44.058
61.949,324.794,16.024,44.101
61.324,323.118,16.040,44.312
60.522,323.953,16.027,43.916
58.803,322.166,16.109,43.669
58.296,322.499,16.081,43.532
57.248,321.360,15.981,43.549
56.989,322.534,16.027,43.382
55.908,321.975,16.074,43.350
55.007,322.265,15.984,43.508
53.804,322.156,15.984,43.705
52.832,322.868,16.079,43.806
52.356,322.712,16.236,43.793
51.092,321.541,16.240,43.984
50.748,321.378,16.173,44.132
49.639,321.288,16.117,44.024
48.825,320.534,16.209,43.867
47.337,321.060,16.181,43.897
46.483,320.063,16.094,44.049
45.036,319.187,16.066,44.068
43.967,319.193,15.951,43.987
43.351,318.692,15.893,44.073
42.333,319.118,15.828,43.973
41.765,320.722,15.796,43.681
41.033,319.466,15.910,43.406
40.481,320.103,15.844,43.445
40.128,319.985,15.924,43.157
39.528,319.734,15.883,42.977
38.372,318.491,15.878,42.814
37.105,317.624,15.681,42.654
36.263,317.933,15.688,42.401
35.862,317.636,15.639,42.442
35.161,316.898,15.571,42.377
34.444,317.038,15.562,42.278
33.787,317.051,15.408,42.590
33.423,317.554,15.449,42.682
32.615,316.602,15.572,42.917
