198.000,214.000,34.000,81.000
192.447,218.548,36.639,77.639
191.922,218.540,37.709,75.702
188.767,220.644,38.858,74.095
188.078,221.973,39.102,72.724
185.811,222.735,39.113,71.270
183.475,225.457,38.877,70.206
182.066,229.127,38.875,69.027
178.633,226.678,41.770,65.457
176.671,230.331,43.595,62.597
178.388,232.062,45.199,60.358
184.932,233.694,45.592,59.139
186.298,234.927,46.083,57.879
187.693,237.220,46.838,56.708
187.481,233.116,47.434,55.399
187.983,235.181,48.009,54.281
208.813,222.958,48.676,53.766
212.562,221.232,48.047,54.629
212.226,214.548,44.843,57.689
207.722,216.354,42.888,59.639
208.055,210.697,44.321,57.577
207.245,213.183,45.571,56.132
200.251,213.080,46.777,54.869
198.458,216.444,48.121,53.329
186.987,221.393,44.855,57.028
185.975,221.792,45.277,56.700
179.170,222.250,45.759,56.538
172.718,221.795,44.443,58.654
167.935,221.101,42.989,60.588
163.705,221.251,41.814,61.786
161.744,222.725,40.393,62.840
151.897,218.333,41.790,60.656
151.489,219.883,40.513,61.512
145.304,219.017,39.995,61.932
143.057,217.779,39.219,62.248
135.847,217.088,39.169,62.122
126.521,215.913,40.275,60.170
119.328,214.587,41.194,58.672
112.347,214.764,42.137,57.405
106.554,215.511,42.360,56.666
100.880,218.767,40.453,58.727
96.168,219.898,38.656,60.667
91.661,220.866,37.029,62.292
86.146,216.657,36.464,62.405
80.430,217.435,36.115,62.538
75.185,220.864,36.035,62.862
68.859,219.830,36.064,63.277
63.838,219.990,35.704,63.844
57.516,220.252,35.625,64.109
52.001,221.686,35.572,64.124
44.678,224.737,35.768,63.922
38.411,230.746,36.312,63.985
32.397,239.757,36.326,64.301
26.943,240.917,36.308,64.551
22.524,240.947,35.837,65.005
15.876,239.746,35.866,64.695
12.460,233.568,36.854,63.784
6.255,234.238,37.818,62.754
5.035,233.912,37.479,62.901
0.015,232.422,36.379,64.033
-4.189,236.735,34.025,66.376
-4.434,240.705,32.346,67.641
-9.806,246.121,32.056,67.856
-10.079,247.080,32.052,67.859
-11.228,246.399,32.053,67.858
-12.193,245.369,32.052,67.858
-13.270,245.103,32.052,67.859
-14.176,245.238,32.052,67.859
-14.526,245.368,32.051,67.859
-14.525,244.988,32.051,67.859
-14.525,244.620,32.051,67.860
-14.525,244.237,32.050,67.860
-14.525,244.293,32.050,67.860
-14.525,243.931,32.050,67.860
-14.525,243.657,32.049,67.861
-14.524,243.664,32.049,67.861
-14.524,243.814,32.048,67.861
-14.524,244.078,32.048,67.861
-14.524,244.249,32.048,67.862
-14.524,244.336,32.047,67.862
-14.523,244.755,32.047,67.862
-14.523,245.372,32.047,67.863
-14.523,245.952,32.046,67.863
-14.524,246.202,32.048,67.861
-14.525,246.744,32.050,67.859
-14.525,247.083,32.050,67.859
-14.525,248.367,32.049,67.860
-14.524,248.191,32.049,67.860
-14.142,247.918,32.049,67.860
-14.186,247.475,32.048,67.860
-14.524,247.326,32.048,67.860
-14.524,247.308,32.048,67.861
-14.524,247.254,32.048,67.861
-14.524,246.908,32.047,67.861
-14.523,246.318,32.046,67.862
-14.523,245.145,32.046,67.862
-14.522,245.031,32.045,67.863
-14.522,245.111,32.044,67.864
-14.017,246.629,32.040,67.868
-12.086,247.552,32.039,67.869
-11.065,246.743,32.039,67.869
-11.626,245.842,32.039,67.869
-12.964,244.887,32.038,67.869
-13.966,244.193,32.038,67.869
-14.519,243.809,32.037,67.870
-14.518,243.308,32.037,67.870
-14.518,242.774,32.036,67.871
-14.518,242.445,32.035,67.872
-14.517,242.039,32.035,67.872
-14.517,241.621,32.034,67.873
-14.517,241.277,32.033,67.873
-14.516,240.854,32.033,67.874
-14.516,240.407,32.032,67.874
-14.516,239.693,32.031,67.875
-1.677,290.840,31.686,66.066
2.290,290.886,33.022,63.954
8.281,291.908,36.530,60.793
20.845,292.818,39.365,58.095
33.643,292.436,41.097,56.198
46.334,291.988,42.227,54.855
55.633,292.274,43.632,53.576
69.892,291.599,44.320,52.812
83.201,291.388,44.690,52.022
92.421,291.159,45.434,51.238
105.810,289.974,45.635,51.400
115.389,289.895,46.128,51.131
128.913,289.339,46.313,51.103
141.846,288.588,46.419,51.088
150.925,288.572,46.788,50.900
164.574,287.415,46.638,51.027
174.203,286.411,46.721,51.053
187.796,285.177,46.446,51.229
196.346,285.053,46.570,51.013
206.050,284.188,46.792,50.693
219.108,282.960,46.468,50.521
226.589,282.306,46.486,50.337
235.822,282.525,46.413,50.501
245.983,283.068,46.291,50.446
255.989,284.156,46.360,50.129
268.846,284.400,45.757,50.142
277.012,284.247,45.626,49.986
285.403,284.352,45.580,49.899
294.444,284.568,45.934,49.652
303.444,284.773,46.109,49.609
312.571,284.432,46.274,49.634
321.460,284.217,46.516,49.503
330.725,284.216,46.486,49.569
339.443,284.516,46.417,49.581
348.613,284.625,46.647,49.728
357.319,284.959,46.618,49.880
366.435,284.846,46.846,49.903
375.201,284.774,46.915,49.930
384.251,284.674,46.803,50.021
393.225,284.822,46.785,50.112
402.606,284.636,46.858,50.075
411.861,285.049,46.938,49.929
421.064,284.879,47.110,49.756
430.089,280.616,47.194,49.874
443.316,282.255,46.642,50.214
452.214,283.030,46.335,50.526
460.644,283.033,46.030,51.077
468.535,283.678,46.082,51.255
476.534,284.297,46.267,51.160
484.919,284.765,46.513,51.074
493.694,285.664,46.707,51.094
502.361,286.501,46.928,50.949
510.763,286.829,46.992,50.871
519.571,286.965,47.208,50.821
526.339,286.558,46.646,51.319
534.203,279.564,44.531,52.811
540.393,278.685,41.621,55.056
546.842,282.333,38.521,57.852
548.033,281.606,38.338,58.003
546.939,281.298,38.323,58.016
546.385,279.700,38.318,58.021
545.013,278.909,38.314,58.026
543.018,278.049,38.308,58.032
539.613,277.251,38.285,58.048
539.168,277.874,38.237,58.074
510.477,278.972,41.763,53.811
512.742,280.269,44.543,50.387
516.092,281.994,47.113,47.177
526.475,276.562,47.176,45.980
526.921,277.171,47.282,45.326
531.168,277.784,46.953,45.128
535.388,284.376,46.704,44.996
494.742,309.868,50.997,41.347
495.737,311.704,54.907,38.499
498.583,312.807,57.989,36.347
501.710,313.802,60.160,35.099
504.856,314.469,61.930,34.314
509.425,314.626,63.140,33.977
510.707,315.008,63.685,34.040
511.020,313.984,64.613,33.841
509.530,312.383,64.586,34.117
494.019,311.654,66.264,33.491
497.661,311.005,67.590,33.173
501.494,310.962,69.282,32.815
503.878,311.336,70.403,32.737
502.862,311.549,71.880,32.594
504.364,311.496,71.538,33.165
513.009,285.980,66.027,37.784
516.550,277.020,61.769,41.162
521.228,276.099,58.512,43.738
525.114,275.463,55.387,46.023
527.818,275.450,52.829,47.915
536.210,274.175,48.281,51.519
538.878,273.275,44.809,54.168
541.470,273.715,42.474,56.020
543.250,277.161,40.560,57.954
545.836,274.901,38.922,59.689
547.745,272.855,37.144,61.407
549.140,275.873,35.306,63.409
550.425,277.783,33.912,64.772
525.610,300.577,40.311,58.027
527.574,303.426,44.528,53.808
528.210,304.398,46.859,50.942
528.825,305.415,48.475,48.672
529.311,307.311,49.134,47.120
530.341,308.177,48.984,46.106
532.634,309.259,48.613,45.262
533.658,310.269,47.808,44.797
534.747,311.028,46.708,44.591
536.196,312.416,45.673,44.122
536.481,313.516,44.717,43.743
537.635,313.922,43.781,43.602
538.794,314.260,42.900,43.393
539.495,314.906,42.077,43.191
542.329,314.970,40.149,44.396
544.467,309.631,38.527,45.131
545.052,309.441,36.853,45.943
547.642,305.273,35.660,46.311
548.145,305.409,33.816,47.170
549.554,301.366,32.798,47.411
550.024,302.598,31.626,47.601
551.065,302.933,30.577,47.871
551.794,303.158,29.767,47.934
553.066,299.270,29.049,47.926
553.887,299.214,28.337,47.962
554.515,299.513,27.627,47.979
556.042,299.100,26.808,48.415
556.392,294.984,25.791,48.851
557.682,295.484,25.003,49.220
557.887,295.989,23.938,49.659
558.499,296.648,23.157,49.914
559.024,297.858,22.584,49.953
558.935,299.522,22.041,49.930
559.495,303.110,21.732,49.876
559.634,301.857,21.514,49.897
559.829,300.432,21.413,49.903
543.213,265.249,25.557,45.526
539.797,264.500,29.109,42.121
538.553,263.883,31.395,39.610
539.084,263.075,32.924,37.874
539.288,262.774,33.563,36.795
540.517,261.817,33.857,36.148
541.874,261.106,33.346,36.098
543.439,260.265,32.990,36.006
544.995,258.482,32.604,36.016
546.920,256.827,31.801,36.216
548.263,253.780,30.895,36.034
551.187,252.131,29.085,37.254
554.011,251.029,27.388,38.296
555.897,250.636,26.037,39.048
557.379,247.575,24.615,39.526
559.166,248.002,22.954,40.913
560.604,246.553,22.014,41.852
561.275,246.045,21.802,42.063
561.460,245.053,21.762,42.103
561.123,244.099,21.756,42.108
560.793,244.159,21.756,42.108
560.178,244.132,21.755,42.109
559.507,243.882,21.755,42.109
559.011,243.655,21.755,42.109
558.773,243.321,21.755,42.110
558.267,242.710,21.754,42.110
557.635,242.230,21.754,42.111
556.652,241.696,21.753,42.111
555.827,240.781,21.752,42.112
555.157,239.165,21.750,42.113
545.895,238.693,22.464,41.383
546.475,238.261,23.114,40.652
547.487,238.101,23.799,39.855
551.953,232.205,23.470,39.800
553.352,230.494,22.981,40.038
558.003,226.266,22.260,40.394
559.215,225.847,21.611,40.744
560.469,227.983,20.416,42.016
561.302,226.000,19.488,43.024
561.653,224.438,18.923,43.599
561.297,222.882,18.631,43.862
551.187,218.925,20.286,42.161
554.020,218.417,20.925,41.807
554.196,218.995,21.651,41.170
554.590,219.377,22.105,40.789
555.178,219.620,22.342,40.589
555.337,219.868,22.197,40.600
555.591,220.221,22.242,40.349
555.975,220.526,22.111,40.386
556.726,220.781,21.911,40.372
556.844,221.374,21.712,40.327
557.711,221.860,21.533,40.253
557.983,222.317,21.168,40.314
557.913,222.877,20.769,40.402
558.373,222.613,20.762,40.462
558.921,222.895,20.750,40.359
558.934,223.697,20.523,40.408
558.961,224.643,20.298,40.278
559.587,224.731,20.118,40.318
559.604,225.409,20.040,40.184
559.976,226.008,19.804,40.157
560.010,226.693,19.592,40.001
560.070,226.861,19.280,40.168
560.351,227.267,19.162,40.173
560.742,228.042,18.940,40.036
561.214,228.914,18.735,39.818
561.505,229.774,18.653,39.685
561.914,231.076,18.526,39.495
562.128,231.586,18.108,39.564
562.989,232.119,17.500,40.157
563.186,232.557,17.124,40.441
563.837,232.913,16.664,40.715
564.187,233.012,16.305,40.903
564.786,233.308,15.942,41.068
564.589,233.257,15.489,41.250
564.904,234.190,15.121,41.211
565.877,234.853,14.807,41.022
565.940,235.301,14.340,40.999
566.352,235.472,14.082,40.638
566.667,238.614,13.833,40.487
566.926,238.824,13.706,40.410
567.147,239.056,13.663,40.393
566.963,239.168,13.647,40.393
566.816,239.270,13.645,40.393
566.630,238.849,13.645,40.393
566.518,238.520,13.645,40.393
566.415,238.253,13.644,40.393
566.335,238.042,13.644,40.393
566.251,237.763,13.644,40.393
566.177,237.508,13.644,40.393
565.836,237.232,13.644,40.393
565.354,236.765,13.644,40.393
564.924,236.476,13.644,40.393
564.634,235.903,13.644,40.393
564.340,235.344,13.644,40.393
564.074,234.657,13.644,40.393
563.730,233.644,13.644,40.393
563.415,232.577,13.643,40.393
563.061,231.595,13.643,40.393
562.612,230.877,13.643,40.393
562.232,230.295,13.643,40.393
561.961,229.823,13.643,40.393
561.415,230.218,13.643,40.393
560.851,230.395,13.643,40.394
561.376,230.630,13.643,40.394
561.079,230.544,13.642,40.394
561.568,230.408,13.642,40.394
561.303,230.104,13.642,40.394
560.978,229.759,13.642,40.394
561.408,229.563,13.642,40.394
561.050,229.154,13.642,40.394
561.409,228.956,13.642,40.394
561.058,228.663,13.642,40.394
561.379,228.513,13.642,40.394
560.878,227.996,13.642,40.393
561.221,227.350,13.642,40.393
561.198,226.547,13.641,40.393
561.226,225.467,13.641,40.393
561.348,224.168,13.641,40.393
561.078,223.152,13.641,40.393
561.599,222.076,13.641,40.393
561.217,220.985,13.641,40.393
561.219,220.043,13.641,40.394
561.262,219.290,13.641,40.394
560.989,218.702,13.640,40.394
561.487,218.371,13.640,40.394
561.271,217.537,13.640,40.394
561.032,216.985,13.640,40.394
561.566,216.489,13.640,40.394
561.355,215.950,13.640,40.394
561.147,215.412,13.640,40.394
561.265,214.888,13.640,40.394
561.053,214.481,13.639,40.394
561.580,214.059,13.639,40.394
561.364,213.597,13.639,40.394
561.111,212.930,13.639,40.394
561.601,212.334,13.639,40.394
561.408,211.676,13.639,40.394
561.017,211.528,13.639,40.394
561.404,211.567,13.639,40.394
561.073,211.235,13.639,40.394
561.556,210.880,13.639,40.394
561.234,210.493,13.638,40.394
561.237,210.107,13.638,40.394
561.257,209.595,13.638,40.394
561.000,208.949,13.638,40.394
561.506,208.359,13.638,40.394
561.268,207.661,13.638,40.394
561.013,206.841,13.638,40.394
561.492,205.836,13.638,40.394
561.176,204.263,13.638,40.394
561.281,202.923,13.638,40.394
561.004,201.705,13.637,40.394
561.514,200.579,13.637,40.394
561.262,199.601,13.637,40.394
560.976,198.574,13.637,40.394
561.443,197.711,13.637,40.394
561.078,197.037,13.637,40.394
561.466,196.375,13.637,40.394
561.069,195.684,13.637,40.394
561.352,195.407,13.637,40.394
560.890,194.849,13.637,40.394
560.998,195.158,13.636,40.394
561.284,195.309,13.636,40.394
560.752,195.008,13.636,40.394
561.094,194.881,13.636,40.394
561.496,194.868,13.636,40.394
561.014,194.666,13.636,40.394
561.375,194.661,13.636,40.394
560.930,194.441,13.636,40.393
561.227,194.405,13.635,40.393
561.129,194.134,13.635,40.393
561.463,194.137,13.635,40.393
561.003,193.904,13.635,40.393
560.949,193.949,13.635,40.393
560.947,193.989,13.635,40.393
561.006,193.971,13.635,40.393
561.123,193.737,13.635,40.393
561.285,193.506,13.635,40.392
560.627,192.991,13.635,40.392
560.769,192.821,13.635,40.392
560.938,192.727,13.634,40.392
561.142,192.595,13.634,40.392
560.887,192.256,13.634,40.392
561.091,192.248,13.634,40.392
561.317,192.394,13.634,40.392
560.548,192.258,13.634,40.392
560.757,192.236,13.634,40.392
561.023,192.505,13.634,40.391
561.320,192.403,13.634,40.391
560.752,191.941,13.634,40.391
561.113,191.705,13.634,40.391
561.607,191.064,13.634,40.391
561.207,190.266,13.634,40.391
561.337,188.974,13.633,40.391
561.138,187.477,13.633,40.391
561.256,185.795,13.633,40.391
560.968,184.477,13.633,40.391
561.640,183.064,13.633,40.391
561.572,182.364,13.633,40.390
561.443,181.908,13.633,40.390
561.240,181.872,13.633,40.390
560.769,181.804,13.632,40.389
559.704,181.650,13.633,40.389
558.453,181.489,13.634,40.386
557.314,181.528,13.637,40.380
557.083,181.748,13.641,40.371
556.028,181.668,13.653,40.354
547.972,178.318,14.968,39.082
546.605,178.678,16.612,37.592
544.623,179.525,18.422,35.978
544.416,180.300,19.564,34.992
544.277,181.072,20.652,34.078
544.018,181.688,21.358,33.492
544.255,182.414,21.804,33.120
544.390,183.089,22.152,32.834
544.680,183.682,22.324,32.689
545.055,184.244,22.426,32.604
545.886,184.597,22.523,32.520
546.209,185.226,22.600,32.454
546.442,185.907,22.671,32.394
545.957,186.545,22.731,32.341
545.809,187.011,22.805,32.269
545.576,187.181,22.840,32.233
544.825,187.137,22.867,32.207
516.606,212.263,23.817,31.290
520.463,212.062,24.295,30.638
524.524,211.425,24.663,30.216
528.841,210.602,24.890,30.104
533.032,209.941,25.002,29.965
534.146,209.723,24.976,30.064
538.000,209.870,24.878,30.090
541.833,210.178,24.738,29.999
546.614,213.220,25.167,29.714
547.430,212.495,25.874,29.362
548.936,207.496,26.190,29.169
549.907,203.142,26.078,29.365
554.180,201.483,25.192,30.200
557.210,203.406,23.934,31.472
557.660,201.537,22.753,32.753
559.177,199.626,21.458,34.270
560.312,197.098,20.299,35.727
559.691,195.427,19.700,36.639
559.423,193.863,19.462,37.216
559.177,192.046,19.400,37.459
558.642,194.332,19.346,37.366
557.335,194.345,19.594,36.757
556.462,190.348,20.094,36.186
552.683,190.125,21.453,34.720
551.608,190.212,22.609,33.386
548.503,189.796,23.722,32.283
545.101,188.867,24.613,31.438
540.523,188.618,25.059,30.929
536.630,184.550,24.975,30.811
532.461,184.937,24.995,30.794
532.501,188.096,25.079,30.668
531.854,187.978,25.254,30.467
531.145,187.664,25.650,30.277
530.872,187.223,25.915,30.105
530.628,187.095,26.167,29.848
530.685,187.091,25.968,30.024
530.243,187.226,25.789,30.331
526.984,186.214,25.793,30.558
527.205,189.045,25.869,30.382
524.183,187.919,26.029,30.241
524.853,184.974,24.591,31.376
524.315,178.462,23.262,32.635
521.732,176.465,22.400,33.740
518.493,174.687,21.838,34.435
517.565,173.952,21.070,35.065
512.804,172.093,20.724,35.508
510.847,171.807,20.291,35.857
509.207,172.096,20.146,35.918
508.478,175.686,19.642,36.437
507.490,176.108,19.339,36.674
497.627,176.277,20.414,35.485
495.985,173.318,20.207,35.663
494.543,175.527,19.975,35.591
494.331,179.569,21.093,34.237
493.702,183.848,22.721,32.617
489.319,181.147,23.912,31.336
485.506,181.984,24.754,30.539
483.969,182.620,25.918,29.668
482.677,183.079,26.871,28.917
481.945,183.535,27.632,28.485
484.709,187.295,27.843,28.370
483.928,187.374,27.804,28.368
479.252,187.125,27.914,28.331
470.968,186.782,27.802,28.548
470.089,189.524,27.715,28.648
466.457,192.587,27.989,28.648
465.438,191.855,28.198,28.595
464.540,182.738,26.657,30.289
462.227,179.336,26.396,30.123
460.449,179.702,26.092,29.935
460.291,180.073,25.084,30.556
458.292,177.950,25.054,29.971
458.764,177.997,23.953,30.550
456.918,174.949,24.043,29.991
455.585,173.104,24.175,29.152
454.506,171.201,24.313,28.339
454.105,170.872,24.511,27.881
453.472,171.013,24.408,27.538
453.360,170.746,24.194,27.340
452.954,171.455,24.075,27.019
453.323,175.082,23.929,26.740
453.511,176.986,23.734,26.336
453.469,181.243,23.320,26.229
453.421,184.520,23.127,26.093
452.810,188.925,23.547,25.427
449.239,192.342,23.694,25.243
447.065,193.462,23.522,25.155
445.307,194.435,22.945,25.444
444.546,194.784,21.797,26.434
441.696,193.889,21.852,26.231
440.262,193.298,21.747,26.185
438.462,192.826,21.401,26.157
436.666,190.845,21.500,25.721
435.034,188.838,21.747,25.321
434.092,188.681,21.940,25.177
433.183,186.388,22.143,24.975
431.979,186.415,22.303,24.796
433.656,201.344,22.942,24.426
433.240,201.111,23.239,24.291
435.280,201.085,23.462,24.307
434.848,200.694,23.572,24.563
437.304,200.483,23.515,24.861
440.164,201.024,23.224,25.165
441.226,200.520,23.047,25.452
442.655,199.731,22.719,25.809
443.764,199.097,22.312,26.085
445.278,195.810,21.890,26.273
447.191,195.426,21.674,26.515
449.189,193.597,21.982,26.856
450.298,190.975,22.284,26.716
452.208,191.400,22.712,26.707
454.902,191.004,23.295,26.615
457.044,190.976,23.785,26.571
459.763,190.792,23.989,26.824
459.455,191.371,24.573,26.798
462.495,192.698,25.128,26.705
465.260,193.842,25.537,26.693
468.669,194.593,25.815,26.907
472.589,198.014,25.588,27.377
473.253,197.495,25.972,27.674
476.881,197.185,25.903,28.104
481.014,196.467,24.195,29.792
484.432,195.029,22.743,31.293
488.276,197.356,22.019,31.993
487.718,205.063,23.098,30.616
488.092,205.342,23.830,29.749
490.002,209.018,22.407,31.483
491.170,206.526,20.550,34.081
493.902,201.375,20.026,35.309
495.238,199.673,18.743,37.282
496.277,198.143,17.721,38.908
497.006,197.243,17.126,39.695
497.994,192.637,16.839,40.615
498.452,191.736,16.689,40.885
499.167,193.602,16.555,41.089
499.378,192.924,17.330,40.360
499.313,195.524,17.996,39.890
499.464,198.501,18.573,39.278
499.439,198.445,19.148,38.529
499.875,196.867,19.482,38.168
500.405,195.285,19.739,38.204
502.077,192.899,19.842,38.454
505.084,190.611,19.556,39.031
505.982,188.876,19.701,39.086
507.002,186.050,19.870,39.017
509.210,183.500,19.522,39.547
509.219,180.151,19.773,39.504
513.321,177.191,18.893,40.657
513.968,173.838,18.373,41.255
517.554,173.472,17.801,41.839
518.193,173.102,17.616,42.054
522.327,173.009,17.329,42.317
525.743,173.028,17.057,42.562
529.614,176.381,16.528,42.961
532.850,180.003,16.037,43.170
533.650,182.779,15.763,43.228
536.886,181.956,15.428,43.417
539.703,181.399,15.335,43.433
539.685,180.135,15.233,43.367
530.864,184.075,16.275,42.303
530.242,184.035,16.873,41.703
530.481,184.452,17.187,41.342
545.772,186.657,16.868,41.770
549.737,182.226,16.478,42.255
554.036,188.241,16.151,42.779
557.185,187.504,15.785,43.308
560.226,186.865,15.482,44.125
561.536,187.880,15.292,44.451
564.523,187.347,14.822,45.067
563.884,179.297,14.884,45.017
562.834,178.152,14.901,44.970
558.797,178.264,15.431,44.502
558.160,176.629,15.857,44.170
560.793,175.211,15.829,44.668
560.265,175.298,15.828,44.669
556.687,172.067,16.591,43.667
556.813,173.584,17.188,42.608
559.536,178.411,17.358,42.156
562.361,178.946,17.254,42.203
562.305,179.379,17.238,42.205
561.593,179.520,17.236,42.206
560.864,180.301,17.235,42.206
553.639,149.269,20.051,38.724
554.826,147.827,21.725,36.921
557.407,148.827,21.614,36.528
558.201,152.417,21.038,36.532
561.429,156.858,19.485,37.707
562.664,160.085,18.173,38.929
562.858,163.635,17.941,39.107
551.886,146.214,20.031,36.735
550.162,138.774,22.286,34.768
551.144,139.550,23.544,33.590
552.159,140.266,24.360,32.684
555.998,141.453,23.523,33.500
556.223,144.609,22.581,34.567
556.125,147.391,21.921,35.035
556.192,146.134,21.526,35.541
556.363,145.840,21.257,35.933
556.056,146.722,20.995,36.221
557.587,148.283,20.647,36.214
561.267,149.633,19.320,37.419
561.695,153.011,18.264,38.723
562.001,164.644,17.272,39.931
561.810,172.848,16.722,40.463
562.248,176.853,16.277,40.690
562.999,181.926,16.008,40.825
563.403,183.074,15.892,40.907
563.489,184.123,15.849,40.939
556.405,185.256,16.141,40.666
556.721,185.761,16.344,40.459
557.319,183.158,16.593,40.082
557.537,180.763,16.924,39.524
557.838,181.890,17.441,38.611
558.962,182.300,17.611,37.868
558.920,182.830,17.734,37.281
561.946,183.122,17.123,37.737
562.100,182.753,16.709,37.982
561.621,182.412,16.744,37.745
556.319,186.868,17.598,36.803
558.622,193.823,17.809,36.685
558.931,192.826,17.982,36.473
561.808,194.547,17.274,37.204
562.454,193.996,16.931,37.516
553.068,188.104,18.978,35.085
560.358,183.865,18.109,35.929
553.779,184.536,19.674,34.271
552.998,184.736,21.321,32.777
556.342,183.132,20.911,33.115
551.908,186.481,22.497,31.758
551.051,186.748,23.647,30.846
550.070,187.563,24.566,30.081
549.100,188.135,25.046,29.576
548.133,188.458,25.626,29.080
547.896,188.359,25.912,28.857
549.557,188.489,25.713,28.902
549.215,188.366,25.762,28.884
552.843,184.266,24.712,30.154
553.827,184.445,23.565,31.289
554.453,184.326,22.806,32.049
555.365,184.078,22.273,32.562
557.510,183.748,21.549,33.197
557.130,183.171,20.884,33.797
552.615,187.182,21.754,33.168
552.090,187.360,22.608,32.613
551.588,187.686,23.391,32.257
551.119,187.751,24.099,31.953
551.277,187.508,24.684,31.679
551.186,187.542,25.071,31.559
554.704,186.179,24.213,32.436
554.401,185.345,23.677,33.086
