262.000,94.000,16.000,26.000
262.151,92.920,15.726,26.582
261.637,92.150,15.536,26.945
260.889,91.148,15.369,27.403
260.121,90.214,15.206,27.680
259.283,88.797,15.234,27.951
256.964,87.608,15.317,28.070
254.900,86.048,15.360,28.200
254.411,84.489,15.248,28.542
252.926,82.640,15.441,28.757
251.739,80.332,15.642,28.956
251.398,78.628,15.647,29.258
248.879,76.524,15.571,29.723
247.998,75.378,15.869,29.819
245.821,73.234,15.834,30.264
245.341,72.587,16.061,30.177
243.972,71.592,16.392,30.204
242.453,70.408,16.765,30.200
240.137,67.804,16.521,30.839
239.618,66.617,16.794,30.853
236.375,65.434,17.162,30.824
234.802,64.471,17.601,30.905
232.087,62.274,17.690,31.199
230.814,61.677,18.108,31.127
230.293,59.878,18.145,31.541
229.704,58.119,18.222,31.953
229.689,55.567,18.373,32.343
229.288,54.680,18.633,32.370
228.767,52.579,18.834,32.671
227.852,51.382,18.989,32.801
226.434,50.560,19.357,32.853
225.079,49.210,19.510,33.306
223.763,48.365,19.742,33.700
222.675,47.246,20.027,33.991
221.215,46.464,20.247,34.488
218.650,45.139,20.218,35.135
218.076,44.853,20.522,35.264
216.353,44.694,20.754,35.020
215.234,44.550,20.798,34.790
212.169,44.001,20.700,34.348
210.849,43.662,20.730,33.972
209.672,44.630,21.824,32.634
208.840,44.949,22.574,31.625
207.902,45.024,23.120,30.864
207.128,44.588,23.512,30.410
206.504,43.691,23.733,30.113
207.253,43.476,23.527,30.060
207.796,43.422,23.342,29.910
208.522,43.186,23.251,29.742
209.625,43.595,23.226,29.386
210.486,43.933,23.129,29.026
211.083,44.455,23.200,28.599
211.589,44.654,23.224,28.120
211.957,45.179,23.220,27.714
214.486,44.805,23.488,27.058
214.354,44.307,23.426,26.610
217.580,44.107,23.784,26.119
218.427,41.420,23.448,26.267
219.456,41.673,23.339,26.014
221.238,41.296,23.425,25.839
224.557,41.556,23.514,25.657
225.484,42.437,23.346,25.974
227.510,46.621,23.043,26.746
235.175,46.445,23.080,27.388
238.872,56.771,23.299,27.811
248.953,68.280,24.216,27.344
266.280,69.163,24.126,27.278
280.457,69.152,24.463,27.702
285.969,64.418,24.127,28.102
288.975,67.635,23.616,28.669
296.126,73.471,22.840,29.560
303.059,70.504,21.138,31.471
318.215,66.822,19.529,33.260
317.996,66.783,19.519,33.270
320.968,66.963,19.435,33.355
320.238,66.646,19.438,33.350
319.823,66.863,19.455,33.331
321.132,66.572,19.461,33.326
320.228,66.781,19.437,33.356
320.049,67.087,19.355,33.492
319.744,66.629,19.355,33.492
319.352,65.763,19.355,33.492
318.982,66.119,19.355,33.492
318.650,65.609,19.355,33.492
318.345,65.145,19.355,33.492
318.088,64.735,19.355,33.492
317.320,64.977,19.355,33.492
316.547,65.298,19.355,33.492
315.963,65.602,19.355,33.492
315.252,65.944,19.356,33.491
314.505,66.237,19.356,33.491
313.706,66.553,19.356,33.491
312.862,66.870,19.357,33.490
312.239,67.184,19.357,33.490
311.991,67.478,19.358,33.490
311.790,67.746,19.358,33.489
311.667,68.077,19.358,33.489
311.687,68.337,19.359,33.489
311.636,68.606,19.359,33.489
311.463,68.836,19.359,33.488
311.251,69.127,19.359,33.488
311.047,69.422,19.359,33.488
310.898,68.671,19.359,33.488
310.799,68.875,19.359,33.488
310.631,69.067,19.360,33.488
310.461,69.259,19.360,33.487
310.138,69.504,19.360,33.487
309.967,69.777,19.360,33.487
309.827,68.907,19.360,33.487
309.582,68.168,19.360,33.487
309.571,68.447,19.360,33.487
309.635,68.689,19.361,33.487
309.388,68.947,19.361,33.487
309.308,69.246,19.361,33.486
309.169,69.563,19.361,33.486
308.984,68.772,19.361,33.486
308.973,69.061,19.361,33.486
308.862,69.279,19.361,33.486
308.718,69.549,19.361,33.486
308.577,69.854,19.362,33.486
308.436,70.159,19.362,33.486
308.326,70.465,19.362,33.486
308.347,70.819,19.362,33.486
308.347,71.176,19.362,33.486
308.231,71.563,19.362,33.485
308.208,71.964,19.362,33.485
308.188,72.364,19.362,33.485
308.257,72.756,19.363,33.485
308.325,73.156,19.363,33.485
308.364,73.556,19.363,33.485
308.448,73.978,19.363,33.485
308.495,74.412,19.363,33.484
308.595,74.891,19.363,33.484
308.697,75.361,19.363,33.484
308.984,75.820,19.364,33.484
309.295,76.287,19.364,33.484
309.590,76.732,19.364,33.484
309.766,77.234,19.364,33.484
309.916,77.709,19.364,33.483
310.176,78.170,19.364,33.483
310.435,78.626,19.365,33.483
310.617,79.067,19.365,33.483
