82.000,218.000,69.000,73.000
85.285,220.479,67.738,73.128
88.460,223.318,67.578,72.060
91.356,225.990,68.410,70.431
95.341,227.388,69.079,68.839
96.189,236.017,69.418,67.676
98.786,243.825,68.675,67.858
109.597,245.057,69.480,68.584
110.237,246.941,70.028,68.581
109.155,248.147,70.644,68.317
110.680,249.185,70.648,67.631
119.006,246.306,69.862,67.909
118.797,251.697,69.745,67.549
125.617,245.630,74.989,62.218
140.492,235.612,71.512,65.008
147.553,234.690,68.081,67.527
150.596,234.730,67.119,68.026
155.148,236.616,67.739,67.078
161.937,236.737,67.688,66.685
171.957,236.219,65.086,67.979
177.786,236.905,63.619,68.225
183.330,236.816,62.105,68.616
186.895,238.351,60.944,68.362
190.224,239.749,60.130,67.997
194.663,241.494,59.505,67.524
198.894,242.386,59.108,67.116
203.263,244.124,58.520,67.122
207.434,245.612,57.991,67.140
209.419,246.993,58.853,65.923
210.068,249.391,60.514,64.252
210.678,250.777,61.552,62.694
210.141,257.448,62.215,61.037
211.213,258.350,62.148,60.012
218.518,257.441,61.455,59.650
225.531,255.751,61.155,59.103
233.142,253.584,60.304,59.452
233.457,259.799,58.852,59.855
235.490,260.263,57.950,59.810
241.824,259.567,56.939,59.988
243.295,259.337,55.838,60.028
249.857,258.213,55.193,60.002
251.052,257.336,55.569,59.169
250.515,257.577,56.055,58.593
252.902,264.718,54.352,59.229
257.963,264.712,50.746,62.458
257.790,263.842,50.969,62.259
265.052,263.186,51.721,62.057
277.208,263.402,52.535,61.738
296.229,254.396,48.483,65.646
305.200,259.888,45.798,67.383
305.032,259.977,44.575,67.830
294.940,255.385,45.601,66.079
291.808,258.154,46.779,64.222
291.287,260.192,45.501,65.159
282.847,256.249,47.528,63.186
281.394,257.329,48.784,62.231
282.558,260.570,46.750,63.758
285.429,259.466,44.751,64.978
285.361,261.886,46.238,62.767
284.017,257.202,47.472,61.098
275.361,251.536,49.542,58.605
275.382,248.679,51.313,56.448
276.549,257.533,51.101,56.990
276.323,252.493,50.301,57.033
276.723,260.694,50.133,56.472
269.137,274.962,49.607,56.345
274.830,275.200,49.804,55.853
222.005,249.489,48.725,56.784
221.510,250.889,48.850,56.414
211.319,245.094,50.345,54.913
203.527,237.810,50.837,53.519
202.715,239.036,51.132,52.299
194.984,238.879,50.344,52.219
184.917,235.216,49.734,51.804
182.982,237.131,48.735,51.522
181.146,238.720,47.418,51.645
174.750,239.689,47.124,51.131
173.269,240.958,46.062,51.100
166.895,241.015,45.936,50.433
160.235,241.587,46.103,49.628
160.055,243.019,46.697,48.625
158.211,241.319,47.063,47.344
156.093,242.352,46.969,46.616
155.085,243.532,46.178,46.346
152.616,245.106,44.847,46.456
146.091,240.381,44.917,45.109
144.915,243.220,44.719,44.616
143.899,247.271,45.360,43.973
143.949,248.375,44.991,44.180
139.434,247.496,43.996,45.111
138.845,247.888,42.477,46.301
134.899,250.110,39.695,48.587
132.892,250.657,39.003,49.283
125.061,242.635,38.648,48.910
114.052,239.301,40.527,47.019
98.910,236.167,45.942,42.139
92.908,237.641,50.718,37.859
105.955,238.161,49.669,38.342
105.321,236.086,49.681,38.331
