450.000,91.000,31.000,37.000
439.402,98.811,35.333,33.102
433.665,103.369,37.535,30.892
426.971,107.876,38.890,29.337
420.119,113.416,38.915,29.351
415.817,114.397,38.376,29.270
411.285,115.242,37.976,29.303
405.845,116.654,38.640,28.296
404.518,117.705,39.960,26.755
404.276,119.440,41.238,25.491
405.357,120.150,42.367,24.661
398.297,121.490,43.065,24.171
394.019,122.221,40.755,26.006
390.383,125.161,38.935,27.020
391.532,127.602,36.816,28.432
391.673,130.818,35.323,29.182
391.973,129.111,33.796,30.125
392.023,131.950,32.659,30.784
390.892,135.016,31.546,31.103
391.640,140.032,31.563,30.723
391.775,145.039,31.766,30.239
375.136,158.078,32.136,29.781
379.465,154.875,32.241,29.633
383.675,151.314,32.635,28.860
383.043,151.069,33.023,28.178
382.879,150.621,33.226,27.792
379.365,147.836,34.788,25.886
385.895,151.665,34.338,26.122
380.232,144.669,35.179,25.432
380.265,144.775,34.068,26.114
377.035,143.313,33.034,26.775
372.931,141.990,32.627,27.070
373.523,140.980,31.753,27.541
373.980,143.891,30.340,28.723
374.371,142.434,29.105,29.867
375.498,142.676,28.438,30.127
376.490,147.312,28.771,29.479
377.640,147.954,28.743,28.969
375.122,148.676,28.981,28.124
376.291,148.980,28.965,27.743
373.239,150.268,29.071,27.365
373.810,151.047,29.298,26.969
370.348,152.119,30.749,25.415
372.476,152.143,32.208,23.871
370.539,152.176,32.799,23.241
371.110,152.905,32.105,23.729
371.955,152.625,30.931,24.652
372.990,155.883,29.572,25.751
374.593,158.286,28.232,26.426
375.229,158.320,26.666,27.475
375.869,157.560,25.845,27.765
375.719,157.396,25.381,27.941
376.939,161.063,25.422,27.614
377.836,161.964,25.490,27.069
375.051,162.734,25.635,26.592
376.468,165.840,25.537,26.291
377.219,169.685,25.520,26.067
375.164,170.465,25.485,25.924
378.371,167.255,25.727,25.459
380.829,168.364,26.135,24.797
379.654,169.029,26.551,24.265
379.364,169.709,26.683,24.054
379.678,168.835,26.434,24.235
380.750,168.829,25.788,24.903
382.206,172.146,25.036,25.518
383.762,172.684,24.247,26.030
383.851,172.778,23.126,27.214
384.400,176.137,22.903,27.046
385.269,176.731,23.072,26.363
386.925,180.940,23.445,25.525
383.643,181.585,23.849,24.727
384.677,182.213,24.195,24.076
385.449,183.281,24.201,23.754
385.430,183.834,24.185,23.562
379.402,187.507,25.928,21.878
380.253,185.171,27.908,20.447
380.852,185.921,27.870,20.594
381.926,185.588,27.465,20.977
382.908,185.476,26.728,21.650
383.533,185.369,25.779,22.428
384.993,189.354,24.872,23.065
385.125,189.623,24.153,23.282
384.975,189.296,23.372,23.603
384.513,189.579,22.942,23.704
384.386,190.672,22.740,23.687
384.381,191.947,22.879,23.343
384.265,193.159,23.321,22.877
383.303,193.604,23.623,22.465
382.671,193.909,23.582,22.252
382.370,194.377,23.594,21.991
382.119,194.278,23.494,21.912
381.024,195.278,23.557,21.750
380.225,195.472,23.549,21.569
378.319,195.376,23.708,21.405
378.407,196.605,23.664,21.138
377.496,197.137,23.682,20.995
375.821,197.915,23.736,20.668
375.578,197.569,23.771,20.511
375.228,198.502,23.674,20.511
372.959,199.001,23.522,20.630
373.444,200.010,23.495,20.644
373.243,198.259,23.377,20.922
372.815,200.041,23.188,21.206
372.349,198.509,23.281,21.183
371.802,198.912,23.232,21.317
369.412,199.722,23.021,21.303
369.490,199.405,22.866,21.502
368.865,199.115,22.950,21.470
366.933,199.383,23.036,21.331
365.208,196.982,23.121,21.077
365.496,197.219,23.149,20.939
364.507,197.895,23.131,20.911
364.130,198.336,23.121,20.716
363.105,198.883,23.116,20.614
362.341,198.869,23.072,20.408
361.789,198.709,23.062,20.276
360.734,198.241,23.171,19.903
358.768,196.818,23.153,19.736
358.189,196.269,23.910,18.957
357.888,196.453,23.934,18.784
356.069,196.385,23.869,18.755
355.869,196.916,23.688,18.808
356.136,197.019,23.619,18.834
356.237,196.551,23.709,18.763
355.902,196.123,23.764,18.722
355.745,195.033,23.786,18.706
355.263,194.024,23.795,18.700
354.829,193.452,23.796,18.699
354.439,192.980,23.796,18.698
353.825,192.660,23.797,18.698
353.404,192.399,23.797,18.697
353.097,192.201,23.798,18.697
352.669,192.049,23.798,18.697
352.217,191.826,23.798,18.697
351.768,191.737,23.799,18.697
351.445,191.653,23.799,18.696
351.113,191.520,23.799,18.696
350.840,191.359,23.799,18.696
350.463,191.244,23.800,18.696
350.120,191.168,23.800,18.696
349.747,191.060,23.800,18.696
349.392,191.007,23.800,18.695
349.037,190.955,23.800,18.695
348.615,190.918,23.801,18.695
348.149,190.786,23.801,18.695
347.714,190.745,23.801,18.695
347.380,190.676,23.801,18.695
346.970,190.619,23.801,18.694
346.479,190.569,23.802,18.694
346.043,190.471,23.802,18.694
345.549,190.350,23.802,18.694
345.128,190.300,23.802,18.694
344.696,190.202,23.802,18.694
344.363,190.095,23.803,18.694
344.016,189.985,23.803,18.693
343.687,189.883,23.803,18.693
343.357,189.783,23.803,18.693
342.935,189.667,23.803,18.693
342.540,189.537,23.803,18.693
342.364,189.349,23.804,18.693
342.093,189.161,23.804,18.692
341.748,189.047,23.804,18.692
341.532,188.959,23.804,18.692
341.183,188.809,23.805,18.692
340.889,188.671,23.805,18.692
340.489,188.566,23.805,18.692
340.214,188.409,23.805,18.692
339.905,188.315,23.805,18.692
339.528,188.215,23.805,18.691
339.109,188.108,23.806,18.691
338.662,188.007,23.806,18.691
338.205,187.907,23.806,18.691
337.784,187.815,23.806,18.691
337.378,187.750,23.806,18.691
336.979,187.685,23.806,18.691
336.619,187.586,23.807,18.691
336.237,187.485,23.807,18.690
335.817,187.417,23.807,18.690
335.526,187.313,23.807,18.690
335.153,187.203,23.807,18.690
334.810,187.111,23.807,18.690
334.274,186.955,23.808,18.690
333.739,186.855,23.808,18.689
333.279,186.665,23.809,18.688
332.718,186.354,23.813,18.686
331.718,185.846,23.819,18.681
331.102,185.367,23.831,18.673
329.905,185.061,23.842,18.664
329.121,184.772,23.855,18.655
328.798,184.398,23.872,18.643
328.594,184.144,23.882,18.636
328.369,183.889,23.890,18.630
328.210,183.603,23.901,18.623
327.925,183.340,23.908,18.618
327.872,183.083,23.919,18.611
327.986,182.789,23.926,18.606
328.129,181.363,23.925,18.608
328.209,180.296,23.921,18.612
328.199,179.516,23.918,18.617
328.211,178.888,23.915,18.621
328.165,178.249,23.911,18.625
328.268,177.849,23.908,18.630
328.194,177.242,23.905,18.634
328.119,176.585,23.901,18.640
327.565,175.181,23.880,18.665
326.963,173.512,23.855,18.693
303.441,160.994,25.690,17.180
303.577,165.825,25.367,17.317
301.461,165.602,24.991,17.649
301.819,162.635,24.593,17.977
307.542,162.254,23.896,18.488
305.442,156.881,23.481,18.881
309.210,149.048,23.294,19.189
309.605,147.164,23.292,19.193
309.619,147.290,23.302,19.185
309.731,147.390,23.344,19.156
310.137,147.344,23.425,19.099
310.594,147.106,23.508,19.040
311.554,146.865,23.635,18.947
312.354,146.476,23.713,18.892
312.675,145.746,23.781,18.845
312.761,145.382,23.843,18.804
313.064,145.013,23.888,18.776
312.962,144.430,23.934,18.745
312.838,143.776,23.962,18.728
299.764,141.908,23.836,19.058
297.608,140.338,23.776,19.361
298.044,136.761,23.602,19.696
298.238,135.890,23.565,19.785
298.114,134.891,23.556,19.810
298.580,133.888,23.514,19.902
296.331,132.641,23.409,20.147
296.803,131.182,23.322,20.376
297.333,127.733,23.297,20.520
297.679,126.810,23.296,20.549
298.317,125.669,23.270,20.581
298.741,125.256,23.269,20.585
299.217,124.402,23.267,20.588
299.573,124.496,23.266,20.589
299.728,124.527,23.264,20.591
291.691,130.746,24.235,19.770
290.111,131.175,24.704,19.380
291.056,131.645,25.585,18.592
289.267,132.179,25.992,18.250
289.726,132.107,26.405,17.920
288.437,131.863,26.595,17.765
289.562,129.570,27.182,17.290
287.921,129.546,27.532,17.016
288.966,127.307,27.973,16.626
289.623,127.399,28.647,16.117
313.452,118.555,27.559,17.248
320.642,121.136,26.625,18.234
320.316,120.637,26.558,18.317
320.884,120.100,26.541,18.335
321.550,119.401,26.534,18.343
321.118,118.540,26.520,18.357
320.617,117.539,26.509,18.369
320.116,116.346,26.494,18.385
319.802,115.218,26.475,18.406
319.413,114.030,26.457,18.424
319.088,112.758,26.443,18.439
318.891,111.517,26.430,18.452
318.548,110.377,26.419,18.465
318.172,109.233,26.406,18.478
317.975,108.083,26.392,18.493
317.433,107.086,26.381,18.504
316.937,105.989,26.372,18.514
316.402,104.857,26.360,18.528
315.912,103.669,26.350,18.538
315.475,102.352,26.339,18.550
315.000,100.976,26.329,18.562
314.663,99.814,26.316,18.576
314.243,98.653,26.303,18.591
313.854,97.772,26.291,18.604
313.470,96.784,26.282,18.615
313.024,95.453,26.271,18.627
312.666,94.458,26.258,18.641
312.248,93.631,26.244,18.657
311.822,92.537,26.231,18.672
311.356,91.624,26.212,18.693
310.971,90.873,26.197,18.711
310.632,90.060,26.180,18.730
310.277,89.283,26.165,18.747
310.162,88.450,26.149,18.766
310.156,87.851,26.135,18.782
310.120,87.202,26.116,18.804
310.028,86.478,26.101,18.822
309.826,86.045,26.086,18.839
309.654,85.545,26.072,18.854
309.427,84.808,26.057,18.872
309.339,84.284,26.039,18.892
309.242,83.550,26.024,18.910
309.159,82.915,26.010,18.926
309.130,82.395,25.994,18.945
309.031,81.753,25.979,18.962
308.989,81.397,25.963,18.981
308.840,80.513,25.948,18.997
308.678,79.667,25.935,19.013
308.546,78.965,25.923,19.026
308.400,78.438,25.911,19.040
308.276,78.158,25.901,19.051
308.292,77.661,25.889,19.065
308.311,77.286,25.877,19.078
308.319,77.126,25.866,19.090
308.345,77.023,25.855,19.103
308.255,76.649,25.839,19.120
308.231,76.481,25.825,19.137
308.165,76.414,25.811,19.152
308.108,76.227,25.798,19.167
307.899,76.010,25.786,19.181
307.730,75.865,25.768,19.200
307.547,76.187,25.750,19.220
307.327,75.998,25.740,19.232
307.170,75.956,25.726,19.248
306.973,76.095,25.716,19.259
306.811,76.053,25.707,19.270
306.561,75.891,25.694,19.284
306.433,75.971,25.683,19.297
306.405,76.356,25.669,19.312
306.389,76.772,25.654,19.329
306.228,77.571,25.645,19.340
306.010,78.019,25.636,19.350
305.780,78.593,25.628,19.359
305.589,79.250,25.620,19.368
305.451,79.875,25.610,19.378
305.179,80.196,25.603,19.387
304.887,80.640,25.595,19.395
304.631,81.093,25.590,19.402
304.355,81.436,25.584,19.408
304.119,81.879,25.580,19.412
303.909,82.574,25.576,19.417
303.680,83.246,25.574,19.420
303.584,83.818,25.570,19.423
303.443,84.291,25.568,19.426
303.237,85.005,25.565,19.429
303.002,85.533,25.562,19.432
302.740,86.155,25.560,19.434
302.474,87.138,25.558,19.437
302.205,87.867,25.557,19.438
301.991,88.491,25.556,19.439
301.794,88.968,25.555,19.440
301.424,89.361,25.554,19.441
300.632,89.501,25.555,19.441
300.363,90.109,25.554,19.442
300.103,90.457,25.553,19.442
299.921,90.908,25.553,19.443
299.702,91.092,25.552,19.443
299.552,91.130,25.552,19.444
299.274,91.111,25.551,19.445
298.990,90.613,25.550,19.446
298.684,90.040,25.549,19.447
298.269,89.200,25.548,19.448
297.753,88.667,25.546,19.450
297.185,88.240,25.543,19.453
296.712,87.042,25.539,19.458
296.351,85.812,25.533,19.464
296.162,84.304,25.527,19.471
296.056,82.964,25.523,19.475
296.026,81.650,25.520,19.478
295.996,80.720,25.517,19.481
294.997,81.291,25.521,19.479
294.631,81.445,25.535,19.469
294.651,81.447,25.563,19.449
294.128,81.420,25.603,19.418
293.713,81.151,25.614,19.409
292.772,81.042,25.624,19.400
291.863,81.180,25.635,19.393
290.737,81.219,25.653,19.379
289.759,81.139,25.663,19.372
288.743,80.711,25.667,19.369
287.727,80.265,25.671,19.366
286.654,79.920,25.674,19.364
285.644,79.432,25.677,19.362
284.750,78.963,25.679,19.361
283.984,78.368,25.680,19.360
283.513,77.809,25.681,19.359
282.908,77.427,25.682,19.359
282.645,78.203,25.681,19.359
282.387,79.236,25.680,19.360
282.136,80.336,25.679,19.361
281.897,81.361,25.678,19.363
281.570,82.403,25.676,19.364
281.324,83.288,25.675,19.366
281.008,84.038,25.672,19.369
280.757,84.538,25.669,19.372
280.551,84.794,25.666,19.377
280.354,84.884,25.663,19.379
280.126,84.946,25.661,19.382
279.888,85.212,25.658,19.385
279.601,85.497,25.657,19.387
279.232,85.806,25.654,19.390
279.004,85.922,25.652,19.392
278.603,86.079,25.651,19.394
278.544,86.439,25.650,19.395
278.661,86.985,25.646,19.399
278.230,87.155,25.642,19.404
277.705,87.097,25.640,19.405
277.311,87.001,25.640,19.406
276.925,86.730,25.640,19.406
302.894,91.858,25.289,19.181
295.967,89.752,25.477,18.794
285.966,89.362,25.448,18.571
273.076,87.690,26.134,17.733
259.677,87.972,26.646,17.060
244.152,86.086,27.131,16.516
225.994,85.659,27.408,16.150
205.784,85.097,27.546,15.893
183.548,82.869,27.773,15.625
