197.000,203.000,170.000,149.000
185.771,210.805,174.439,146.837
187.164,213.533,174.902,147.125
204.564,217.077,176.106,146.753
217.849,216.566,177.382,146.322
231.639,215.676,176.270,146.742
240.730,208.867,176.623,147.023
259.536,206.620,175.443,148.464
257.500,204.024,177.079,149.267
228.716,185.147,177.686,149.952
179.524,185.330,178.228,149.827
147.137,187.270,179.111,149.387
145.851,176.800,179.546,149.251
156.394,179.379,178.493,149.873
185.992,184.371,179.506,149.530
242.840,188.618,179.123,150.071
288.459,195.018,178.429,150.557
299.968,201.155,177.943,150.439
286.998,208.486,179.798,150.196
231.168,213.655,190.410,141.133
172.939,212.435,188.500,143.210
154.010,206.909,187.720,144.736
150.843,191.625,184.111,147.325
154.334,181.385,181.862,148.664
167.487,185.715,181.438,148.474
182.075,180.887,181.141,148.336
188.455,185.233,180.052,148.571
202.010,190.408,178.585,149.504
222.147,201.360,173.372,153.006
222.585,230.306,171.504,155.549
231.127,262.329,170.108,156.583
239.610,271.218,168.878,155.495
231.640,264.780,172.483,152.935
208.546,246.440,172.830,152.200
196.197,238.620,175.078,151.053
183.629,201.922,173.576,152.417
184.088,187.266,172.819,151.524
198.065,188.559,173.759,152.461
220.108,216.791,172.506,154.558
241.526,242.268,172.782,154.777
250.298,253.609,174.928,152.093
247.095,241.158,172.734,153.689
236.898,209.070,171.491,154.635
205.325,183.488,171.675,153.886
159.241,181.481,171.663,152.739
123.779,183.207,172.539,152.220
117.344,196.166,169.876,154.765
126.201,209.163,169.969,154.103
130.004,208.685,171.679,152.281
155.808,211.505,171.820,150.831
183.319,209.872,171.606,150.228
205.289,207.447,171.609,150.701
230.612,217.568,170.850,152.360
256.263,242.135,171.197,152.525
273.200,254.134,170.997,152.076
281.307,250.829,170.760,151.849
267.617,243.761,170.832,151.921
217.365,214.056,171.807,151.303
154.352,192.084,171.328,151.550
168.207,195.467,170.744,151.415
205.102,197.603,170.757,151.090
235.297,197.983,170.857,150.472
247.699,200.636,172.750,150.332
261.379,207.542,172.530,150.840
272.083,221.917,167.710,153.902
264.355,243.374,167.073,153.808
247.158,258.647,166.877,153.775
242.792,266.700,166.986,153.346
245.989,256.101,165.732,153.954
230.114,247.882,166.748,152.804
206.627,246.200,167.792,151.722
195.553,241.771,168.061,150.878
202.117,231.917,168.007,150.122
207.722,226.973,168.844,149.158
222.393,210.243,166.573,150.465
224.317,185.727,165.236,149.718
226.218,170.003,166.807,146.728
241.338,165.732,170.772,144.867
258.194,179.299,166.046,148.713
266.990,217.184,162.208,150.436
267.057,249.933,160.468,150.526
247.261,272.465,164.029,148.660
228.379,269.244,164.562,148.643
193.779,239.576,164.129,150.100
164.927,217.906,164.360,149.267
155.330,193.753,163.467,148.466
157.326,181.342,164.078,146.884
172.955,182.468,165.716,146.954
185.693,209.220,163.441,149.646
193.023,241.353,160.339,151.916
189.988,266.579,161.017,149.966
190.425,268.471,160.912,149.016
194.167,261.591,163.784,146.319
206.769,238.611,165.943,146.141
211.702,221.936,167.766,144.163
222.150,223.428,168.249,143.907
204.936,228.354,166.520,144.854
205.033,217.303,165.831,145.054
196.670,204.419,166.113,145.371
177.091,188.672,166.718,145.090
155.266,183.835,166.622,145.010
166.490,191.022,171.119,142.896
186.666,200.835,183.068,133.228
223.762,223.951,181.481,135.987
229.059,234.060,176.260,139.581
203.293,257.782,175.484,140.045
154.887,265.354,175.264,139.488
119.999,253.428,173.188,140.803
115.684,221.163,169.785,143.696
124.565,199.098,171.021,143.666
149.845,199.052,173.903,141.965
195.888,204.794,174.466,141.579
223.472,211.366,174.107,141.994
234.531,205.861,171.803,143.395
226.418,193.454,170.778,144.105
206.475,176.761,170.602,144.352
168.217,172.786,171.350,143.101
152.339,176.843,170.118,143.661
156.638,172.839,167.850,144.690
167.930,154.373,169.327,143.474
198.899,155.285,179.391,134.868
262.437,150.011,179.646,135.570
274.400,137.932,177.341,138.272
269.353,142.104,175.843,139.670
237.811,145.550,176.124,139.786
202.948,168.847,174.667,141.405
180.993,198.510,172.347,143.417
179.983,213.813,169.001,144.516
184.711,216.322,167.183,144.790
188.704,200.720,166.314,145.661
202.604,185.465,167.342,144.288
221.963,166.075,167.499,144.029
230.422,161.431,168.158,144.389
227.850,173.935,167.203,145.148
208.309,181.169,168.032,145.143
190.854,172.959,167.114,146.285
169.790,149.636,167.496,146.681
146.545,139.977,169.175,145.880
122.938,141.137,170.154,146.121
121.291,155.971,167.641,147.734
136.592,168.206,169.273,146.179
148.278,175.189,181.310,135.908
175.858,176.224,189.524,129.364
208.905,178.529,196.766,124.632
235.830,200.008,198.810,123.430
240.132,205.126,200.496,121.262
229.498,209.695,200.833,119.045
198.385,210.976,200.909,117.529
178.219,213.498,193.366,124.293
145.039,210.543,187.822,129.463
124.365,206.704,187.964,128.127
147.271,204.443,185.090,131.600
173.144,194.700,184.017,134.320
199.243,161.296,178.285,138.867
203.035,128.747,175.751,141.255
193.055,128.970,186.581,132.764
213.270,135.624,192.260,127.956
238.103,158.945,191.784,126.997
246.208,169.213,194.013,123.895
249.962,174.749,193.774,122.460
249.961,173.882,194.014,121.881
246.237,177.328,193.749,120.601
241.309,181.957,194.440,120.070
226.561,203.360,186.585,129.430
209.080,218.941,180.839,134.835
203.731,226.323,176.817,137.980
215.855,216.913,174.525,140.632
222.455,197.865,173.920,141.339
225.727,179.516,172.724,142.071
234.925,169.910,173.153,141.709
251.821,172.259,171.571,143.571
259.735,184.652,168.574,146.141
243.853,193.698,169.985,146.479
218.621,205.325,170.959,147.016
202.600,216.736,171.011,147.256
191.663,220.441,170.350,147.438
181.053,220.560,169.337,148.219
187.695,217.948,169.369,148.598
207.519,194.823,170.341,149.181
217.711,181.195,181.337,140.068
241.427,184.655,193.544,132.282
258.680,180.472,201.143,127.573
271.581,180.646,193.556,133.861
238.076,186.910,188.973,138.222
189.732,188.627,187.198,139.905
154.489,190.810,185.120,142.432
139.068,194.555,180.991,147.057
148.856,202.338,181.150,147.131
172.665,196.631,181.075,148.236
203.786,174.867,180.507,149.433
190.885,174.685,193.239,139.993
208.275,179.652,206.456,131.389
242.521,180.497,213.884,126.938
273.001,183.619,219.164,123.760
267.758,190.330,220.199,121.011
226.799,188.823,211.108,127.784
169.494,173.136,204.561,133.148
138.377,171.764,205.373,130.822
127.240,176.932,209.643,126.583
152.338,179.334,216.079,122.562
151.940,173.669,219.239,121.269
156.271,168.900,215.941,123.425
200.479,193.678,202.718,135.225
221.722,228.338,193.346,143.544
239.842,265.886,185.940,149.471
240.293,293.237,179.884,151.999
237.992,290.815,177.066,153.304
227.093,260.004,175.390,154.928
209.464,229.514,175.448,155.108
198.224,203.259,175.160,154.717
194.712,190.646,176.079,153.257
219.185,190.807,178.071,150.984
256.225,186.953,177.279,150.948
286.943,191.050,176.322,151.427
285.860,201.684,175.730,151.198
276.754,208.952,175.698,151.986
257.457,217.424,177.080,152.176
238.795,227.613,178.385,151.745
239.533,215.804,175.645,153.973
224.998,206.520,176.227,153.395
210.150,195.114,176.593,153.373
199.831,170.988,175.643,153.849
187.999,147.240,174.751,154.578
200.282,154.244,177.466,152.450
233.364,161.026,178.096,152.408
257.879,176.774,174.487,154.129
268.685,196.626,171.326,156.022
278.215,221.978,167.404,156.988
264.819,242.880,168.375,155.212
242.202,257.263,170.523,152.994
213.639,262.820,172.210,151.790
195.320,258.360,172.789,151.458
188.977,235.267,171.484,153.255
185.911,211.061,170.750,153.015
199.942,182.929,170.492,153.557
210.398,151.199,172.017,152.659
232.877,123.239,175.482,150.220
265.731,124.177,176.045,148.832
279.297,128.413,174.874,149.719
287.813,138.001,174.908,149.786
292.640,155.770,171.495,151.103
278.338,173.752,171.762,150.881
265.166,193.364,172.110,151.076
245.974,208.536,174.165,150.298
225.885,224.806,173.460,150.776
200.585,231.359,173.875,150.366
179.725,227.475,173.930,150.180
147.267,210.017,173.724,149.582
141.059,194.951,172.983,148.994
169.701,179.502,173.572,147.997
209.923,162.216,172.442,148.084
219.383,158.670,174.421,146.298
243.644,166.978,173.162,146.783
236.946,184.379,173.297,146.674
214.068,192.522,175.319,146.802
192.798,195.829,175.413,147.319
203.117,201.348,173.409,147.314
227.599,204.786,172.822,146.191
261.639,198.073,172.809,145.902
271.923,182.558,169.624,147.001
279.158,171.589,168.627,146.721
297.518,162.818,166.890,146.332
302.687,157.834,167.030,145.325
293.114,157.196,167.194,146.131
253.444,177.631,164.834,146.672
241.819,190.377,164.128,149.048
231.713,197.393,164.072,149.004
226.729,202.458,164.528,147.043
210.501,205.013,164.179,147.049
195.154,209.754,163.499,148.213
209.738,208.230,162.091,148.337
249.280,190.097,160.840,147.220
301.864,184.334,160.663,146.030
357.609,184.421,159.640,145.330
396.209,190.847,158.468,144.585
393.304,193.835,157.360,143.820
354.007,161.704,167.381,133.874
277.497,194.986,165.150,134.606
239.919,199.669,161.459,136.843
215.855,209.912,159.924,137.994
206.620,215.707,159.210,138.979
213.464,212.918,158.622,139.894
202.654,205.765,159.712,139.977
205.318,202.709,160.279,139.089
222.112,201.051,159.467,139.038
254.948,201.841,158.167,139.184
289.624,206.779,157.588,139.315
300.251,203.173,157.516,139.317
290.363,198.310,158.288,139.927
265.669,196.700,157.299,140.022
219.530,192.129,156.859,139.940
172.545,171.410,156.258,141.139
144.022,154.592,154.888,141.816
150.071,129.371,154.148,142.532
154.208,116.016,157.142,140.583
151.175,117.286,155.707,142.954
137.415,161.005,152.751,146.422
131.675,209.089,151.581,147.852
141.596,236.638,150.616,148.740
149.646,248.907,153.054,145.613
146.368,248.857,154.197,145.753
149.685,249.968,155.364,144.756
154.190,251.614,156.184,143.941
171.717,240.079,156.690,142.263
180.799,207.082,157.322,140.931
184.773,176.738,157.754,140.574
197.627,176.563,160.057,138.388
217.491,183.408,157.556,140.348
235.596,199.185,155.165,141.650
219.858,206.252,155.603,143.246
211.079,194.612,154.750,143.590
209.428,164.611,154.249,144.232
219.576,144.673,155.007,143.029
233.837,135.026,155.762,143.178
220.957,124.898,157.484,142.342
215.308,116.672,158.614,143.103
225.957,110.535,157.447,144.328
225.149,96.879,157.670,145.320
217.512,122.687,157.466,146.273
219.564,189.705,155.392,148.192
220.131,223.329,153.657,150.181
219.764,233.179,156.249,149.121
214.302,229.244,156.477,149.855
209.758,215.767,156.021,150.476
212.440,204.551,156.491,149.614
211.053,175.496,154.972,150.238
207.633,144.942,155.174,150.801
213.737,140.223,159.317,147.515
234.118,140.640,161.556,146.051
259.083,137.956,162.085,145.286
283.618,135.217,164.102,144.747
282.805,131.118,164.468,145.782
279.737,136.479,163.159,148.239
273.521,147.720,164.461,147.848
262.774,147.347,164.631,148.321
235.813,151.978,164.319,148.733
207.775,173.927,164.997,150.015
184.893,205.298,164.410,151.029
183.706,217.525,165.455,151.319
179.239,217.938,166.100,151.706
175.653,216.518,164.915,153.740
170.656,203.112,165.681,153.742
173.327,199.478,168.789,152.360
181.993,203.732,170.109,150.906
201.396,206.179,169.803,150.299
235.702,199.157,168.782,152.422
278.687,189.616,166.785,153.636
319.209,184.646,165.878,153.969
339.027,176.823,167.769,153.377
324.604,166.768,170.466,153.000
297.637,162.933,170.934,152.970
256.308,160.449,171.106,152.223
221.490,158.642,171.376,152.267
201.045,154.091,171.558,154.397
189.300,154.120,171.667,155.751
175.752,153.255,172.618,156.466
169.861,158.788,172.004,158.373
171.730,165.241,173.185,158.260
186.386,166.804,173.646,158.507
211.591,164.274,173.480,158.228
233.029,157.260,175.270,157.207
261.120,148.927,174.557,158.257
288.313,136.193,173.108,160.399
292.571,120.790,173.934,160.246
276.190,117.734,175.176,160.427
263.710,125.541,174.236,162.738
278.622,137.715,170.454,167.252
269.951,171.367,168.708,169.853
259.307,206.911,168.586,171.254
242.844,237.109,172.644,168.442
231.624,231.714,174.778,168.139
219.537,217.758,175.972,168.397
218.062,205.679,177.545,168.635
216.427,193.085,178.322,169.265
212.153,180.308,179.386,169.617
207.995,171.666,181.451,168.839
196.067,156.237,183.456,169.447
197.087,156.443,183.691,170.511
205.901,184.868,181.957,172.177
220.991,197.491,184.100,169.794
