227.000,207.000,122.000,99.000
243.885,206.856,122.820,98.131
256.894,213.361,122.714,99.149
261.766,223.017,123.869,98.457
260.364,233.779,125.492,97.588
254.914,240.098,127.518,96.894
244.143,247.098,129.325,96.419
238.385,252.680,130.964,96.233
251.930,250.391,129.795,97.801
259.258,260.018,129.311,98.737
257.495,268.385,131.018,97.835
241.411,263.674,132.980,97.988
248.600,268.155,133.656,98.590
256.562,273.980,135.434,98.517
260.576,288.205,135.698,99.115
267.606,300.102,135.898,99.578
275.905,307.754,136.764,99.865
255.206,303.969,138.583,99.632
234.589,291.889,136.821,102.117
236.241,273.501,137.704,102.208
243.158,259.246,139.206,102.853
259.665,250.772,140.028,102.765
270.492,258.173,140.743,102.958
255.320,281.678,140.623,102.440
219.571,303.313,146.831,97.801
204.010,294.547,145.903,100.335
227.005,278.927,146.736,100.948
255.127,247.618,146.186,102.074
269.948,248.719,145.229,103.583
280.123,260.006,144.936,104.315
272.207,264.743,144.659,104.311
243.835,257.700,144.661,104.800
205.011,259.311,150.838,99.386
192.749,243.776,149.174,102.224
203.036,249.362,148.295,103.487
209.670,246.724,146.554,104.184
210.271,246.746,145.973,105.135
213.244,253.164,146.232,105.260
204.619,257.781,146.397,106.024
202.898,246.191,145.230,107.205
200.899,230.308,144.760,108.287
203.318,213.795,145.250,108.173
218.110,199.357,145.957,108.028
226.196,204.494,146.666,107.719
214.314,227.839,146.330,107.272
211.613,243.743,145.335,107.782
209.085,254.863,150.481,103.851
227.675,264.965,148.611,105.162
220.771,276.915,153.109,101.174
207.875,287.504,156.939,98.371
207.100,280.166,158.753,97.193
191.485,267.782,161.535,95.204
181.388,237.127,164.983,93.799
194.151,226.668,166.848,92.213
206.279,227.604,166.639,92.678
212.636,227.629,165.613,93.498
225.904,222.549,166.535,93.617
227.172,213.041,166.981,93.579
219.754,212.634,167.337,93.701
201.764,222.785,167.442,94.079
177.009,245.745,168.093,93.667
177.461,249.364,167.203,95.238
193.175,248.123,169.736,93.258
222.497,241.295,170.658,92.943
233.677,228.032,170.267,93.354
231.803,214.905,169.993,93.466
223.017,207.968,168.865,93.991
207.717,212.648,167.470,94.205
178.427,218.149,165.958,95.185
158.630,218.726,164.664,96.246
169.305,206.336,165.418,95.864
166.601,177.905,165.779,95.638
161.561,171.133,167.787,94.963
161.499,182.954,168.024,95.808
196.470,185.207,170.133,95.872
231.983,179.036,171.441,95.508
221.766,201.932,167.732,98.430
211.070,245.931,159.765,106.557
222.260,303.873,156.525,110.937
273.371,329.752,161.915,107.766
297.566,321.050,164.709,105.427
271.079,293.423,166.821,102.954
238.154,271.022,168.048,100.986
191.261,248.698,170.299,98.363
173.899,241.403,169.905,97.292
185.245,236.469,169.041,97.779
188.082,254.134,169.153,98.246
183.143,252.312,167.100,99.730
193.288,240.932,168.516,98.892
198.696,212.857,170.322,97.971
197.050,200.072,170.468,98.083
190.168,198.482,169.851,98.925
185.590,210.282,169.659,99.869
208.171,226.793,170.945,99.693
231.161,224.895,173.046,98.272
246.563,216.036,175.161,97.295
263.022,217.937,175.466,98.501
288.963,229.004,176.430,99.138
330.402,242.366,178.223,98.603
347.941,239.926,177.830,98.803
336.902,228.764,177.116,98.995
325.284,216.428,174.532,98.518
295.541,209.916,175.498,97.215
274.303,209.062,173.037,98.325
278.992,211.358,173.660,99.139
280.453,211.220,172.788,100.004
269.985,218.477,172.713,101.111
259.989,231.179,172.822,101.804
255.942,237.761,172.587,102.916
262.951,242.352,175.112,102.704
272.156,241.981,175.559,102.865
240.852,254.548,174.800,103.398
209.762,262.454,174.601,103.264
194.794,255.087,173.575,102.967
219.348,237.433,168.401,106.924
253.819,207.421,163.140,110.904
262.644,193.131,162.017,112.349
252.474,209.977,159.035,115.177
236.517,228.864,157.207,117.284
234.544,239.433,158.482,116.410
240.774,239.593,157.476,116.650
260.668,238.435,155.530,117.108
280.693,231.307,153.780,117.420
257.942,224.117,153.696,118.134
257.429,220.844,153.573,116.611
264.777,228.870,153.220,117.556
284.935,226.206,151.593,118.612
282.987,210.297,152.124,118.503
262.908,196.847,152.698,118.678
244.765,188.912,152.710,119.128
256.866,184.225,153.274,118.764
261.030,186.315,154.865,118.463
242.788,187.485,156.231,118.550
206.690,183.832,155.326,119.233
194.173,175.945,155.563,120.088
212.487,173.237,155.501,120.251
223.808,172.091,156.348,119.624
202.776,178.161,162.964,114.893
147.764,181.309,163.628,115.767
131.449,187.663,160.879,118.461
187.218,194.774,168.786,114.177
241.938,191.235,166.507,115.676
278.986,193.989,163.583,118.691
284.433,191.035,160.391,119.966
271.954,193.013,160.366,121.102
248.765,182.614,159.124,122.237
210.003,176.735,159.029,122.159
181.796,175.994,159.731,123.635
193.833,179.893,159.973,123.826
211.052,178.233,158.170,124.366
207.879,174.899,157.079,124.204
190.687,169.738,156.688,124.864
199.471,170.004,155.896,123.904
203.233,166.995,154.874,123.308
220.849,166.797,155.986,122.632
250.251,157.029,155.919,122.340
268.318,139.903,154.644,123.241
242.903,141.090,157.311,122.682
237.513,150.406,156.570,122.773
255.535,146.684,155.525,121.708
286.023,137.302,154.077,122.286
298.067,143.755,154.530,121.838
280.388,169.590,154.095,124.455
261.867,213.996,153.996,124.976
260.501,226.827,152.230,125.470
261.885,216.807,150.864,123.755
253.006,193.091,151.709,123.478
245.302,179.810,151.995,123.119
224.044,186.368,152.816,122.054
218.562,189.706,152.380,121.441
216.531,187.344,150.972,121.553
221.155,186.152,149.500,120.799
239.942,177.694,150.442,119.683
265.724,167.081,149.697,120.199
270.099,166.549,149.582,119.958
267.475,173.320,149.308,119.214
272.237,183.825,148.681,119.327
274.885,196.996,146.420,119.851
268.568,209.766,145.681,120.302
259.816,219.652,145.340,120.384
260.258,227.515,145.936,119.313
266.607,207.999,145.571,119.564
275.445,193.115,145.209,119.695
270.204,178.960,145.410,119.205
246.768,169.492,144.734,119.427
240.625,170.110,145.913,118.499
231.985,180.698,144.979,118.559
221.899,195.696,144.170,119.580
223.382,209.687,143.541,119.927
244.336,222.810,144.151,119.691
284.661,214.720,145.835,117.445
309.404,195.109,145.764,117.097
306.691,179.979,144.323,117.608
306.972,177.757,143.351,117.575
321.078,179.971,143.095,116.817
342.559,171.220,142.832,115.911
355.113,163.967,141.710,115.836
346.526,160.996,141.007,115.062
325.170,169.531,142.585,114.127
307.762,180.642,141.975,116.149
325.926,181.804,143.946,115.195
370.777,180.377,145.258,114.186
406.873,173.491,143.560,115.756
414.144,179.364,143.105,116.055
418.963,188.448,142.568,116.220
429.047,194.303,143.873,115.035
449.535,183.160,142.594,115.852
437.294,171.612,142.479,115.028
409.964,174.280,144.385,113.621
382.527,183.638,150.175,109.152
332.472,202.478,154.587,103.673
317.947,205.051,156.289,100.323
324.084,200.984,157.512,98.667
339.629,197.201,157.767,97.832
350.983,189.629,159.635,95.927
355.862,182.614,158.563,94.890
342.697,186.943,158.099,94.915
334.921,195.149,157.264,96.030
331.710,210.453,157.137,95.104
306.054,208.952,157.006,93.691
261.295,204.818,159.596,90.577
216.265,203.429,161.602,88.496
198.227,200.819,159.865,87.938
203.089,202.433,158.540,89.169
217.093,200.653,157.214,89.240
219.065,195.373,156.535,89.010
203.636,197.497,157.600,89.081
189.742,201.419,154.898,91.412
208.379,221.372,150.477,96.560
246.701,236.295,153.397,94.092
258.705,238.796,152.788,93.578
242.404,240.410,154.595,91.679
205.300,239.019,156.926,89.272
178.249,231.722,157.190,87.949
176.735,226.667,157.204,87.903
206.521,227.638,158.480,86.521
253.295,226.914,158.687,86.314
286.121,219.526,149.813,92.685
279.844,224.420,152.011,91.375
244.602,228.366,155.299,89.797
190.276,230.445,157.326,88.787
137.339,229.858,157.247,87.786
123.801,222.282,156.913,86.476
144.263,214.126,158.564,84.964
170.400,194.326,151.446,90.059
190.517,189.718,144.976,94.731
196.327,186.512,140.398,98.311
210.631,190.126,138.651,99.768
236.773,187.231,135.959,101.570
256.329,193.925,135.058,103.411
260.147,199.644,133.473,104.513
249.827,203.418,133.053,104.452
233.803,209.751,132.775,105.626
233.728,220.004,131.285,106.332
236.015,228.287,130.302,107.639
236.753,237.511,130.165,107.200
242.003,220.900,129.631,106.331
252.032,189.806,129.120,105.905
250.885,194.361,129.170,105.324
242.703,214.591,128.090,105.673
234.954,233.830,128.450,104.808
223.664,240.144,128.437,104.353
207.771,236.509,127.754,106.148
210.801,221.546,127.433,104.595
216.044,205.021,126.340,103.343
219.731,188.787,127.337,101.992
229.541,198.123,126.784,102.826
249.373,208.020,126.810,105.040
257.428,233.079,126.303,105.152
253.167,235.017,126.778,104.753
241.774,223.589,125.140,104.975
248.149,211.093,125.695,103.172
257.675,198.894,126.167,102.500
258.088,203.063,126.340,101.366
265.489,205.128,126.014,101.271
267.543,201.938,124.965,101.307
269.034,197.079,123.386,100.777
277.449,196.897,122.745,100.480
291.283,193.708,122.167,99.983
292.384,184.417,121.357,99.935
289.293,172.250,121.674,99.168
275.811,170.945,121.874,98.523
267.072,181.227,120.920,99.756
278.593,201.783,121.820,100.563
299.946,224.796,123.198,100.020
316.970,213.823,121.147,100.704
298.113,187.915,121.757,100.766
279.093,179.397,123.153,99.111
264.183,188.766,122.885,98.876
267.413,198.409,123.333,98.700
282.341,209.410,123.636,98.186
288.428,214.195,124.006,97.713
280.068,206.380,120.962,98.243
280.687,191.288,120.407,97.656
268.363,164.740,119.220,97.961
278.503,165.604,121.064,96.601
304.943,177.270,121.161,96.220
314.133,188.643,119.640,95.654
288.848,188.722,126.972,89.351
253.811,185.905,131.529,85.112
220.527,183.283,133.695,82.999
227.009,183.398,134.982,81.355
242.483,179.366,136.987,79.540
258.172,172.949,138.359,78.475
263.339,169.346,137.838,78.673
240.525,169.318,139.003,77.428
212.579,172.756,139.197,77.215
195.862,183.999,138.949,76.634
191.211,190.298,138.538,77.617
176.134,202.838,139.294,76.895
150.823,214.005,138.428,76.955
150.405,217.003,137.496,78.052
166.090,218.731,137.574,77.563
186.846,211.168,137.568,76.914
197.008,192.715,135.249,77.745
186.137,196.592,135.719,77.672
174.369,201.154,134.658,79.124
173.766,214.888,134.077,78.724
194.007,211.668,134.526,77.990
202.928,190.358,133.868,77.912
208.074,182.672,134.041,76.471
232.799,167.800,134.648,75.629
245.376,167.743,134.315,75.845
247.859,184.295,133.256,77.928
234.480,200.105,131.548,78.471
238.680,200.504,130.682,78.691
228.600,181.313,128.897,78.644
215.950,162.460,128.280,77.560
202.950,154.358,126.919,76.758
216.748,158.555,123.138,81.612
231.182,177.369,120.381,85.730
245.620,187.387,118.880,87.181
257.855,178.068,116.754,87.824
269.117,164.143,116.357,86.866
282.546,157.191,114.386,87.902
287.885,167.025,113.808,89.438
278.625,184.384,114.308,88.580
253.592,189.828,119.947,83.885
201.921,187.024,125.523,78.801
164.159,181.993,126.369,76.693
149.359,176.082,125.909,75.424
154.976,178.147,125.648,75.773
160.340,183.512,126.171,76.480
173.567,186.202,126.192,76.038
196.687,184.525,128.432,73.866
225.563,180.199,129.311,72.494
240.741,174.220,129.935,71.789
247.308,171.584,128.550,72.194
242.207,168.927,127.538,71.809
231.980,175.210,127.466,72.020
225.095,190.243,126.578,72.273
218.621,197.745,127.232,73.351
194.849,213.002,127.485,72.343
168.712,223.719,128.125,70.516
137.688,223.412,127.923,69.715
114.296,218.185,126.794,69.047
110.821,211.387,126.212,68.542
127.152,210.877,127.590,67.373
152.831,208.531,129.008,66.551
175.899,203.406,128.511,66.439
192.240,198.047,127.802,66.487
208.740,192.581,127.710,66.253
230.502,190.183,128.207,66.504
233.376,182.761,126.605,67.739
222.733,166.916,126.237,66.926
200.404,166.456,127.208,65.882
188.806,169.620,125.943,66.199
206.401,172.720,125.779,66.519
227.265,173.560,124.823,66.816
243.941,170.638,123.861,67.225
255.610,157.388,123.318,67.548
262.141,155.163,121.775,68.084
257.688,156.685,121.285,67.496
246.217,168.770,120.428,67.058
236.910,184.159,119.317,67.925
240.752,197.711,118.895,68.194
239.901,199.501,118.025,68.130
245.650,198.731,117.494,68.049
259.451,196.006,118.099,67.528
263.527,189.594,119.110,66.857
279.318,176.315,120.886,65.735
300.754,178.178,121.529,66.371
324.380,192.459,121.180,68.418
324.242,211.558,121.214,69.489
301.279,237.304,123.776,67.836
269.752,251.760,126.563,66.080
244.478,234.666,124.012,66.621
253.916,216.369,122.808,66.877
248.078,198.114,123.376,66.074
234.457,195.282,124.637,64.751
246.838,208.670,124.740,66.124
268.842,222.813,123.842,68.429
261.270,233.374,124.416,67.540
259.358,217.075,125.026,67.299
264.867,196.044,123.540,67.801
264.084,190.211,123.797,67.893
269.533,204.436,123.399,69.976
274.086,223.259,119.479,74.159
287.002,221.403,119.351,73.117
292.405,201.133,119.592,72.068
294.008,199.125,120.292,70.912
285.318,214.479,120.005,70.935
288.476,218.118,120.348,71.684
285.804,216.493,121.589,70.362
260.170,204.772,124.626,67.639
237.807,193.588,125.972,66.142
238.894,197.374,125.655,68.083
256.937,212.461,125.433,69.823
266.778,226.209,124.187,70.587
275.512,222.143,123.340,70.297
276.603,202.666,123.174,70.161
287.400,195.916,122.999,69.592
305.276,206.792,124.831,68.932
313.183,208.977,123.076,70.159
291.646,210.286,126.698,68.140
252.736,199.545,129.413,66.038
225.567,185.961,130.847,65.113
222.813,186.977,130.962,63.696
211.731,201.351,130.004,63.914
196.016,203.938,128.606,65.450
207.954,207.839,129.972,65.627
238.466,207.958,130.825,65.242
252.997,202.188,129.308,66.819
234.320,211.505,130.046,66.216
206.782,214.859,130.086,66.708
208.143,217.362,130.661,67.206
246.234,215.330,132.826,66.439
274.609,199.352,129.821,67.840
265.421,192.613,130.057,67.871
248.819,191.734,129.524,68.409
234.916,196.160,129.862,68.123
240.343,206.967,130.899,68.182
287.064,208.726,131.399,68.045
334.800,205.612,131.860,68.110
342.960,196.434,131.054,68.855
328.185,188.361,132.044,69.020
297.814,186.869,134.722,67.674
255.481,190.275,136.688,67.643
227.049,194.843,135.981,69.560
245.754,211.068,137.400,70.833
278.299,222.610,137.088,71.021
297.081,217.296,134.563,72.168
280.191,207.243,135.425,71.584
245.001,201.714,136.585,70.187
232.390,205.778,137.732,70.989
234.299,222.563,137.737,72.769
252.900,221.374,136.367,74.083
266.254,203.390,133.605,75.123
252.991,196.015,134.797,73.951
245.379,196.070,135.043,74.211
246.119,211.644,135.052,74.689
261.681,214.749,136.057,75.225
277.873,206.838,136.202,74.992
294.668,189.541,135.369,75.474
310.968,183.135,135.841,74.896
335.454,199.035,135.134,76.770
345.066,218.581,135.138,77.398
345.124,218.810,134.789,77.360
340.691,200.630,130.527,81.471
339.999,180.623,131.977,80.033
338.878,175.952,134.093,78.584
350.875,177.757,134.346,78.133
345.033,180.525,135.931,76.822
330.928,187.012,138.855,76.135
295.260,199.792,139.854,75.286
260.093,202.392,140.755,75.093
244.468,198.921,140.066,74.870
231.939,190.744,140.785,74.358
202.341,173.828,142.121,73.916
172.032,167.026,143.494,72.622
157.992,174.347,143.550,74.161
162.394,191.752,144.275,75.941
203.829,192.846,145.442,75.830
247.134,175.478,144.672,76.383
267.879,153.039,143.676,77.335
261.390,149.573,142.638,77.637
264.541,165.147,141.596,79.829
277.520,183.255,142.396,80.677
295.027,186.161,141.236,81.343
288.176,178.049,142.592,80.576
260.384,179.357,144.445,79.521
215.608,200.013,145.240,80.004
189.014,221.748,145.536,79.847
199.645,233.991,146.479,79.434
217.929,226.282,145.842,80.347
208.946,217.715,146.743,79.771
186.664,209.195,148.109,79.036
183.751,215.343,146.332,81.529
190.172,235.302,141.887,88.923
207.669,257.203,144.244,88.636
220.731,264.174,144.982,88.578
237.008,255.415,145.139,88.004
251.562,232.119,146.892,87.031
261.604,214.126,147.160,87.088
262.985,218.145,146.408,88.292
277.619,236.720,147.812,88.712
308.379,241.200,150.514,87.438
335.019,230.805,151.130,87.179
322.827,206.309,152.103,86.042
279.295,189.607,154.865,84.182
234.685,203.940,156.577,83.822
211.765,226.381,149.470,91.276
228.662,247.373,151.773,90.756
249.101,236.389,152.686,89.843
261.265,210.032,154.025,89.237
255.692,201.305,155.462,88.844
270.998,208.305,158.041,89.268
306.925,210.324,160.322,88.875
346.503,207.908,161.712,88.739
354.837,205.853,161.369,89.266
320.601,220.223,163.303,87.794
260.603,225.869,164.891,87.991
213.274,225.060,165.019,88.466
194.678,217.239,165.178,87.784
186.874,191.214,165.726,87.756
204.409,186.099,166.820,88.453
227.453,186.212,166.017,88.590
246.610,188.491,166.815,89.222
267.145,190.885,168.103,90.083
286.983,188.539,168.701,90.137
291.014,182.714,169.325,90.657
264.826,178.224,170.314,90.647
247.549,178.603,170.717,90.462
231.555,181.181,170.462,90.987
220.247,183.671,169.922,92.473
234.746,185.017,170.185,93.641
238.813,180.825,171.402,93.562
239.056,180.200,171.851,94.522
226.290,183.791,170.903,95.389
250.422,201.449,171.707,94.932
291.603,218.302,174.896,94.272
326.899,216.425,174.749,95.105
307.372,212.320,176.568,94.106
274.579,206.795,177.913,93.358
237.650,204.726,178.229,92.874
202.637,203.172,179.361,92.804
183.985,199.599,178.231,93.451
204.514,202.525,178.888,95.349
218.651,201.030,180.212,96.069
220.699,194.373,181.732,96.892
237.831,188.680,182.997,97.501
235.518,178.659,184.406,98.560
229.467,173.589,184.146,100.171
225.660,175.076,184.592,101.317
226.144,177.410,185.480,102.304
216.278,172.716,187.294,102.527
195.192,172.544,189.166,101.614
171.058,178.960,189.432,103.595
166.915,186.216,189.205,105.208
181.848,190.255,190.918,107.018
182.827,188.052,192.039,108.138
162.046,183.650,195.286,106.264
144.114,189.186,194.857,107.655
128.684,213.063,192.854,109.104
124.290,224.669,193.990,110.121
124.250,230.378,196.047,111.061
114.386,227.808,197.608,111.126
132.927,219.548,201.748,109.926
146.175,211.974,204.573,110.260
149.839,206.713,206.003,111.026
163.831,210.950,205.216,113.606
169.636,212.475,206.689,114.843
173.893,206.765,209.181,114.859
157.244,200.180,211.002,114.842
148.707,201.426,211.362,116.034
137.261,209.713,211.574,117.677
131.225,212.368,211.743,118.965
130.479,203.282,215.057,119.875
113.186,199.765,217.409,118.299
114.116,202.277,218.223,120.452
120.468,212.244,220.216,122.642
123.016,220.732,220.628,124.744
120.581,222.408,222.300,126.066
98.879,218.426,225.229,124.610
101.536,213.464,227.672,124.675
101.655,208.954,229.125,125.461
103.280,213.855,230.771,129.053
103.545,220.603,232.167,131.926
93.803,222.831,233.533,134.043
97.362,219.948,236.772,134.434
96.602,215.138,238.392,135.212
91.973,208.619,241.622,135.798
69.302,205.425,245.284,134.401
40.608,206.864,247.579,135.616
33.319,215.530,249.463,138.375
