352.000,197.000,56.000,100.000
354.308,195.517,55.100,100.554
356.662,194.481,54.153,101.315
358.043,194.243,53.398,101.687
358.927,194.160,52.812,102.142
358.992,193.883,52.351,102.218
359.024,194.471,51.874,102.669
359.407,192.452,51.863,102.416
358.938,192.492,51.483,102.561
357.796,189.731,51.324,102.410
357.863,189.970,51.001,102.511
357.934,185.413,50.838,102.466
356.971,186.266,50.593,102.735
357.784,182.494,50.404,102.768
359.519,182.865,50.412,102.878
360.361,176.831,49.986,103.141
361.146,175.985,50.061,103.410
364.419,169.108,49.785,103.684
366.166,166.222,50.243,103.067
367.979,170.684,50.819,102.786
371.541,177.427,50.803,102.808
373.397,192.293,50.225,103.449
374.502,217.355,49.873,103.647
374.594,239.117,49.802,103.251
374.071,261.833,50.250,102.154
371.117,265.958,51.306,101.659
370.813,251.064,50.650,102.940
370.118,227.003,49.725,104.075
371.467,200.745,49.194,105.434
368.979,185.611,49.400,105.793
366.712,169.673,49.839,106.153
363.258,160.918,49.865,105.354
357.808,164.604,50.652,105.337
354.549,174.033,51.203,104.220
343.484,191.931,51.834,102.295
327.678,206.980,53.263,99.740
308.136,212.323,53.159,98.564
299.691,212.282,52.333,100.480
306.756,203.014,52.046,99.965
327.007,193.047,52.427,98.569
347.416,170.493,49.570,102.240
351.386,143.999,47.590,105.434
339.241,117.148,48.305,104.287
331.117,111.101,47.924,105.468
335.231,132.596,46.346,108.084
347.825,171.541,45.155,109.543
372.760,248.405,46.337,108.524
382.184,268.605,47.562,106.439
390.331,281.052,48.890,103.098
390.078,271.231,48.873,103.812
382.793,230.686,47.042,106.489
384.658,179.231,45.731,107.795
395.696,155.038,47.437,105.711
396.089,165.779,47.188,106.103
378.956,206.705,47.224,105.346
356.800,243.062,48.386,102.753
338.777,260.218,49.479,100.714
343.091,254.363,48.848,102.059
354.134,222.992,46.852,105.045
362.588,181.139,45.244,107.246
359.627,144.845,46.450,106.297
339.061,136.327,48.014,103.985
328.136,176.273,46.225,106.540
317.723,220.449,44.775,108.912
314.967,258.708,46.456,106.378
316.649,268.687,47.896,103.891
318.035,237.330,46.272,106.422
319.162,232.372,46.250,106.457
319.616,227.796,46.250,106.458
317.114,147.875,45.015,108.167
307.018,169.602,43.704,110.227
299.677,212.539,42.777,111.860
308.673,238.732,45.614,106.959
340.001,240.906,46.904,103.371
356.026,226.200,47.453,103.790
336.247,197.812,48.183,102.239
286.852,161.706,48.864,101.132
288.508,163.684,49.067,101.887
307.242,195.530,47.039,105.286
315.722,239.314,45.794,107.020
322.732,265.593,48.322,103.105
335.395,264.616,48.746,102.999
336.735,225.322,46.925,106.090
324.486,175.217,47.059,106.105
302.168,146.278,48.205,104.491
291.033,156.150,46.692,106.795
281.377,190.318,45.203,109.186
274.415,226.341,45.699,108.504
279.167,244.954,47.427,104.215
291.775,235.343,46.092,106.092
299.740,195.996,45.095,107.827
282.906,126.634,44.548,109.373
274.725,107.144,44.956,109.231
273.052,127.755,43.664,111.648
270.518,132.072,43.656,111.660
264.657,130.856,43.661,111.655
274.073,133.193,47.073,108.572
268.203,131.934,47.094,108.553
269.606,192.029,45.544,111.226
270.089,167.892,44.836,112.907
263.974,142.204,46.747,110.181
249.948,155.940,47.576,109.003
240.084,190.385,46.229,111.326
256.571,225.502,48.162,107.999
262.724,225.283,48.166,107.995
338.615,231.031,50.026,104.257
353.920,213.506,48.531,106.814
350.921,194.841,49.518,105.719
343.079,199.594,50.993,104.754
348.572,202.160,52.037,103.777
361.357,208.717,53.417,101.943
368.994,221.535,53.327,101.253
371.939,231.909,53.094,100.137
368.529,229.628,53.180,101.075
355.844,213.853,52.953,101.106
349.954,214.385,53.031,101.035
349.111,216.589,53.031,101.035
348.293,216.628,53.031,101.035
347.943,216.882,53.031,101.035
343.645,216.596,53.031,101.034
282.679,214.998,53.386,99.795
304.326,214.490,53.728,98.604
327.066,212.603,53.659,98.221
349.026,206.530,52.597,99.627
347.450,189.417,52.405,99.601
334.224,194.448,53.417,99.053
326.007,196.911,52.398,99.793
317.888,196.423,52.102,100.040
321.530,195.342,52.035,100.659
329.232,200.444,52.935,100.241
326.062,203.443,52.595,100.066
304.440,197.145,52.810,98.716
286.837,197.338,52.198,99.530
285.364,192.045,51.637,100.842
295.339,184.989,51.526,100.610
288.914,171.926,51.961,100.802
290.235,165.552,51.649,102.059
298.148,158.549,51.899,102.012
301.756,146.936,50.760,103.444
299.209,143.838,51.345,102.976
305.076,149.898,52.506,101.306
305.202,156.078,52.570,101.051
300.749,158.421,52.643,102.102
310.303,145.720,53.531,100.088
340.864,139.375,53.527,99.577
340.941,141.375,53.994,99.089
338.150,151.710,54.050,98.573
336.398,158.060,54.486,97.680
330.027,160.809,54.497,97.666
322.633,160.321,54.499,97.665
317.666,160.113,54.500,97.664
316.787,161.974,54.499,97.664
316.446,163.029,54.499,97.665
313.012,163.256,54.543,97.626
314.614,163.202,54.550,97.620
395.664,156.272,54.421,96.335
410.070,158.547,54.373,96.859
418.903,168.559,54.082,96.499
411.088,171.942,54.176,95.135
407.441,171.635,54.267,95.054
400.711,171.346,54.268,95.053
401.041,172.079,54.268,95.053
401.442,171.703,54.268,95.053
401.524,172.762,54.268,95.053
401.566,172.443,54.268,95.053
401.825,171.756,54.268,95.053
400.417,173.711,54.266,95.054
396.562,174.021,54.319,95.008
405.644,165.736,53.461,94.811
436.956,167.592,53.342,93.555
449.508,174.596,52.853,92.977
438.540,177.281,53.109,92.348
417.991,175.640,52.552,93.827
420.365,174.863,52.650,94.526
441.993,175.503,52.498,93.706
463.036,175.601,52.757,93.338
484.513,172.216,52.801,92.942
516.046,171.554,52.240,92.909
529.380,174.710,52.036,93.605
528.512,182.094,52.004,94.545
526.485,189.042,52.431,94.839
516.494,191.677,52.645,94.573
488.172,186.278,51.982,93.224
464.229,187.832,51.864,93.363
450.436,190.901,51.803,94.001
452.966,190.223,51.991,94.405
473.294,187.028,52.163,93.544
499.274,186.510,51.734,93.748
488.758,185.765,51.293,93.568
484.074,185.921,51.301,93.561
483.888,187.411,51.300,93.562
483.463,189.079,51.300,93.562
482.814,189.887,51.299,93.563
482.583,188.650,51.299,93.563
482.461,187.742,51.299,93.563
482.256,187.056,51.299,93.563
481.688,188.315,51.299,93.563
406.542,201.225,52.430,92.743
404.539,189.522,52.059,93.784
376.740,178.527,51.675,93.703
354.257,180.117,51.735,93.674
334.685,181.315,51.661,94.345
321.457,184.068,51.518,94.829
312.696,186.937,51.392,95.091
311.184,192.419,51.859,94.856
319.436,195.301,51.688,95.070
332.333,195.104,52.014,95.988
339.568,187.301,50.854,98.507
330.133,180.566,50.464,99.210
316.122,182.818,51.450,98.134
297.494,181.827,51.157,98.124
275.931,180.210,50.928,99.145
262.077,175.847,50.693,99.587
258.498,178.699,51.643,99.714
265.144,182.751,52.205,99.011
281.465,185.728,52.503,98.036
308.428,179.990,52.624,96.119
331.677,179.720,53.133,95.581
339.770,179.548,52.688,97.244
325.421,182.393,53.594,95.601
302.466,185.815,53.597,94.598
284.743,189.223,53.196,94.577
263.097,185.483,52.509,94.670
246.124,183.860,51.691,95.507
243.555,179.475,51.224,97.752
240.979,165.656,51.042,98.834
227.139,140.527,50.567,99.804
235.786,121.776,51.348,98.662
259.211,143.855,50.556,100.357
271.349,183.436,48.573,103.152
289.591,236.483,48.776,102.893
300.281,266.141,49.913,100.398
299.136,271.635,50.867,100.004
299.287,249.114,48.396,103.061
309.464,200.883,46.805,104.879
322.697,174.976,47.251,103.991
336.646,162.049,49.034,103.066
347.051,186.138,47.099,106.091
347.718,236.525,45.343,108.707
350.095,279.202,44.485,110.457
366.346,318.763,47.231,105.976
370.234,325.854,47.743,105.823
367.939,310.834,46.469,108.383
357.943,260.345,45.185,110.480
356.109,215.020,44.677,111.693
332.142,181.440,47.280,107.971
317.932,193.832,47.619,108.199
327.363,228.721,47.927,107.905
345.509,275.651,48.754,106.420
357.490,305.546,50.080,104.168
357.341,312.342,50.314,104.322
347.571,294.603,49.761,105.209
326.313,242.559,49.188,106.121
309.698,207.966,47.610,108.823
309.115,162.648,48.724,107.552
318.647,164.929,49.586,106.945
320.662,207.214,48.371,108.626
322.714,266.796,46.939,110.352
329.899,297.515,48.029,108.293
325.773,313.956,49.972,105.406
314.935,300.489,50.012,106.024
304.679,269.628,48.926,107.385
303.816,193.501,47.605,108.776
323.285,160.836,50.150,105.372
332.709,172.675,48.382,107.655
331.193,223.091,46.932,109.493
322.797,274.139,45.762,110.659
313.508,304.040,48.139,106.283
306.252,305.881,49.137,105.226
306.899,274.321,47.302,107.275
316.201,232.768,46.026,108.544
334.548,195.778,47.957,105.139
345.998,209.764,46.503,107.388
345.031,214.065,46.498,107.393
340.411,212.986,46.501,107.391
345.682,215.492,50.243,103.947
346.343,214.650,50.243,103.948
317.846,254.540,48.249,106.774
307.556,203.934,46.689,109.040
305.509,166.592,48.430,106.672
315.986,179.897,47.144,108.891
325.764,231.780,45.820,110.753
334.595,287.196,46.464,109.936
335.924,318.264,48.391,106.235
331.309,316.045,49.402,105.600
322.002,284.016,47.586,107.972
323.247,279.277,47.560,108.008
323.404,275.462,47.560,108.008
323.534,277.049,47.560,108.008
323.874,273.036,47.560,108.008
323.084,267.772,47.549,108.022
319.007,264.907,47.499,108.319
330.507,282.841,49.312,105.521
337.194,301.938,50.838,102.740
329.469,286.154,50.030,104.334
319.158,254.041,48.352,106.804
302.159,176.026,46.729,109.641
302.524,141.226,47.094,109.578
312.733,139.507,47.625,109.308
311.664,179.573,46.221,111.051
302.327,239.583,45.123,112.411
303.886,276.061,44.676,113.135
313.361,298.145,47.117,107.874
321.830,297.504,47.262,108.052
331.683,266.002,45.907,109.683
333.319,215.911,45.053,111.074
323.395,171.265,46.100,110.344
315.235,151.646,46.352,109.829
313.015,165.858,46.666,109.260
311.944,208.486,45.351,111.122
314.427,251.698,44.672,112.760
321.072,284.027,47.110,108.730
324.007,286.389,47.704,108.328
334.679,256.746,46.122,110.035
343.990,216.536,45.280,111.044
336.271,172.437,46.467,109.678
325.149,155.020,47.893,107.606
323.807,151.582,48.212,107.673
324.104,175.931,46.715,109.574
317.833,217.515,45.413,111.302
324.317,256.603,46.151,109.861
331.292,287.550,48.707,105.874
335.450,287.211,49.113,106.002
336.906,264.168,47.290,108.139
338.531,223.336,45.899,110.083
337.820,180.862,45.041,111.852
327.971,143.124,45.885,111.408
323.728,140.867,46.888,110.938
320.603,153.999,47.781,109.701
322.203,187.170,46.315,111.957
332.130,233.080,45.428,113.347
328.549,272.876,47.613,109.513
316.871,280.934,49.779,106.010
318.191,266.053,48.032,108.234
327.002,225.710,46.615,109.727
328.755,191.377,45.743,111.203
323.110,156.357,47.339,109.611
318.676,149.952,47.303,109.974
314.578,165.174,47.569,109.669
301.904,201.297,47.853,108.713
291.177,228.767,47.802,108.627
284.535,257.079,48.513,107.153
282.510,274.997,50.119,105.107
292.373,272.808,51.218,102.012
322.448,257.346,52.045,99.225
349.454,243.140,55.952,94.073
388.329,240.440,55.329,94.081
414.654,246.689,54.603,94.478
439.002,253.854,54.390,94.544
446.986,260.115,54.354,94.478
434.692,260.470,54.297,94.085
429.296,260.773,54.401,93.992
424.202,260.427,54.403,93.990
424.350,260.219,54.403,93.990
424.322,260.740,54.402,93.990
424.227,260.443,54.402,93.990
424.106,260.807,54.402,93.990
422.464,260.715,54.400,93.992
422.919,258.822,53.064,95.539
425.839,248.580,52.206,96.449
427.574,245.226,51.223,97.458
390.793,210.710,50.404,97.609
376.767,200.831,51.374,95.595
376.270,200.565,51.408,95.564
372.025,200.586,51.411,95.562
371.830,198.911,51.411,95.562
370.945,198.144,51.410,95.562
370.079,198.785,51.410,95.563
363.192,198.364,51.441,95.535
372.785,206.473,51.308,94.868
413.263,184.976,51.009,95.138
428.528,171.013,50.740,96.880
428.959,163.815,50.724,97.650
410.310,147.877,51.141,95.921
408.393,147.392,51.179,95.888
407.073,150.123,51.178,95.888
407.312,149.552,51.178,95.889
407.600,149.556,51.178,95.889
407.327,149.834,51.177,95.890
408.517,151.865,51.174,95.895
410.553,153.344,51.168,95.903
410.360,154.078,51.167,95.904
410.502,154.007,51.167,95.904
409.928,155.420,51.167,95.904
361.091,152.054,51.560,96.222
371.279,145.729,51.867,97.106
387.670,156.213,52.821,96.430
395.592,162.970,53.195,96.266
386.760,159.516,53.222,96.139
383.350,160.747,53.265,96.101
383.036,162.034,53.265,96.101
382.950,161.451,53.265,96.101
379.306,160.869,53.265,96.101
381.663,161.890,53.264,96.102
382.853,161.203,53.258,96.108
385.420,161.589,53.258,96.109
385.440,161.974,53.258,96.109
385.468,161.562,53.257,96.109
385.441,159.567,53.257,96.109
384.978,158.082,53.257,96.109
384.903,156.911,53.257,96.109
385.071,156.718,53.257,96.109
385.360,157.340,53.257,96.109
385.558,157.695,53.257,96.110
385.462,157.804,53.257,96.110
384.825,158.326,53.257,96.110
383.337,160.718,53.255,96.111
331.267,129.254,52.958,96.208
337.842,121.619,51.951,97.516
342.353,123.750,51.978,98.627
336.907,129.142,52.637,98.453
324.238,133.251,53.116,96.897
302.326,135.399,53.079,96.229
268.983,138.738,53.412,95.330
255.985,144.050,53.401,95.344
258.161,142.960,52.552,98.140
266.863,129.750,51.646,99.868
286.395,98.706,51.496,99.336
334.676,79.442,51.591,98.608
365.624,89.214,52.451,97.998
378.608,95.579,53.300,96.955
388.637,116.144,52.324,97.303
379.920,129.783,52.898,95.944
359.097,139.389,53.394,94.432
328.861,147.050,52.974,93.845
312.668,153.334,52.875,94.450
318.704,150.007,52.521,95.357
329.724,134.430,51.231,97.558
333.363,106.809,49.156,100.886
340.506,98.715,49.641,100.154
359.061,111.748,50.739,98.903
381.937,135.799,50.885,98.700
391.973,164.401,50.602,98.365
370.225,178.522,50.651,97.074
362.372,178.418,50.666,97.061
362.197,178.772,50.665,97.061
361.771,178.090,50.665,97.061
361.374,176.696,50.665,97.061
361.022,175.962,50.665,97.062
361.306,176.286,50.665,97.062
361.016,176.190,50.665,97.062
361.334,176.336,50.665,97.062
360.146,175.520,50.664,97.062
331.115,189.381,50.652,96.193
345.349,211.783,50.142,97.077
340.867,226.218,51.193,95.206
317.759,224.394,51.287,94.673
298.903,208.211,49.608,97.075
299.367,167.840,48.828,97.752
327.253,127.739,48.722,97.019
355.658,95.432,49.092,95.894
385.388,89.802,49.651,94.705
397.931,93.823,48.985,96.552
406.915,126.730,47.976,98.397
410.179,159.629,46.130,101.044
407.306,194.437,47.922,98.749
379.678,202.136,48.002,98.266
376.441,202.444,48.018,98.252
301.653,183.707,48.687,98.703
293.338,160.441,47.299,101.720
296.189,128.530,45.700,104.318
307.895,96.790,46.980,103.130
333.428,86.561,48.516,100.967
355.485,101.059,49.689,99.781
381.353,134.818,49.799,99.651
400.178,169.063,49.722,99.714
396.013,202.880,51.191,97.685
364.892,212.533,51.135,97.129
325.012,195.447,51.141,96.760
288.110,163.314,50.611,97.125
250.806,120.446,49.946,98.238
241.657,85.994,47.912,101.200
258.004,66.275,51.983,96.157
296.473,68.491,51.828,96.566
313.362,92.961,50.827,97.932
334.913,134.225,51.138,97.575
355.934,159.752,50.179,98.726
342.723,181.078,51.424,96.738
319.424,182.705,51.558,96.188
310.293,175.058,50.237,98.606
310.966,149.233,48.177,101.812
317.450,134.724,48.340,101.545
325.833,119.334,49.371,99.658
341.316,121.892,50.652,98.986
345.642,139.679,50.410,99.260
333.872,164.749,51.923,97.172
318.933,181.061,52.720,96.642
314.830,187.465,52.623,97.929
320.657,182.909,51.977,100.632
329.825,168.447,50.781,102.027
339.593,140.957,50.018,103.504
319.953,108.382,51.004,101.994
285.666,112.466,51.567,100.690
284.452,144.962,49.119,104.702
301.057,180.167,49.906,103.485
310.504,198.910,51.370,101.913
314.400,192.405,50.641,103.953
333.236,160.993,50.774,103.217
351.920,135.428,49.068,106.194
348.581,115.747,50.320,104.508
332.096,117.220,51.739,102.775
320.766,144.245,50.698,104.414
328.853,180.258,50.473,104.927
317.044,203.374,51.835,101.846
284.265,204.972,52.255,101.678
282.654,192.281,49.908,104.562
300.804,151.026,50.203,104.214
311.067,130.392,50.245,104.616
303.575,129.467,50.397,105.697
305.171,153.883,50.024,106.554
332.637,198.754,51.361,104.722
332.274,214.481,52.497,102.561
324.570,212.463,51.693,103.653
325.584,184.573,50.753,104.938
330.745,172.897,51.146,104.720
323.315,195.204,50.352,105.214
300.542,238.370,50.812,103.912
288.438,260.675,51.718,101.611
296.544,250.767,49.463,104.842
298.275,208.053,47.744,107.338
305.718,164.590,48.484,105.297
329.392,158.137,49.652,104.577
331.999,188.211,47.728,107.592
324.252,248.590,46.233,109.951
313.135,289.347,48.071,106.060
302.709,293.856,49.538,104.892
301.690,271.316,47.978,107.238
301.938,193.174,46.636,109.048
319.471,169.082,49.266,105.478
331.625,188.109,47.650,108.273
331.736,231.021,46.109,110.567
312.411,271.341,47.734,106.915
300.121,278.654,49.923,104.095
291.975,254.399,48.021,107.338
293.925,194.474,48.170,106.445
324.725,172.706,50.486,103.792
337.712,194.946,48.434,106.853
338.524,247.049,46.404,109.656
328.668,277.307,48.126,105.998
306.081,282.771,50.010,102.741
286.446,258.261,48.256,105.490
283.513,197.685,48.123,105.275
307.868,174.770,49.894,103.607
310.172,196.261,48.972,104.944
309.237,198.445,48.971,104.945
305.187,198.802,49.226,104.726
274.542,179.390,49.472,102.923
276.329,175.055,49.448,102.957
326.581,249.452,47.380,105.642
328.877,229.424,46.967,106.173
319.509,241.162,45.567,108.027
311.972,274.349,44.265,110.249
318.164,315.455,47.351,105.613
325.427,312.838,46.095,107.844
324.662,272.070,45.094,109.709
314.825,218.164,46.012,109.251
304.210,197.902,46.520,108.951
297.037,217.792,45.176,110.993
285.628,254.672,46.394,109.080
271.382,271.923,49.311,105.476
269.695,257.857,47.530,108.165
278.255,207.813,46.312,109.414
299.381,168.255,49.811,104.987
318.910,190.802,49.191,106.075
310.915,230.911,47.662,108.026
288.051,278.217,49.307,104.147
279.945,283.230,49.584,103.243
288.725,253.547,48.314,104.807
290.623,249.428,48.310,104.812
292.086,247.766,48.310,104.813
292.535,246.618,48.310,104.813
291.476,241.311,48.291,104.838
280.107,231.818,46.959,106.772
270.959,249.484,49.226,103.205
264.412,243.876,48.837,104.076
272.029,195.875,48.627,103.880
293.521,154.560,49.858,102.127
303.447,153.819,50.260,103.175
292.908,177.137,50.180,103.032
277.661,209.960,50.693,102.214
262.912,226.778,51.740,99.773
243.536,236.775,52.320,98.934
228.538,235.064,52.710,99.725
231.677,226.433,53.333,98.566
258.262,224.566,53.706,97.593
270.735,229.787,53.894,97.675
274.586,231.035,53.576,98.078
288.168,224.917,53.191,99.135
296.729,217.412,51.915,100.828
301.612,198.867,51.176,101.951
307.879,192.444,51.187,102.870
303.090,199.346,52.127,101.980
294.340,203.100,52.083,101.916
286.948,200.841,52.365,102.113
271.407,200.701,52.345,101.968
265.590,202.623,52.741,101.782
281.356,196.042,53.570,100.110
304.115,180.027,52.506,101.208
317.236,163.074,52.018,102.371
334.215,147.909,52.312,101.837
352.977,151.634,53.198,100.647
348.137,156.331,53.825,99.325
325.487,157.620,53.694,98.947
299.805,160.734,53.098,99.599
296.285,163.986,53.141,100.387
292.460,161.522,52.952,100.971
280.262,154.084,53.287,101.432
277.860,148.576,52.893,102.594
288.251,134.242,53.168,102.360
298.780,125.512,52.149,103.908
305.766,127.097,52.489,104.771
307.884,134.391,53.011,104.902
309.203,138.594,53.541,104.777
316.566,142.733,54.251,104.042
326.476,150.159,55.123,103.661
321.035,155.041,55.623,102.962
308.625,159.445,55.887,101.970
300.268,166.047,55.546,101.903
300.390,170.793,55.515,102.252
309.892,175.575,56.103,101.844
320.534,183.543,56.267,101.257
324.063,195.148,55.357,101.754
320.946,203.775,55.697,101.168
316.716,213.987,55.481,101.619
318.672,219.884,55.380,102.567
321.200,223.662,55.261,103.230
320.020,222.274,54.620,104.507
311.877,226.279,54.315,104.169
307.088,232.634,54.712,104.435
310.466,231.719,54.387,105.526
309.362,236.505,54.839,105.315
