57.000,156.000,198.000,173.000
62.919,148.496,195.794,174.933
67.246,146.202,194.106,176.885
70.372,144.408,192.103,179.005
73.499,146.170,192.322,179.657
72.958,146.332,191.748,180.013
75.420,148.216,191.620,179.938
78.417,149.106,191.157,180.140
81.374,152.639,191.020,180.226
81.297,151.326,189.206,181.304
85.239,153.503,189.530,180.938
90.040,156.521,189.633,180.662
97.777,159.582,189.693,180.075
103.937,162.543,187.913,180.409
104.250,162.289,185.583,181.368
110.420,165.990,185.140,180.995
88.459,186.976,184.333,178.550
95.876,186.780,184.214,177.587
120.577,178.875,182.437,177.653
127.356,178.859,181.785,177.612
133.605,179.086,180.898,177.497
106.659,199.547,181.609,176.267
107.816,203.182,182.692,175.762
109.074,207.891,184.362,175.315
111.672,213.216,186.211,174.766
118.449,220.563,186.745,173.942
124.468,221.181,186.214,173.717
131.294,223.551,185.872,172.778
153.803,215.641,184.992,171.535
157.625,215.751,183.711,171.534
165.200,217.560,181.907,172.022
173.220,217.520,181.065,170.560
179.249,215.946,180.431,168.613
187.396,199.590,180.015,168.562
188.909,201.934,179.103,168.265
190.924,201.668,179.149,166.788
192.794,184.572,178.112,167.041
198.581,186.616,178.166,165.759
199.445,170.692,176.968,166.023
202.406,174.090,176.971,164.862
201.191,156.234,176.713,164.457
204.917,157.538,175.765,163.449
207.681,157.242,174.867,162.325
228.298,134.708,174.457,161.201
245.535,132.996,174.360,159.746
244.404,133.044,174.807,157.351
243.359,132.364,173.781,156.375
241.343,134.760,173.402,155.057
260.779,131.414,171.971,154.580
261.114,131.116,170.040,153.830
280.405,128.124,167.744,153.233
278.431,128.260,166.384,152.184
280.941,126.519,164.606,151.879
285.669,126.954,163.174,151.705
288.319,128.380,161.503,151.464
290.698,130.065,159.536,151.481
290.121,131.630,158.287,151.505
288.605,149.919,156.527,152.702
286.145,149.700,156.354,152.261
285.740,149.580,155.548,152.490
285.259,150.841,155.170,152.024
282.805,153.726,155.271,151.250
283.842,153.481,155.034,150.860
365.615,174.066,154.571,150.731
387.877,198.545,155.435,149.848
383.757,202.059,155.883,148.318
385.881,207.544,156.551,146.178
383.055,213.918,158.070,143.068
381.883,237.716,166.831,132.080
368.618,237.381,164.626,129.467
372.982,237.324,162.951,126.975
374.911,238.404,162.069,124.523
377.957,242.247,167.159,117.528
377.504,245.830,170.835,111.990
373.280,230.255,166.858,115.011
374.199,231.976,163.895,116.235
377.311,233.859,161.423,116.914
377.649,236.245,158.740,117.497
379.545,236.704,156.525,117.293
379.999,237.017,154.393,116.986
381.695,237.677,152.875,116.117
382.234,238.273,151.522,115.530
382.775,237.940,150.151,114.911
382.735,239.052,148.846,114.348
382.885,239.569,147.859,113.483
382.610,240.891,146.801,112.836
382.691,242.914,145.923,111.734
383.084,244.086,144.457,110.885
382.655,245.842,143.048,110.199
383.890,250.381,148.172,103.842
382.220,253.978,151.622,99.217
372.570,240.778,147.736,101.820
379.632,243.331,145.246,103.379
382.434,232.962,143.306,105.203
382.856,238.027,141.856,106.125
383.937,241.372,140.578,106.433
383.253,245.612,145.734,101.046
383.305,248.530,149.605,96.971
374.577,236.608,145.574,99.684
380.397,240.828,142.631,101.924
384.837,246.958,146.506,97.606
382.199,250.381,149.618,94.226
379.677,254.425,152.141,91.475
380.183,256.686,153.508,89.073
378.852,259.431,154.287,87.362
380.495,261.854,155.015,85.942
379.709,263.703,155.739,84.653
378.343,264.323,156.357,83.535
378.377,264.841,156.390,82.909
378.474,264.912,156.272,82.265
378.454,265.029,156.555,81.837
377.641,264.950,156.461,81.534
375.833,265.090,155.907,81.565
375.649,264.519,155.333,81.411
375.301,264.312,154.948,81.182
376.330,264.019,154.836,80.921
376.112,264.053,154.086,80.941
376.038,264.156,154.075,80.698
376.040,264.155,153.675,80.452
375.785,264.317,153.492,80.286
376.984,264.956,153.523,80.061
376.837,265.136,153.608,80.037
376.197,264.778,153.093,80.169
376.020,264.992,153.079,80.000
376.704,265.385,153.080,79.794
377.970,265.210,153.102,79.670
379.428,265.283,152.874,79.735
378.991,265.003,152.706,79.787
379.006,265.521,151.992,79.817
379.007,265.869,151.648,79.637
379.668,265.998,151.233,79.787
380.798,265.406,150.765,79.802
375.432,264.405,150.608,79.706
375.160,262.444,150.240,79.942
374.190,260.907,149.953,80.101
377.323,259.996,149.714,80.144
380.338,259.605,149.761,80.187
380.022,259.026,149.422,80.573
381.184,259.045,149.572,80.530
379.040,258.634,149.549,80.569
380.131,259.987,149.595,80.166
379.168,261.429,149.202,80.183
378.491,262.813,148.875,80.131
376.145,263.490,148.371,80.173
377.494,263.820,148.237,79.773
379.059,262.938,148.086,79.425
377.455,263.952,147.517,79.489
377.297,264.721,147.437,79.360
375.210,265.691,147.386,79.353
374.293,267.106,146.707,79.309
373.057,267.938,146.238,78.572
374.227,267.241,145.389,77.985
378.041,267.816,144.347,77.080
375.158,269.042,143.002,77.048
370.343,269.616,142.905,76.216
367.514,270.917,142.784,75.403
356.937,258.196,141.265,75.068
350.185,258.020,139.797,74.524
338.792,241.168,132.397,79.727
337.940,224.975,125.184,84.989
336.890,222.675,120.252,88.433
337.014,220.677,116.638,90.456
323.301,209.916,114.608,92.516
322.262,209.526,112.468,93.864
320.424,209.205,110.784,94.708
318.538,200.158,108.993,96.680
314.104,204.811,108.611,97.345
310.718,208.378,108.962,96.813
309.646,210.536,108.679,96.421
307.635,212.605,109.221,95.356
305.169,212.695,109.431,94.464
302.953,213.157,109.231,94.135
300.636,213.198,109.293,93.542
298.899,213.310,109.115,93.306
298.232,213.324,109.206,92.608
296.911,213.810,109.679,91.564
294.435,205.098,109.610,91.840
292.014,207.431,109.965,91.111
283.051,195.768,108.017,91.857
283.997,195.601,107.437,91.444
283.682,187.425,106.291,91.982
282.240,190.307,105.882,91.577
281.880,190.513,105.953,90.662
279.982,189.924,106.013,89.672
279.555,189.322,106.072,88.960
270.436,189.552,104.675,89.201
271.696,189.076,103.579,89.543
271.916,189.049,103.218,89.449
271.825,189.459,103.055,89.228
272.395,190.210,102.888,89.176
272.161,190.457,102.390,89.384
271.377,190.873,102.047,89.701
270.834,191.896,101.458,90.137
269.756,192.022,100.565,90.817
268.464,193.253,100.383,91.359
269.125,194.416,100.093,91.939
268.495,194.667,99.468,92.935
269.391,194.942,98.685,94.187
269.927,195.669,98.250,95.309
270.931,197.097,98.148,96.157
271.657,198.859,98.725,96.250
271.419,200.279,99.455,96.153
270.942,201.612,100.314,95.829
270.915,202.698,100.867,95.669
270.278,203.307,101.588,95.574
269.120,204.461,102.163,95.343
268.920,204.583,102.356,95.053
268.297,204.561,102.477,94.916
268.076,204.747,102.596,94.718
268.065,204.848,102.565,94.777
268.780,204.615,102.440,94.919
269.314,204.202,102.466,94.813
268.253,203.728,102.663,94.627
268.618,203.535,102.397,94.870
269.904,202.964,102.478,94.749
270.801,202.198,102.553,94.516
271.330,201.340,102.984,93.943
272.125,201.528,103.441,93.354
273.855,201.352,103.786,92.664
275.873,201.723,103.964,91.906
278.256,201.845,104.299,90.834
278.608,202.483,105.087,89.575
277.446,190.498,105.076,88.529
276.896,190.186,104.497,87.736
276.934,190.680,103.641,87.288
276.590,190.220,103.222,86.350
276.065,189.606,102.882,85.723
275.608,187.700,102.769,84.866
276.981,186.352,102.369,84.261
278.268,184.501,102.515,83.489
279.238,181.555,103.063,82.387
287.803,169.992,104.520,81.904
288.511,159.316,104.991,82.403
293.803,164.455,110.529,78.167
290.809,166.776,114.443,74.884
289.147,167.496,117.502,72.140
286.608,167.583,119.842,70.044
285.387,156.944,121.680,68.474
282.632,157.744,122.498,67.524
278.598,157.219,122.512,66.790
276.659,154.813,121.986,66.218
268.728,126.729,115.793,72.058
270.806,123.194,111.637,76.011
263.790,109.701,107.736,80.171
265.218,108.104,105.957,82.449
256.214,106.695,104.373,83.913
258.173,104.343,103.429,84.810
270.246,90.611,101.984,86.661
272.415,80.508,100.806,88.515
270.031,77.346,99.523,89.910
267.432,74.947,98.581,90.663
268.065,71.331,97.537,91.407
266.846,68.345,97.418,91.590
264.294,66.097,98.279,91.342
262.686,65.551,98.429,91.850
261.018,66.159,98.533,92.239
258.851,66.008,98.817,92.300
258.034,67.065,99.025,92.585
256.798,67.889,99.046,93.011
255.619,68.861,99.415,92.789
254.439,77.553,98.822,92.964
253.159,75.405,98.675,93.147
254.596,74.608,98.942,93.053
255.534,75.170,98.906,93.345
256.300,83.358,97.877,93.874
258.511,80.227,97.412,94.141
259.420,80.198,98.313,93.581
260.019,80.510,98.428,93.712
260.645,88.311,97.688,94.279
260.301,86.712,97.582,94.568
263.062,86.310,97.676,94.754
263.700,84.878,97.703,94.726
264.579,84.117,97.536,94.874
265.463,82.793,97.186,95.057
265.053,81.863,97.004,95.202
265.156,79.858,96.496,95.541
264.450,79.252,96.207,95.601
262.591,79.060,96.347,95.510
263.093,78.842,96.194,95.714
263.215,78.657,96.317,95.494
263.790,77.877,96.371,95.341
265.009,77.576,96.571,95.127
267.275,76.999,96.530,95.061
268.067,76.422,96.445,95.218
269.149,75.279,96.681,94.960
269.565,75.071,97.266,94.941
270.027,74.633,97.475,95.088
269.564,74.501,97.979,95.223
270.803,74.350,98.131,95.923
270.683,74.048,98.322,96.342
270.217,74.990,98.425,96.989
257.820,85.245,99.355,96.219
247.545,85.064,100.234,95.323
250.854,84.685,100.070,95.392
252.629,96.349,100.842,94.426
255.333,95.223,101.109,93.748
257.854,95.967,100.919,93.649
259.371,97.693,100.986,93.907
259.184,109.264,101.782,93.600
260.802,108.840,102.061,93.711
262.457,108.455,102.213,94.044
262.143,109.061,102.305,94.545
261.558,120.654,103.375,93.872
262.322,120.077,103.670,94.191
263.581,120.319,103.641,94.803
264.279,120.982,103.752,95.327
266.034,122.810,103.731,95.678
266.916,136.677,105.003,95.004
267.447,151.422,106.566,93.806
268.402,152.499,107.851,92.886
259.605,153.848,107.528,93.328
262.756,156.113,107.788,93.625
264.233,158.750,108.627,93.555
264.465,173.214,109.235,92.551
262.876,175.917,109.604,92.383
263.367,177.792,109.702,92.429
264.150,178.834,109.313,93.014
264.155,179.119,108.950,93.374
262.677,177.086,108.532,94.290
263.542,177.418,107.764,95.698
264.035,176.096,107.412,97.113
264.354,191.149,107.726,98.006
261.790,194.255,107.709,99.022
259.000,197.359,107.286,100.289
258.005,198.665,107.123,101.332
256.685,198.807,107.062,102.019
257.116,227.918,109.921,100.603
246.347,229.460,110.668,100.602
247.245,245.042,113.234,99.291
246.924,264.110,120.655,92.966
242.971,279.603,127.061,87.119
235.522,282.207,131.633,83.365
228.004,285.246,134.995,81.266
221.822,288.803,138.123,79.852
217.027,292.656,140.916,78.764
211.201,296.598,143.175,78.164
200.942,299.032,143.989,78.117
200.764,299.735,145.148,78.119
197.813,301.306,146.114,78.234
195.769,302.510,146.769,78.322
195.883,302.662,147.210,78.377
196.369,302.562,147.463,78.418
198.530,301.812,147.687,78.545
200.751,301.156,148.273,78.394
204.040,300.863,148.741,78.263
209.205,300.459,149.317,77.801
212.485,298.361,150.410,77.131
224.046,296.712,151.992,76.430
237.069,294.165,153.227,75.855
241.181,279.410,153.418,75.985
247.483,259.557,146.435,82.667
261.283,256.642,142.853,85.967
274.147,258.076,144.000,84.994
272.192,257.559,144.895,84.310
272.907,212.668,139.849,88.941
277.352,202.321,136.051,92.396
319.856,203.704,132.642,95.833
335.958,203.944,128.722,99.527
348.905,204.886,127.352,101.289
350.015,188.162,125.663,102.757
353.200,184.926,123.169,104.624
355.282,181.104,121.040,105.788
369.664,180.057,122.203,104.805
371.259,179.140,122.175,104.289
373.539,178.341,122.343,103.719
375.227,176.938,122.809,103.134
373.984,175.872,123.434,102.371
372.320,174.493,123.557,102.109
370.189,173.115,122.794,102.957
365.801,172.416,122.289,103.866
361.920,171.686,121.313,104.869
358.166,168.945,120.617,105.691
355.555,168.130,120.115,106.242
352.467,179.000,119.771,105.900
349.843,177.744,119.247,106.129
347.316,189.788,118.064,106.137
345.201,188.059,117.272,105.958
343.282,188.723,116.873,106.232
343.046,191.773,115.921,107.052
341.550,194.793,114.974,108.226
354.985,193.732,113.522,109.430
354.903,191.476,112.205,110.934
372.981,175.427,111.739,111.894
375.751,173.594,112.401,111.939
375.077,172.238,113.099,111.327
364.445,184.382,113.145,111.139
364.024,196.613,113.024,111.314
351.269,198.304,113.279,111.257
338.485,198.301,113.860,111.133
336.644,212.835,113.572,111.813
399.312,246.837,116.336,108.922
398.648,251.557,119.217,106.011
395.365,253.762,121.301,103.492
392.791,254.935,122.880,101.742
388.858,258.806,129.556,95.609
387.068,261.669,134.314,90.965
385.509,263.242,137.686,87.530
383.396,264.528,140.353,85.208
382.804,265.664,142.192,83.234
381.428,266.184,143.382,81.895
380.240,266.674,144.338,80.738
380.391,267.016,145.067,79.890
381.220,267.091,145.337,79.185
380.989,267.543,145.353,78.849
380.432,267.499,145.332,78.590
380.366,267.403,145.326,78.233
380.382,267.238,145.014,78.132
380.950,267.461,145.018,77.807
380.437,267.752,144.851,77.795
380.444,267.530,144.993,77.532
380.669,268.009,144.980,77.611
381.064,267.807,145.142,77.350
380.652,268.232,144.998,77.340
380.880,268.608,144.852,77.341
380.309,268.820,144.617,77.337
380.297,268.798,144.882,77.010
381.218,268.882,144.790,76.895
380.216,269.400,144.512,76.955
380.165,268.900,144.666,76.644
381.322,269.010,144.647,76.495
380.985,269.112,144.500,76.483
382.415,268.859,144.398,76.387
380.531,268.937,144.448,76.659
381.327,268.518,144.412,76.552
381.124,268.932,144.026,76.616
382.292,269.059,143.898,76.479
380.337,269.790,143.761,76.486
380.457,269.108,143.522,76.312
381.863,269.612,143.358,76.290
380.846,269.657,143.369,76.235
380.867,269.454,143.285,76.035
381.637,269.592,143.353,75.861
382.015,269.897,143.265,75.870
382.057,270.305,143.127,75.942
380.863,269.927,142.875,76.059
381.577,269.684,142.827,75.862
381.149,269.122,142.645,75.832
381.414,269.863,142.775,75.730
381.360,269.855,142.866,75.596
382.261,269.904,142.880,75.470
383.961,270.258,142.424,75.584
382.850,270.597,142.204,75.720
383.600,270.960,141.617,76.034
383.453,271.376,141.714,75.919
382.200,272.399,141.962,75.831
383.935,272.889,141.932,75.871
384.940,272.821,141.301,75.800
391.244,266.484,135.365,80.239
394.279,265.067,130.935,83.839
383.873,265.611,133.643,81.680
385.577,266.366,135.544,80.429
384.412,266.414,137.128,79.235
382.740,266.670,138.240,78.426
379.650,266.879,139.224,77.908
380.266,267.642,139.772,77.920
381.072,268.778,140.513,77.660
379.906,269.717,141.246,77.108
379.642,270.652,142.051,76.635
380.563,270.820,142.579,76.111
381.141,270.630,143.033,75.609
382.152,271.301,143.214,75.086
382.858,272.617,143.362,74.676
384.596,273.693,143.392,73.972
386.125,273.350,142.781,73.796
386.491,273.575,142.291,73.352
382.323,273.913,142.448,72.760
377.494,274.545,142.180,72.300
381.669,274.295,140.851,72.447
383.515,274.002,140.276,72.008
384.025,273.482,139.556,71.514
375.767,273.505,139.063,71.055
377.718,273.430,138.840,70.536
377.861,272.729,138.663,70.036
377.442,272.978,138.428,69.570
377.958,273.815,138.221,69.084
380.709,274.715,138.276,68.648
373.522,274.890,137.836,68.443
378.151,276.301,137.751,68.003
382.256,277.223,137.913,67.424
390.616,277.708,137.381,67.217
401.092,278.941,134.799,67.487
398.905,279.655,132.849,67.625
396.906,279.986,131.325,67.545
382.374,280.748,131.946,67.003
381.336,280.730,132.622,66.961
381.577,279.867,133.415,66.507
382.071,278.904,134.058,66.444
380.720,278.347,134.456,66.335
372.218,278.100,135.165,66.220
371.916,277.020,135.685,66.242
361.696,258.658,129.209,71.419
363.865,254.576,123.647,75.850
338.037,225.207,118.392,80.336
349.508,237.242,114.172,84.605
345.509,222.385,110.382,87.477
348.112,217.087,103.618,93.560
362.241,214.111,98.276,99.151
392.766,207.394,88.930,109.902
408.284,228.882,81.241,118.706
424.044,228.409,78.447,121.233
426.627,227.194,75.178,123.851
426.563,225.745,73.230,125.234
426.536,227.267,72.019,126.241
412.940,226.047,76.215,122.257
398.725,226.684,82.149,116.855
386.899,228.000,86.831,111.970
387.801,227.530,91.245,108.060
389.185,226.211,94.247,105.811
389.101,225.671,97.778,103.356
389.061,223.844,100.487,101.878
389.315,222.375,102.291,101.503
391.005,222.544,104.095,101.443
393.513,238.329,104.738,102.674
395.148,241.345,105.160,103.099
397.059,242.967,105.989,102.317
399.354,243.769,105.673,101.488
402.445,245.398,105.452,100.845
416.187,259.716,106.466,98.822
417.618,261.179,107.395,97.046
427.928,265.633,111.644,92.053
424.786,269.222,115.407,87.463
419.913,271.224,118.488,83.379
417.489,273.577,120.970,79.821
414.891,275.302,122.680,76.734
415.993,277.249,123.754,74.278
414.388,278.471,124.369,72.351
414.578,279.933,124.632,70.658
414.973,281.346,124.532,69.267
414.020,282.155,124.399,68.207
412.934,282.911,123.850,67.380
412.727,283.829,123.177,66.548
412.332,284.592,122.626,65.738
411.888,285.086,121.787,65.182
412.911,285.850,120.813,64.622
412.065,286.159,119.939,64.082
412.483,285.935,118.869,63.826
413.699,285.991,117.929,63.536
413.761,286.047,117.016,63.095
415.378,286.225,116.166,62.792
415.118,286.088,115.333,62.479
415.834,285.509,114.635,62.134
415.456,285.703,114.073,61.763
416.220,285.861,113.152,61.550
416.192,286.109,112.384,61.407
415.486,286.650,111.560,61.421
415.309,286.188,110.679,61.450
413.337,286.353,110.397,61.211
411.784,286.632,110.570,60.607
411.372,286.870,110.016,60.534
412.254,287.085,109.261,60.454
412.548,287.141,108.645,60.304
411.294,287.734,108.052,60.350
410.037,288.158,107.592,60.252
409.467,288.465,107.579,60.057
408.743,288.313,107.627,59.918
415.217,288.193,107.760,59.298
413.402,288.349,107.581,58.936
410.653,288.827,107.178,58.630
410.590,289.460,106.992,58.482
411.331,289.411,106.774,58.342
411.105,289.469,106.649,58.106
411.809,289.768,106.387,57.947
411.376,289.374,106.252,57.744
411.553,289.176,106.116,57.688
418.033,288.821,105.931,57.452
412.544,289.226,106.149,57.114
418.078,289.264,106.012,56.881
413.325,289.804,105.873,56.805
412.959,289.951,105.464,57.015
411.355,289.960,105.328,57.278
411.109,290.363,105.189,57.420
410.170,290.234,105.245,57.395
412.615,288.583,101.401,60.798
413.795,286.509,98.713,63.419
414.777,285.250,96.638,65.569
415.376,283.735,94.872,67.291
415.463,275.110,93.665,69.268
415.398,276.773,92.813,70.654
415.224,278.285,92.013,71.785
415.201,279.039,91.654,72.383
415.299,279.067,91.371,72.941
415.579,279.034,91.164,73.439
416.109,279.070,91.306,73.708
415.162,279.307,91.581,73.714
415.780,280.042,91.768,73.746
416.530,280.182,91.960,73.723
414.326,282.856,96.208,70.116
421.066,282.144,95.489,70.579
415.623,284.329,99.257,67.347
414.282,284.135,97.678,68.637
411.225,275.840,96.991,70.173
405.076,263.650,96.101,71.968
383.067,265.054,102.129,67.389
374.629,265.780,105.557,64.013
371.282,268.338,107.275,61.579
363.140,268.676,107.824,60.167
361.703,270.164,107.182,59.326
353.193,266.394,102.537,62.641
353.466,254.647,98.886,65.134
399.804,275.302,96.560,67.806
411.736,277.734,95.530,69.523
419.487,278.040,94.508,70.729
418.698,279.037,93.742,71.608
416.937,279.658,93.503,72.019
417.435,279.905,92.968,72.480
417.896,280.026,92.527,72.897
417.819,279.558,91.797,73.431
417.828,279.346,91.276,73.884
418.119,278.922,90.907,74.257
418.458,279.635,91.063,74.326
417.170,279.241,91.147,74.391
416.712,278.833,91.368,74.505
417.381,278.082,91.255,74.757
417.388,278.223,91.550,74.721
417.908,278.668,91.798,74.661
417.569,279.599,92.265,74.321
417.626,279.857,92.516,73.988
419.799,278.885,92.040,74.001
420.941,279.715,92.279,73.551
424.024,278.323,91.965,73.423
425.442,277.045,91.390,73.720
424.759,275.741,91.457,73.654
423.560,274.590,91.514,73.938
423.339,274.303,91.445,74.111
424.280,274.356,91.350,74.327
424.312,273.889,90.993,74.796
423.578,274.267,91.208,74.708
422.664,275.669,91.302,74.512
421.528,277.532,91.703,74.130
418.648,277.871,92.653,73.825
417.326,277.964,92.720,73.887
417.051,278.816,92.536,74.145
415.975,278.975,92.739,74.229
416.026,278.722,92.738,74.432
415.748,278.563,92.866,74.553
415.577,278.209,92.915,74.702
415.727,278.117,92.936,74.800
415.603,278.053,93.078,74.944
415.217,278.483,93.200,75.013
415.793,279.089,93.236,75.127
416.040,279.138,92.936,75.387
415.764,279.045,93.113,75.556
416.228,278.555,93.172,75.640
415.833,278.948,93.169,75.761
416.025,279.232,92.991,75.899
415.212,277.841,93.172,75.805
422.075,278.017,93.528,75.464
421.069,278.099,93.630,75.289
419.530,277.763,94.032,75.011
418.404,278.093,94.369,74.725
417.192,278.367,94.455,74.671
417.338,278.694,94.278,74.823
417.177,278.701,93.950,74.933
417.932,278.251,93.502,75.113
417.314,278.174,93.431,75.037
418.104,277.732,93.171,75.219
417.955,278.091,93.080,75.154
417.425,278.617,93.150,75.026
417.638,278.958,92.898,75.081
417.715,278.983,92.698,75.134
417.988,279.219,92.625,75.167
416.022,278.903,92.633,75.092
416.468,278.202,92.402,75.378
416.304,277.989,92.590,75.390
423.295,277.969,93.141,75.004
422.546,278.096,92.944,74.990
422.264,278.357,92.743,75.020
420.360,277.295,92.634,74.919
418.996,277.923,93.047,74.725
417.659,278.598,93.127,74.653
418.456,278.468,92.963,74.775
417.631,278.684,93.187,74.602
418.239,278.264,92.814,74.789
417.568,278.234,92.957,74.692
417.915,278.056,92.739,74.865
418.614,278.019,92.591,74.989
418.126,277.540,92.693,74.828
417.709,278.752,92.903,74.838
418.396,278.534,92.621,74.959
418.184,278.639,92.772,74.818
417.368,278.492,93.068,74.709
417.842,278.181,92.969,74.756
417.884,278.296,93.181,74.728
417.779,278.725,93.377,74.680
417.803,278.910,93.199,74.696
417.562,278.828,93.232,74.691
416.760,278.697,93.176,74.730
416.281,278.186,93.030,74.878
423.131,278.358,93.484,74.538
422.592,278.674,93.154,74.622
422.148,277.698,92.652,74.716
421.740,277.847,92.546,74.690
420.184,277.949,92.882,74.430
419.265,278.721,93.122,74.390
417.476,278.532,93.171,74.316
417.417,278.323,92.969,74.535
417.487,278.175,92.653,74.827
418.102,277.955,92.277,75.010
