336.000,165.000,26.000,61.000
334.926,166.660,26.728,59.686
334.378,167.532,27.187,59.109
329.437,169.316,27.440,58.898
328.443,169.888,27.989,58.462
334.176,162.261,28.000,58.598
338.041,158.100,28.063,58.834
333.632,163.111,28.385,58.515
328.526,169.560,28.641,58.521
334.354,167.982,27.639,59.700
333.291,172.509,26.627,60.379
332.824,172.442,25.790,60.846
332.169,172.863,25.804,60.647
327.255,167.282,25.314,61.414
326.756,168.003,25.038,61.785
331.510,161.804,25.815,61.077
331.579,156.153,25.861,60.847
327.035,150.281,26.336,60.514
327.183,146.802,27.992,58.609
326.084,142.552,28.994,57.475
332.849,144.999,28.937,57.443
333.269,145.175,28.839,57.444
331.936,146.872,31.151,54.989
330.447,153.232,32.904,52.821
324.222,159.071,34.033,51.801
322.874,158.452,34.856,51.042
323.860,159.214,35.607,50.308
329.028,158.253,33.921,51.963
324.482,163.329,33.073,52.835
325.280,162.833,32.243,53.529
326.950,158.387,31.463,53.957
326.571,154.210,32.386,52.624
325.770,154.839,33.565,51.228
331.091,160.774,32.304,52.546
331.379,159.755,30.391,54.816
336.506,154.892,29.655,55.267
331.434,154.659,29.526,55.357
332.618,154.320,29.033,55.486
333.102,149.294,28.861,55.213
333.527,155.452,28.634,55.314
333.806,155.776,28.502,55.241
333.407,156.149,28.360,55.287
333.972,152.116,28.248,55.275
334.573,157.983,27.833,55.595
334.881,158.963,26.676,56.991
335.406,155.706,26.094,57.614
335.616,155.531,25.479,58.299
335.166,151.113,25.850,57.849
335.028,150.558,26.026,57.217
334.875,150.495,26.191,56.620
334.435,150.685,26.229,56.446
334.501,151.483,26.590,55.826
339.399,152.526,26.217,55.957
338.521,152.812,26.093,55.939
338.378,153.189,25.967,55.729
339.491,152.073,25.128,56.677
339.820,149.598,25.381,56.002
339.329,151.907,25.530,55.517
339.846,151.586,25.437,55.309
340.236,148.136,25.392,54.936
335.844,149.351,25.398,54.691
339.836,145.834,25.412,54.145
338.685,152.600,25.507,53.685
334.071,152.831,25.312,53.708
334.602,149.243,25.265,53.498
334.455,156.161,25.284,53.222
333.170,157.894,25.283,52.954
357.908,150.515,25.948,52.062
363.083,152.361,25.893,51.292
363.213,153.303,25.516,51.020
364.277,149.466,24.993,51.009
362.364,151.572,24.963,50.474
362.182,152.616,24.874,49.645
362.645,153.228,24.435,49.431
362.044,154.433,24.315,49.114
361.574,154.177,24.079,48.958
361.537,151.989,23.726,48.913
361.382,153.225,23.472,48.540
361.088,150.564,23.266,48.691
360.194,152.177,22.929,48.630
359.553,149.349,22.694,48.581
359.413,150.296,22.662,48.121
358.441,151.666,22.757,47.858
357.238,152.350,22.561,47.729
357.131,152.612,22.440,47.446
357.903,152.642,22.220,47.093
356.359,152.450,22.255,46.974
356.859,151.005,21.996,46.817
356.854,151.521,21.201,47.616
356.281,151.159,21.001,47.444
356.057,150.450,20.961,47.193
357.162,149.651,20.901,47.180
360.015,150.984,21.025,46.854
359.270,151.690,21.016,46.700
360.092,151.454,21.199,46.318
360.329,151.030,21.135,46.130
360.648,149.554,20.367,47.017
361.238,147.704,19.824,47.643
360.687,145.986,19.404,48.318
360.539,144.883,19.152,48.494
360.616,145.106,19.351,48.000
363.890,142.221,19.046,48.140
363.106,142.700,19.513,47.377
361.724,144.094,20.093,46.585
359.957,145.674,20.750,45.505
358.184,146.287,20.849,45.348
352.987,144.235,21.328,44.883
352.079,145.722,21.751,44.734
352.330,145.414,21.865,44.943
352.504,145.001,22.090,44.840
353.106,145.278,22.429,44.730
353.954,145.942,22.638,44.513
352.829,146.599,24.416,42.457
360.984,146.998,23.885,42.746
364.526,147.111,23.731,42.957
360.154,148.038,23.568,42.907
364.050,147.610,22.714,44.216
367.800,146.450,21.855,45.482
372.020,145.977,22.088,45.183
375.298,146.585,22.750,44.754
366.338,147.298,22.930,44.760
365.730,147.696,23.159,44.830
366.477,147.945,23.266,44.705
365.790,148.199,23.897,44.310
365.087,148.332,24.307,44.080
364.464,148.273,25.741,42.886
360.386,148.517,25.142,44.130
360.359,148.906,24.503,45.185
360.848,148.872,24.268,45.927
360.678,148.226,24.114,46.447
360.273,151.839,24.036,46.471
360.428,151.629,23.666,46.892
361.344,150.788,23.293,47.273
360.916,150.392,23.348,47.429
360.574,148.409,23.382,47.417
361.081,147.506,22.344,48.776
361.618,147.388,22.301,48.836
361.521,146.393,22.513,48.479
361.514,147.535,22.623,48.432
361.456,152.333,22.552,48.813
362.095,151.706,22.644,48.614
362.433,150.086,22.758,48.365
362.203,150.668,22.580,48.685
362.146,151.428,22.772,48.434
358.263,152.029,22.650,48.390
362.909,152.086,22.925,47.830
363.029,151.533,22.940,47.794
362.389,150.921,22.923,47.715
362.682,154.115,22.800,48.112
358.994,167.792,22.897,47.855
359.146,166.220,22.917,47.623
364.105,151.012,22.779,47.753
362.595,148.955,23.182,47.650
359.074,148.566,22.977,47.911
355.368,145.036,22.797,47.945
356.017,144.988,22.575,48.200
356.220,144.089,22.527,48.211
351.800,147.866,22.630,48.139
351.076,147.918,22.443,48.387
351.321,147.098,21.820,49.382
350.883,146.864,22.045,49.103
350.715,143.344,22.446,48.909
345.881,144.459,22.600,48.712
345.809,148.049,21.868,49.956
345.877,154.567,22.380,49.651
345.617,153.781,21.746,51.035
346.287,148.853,21.518,51.404
351.420,147.878,21.201,51.630
356.773,148.249,21.596,50.983
361.977,153.455,22.240,50.496
362.694,154.801,22.847,49.701
363.029,150.065,23.227,49.300
363.765,147.875,23.463,49.106
364.875,147.104,23.400,49.334
365.291,144.743,22.691,50.773
365.740,145.223,22.908,50.756
366.322,143.350,23.179,50.137
367.047,143.105,23.544,49.882
367.062,143.153,24.317,49.006
363.590,138.025,23.982,49.154
363.826,132.730,23.909,49.255
359.820,133.033,22.856,50.925
359.350,136.703,23.195,50.457
359.456,140.086,23.746,49.787
354.954,144.567,24.351,48.578
354.449,143.432,24.525,48.239
355.087,142.501,24.215,49.014
351.004,142.825,23.817,49.354
352.004,142.902,23.526,49.467
352.058,143.750,23.781,48.837
347.292,145.108,23.743,48.634
337.318,147.910,23.705,48.633
333.366,147.297,23.569,48.767
333.577,147.815,23.407,48.494
328.653,152.429,23.547,47.973
324.100,147.776,23.487,47.793
325.117,147.806,22.598,48.894
325.425,147.699,22.670,48.748
324.604,147.165,22.870,48.450
320.127,145.858,22.962,47.938
319.041,146.645,22.789,47.875
319.052,147.228,22.512,47.817
317.941,145.137,22.553,47.755
316.270,145.216,22.391,48.094
312.042,144.289,22.471,47.721
312.117,142.586,21.644,48.489
311.951,141.315,20.912,49.172
307.943,140.262,20.187,50.171
306.551,140.359,20.768,49.133
305.856,139.306,21.190,48.359
301.165,138.687,21.635,47.206
299.606,141.430,21.590,46.952
294.117,141.229,21.508,46.981
293.198,141.998,21.397,46.962
292.986,143.958,21.564,46.600
291.964,142.813,21.739,46.150
288.339,139.232,20.843,47.132
288.092,141.226,20.120,48.144
288.721,141.191,19.536,48.498
287.907,141.074,20.230,47.057
286.973,142.520,20.369,46.556
287.423,144.765,20.270,46.398
286.876,146.074,19.829,46.850
283.238,145.814,19.401,47.159
282.885,144.504,19.085,47.214
279.034,147.233,19.558,46.336
279.041,146.503,19.322,46.240
278.169,148.202,19.854,45.272
282.134,149.761,19.452,45.387
281.513,151.027,20.182,43.997
280.659,151.268,20.452,43.187
280.457,148.127,20.635,42.568
280.611,149.424,20.490,42.145
284.494,151.010,20.148,42.304
284.364,151.249,19.383,43.241
287.956,149.369,18.819,43.737
291.715,149.406,18.351,44.049
296.177,148.313,18.806,43.434
300.900,146.217,18.312,43.862
316.288,148.717,17.868,44.311
320.780,147.568,17.449,44.505
324.673,145.350,17.285,44.504
329.580,146.338,17.885,43.124
338.015,144.869,18.225,42.183
342.516,144.185,17.454,43.037
345.964,144.196,17.137,43.648
346.141,142.611,16.957,43.950
350.092,143.334,16.653,44.087
350.218,142.436,16.511,44.184
350.307,141.759,16.364,44.308
350.473,141.083,16.009,44.619
349.939,143.760,16.035,44.729
348.686,143.766,16.338,44.393
345.441,142.075,16.206,44.458
344.987,142.208,16.359,44.170
341.843,144.461,16.236,44.239
338.545,143.288,15.863,45.115
337.854,146.721,15.937,45.233
333.936,148.398,15.908,45.086
333.055,152.842,16.227,44.788
329.547,152.481,16.370,44.574
329.649,152.483,16.243,45.083
326.129,152.915,15.991,45.567
326.266,156.955,16.082,45.309
325.914,159.143,16.702,44.269
323.131,159.474,17.160,43.377
320.182,155.274,17.406,42.633
317.016,150.146,16.949,43.168
316.633,150.009,16.694,43.520
313.231,150.371,16.424,43.896
310.402,151.329,16.235,44.286
309.902,150.988,16.357,44.258
309.392,150.553,16.435,44.192
305.655,147.165,16.375,44.462
306.042,145.800,16.267,44.801
302.959,145.595,16.165,45.012
302.410,142.490,16.268,44.997
301.815,146.564,16.923,44.417
301.823,147.075,17.573,43.586
298.395,146.059,17.199,44.171
299.015,144.705,16.950,44.462
299.464,144.969,16.798,44.693
299.655,146.715,16.744,44.775
300.299,147.039,16.761,44.953
300.532,147.279,17.539,44.109
301.532,146.927,17.383,44.424
302.303,147.812,17.241,44.565
305.297,149.244,17.306,44.420
304.974,149.884,17.311,44.281
304.775,149.471,17.211,44.405
304.564,149.360,17.121,44.750
303.539,149.417,17.792,44.118
300.403,145.969,18.151,43.482
299.977,150.696,18.503,43.169
298.924,151.635,18.791,43.113
299.314,152.264,18.418,43.877
298.659,157.092,18.928,43.416
294.647,157.490,19.178,43.478
293.793,158.199,19.391,43.296
290.013,158.527,19.377,43.503
289.682,159.933,19.336,43.708
285.889,160.773,19.242,43.927
281.876,163.836,19.274,43.808
278.166,164.070,19.250,43.712
273.647,164.752,19.435,43.516
269.380,165.010,19.703,43.370
265.614,168.352,19.981,43.139
261.985,169.466,20.104,42.869
258.462,175.243,20.120,42.693
255.205,176.243,19.427,43.761
255.217,176.835,19.611,43.530
254.960,177.121,19.729,43.612
254.658,178.534,19.841,43.617
254.819,180.504,19.887,43.681
254.827,181.761,20.000,43.764
254.954,183.419,20.219,43.616
255.765,184.597,20.098,43.929
256.658,184.298,20.092,44.304
257.776,184.233,20.043,44.536
258.458,185.022,20.175,44.407
258.716,188.228,20.562,44.280
259.886,191.751,20.913,44.002
264.551,192.579,20.947,43.860
268.872,194.576,20.847,44.193
269.775,195.125,20.764,44.559
270.574,195.661,20.645,45.036
271.374,196.883,20.868,44.957
272.231,198.060,21.063,44.891
272.422,198.520,21.360,44.781
273.526,198.981,21.326,44.753
274.344,198.497,21.518,44.820
275.744,197.920,21.335,45.166
277.202,197.857,21.375,45.299
278.461,198.787,21.418,45.345
283.797,203.325,21.273,45.777
288.008,203.206,20.850,46.635
287.985,203.080,20.741,47.285
288.647,203.989,20.827,47.783
289.006,206.113,21.327,47.483
289.554,207.199,21.814,47.229
290.599,207.181,21.868,47.282
295.358,207.931,22.025,47.324
295.700,208.733,22.237,47.522
296.148,206.147,22.398,47.601
301.324,208.247,22.185,47.943
306.569,209.761,21.066,49.282
307.270,210.055,20.275,50.675
308.111,205.960,19.768,51.411
308.759,206.532,19.443,51.928
309.169,206.534,19.216,52.277
