478.000,143.000,80.000,111.000
469.270,145.599,83.348,106.865
469.820,146.512,85.691,103.320
467.466,144.880,86.973,101.023
465.738,144.105,87.490,98.924
463.470,142.256,87.668,97.486
463.856,142.275,87.141,96.417
461.666,139.950,86.565,95.801
462.113,138.964,85.820,95.041
460.367,137.639,85.190,94.428
460.699,135.881,84.487,93.636
459.827,136.302,83.614,92.769
459.073,136.467,83.035,92.006
459.587,136.582,82.605,91.171
459.101,135.166,82.588,90.507
458.738,133.995,82.314,89.910
457.720,133.155,82.302,89.159
456.168,133.811,82.370,88.541
453.080,133.542,82.566,87.904
451.587,133.217,82.583,87.429
448.904,134.086,82.842,87.023
446.576,134.926,83.398,86.537
441.622,134.765,84.046,86.268
437.784,137.022,85.363,85.628
433.985,139.100,86.294,85.325
428.871,141.844,87.917,84.316
421.529,145.632,89.595,83.985
414.370,148.548,92.131,83.404
407.760,153.470,94.787,82.768
396.942,157.123,95.227,82.086
386.677,160.016,95.382,81.320
377.540,163.765,95.448,80.227
367.920,167.125,95.184,79.616
356.672,171.193,94.171,79.449
344.538,174.303,93.399,79.719
333.856,176.542,94.431,79.734
321.223,180.766,94.762,79.412
309.165,184.500,94.755,79.512
294.349,188.111,95.369,79.535
285.846,189.769,95.458,81.079
275.101,191.390,95.009,82.804
264.086,185.140,95.207,83.037
259.918,190.737,95.779,83.800
255.785,194.588,96.216,85.546
246.030,189.036,95.491,86.066
245.180,195.863,95.508,86.496
242.594,191.986,96.393,86.160
243.810,198.038,95.136,87.159
244.509,192.495,94.620,87.299
247.594,197.621,93.303,88.286
249.519,191.703,92.780,88.198
255.359,194.604,91.771,88.726
257.345,185.927,91.345,89.288
257.940,178.493,92.146,88.700
260.774,178.825,92.083,89.245
260.582,168.639,92.766,89.542
263.798,157.476,92.491,89.751
265.640,145.362,91.978,90.096
266.015,132.861,92.027,89.755
266.377,119.705,92.380,89.973
267.948,107.781,92.330,90.375
266.539,97.480,92.711,89.961
266.987,85.337,93.392,89.237
267.037,80.998,93.810,89.512
266.462,77.378,94.523,89.970
266.658,73.363,94.789,91.087
268.740,68.654,94.981,92.014
268.763,63.536,94.363,93.486
271.201,59.425,93.647,94.647
271.422,54.673,92.634,95.799
272.313,52.363,92.131,96.179
276.153,50.721,91.392,96.416
280.004,48.800,90.578,96.827
284.137,45.809,89.046,97.252
287.272,44.940,87.258,97.658
293.184,46.506,86.093,97.212
300.632,46.642,84.477,97.267
306.407,49.622,83.369,96.807
314.192,50.221,82.572,96.415
320.335,53.522,82.214,95.515
325.986,54.797,81.993,94.742
333.627,54.368,81.978,94.193
343.214,53.941,82.130,93.418
353.121,54.446,82.578,92.161
361.837,54.232,82.486,91.682
372.171,54.532,82.639,90.439
386.591,57.435,83.542,87.989
398.073,58.927,83.364,86.579
406.930,62.965,83.727,85.017
423.529,67.246,84.628,83.151
438.500,70.386,86.114,81.631
452.857,71.637,88.175,80.594
464.535,74.672,90.199,79.553
470.831,78.325,92.105,78.213
477.833,81.765,93.333,77.161
489.934,88.506,94.020,76.902
498.273,93.061,93.232,77.078
501.441,97.413,92.521,77.510
506.064,100.333,91.957,77.719
508.729,103.735,92.221,77.083
506.904,108.601,92.160,76.505
505.548,112.933,92.056,76.284
502.495,117.231,91.579,76.249
496.869,120.091,90.987,76.743
491.903,123.728,90.327,77.284
485.617,129.016,90.290,77.534
479.741,132.992,90.762,77.243
467.287,137.020,91.111,76.990
461.451,140.868,91.098,77.024
458.453,146.395,90.269,77.171
450.170,147.980,88.941,78.313
440.181,150.530,88.477,78.747
432.724,153.612,89.113,78.665
422.038,157.067,89.544,78.430
415.263,161.809,91.161,77.738
409.667,167.665,93.329,76.919
398.924,172.053,93.238,76.887
391.196,174.183,92.711,76.973
385.231,176.428,91.995,76.957
381.492,180.174,92.230,76.784
372.005,183.079,90.711,77.761
366.094,189.216,90.777,77.420
356.299,194.560,89.775,78.056
349.780,198.719,89.817,77.991
341.791,202.914,89.673,77.942
332.754,206.262,89.482,77.654
325.742,209.224,90.327,77.666
322.256,212.816,90.592,78.236
313.514,215.753,89.169,79.838
312.173,218.152,88.233,81.475
309.158,212.149,88.440,81.081
307.153,215.192,88.164,81.654
307.241,218.110,87.952,82.419
312.912,211.420,87.076,82.688
319.273,213.788,86.264,83.469
325.359,214.318,86.275,83.794
333.054,215.023,86.705,83.747
342.238,215.010,86.723,83.833
351.603,217.895,87.132,83.264
361.386,221.357,88.077,82.593
370.622,226.441,89.561,81.233
380.707,229.604,91.276,80.355
392.039,232.879,92.665,79.574
406.064,237.131,93.492,78.763
418.024,240.138,93.754,78.792
428.979,245.473,93.937,78.438
436.037,249.590,94.547,78.454
442.224,255.498,95.574,77.733
445.424,261.486,96.580,77.213
447.804,267.879,97.480,77.084
450.136,272.109,98.128,77.730
449.869,273.045,98.934,79.168
446.067,271.269,99.273,80.825
442.190,266.696,99.865,82.275
440.269,254.304,100.106,83.542
434.550,243.574,100.573,84.304
432.468,245.105,100.377,85.309
431.951,246.172,99.875,86.672
428.932,245.412,99.608,87.730
428.798,244.762,99.640,88.408
430.060,243.582,99.934,88.747
430.697,243.649,100.530,88.725
431.037,231.050,100.977,88.738
430.708,221.356,101.426,88.527
431.452,222.298,102.100,88.150
429.993,224.854,102.852,87.733
428.077,227.058,103.415,87.980
423.972,220.884,104.140,87.486
418.020,224.236,104.670,88.318
409.772,217.354,105.902,87.735
397.849,218.705,106.944,88.591
386.650,219.801,107.449,89.124
376.961,221.512,106.816,90.009
365.182,221.760,105.816,90.928
355.019,221.390,104.681,92.490
339.714,210.705,104.920,92.289
325.417,211.625,104.687,92.860
312.336,211.553,104.879,93.440
293.304,203.038,105.815,93.608
281.346,201.109,105.769,95.004
266.114,201.522,106.364,96.061
256.253,201.542,105.446,97.695
246.164,200.714,104.148,99.442
236.938,198.200,103.940,100.580
227.917,196.203,104.803,101.563
220.280,196.181,105.990,102.199
214.904,196.063,107.625,103.182
208.698,197.213,109.163,104.333
201.962,196.244,110.716,105.837
195.335,196.551,112.212,107.536
187.928,197.981,113.670,109.663
182.016,198.826,115.158,111.981
176.359,200.058,116.600,114.785
171.155,201.589,117.952,116.930
167.396,201.877,118.674,119.349
162.005,204.287,118.893,121.430
158.507,206.442,119.020,123.019
154.982,208.060,119.769,124.112
153.093,209.819,120.329,125.039
151.432,211.982,121.073,125.126
150.799,212.482,121.602,125.439
147.633,213.654,122.139,125.789
146.421,215.358,122.894,125.247
146.725,216.192,123.814,124.518
145.271,214.606,124.756,123.972
144.000,211.674,125.380,123.102
141.573,206.139,125.817,122.451
138.983,198.507,126.367,122.234
136.393,191.451,127.274,121.655
129.884,183.289,128.517,120.703
125.695,176.142,128.215,120.589
122.258,169.974,127.458,120.561
108.413,162.105,126.277,121.560
95.786,142.406,126.796,121.567
97.646,129.639,126.683,121.770
97.053,114.174,125.858,123.036
99.849,98.761,124.478,123.683
103.743,89.708,122.983,123.826
108.234,81.519,121.431,123.638
109.528,72.262,120.276,124.264
116.843,63.441,118.835,125.707
118.778,56.304,119.291,125.900
124.224,50.494,119.386,125.650
130.043,30.588,118.705,124.961
139.802,25.216,118.082,123.867
147.721,24.271,119.244,121.620
153.230,21.354,119.842,119.813
152.924,16.020,121.354,118.791
166.384,6.953,120.183,118.809
179.671,8.033,117.978,119.993
183.107,6.660,119.190,120.258
199.479,9.986,118.288,120.404
220.878,9.006,110.049,126.646
222.968,7.595,109.071,126.342
228.864,7.131,107.847,126.025
233.145,8.351,106.487,125.672
236.171,13.205,105.875,124.619
240.543,16.448,104.826,123.099
243.718,17.329,103.380,121.534
244.459,22.248,101.773,119.817
245.727,26.619,100.031,117.745
243.728,27.217,98.190,116.536
246.797,29.301,96.601,115.166
240.874,32.842,95.926,112.775
241.326,33.409,94.938,111.293
239.051,36.575,93.319,110.117
239.932,36.507,92.178,109.218
238.747,40.914,91.078,108.107
239.609,44.107,89.758,107.171
240.826,47.965,88.826,105.675
243.179,51.590,87.839,104.098
246.420,51.828,86.566,103.198
251.528,51.778,84.766,102.584
252.575,54.700,83.965,101.102
256.088,57.722,83.309,99.956
262.117,61.907,82.886,98.895
266.318,64.043,82.162,97.831
268.410,63.999,82.800,96.383
271.256,62.885,83.887,95.427
273.413,60.235,84.943,95.028
275.538,60.456,85.475,94.595
277.967,60.048,84.094,94.612
279.036,60.418,82.568,94.614
279.905,59.552,81.261,94.874
281.954,60.962,80.153,94.429
282.241,61.259,79.348,93.537
283.034,61.334,78.842,92.352
281.152,62.739,78.609,90.840
281.275,66.320,78.654,89.104
281.005,70.376,78.277,87.654
278.070,73.213,77.925,86.288
276.793,76.871,77.699,84.484
275.483,80.333,77.593,82.527
274.634,81.572,77.194,81.481
274.898,83.777,76.954,80.277
275.617,86.449,76.801,78.874
276.962,88.846,76.275,77.853
278.244,92.807,75.281,77.205
280.326,96.205,74.003,76.723
280.795,97.963,73.279,76.205
283.359,98.991,72.472,76.209
283.293,102.287,71.653,75.630
283.752,106.020,71.343,74.794
283.860,107.874,71.019,74.102
283.775,110.353,70.852,73.307
285.159,112.565,70.890,72.283
285.161,115.948,70.344,71.390
282.812,119.434,70.029,70.767
285.186,121.384,69.350,70.306
284.962,124.213,68.890,69.939
287.004,127.876,68.509,69.273
286.406,131.438,68.600,68.832
289.666,134.089,68.876,68.521
291.365,136.836,68.910,68.017
293.255,138.520,68.655,67.451
295.955,139.127,68.032,67.124
297.182,141.479,67.638,66.171
299.024,143.832,67.231,65.135
300.562,147.025,66.940,64.131
302.240,150.021,66.799,63.106
302.789,153.066,66.916,62.070
303.277,156.210,67.147,60.926
306.147,159.140,67.712,59.427
307.576,161.875,67.967,58.440
309.234,164.399,68.435,57.615
309.598,165.311,69.061,57.343
310.199,167.010,69.353,56.954
309.372,168.402,69.882,56.400
308.400,168.958,70.209,55.942
307.739,169.337,70.389,55.580
307.078,169.263,70.759,55.401
307.670,169.694,70.555,55.271
308.719,170.864,70.359,55.110
308.839,171.807,70.566,54.746
309.672,171.058,71.007,54.633
309.048,169.458,70.884,54.875
309.490,167.195,70.329,55.519
309.737,165.319,69.536,56.186
311.197,164.360,68.873,56.432
311.718,161.550,68.098,56.883
312.605,157.470,66.526,57.602
311.323,154.700,65.851,57.867
311.910,150.773,64.949,58.595
311.457,147.456,64.211,59.246
311.879,144.337,64.210,59.443
313.279,139.621,63.991,59.585
314.157,135.119,63.800,60.033
314.861,125.167,63.330,60.790
315.961,122.612,63.173,61.545
318.578,119.956,63.390,62.012
321.109,108.528,63.761,62.131
323.286,105.689,64.351,62.376
327.046,103.273,65.110,62.358
330.159,101.261,65.770,62.523
332.575,100.220,66.535,62.449
335.916,90.421,67.264,62.743
339.380,89.468,68.045,62.730
343.409,88.299,68.713,62.349
348.334,78.678,69.021,62.793
353.637,68.725,68.828,63.736
360.977,68.096,69.519,63.888
368.348,67.621,70.159,64.204
376.871,66.298,70.882,64.262
382.416,56.454,71.051,64.845
389.766,45.931,71.285,65.377
398.949,37.257,71.195,65.991
408.308,30.172,71.312,66.014
416.572,31.159,71.641,66.330
423.759,32.421,71.131,66.512
431.814,32.867,70.564,66.427
439.349,36.773,69.983,66.127
451.176,40.873,70.333,65.780
460.476,50.814,70.749,65.772
466.647,54.457,71.115,65.448
472.494,63.362,71.320,65.249
479.663,68.342,72.237,64.457
484.029,73.527,71.939,64.155
485.578,78.190,71.884,63.789
483.681,91.114,71.491,63.900
481.104,97.467,71.835,63.019
478.414,103.445,72.283,62.497
473.836,108.843,72.192,62.734
468.911,112.530,71.637,63.560
466.788,116.238,70.865,64.175
464.900,120.215,70.350,64.589
460.917,124.960,69.757,64.913
458.716,138.690,69.208,65.131
459.206,143.218,68.377,65.450
458.519,147.126,67.854,65.530
457.382,151.194,67.505,65.782
458.623,154.683,67.146,65.817
459.263,158.861,67.006,65.757
462.522,164.430,66.927,65.532
461.837,169.832,66.598,65.429
462.942,174.695,66.435,65.039
463.222,178.042,67.097,64.253
463.419,181.895,67.510,63.494
466.475,185.883,68.668,62.221
471.956,190.417,68.732,61.592
476.438,193.893,68.451,61.683
477.128,196.762,67.314,62.300
479.119,197.610,66.562,62.584
479.932,197.827,66.153,62.767
479.909,196.580,65.374,63.351
480.619,197.015,64.916,63.401
479.849,196.422,64.763,63.646
477.968,196.389,65.098,63.753
476.320,195.320,66.028,63.646
473.958,192.773,66.654,63.842
474.886,183.510,67.436,63.978
477.299,182.542,68.145,63.803
479.508,180.848,68.994,63.566
479.742,170.062,68.879,64.035
481.405,167.620,68.806,64.683
482.569,165.649,68.775,65.267
484.250,155.069,68.998,66.083
485.771,145.372,69.528,66.285
485.008,143.847,70.132,66.465
486.088,136.465,71.203,65.994
484.786,135.606,72.102,65.996
483.873,127.920,73.282,65.709
483.373,119.814,73.855,65.806
483.557,112.213,73.816,66.325
483.430,110.770,73.789,67.208
481.991,102.235,73.589,67.337
481.175,101.414,73.762,67.752
475.412,98.746,74.871,67.784
469.337,95.017,75.770,67.964
466.263,84.747,76.059,68.185
456.674,74.743,76.064,69.041
449.036,67.327,75.662,69.775
439.952,64.657,75.806,70.584
430.287,61.927,75.990,71.446
421.250,59.748,75.982,72.129
411.892,58.475,76.254,72.522
403.745,58.269,76.982,72.646
393.067,58.117,77.637,72.851
382.242,57.024,78.008,73.426
373.880,54.856,76.692,74.743
364.357,52.968,76.082,75.281
350.536,40.123,76.056,75.682
338.138,37.560,75.300,76.529
329.478,34.902,74.825,77.444
320.938,32.249,74.521,78.238
314.016,30.737,73.863,79.208
306.205,29.584,73.146,80.291
298.629,29.176,72.467,81.014
293.016,29.480,72.170,81.383
285.472,29.968,72.644,81.169
277.472,28.985,73.495,81.088
273.299,27.587,74.351,81.518
269.472,25.780,74.249,82.332
266.394,26.149,74.258,82.530
259.990,26.781,75.140,82.276
255.129,27.905,76.004,81.472
255.072,28.459,75.995,81.262
253.048,30.126,76.052,81.084
250.146,31.340,75.470,81.264
248.204,33.581,75.462,81.000
243.954,36.939,75.659,80.362
238.828,39.419,76.709,79.173
234.181,43.379,77.915,77.933
231.348,46.314,78.012,77.229
227.080,48.364,77.128,76.988
221.521,50.755,75.753,77.133
214.584,54.282,75.008,76.796
211.162,58.707,74.666,75.923
213.051,61.869,73.819,75.386
212.566,64.930,73.191,75.091
210.605,68.167,73.093,74.074
204.476,70.330,74.304,73.612
200.387,73.177,75.726,72.577
197.168,75.321,75.856,72.155
196.172,78.970,76.083,71.378
197.966,80.328,76.784,70.905
197.100,93.970,77.767,69.675
196.797,107.058,82.247,64.707
199.119,109.299,81.976,64.702
198.734,112.608,80.963,64.874
201.808,121.277,79.703,66.397
204.100,132.659,79.645,67.213
206.658,133.021,79.398,68.208
207.856,144.404,79.887,68.104
208.016,155.679,79.848,68.712
207.789,158.625,80.169,68.658
207.376,159.475,80.421,68.519
206.810,160.216,80.941,68.358
205.749,159.490,80.844,68.626
207.777,159.299,81.183,68.582
206.772,159.025,81.473,68.725
206.837,159.050,81.955,68.628
207.220,160.493,82.367,68.597
205.772,162.248,82.349,68.934
204.912,161.674,81.866,69.677
204.129,160.771,81.787,70.311
204.265,161.725,81.709,70.729
204.705,161.501,82.124,70.554
204.743,161.922,82.126,70.619
205.081,163.044,82.334,70.470
205.212,161.865,82.189,70.990
205.126,162.469,81.749,71.484
206.374,162.836,81.834,71.435
206.454,162.564,81.447,71.499
207.236,162.332,81.101,71.607
206.108,162.870,80.837,71.529
206.573,162.845,80.468,71.306
206.162,162.808,80.172,71.306
207.052,164.438,80.498,70.897
205.246,164.951,80.728,70.308
205.064,165.086,80.437,69.998
205.473,165.217,80.178,69.947
205.251,164.943,79.861,69.685
206.069,165.282,79.487,69.469
206.699,165.702,79.315,69.065
206.374,165.915,79.518,68.760
206.355,165.297,79.705,68.521
207.118,165.814,79.995,68.229
207.121,165.854,80.280,67.842
207.077,165.718,80.236,67.834
208.229,166.225,80.213,67.726
207.128,166.804,80.125,67.525
207.317,165.814,79.868,67.571
207.418,165.902,79.403,67.799
207.579,166.186,78.951,67.857
207.826,166.413,78.331,67.823
207.767,167.028,77.978,67.664
207.429,167.742,77.685,67.509
207.544,168.086,77.234,67.249
207.793,168.890,76.916,66.943
207.880,169.409,77.087,66.415
208.545,169.659,77.356,65.995
208.671,169.089,77.227,65.892
208.460,169.106,77.521,65.792
208.881,169.142,77.635,65.858
208.014,168.589,77.638,66.009
207.853,167.698,77.463,66.152
207.758,168.028,77.295,66.200
208.063,168.557,77.268,66.128
207.187,167.786,77.148,66.028
207.903,168.891,76.990,65.619
208.598,168.845,77.002,65.466
207.925,168.503,76.815,65.427
207.807,168.433,76.701,65.280
207.657,168.650,76.357,65.214
207.855,169.182,76.251,65.001
208.023,169.294,76.155,64.919
207.238,169.854,76.143,64.755
207.185,170.572,76.316,64.329
207.356,170.213,76.405,63.857
208.019,170.875,76.171,63.826
207.346,171.143,75.886,64.000
207.267,171.342,76.088,63.589
207.688,171.343,76.289,63.225
207.412,171.453,76.205,62.939
207.795,172.036,76.178,62.772
207.246,171.392,76.057,62.643
207.276,171.196,76.172,62.473
208.393,172.119,76.019,62.386
207.470,171.768,75.848,62.265
207.803,173.037,75.893,62.118
207.322,172.326,75.308,62.104
207.707,171.970,75.226,61.776
208.099,172.607,75.147,61.762
208.033,172.262,75.153,61.590
207.928,172.566,75.113,61.559
207.902,172.895,75.113,61.534
207.741,171.879,74.730,61.367
207.811,172.586,74.584,61.354
207.862,172.153,74.529,61.064
207.745,172.061,74.249,61.052
207.684,172.843,74.139,61.039
207.756,172.912,74.029,60.779
208.114,173.190,73.797,60.692
207.861,173.008,73.489,60.537
208.256,172.722,73.301,60.407
208.064,172.999,72.933,60.441
208.921,173.265,72.976,60.264
208.898,172.794,72.762,60.178
208.971,173.035,72.470,60.288
209.098,173.522,72.414,60.146
208.856,173.229,72.117,60.011
208.662,172.681,71.855,60.004
208.840,172.633,71.602,60.136
208.602,172.788,71.543,59.975
208.669,172.955,71.657,59.599
209.033,174.017,71.636,59.295
209.441,174.494,71.819,59.059
209.378,175.584,72.028,58.517
209.171,176.396,72.063,57.937
208.808,176.617,72.062,57.519
207.902,176.383,71.860,57.352
207.963,175.243,71.471,57.286
208.692,175.517,71.275,57.084
209.011,175.847,71.154,57.020
208.796,176.280,71.045,56.696
208.450,175.606,70.979,56.543
208.629,174.902,70.867,56.537
208.959,174.977,70.347,56.706
208.881,174.714,69.677,57.006
208.638,176.135,68.787,57.054
207.554,176.098,68.591,56.758
200.246,178.763,72.915,52.489
192.361,179.401,74.997,49.699
185.958,179.552,75.799,48.139
198.174,145.360,72.475,50.938
193.756,144.659,69.993,52.820
173.423,130.993,73.887,49.664
168.278,132.777,76.284,48.009
161.640,135.525,74.346,49.869
162.828,137.193,72.904,51.417
156.398,137.599,71.622,52.697
159.815,137.594,70.330,53.758
160.583,131.772,69.946,54.449
144.991,125.732,73.535,51.442
143.940,126.440,75.872,49.593
138.115,137.013,73.230,52.483
139.837,139.988,71.276,55.155
134.472,143.914,68.582,57.954
127.668,144.245,66.227,59.868
129.521,142.764,65.002,60.670
130.753,143.255,63.752,61.550
131.754,142.524,62.768,62.301
131.823,141.502,62.128,62.675
131.455,141.366,61.647,62.717
131.940,142.029,61.102,62.968
132.308,141.236,60.659,63.183
132.724,141.328,60.381,63.145
133.156,141.229,60.086,63.196
133.474,141.087,59.792,63.345
133.206,141.199,59.788,63.029
133.336,141.579,59.478,63.150
133.573,141.584,59.195,63.260
133.570,141.534,59.079,63.257
133.411,141.479,58.924,63.337
133.382,141.502,58.896,63.378
133.166,141.509,58.948,63.327
132.656,141.881,58.951,63.300
140.745,140.536,59.105,63.469
132.041,142.190,59.062,63.441
140.679,140.774,59.268,63.721
132.625,141.374,59.282,63.451
133.224,141.921,59.005,63.510
132.820,140.776,59.082,63.436
133.559,141.730,58.764,63.484
133.457,140.994,58.701,63.399
133.578,141.618,58.551,63.286
133.349,141.013,58.537,63.294
133.097,141.551,58.609,63.129
132.372,141.549,58.521,63.153
132.187,142.094,58.420,63.152
126.556,142.613,57.839,63.653
127.497,142.212,57.687,63.504
122.467,141.870,57.472,63.457
124.607,141.766,57.391,63.430
126.920,142.622,57.230,63.528
121.736,142.006,57.087,63.702
123.576,141.560,57.078,63.482
125.709,141.728,56.973,63.322
127.042,142.073,56.870,63.475
121.958,141.782,56.551,63.865
123.564,141.409,56.732,63.638
125.610,141.737,56.764,63.451
126.993,142.248,56.788,63.476
121.708,142.225,56.680,63.721
123.419,141.992,56.648,63.668
125.408,142.028,56.494,63.669
127.343,142.565,56.310,63.768
121.937,142.134,56.039,64.055
123.519,141.648,55.915,63.936
125.495,141.953,55.886,63.857
126.953,142.472,55.696,63.876
122.351,142.441,55.502,64.154
124.033,142.381,55.653,63.886
126.082,142.376,55.569,63.684
127.217,142.367,55.626,63.514
122.034,142.721,55.648,63.683
123.251,142.376,55.716,63.414
124.656,142.090,55.528,63.453
126.561,142.723,55.469,63.264
127.966,142.848,55.561,63.241
122.595,142.734,55.256,63.550
123.798,142.175,55.335,63.397
125.625,141.799,55.190,63.431
127.380,142.598,55.343,63.202
122.578,142.195,55.210,63.502
124.255,141.627,55.266,63.279
126.202,141.936,55.449,62.911
127.728,142.464,55.561,62.855
122.434,142.020,55.151,63.208
123.946,141.824,55.315,62.934
125.655,141.806,55.402,62.838
127.099,142.447,55.395,62.839
128.469,142.547,55.472,62.894
123.473,142.336,55.107,63.147
125.580,141.814,55.234,62.912
126.584,142.176,55.278,62.968
128.102,142.232,55.355,62.840
122.579,141.941,55.178,62.974
125.175,141.978,55.140,62.768
127.065,141.990,55.047,62.669
122.195,142.089,54.816,63.106
124.606,142.204,54.862,63.082
126.353,142.349,54.913,62.889
127.980,142.650,54.825,62.985
123.088,142.160,54.419,63.157
124.909,141.745,54.586,63.021
127.388,142.490,54.549,62.897
128.732,142.841,54.598,62.919
123.465,142.795,54.286,63.083
125.416,142.116,54.363,62.791
127.592,141.779,54.410,62.622
129.309,141.620,54.529,62.556
124.314,141.955,54.518,62.524
125.937,141.938,54.528,62.409
127.421,142.674,54.539,62.480
122.616,142.161,54.358,62.665
124.655,141.628,54.315,62.750
126.639,141.677,54.448,62.505
128.102,142.735,54.551,62.411
122.668,142.243,54.320,62.508
124.456,141.779,54.346,62.516
126.345,142.057,54.422,62.325
127.702,142.772,54.537,62.403
128.976,142.890,54.502,62.272
123.477,142.440,54.167,62.376
125.542,142.107,54.193,62.116
127.398,142.900,54.178,61.954
129.123,142.942,54.245,61.995
123.149,142.053,54.089,62.043
125.719,142.429,53.935,61.973
127.503,142.440,53.903,61.852
129.259,142.611,54.016,61.951
123.941,142.008,53.990,61.963
125.823,141.850,53.857,61.870
127.674,142.237,53.850,61.866
122.930,141.936,53.575,62.323
124.946,142.290,53.692,62.183
126.906,142.372,53.787,62.077
128.703,142.573,53.812,62.320
124.066,142.293,53.532,62.599
126.920,142.540,53.663,62.248
128.472,143.114,53.732,62.451
123.222,142.511,53.379,62.768
125.144,142.103,53.529,62.588
126.970,142.153,53.753,62.196
129.015,142.531,53.772,62.329
124.028,142.203,53.611,62.436
126.755,142.084,53.677,62.237
128.000,142.813,53.868,62.155
123.120,142.592,53.688,62.423
124.708,142.269,53.738,62.360
126.510,142.194,53.998,62.036
122.121,142.228,53.784,62.533
124.125,141.935,53.777,62.308
126.571,141.743,53.936,62.009
128.100,142.944,54.123,62.038
122.749,142.628,53.923,62.213
124.584,142.443,53.846,62.277
126.372,142.401,54.034,62.000
127.873,142.718,53.947,62.229
129.607,142.933,54.087,62.120
123.565,142.219,54.076,62.086
126.360,142.286,53.970,61.976
127.833,142.734,53.923,62.176
129.471,143.081,54.039,62.193
124.233,142.712,53.953,62.070
126.152,142.414,54.082,61.817
128.107,142.329,54.008,62.022
123.322,141.789,53.570,62.382
125.704,141.829,53.509,62.268
127.210,142.662,53.659,61.997
128.536,142.745,53.652,62.063
123.869,142.569,53.417,62.323
125.799,141.947,53.470,62.078
127.717,142.439,53.420,61.960
123.209,141.941,53.210,62.282
125.630,141.974,53.367,62.121
127.522,142.390,53.463,62.060
129.134,142.717,53.348,62.239
123.345,142.213,53.325,62.119
125.750,142.088,53.454,61.981
127.434,142.442,53.521,61.771
122.745,142.055,53.299,62.090
124.926,142.518,53.415,62.029
126.828,142.480,53.643,61.696
128.794,142.752,53.517,61.879
123.859,142.657,53.291,61.974
126.193,142.463,53.260,61.902
128.004,142.556,53.184,61.819
123.041,142.130,53.052,62.200
125.110,141.698,53.002,62.213
127.484,142.411,53.137,62.019
122.787,141.972,52.942,62.312
125.065,141.792,52.882,62.254
127.476,142.536,52.967,62.084
129.105,143.112,53.102,62.084
124.251,142.996,52.990,62.194
126.519,142.290,53.074,61.960
128.349,142.424,53.167,61.904
123.603,142.150,52.991,62.256
126.237,141.896,52.897,62.220
128.280,142.749,52.891,61.919
123.630,142.181,52.775,62.014
126.074,142.488,52.932,61.560
128.178,143.271,52.987,61.421
123.898,142.407,52.824,61.643
126.059,142.406,53.050,61.394
127.721,143.048,53.143,61.225
122.879,142.525,52.685,61.690
124.450,142.485,52.641,61.603
126.411,141.919,52.568,61.459
128.203,142.763,52.632,61.357
123.352,142.489,52.328,61.920
125.227,142.202,52.199,62.057
127.463,142.431,52.341,61.856
129.371,142.728,52.574,61.803
124.568,142.718,52.478,61.829
126.842,142.176,52.454,61.582
128.240,142.806,52.490,61.530
123.210,142.504,52.231,61.907
125.007,142.001,52.280,61.821
126.963,142.437,52.336,61.693
128.833,142.722,52.381,61.741
124.125,142.689,52.152,62.041
126.109,142.256,52.267,61.678
128.153,143.112,52.218,61.532
129.660,143.398,52.455,61.384
124.079,143.081,52.607,61.104
125.962,143.306,52.583,60.971
127.434,143.448,52.711,60.704
128.781,143.743,52.853,60.802
123.710,143.426,52.567,61.053
125.589,143.483,52.445,60.964
127.046,143.611,52.623,60.784
128.607,144.114,52.733,60.700
123.827,143.995,52.452,60.929
126.130,143.642,52.387,60.775
127.741,144.021,52.549,60.618
129.664,143.921,52.476,60.688
124.220,143.718,52.449,60.782
126.162,143.334,52.404,60.626
127.909,143.651,52.403,60.621
123.528,143.132,52.009,60.999
125.342,142.953,51.957,61.022
127.329,143.411,51.954,61.078
128.961,143.949,52.039,60.900
124.359,143.440,51.866,61.073
126.461,143.161,51.855,60.740
128.118,143.675,51.845,60.547
123.436,143.592,51.685,60.781
125.463,143.294,51.826,60.621
127.621,143.745,51.858,60.551
123.352,143.658,51.763,60.776
124.989,143.003,51.927,60.565
127.077,143.149,51.857,60.614
122.312,143.208,51.563,60.972
124.372,142.953,51.457,61.105
126.379,142.969,51.422,60.900
127.879,143.508,51.528,60.711
122.967,143.894,51.488,60.836
125.006,143.576,51.615,60.587
126.887,143.204,51.666,60.383
128.200,143.684,51.639,60.436
123.245,143.891,51.395,60.707
125.026,143.935,51.465,60.627
127.050,144.070,51.414,60.535
128.804,144.399,51.652,60.267
124.139,144.309,51.520,60.434
126.199,143.857,51.567,60.243
128.192,144.015,51.548,60.145
123.693,143.785,51.233,60.431
125.454,143.543,51.230,60.321
127.828,143.446,51.143,60.249
122.956,143.564,51.065,60.326
124.387,143.673,51.041,60.236
126.397,143.470,50.894,60.139
127.757,144.050,50.841,60.161
123.040,144.101,50.788,60.325
125.222,144.148,51.054,60.125
127.009,143.782,50.960,60.012
128.476,144.246,50.915,60.152
124.039,144.465,50.701,60.391
125.984,144.544,50.687,60.238
128.140,144.499,50.873,60.014
130.101,144.445,50.815,60.034
125.125,144.380,50.987,59.962
127.136,143.768,50.839,59.991
129.044,143.919,50.845,59.836
124.389,143.708,50.535,60.160
126.376,143.242,50.614,60.042
128.021,143.795,50.582,60.117
130.252,144.353,50.590,60.056
125.302,144.364,50.613,59.865
127.080,143.837,50.552,59.764
128.866,144.493,50.501,59.739
124.287,144.534,50.358,59.873
126.308,144.404,50.384,59.698
128.329,144.199,50.527,59.512
124.078,144.217,50.336,59.652
126.042,144.473,50.279,59.537
127.812,144.710,50.229,59.483
123.357,145.048,50.158,59.530
125.359,145.066,50.376,59.374
127.418,144.346,50.483,59.201
129.118,145.110,50.471,59.145
131.847,142.392,47.810,61.466
126.590,142.742,48.259,60.953
128.351,142.873,48.488,60.596
130.148,143.803,48.898,60.159
125.224,143.949,48.906,59.997
127.024,144.316,48.906,59.798
128.868,144.717,48.992,59.583
130.498,145.164,49.104,59.405
125.847,144.931,49.316,59.340
127.880,144.239,49.415,59.264
129.765,145.016,49.501,59.179
125.091,144.835,49.683,59.044
127.316,144.692,49.658,59.000
129.069,144.786,49.716,58.872
131.403,143.108,47.032,61.226
126.105,143.393,47.485,60.669
127.922,143.513,47.804,60.154
122.893,143.782,48.026,59.919
125.221,143.981,48.084,59.741
127.780,143.723,48.194,59.450
129.328,143.967,48.263,59.175
131.374,144.789,48.487,58.966
126.880,144.751,48.513,58.749
128.378,144.711,48.686,58.587
130.417,144.894,48.711,58.512
125.510,145.131,48.844,58.375
127.635,144.792,48.799,58.260
129.604,145.074,48.608,58.183
132.042,143.475,46.021,60.317
127.459,143.278,46.403,59.650
128.970,143.633,46.726,59.223
130.525,144.973,47.035,58.788
132.141,145.577,47.433,58.294
133.717,143.091,45.039,60.426
135.013,141.822,43.169,61.788
135.961,141.739,41.816,62.651
136.860,141.267,40.643,63.223
137.380,141.438,39.736,63.735
138.084,140.884,38.881,64.181
138.720,141.367,38.313,64.436
139.349,140.965,37.835,64.448
140.134,140.934,37.334,64.544
140.630,140.475,36.900,64.540
140.686,140.525,36.515,64.593
141.055,140.705,36.351,64.169
141.078,139.887,36.064,64.063
140.909,140.515,35.925,63.709
141.221,140.828,35.743,63.362
141.332,141.427,35.627,62.983
141.648,139.862,35.436,62.529
141.506,140.126,35.281,62.234
141.640,140.914,35.029,62.075
141.539,139.873,34.840,61.761
141.474,139.074,34.573,61.498
141.572,141.453,34.337,61.422
141.544,140.473,34.170,61.074
141.780,139.226,33.973,60.810
136.703,140.658,33.969,60.436
137.211,140.629,33.788,60.104
138.118,140.975,33.560,59.923
139.327,139.148,33.399,59.539
140.002,140.929,33.201,59.142
140.810,139.736,32.896,58.890
141.528,141.750,32.594,58.671
142.062,140.282,32.304,58.653
142.241,141.383,32.033,58.643
142.514,139.963,31.809,58.473
142.751,140.907,31.533,58.411
142.931,139.669,31.441,58.043
143.086,140.952,31.250,57.972
143.445,139.540,31.190,57.745
143.537,141.705,30.961,57.684
143.452,139.720,30.827,57.492
143.444,141.549,30.536,57.524
143.822,140.004,30.437,57.358
143.509,141.070,30.241,57.306
143.639,139.808,30.175,56.997
143.934,141.319,29.943,57.054
143.798,139.535,29.878,56.743
143.704,141.261,29.743,56.691
143.963,141.804,29.447,56.834
143.939,140.413,29.460,56.646
144.124,141.708,29.303,56.627
144.372,140.406,29.285,56.333
144.391,139.308,29.306,56.011
144.283,141.601,29.123,56.022
144.580,142.644,28.847,56.252
144.608,141.135,28.878,55.968
140.353,141.936,28.899,55.949
141.081,141.927,29.056,55.765
142.007,141.896,28.954,55.672
142.899,142.038,28.879,55.668
143.619,142.007,28.804,55.698
144.135,140.434,28.787,55.532
144.363,142.097,28.540,55.645
144.555,140.678,28.484,55.386
140.552,141.859,28.574,55.260
141.237,141.940,28.686,55.228
141.988,142.148,28.707,55.338
142.915,142.452,28.514,55.335
143.613,142.867,28.386,55.352
144.032,142.352,28.247,55.361
144.409,142.995,28.172,55.293
144.709,142.689,27.947,55.330
144.999,142.992,27.755,55.335
144.837,143.115,27.655,55.291
144.646,142.461,27.608,55.139
144.809,143.026,27.520,55.103
145.140,142.897,27.386,55.045
145.274,142.587,27.259,54.989
145.240,142.644,27.138,54.946
145.091,142.637,27.077,54.919
140.716,142.482,27.385,54.617
141.379,142.332,27.568,54.349
142.331,142.234,27.718,54.289
143.232,142.502,27.728,54.238
143.858,143.581,27.708,54.216
144.356,143.128,27.558,54.210
145.076,143.721,27.391,54.230
144.901,142.884,27.304,54.250
145.162,142.902,27.228,54.297
145.302,143.195,27.176,54.243
145.513,142.817,27.061,54.217
145.475,142.814,27.050,54.157
145.408,142.618,26.951,54.139
145.321,143.186,27.063,54.026
145.209,142.747,26.957,54.005
145.102,142.592,26.878,54.027
145.333,142.622,26.822,53.936
145.157,142.367,26.776,53.957
145.418,143.443,26.726,53.978
145.427,142.747,26.582,54.012
145.598,143.203,26.525,53.932
145.788,142.685,26.420,53.909
145.835,143.021,26.493,53.717
145.820,142.634,26.423,53.692
145.913,142.937,26.465,53.690
146.023,143.234,26.480,53.674
142.026,142.524,26.665,53.456
142.826,142.659,26.845,53.324
143.627,142.674,26.850,53.387
144.446,143.425,26.804,53.334
145.097,143.993,26.588,53.395
145.306,143.191,26.441,53.449
145.699,143.049,26.334,53.513
145.868,142.603,26.258,53.617
145.998,143.508,26.265,53.519
145.998,143.109,26.206,53.563
146.151,142.719,26.155,53.609
146.281,143.052,26.130,53.496
145.906,142.647,26.131,53.492
145.787,142.975,26.120,53.396
146.085,143.462,26.086,53.288
142.102,142.550,26.321,53.011
143.185,142.684,26.398,52.831
144.041,143.028,26.405,52.799
144.912,143.599,26.302,52.769
145.450,143.791,26.151,52.712
145.796,143.760,26.000,52.841
145.797,143.139,25.929,52.939
145.773,142.980,25.900,52.938
145.734,143.668,25.923,52.898
145.582,143.112,25.868,52.938
145.821,143.196,25.851,52.888
145.749,142.921,25.850,52.881
145.881,143.551,25.899,52.793
145.907,143.395,25.875,52.827
145.819,143.342,25.917,52.767
145.866,143.088,25.905,52.841
145.863,143.303,25.875,52.754
145.952,143.224,25.805,52.709
146.011,142.939,25.782,52.693
146.092,142.854,25.784,52.537
146.229,142.782,25.754,52.512
145.984,143.069,25.715,52.481
146.114,143.423,25.710,52.430
146.246,143.513,25.724,52.404
146.310,143.437,25.711,52.430
146.386,143.345,25.706,52.484
146.032,143.376,25.685,52.545
146.299,143.518,25.680,52.498
146.551,143.835,25.679,52.422
146.306,143.445,25.644,52.410
146.621,143.509,25.630,52.396
146.428,142.768,25.600,52.410
146.639,143.328,25.550,52.381
146.706,143.624,25.586,52.390
146.481,143.307,25.544,52.399
146.692,143.696,25.561,52.336
146.334,143.300,25.555,52.411
146.519,143.633,25.591,52.347
146.560,143.281,25.510,52.432
146.670,143.139,25.527,52.470
146.484,143.035,25.532,52.516
146.516,143.366,25.536,52.435
146.630,143.320,25.572,52.436
146.388,143.334,25.615,52.475
146.452,143.581,25.638,52.410
146.577,143.352,25.584,52.388
146.813,143.316,25.610,52.361
142.935,143.254,25.841,52.229
143.849,143.223,25.994,52.145
144.435,143.734,25.943,52.152
145.296,143.789,25.831,52.049
145.681,143.691,25.796,51.965
145.658,142.809,25.726,52.070
145.896,143.363,25.762,51.945
145.906,143.507,25.745,51.935
146.026,143.297,25.616,51.927
146.071,143.062,25.539,51.929
146.427,143.739,25.582,51.844
146.002,143.517,25.553,51.914
146.191,143.597,25.558,51.816
146.296,143.338,25.506,51.856
145.906,143.065,25.481,51.924
146.061,143.674,25.532,51.899
146.285,143.663,25.514,51.864
146.226,143.408,25.512,51.837
146.098,143.028,25.463,51.904
146.348,143.266,25.531,51.908
142.428,142.362,25.769,51.686
143.386,142.443,25.877,51.607
144.323,142.839,25.836,51.608
144.958,143.377,25.654,51.727
145.541,143.633,25.499,51.806
145.680,143.532,25.458,51.846
145.795,143.347,25.439,51.877
145.881,143.134,25.402,51.890
146.090,142.989,25.366,51.856
146.331,143.062,25.306,51.783
146.366,143.252,25.291,51.768
146.319,143.338,25.292,51.707
146.344,143.132,25.270,51.734
146.348,142.874,25.260,51.748
146.226,142.828,25.241,51.775
146.128,142.769,25.215,51.769
146.041,142.584,25.203,51.827
146.192,143.212,25.250,51.816
146.120,142.965,25.255,51.750
146.013,142.778,25.250,51.722
145.914,142.804,25.205,51.732
145.934,142.916,25.206,51.710
146.021,143.009,25.155,51.699
145.924,142.911,25.162,51.738
145.908,143.198,25.149,51.758
146.000,143.586,25.114,51.728
145.899,143.760,25.147,51.657
146.032,142.814,25.116,51.683
145.936,142.714,25.146,51.660
145.995,142.958,25.098,51.585
146.001,142.676,25.102,51.597
145.949,142.910,25.090,51.528
145.914,143.225,25.064,51.485
145.978,143.093,25.049,51.579
146.023,142.863,25.056,51.555
145.940,143.485,25.052,51.487
146.043,143.092,24.962,51.508
145.913,143.554,24.947,51.466
146.113,143.271,24.887,51.428
146.094,143.336,24.824,51.333
145.981,143.632,24.771,51.208
146.095,143.697,24.720,51.092
146.010,143.925,24.660,51.050
146.221,143.205,24.603,50.894
146.024,143.424,24.609,50.744
145.939,143.376,24.609,50.684
145.831,143.445,24.656,50.593
145.717,143.558,24.637,50.598
145.882,143.828,24.633,50.560
145.725,143.748,24.575,50.536
146.026,143.647,24.476,50.451
146.368,143.480,24.440,50.385
146.141,143.483,24.406,50.358
146.502,143.184,24.375,50.306
146.095,143.597,24.350,50.453
146.357,143.260,24.345,50.456
