288.000,143.000,35.000,42.000
291.628,143.373,34.424,42.726
292.641,141.027,34.189,43.299
295.589,142.272,33.975,43.614
296.428,139.777,33.882,44.115
297.371,138.220,33.768,44.450
297.251,139.749,33.644,44.856
298.629,137.478,33.576,44.990
298.939,139.529,33.536,45.409
298.901,139.584,33.505,45.675
300.109,140.018,33.560,45.767
301.054,140.989,33.581,45.933
299.958,140.852,33.661,46.155
298.159,140.251,33.699,46.276
297.539,139.362,33.639,46.484
297.904,139.395,33.653,46.634
299.419,141.577,33.648,46.586
298.359,140.209,33.595,46.842
296.403,142.969,33.509,46.811
297.624,140.891,33.616,46.695
298.038,143.893,33.677,46.673
298.086,143.400,33.625,46.885
297.212,145.709,33.613,46.685
294.787,147.658,33.576,46.572
295.160,145.685,33.474,46.747
293.423,146.893,33.414,46.610
293.776,146.606,33.396,46.664
293.402,146.263,33.292,46.779
293.525,147.425,33.256,46.695
292.698,147.742,33.297,46.644
291.907,147.353,33.241,46.739
291.664,148.383,33.188,46.748
292.745,148.986,32.999,46.717
292.587,147.501,33.071,46.596
293.216,149.498,32.934,46.487
293.643,146.735,33.022,46.611
293.952,147.413,32.887,46.574
294.518,145.387,32.960,46.461
294.809,147.799,32.934,46.291
294.961,145.561,32.859,46.394
294.917,148.019,32.780,46.302
296.696,146.913,32.602,46.220
295.596,144.792,32.691,46.408
295.480,145.787,32.779,46.280
294.959,146.965,32.667,46.234
296.418,145.728,32.615,46.253
293.755,146.717,32.790,45.990
294.131,145.694,32.893,46.034
292.244,147.340,32.947,46.042
291.017,150.311,32.941,45.928
291.928,148.499,33.040,46.055
290.936,150.313,33.006,46.351
291.530,147.875,33.136,46.536
291.327,149.754,33.142,46.693
290.525,149.491,33.180,46.776
291.226,149.952,33.195,46.830
290.595,151.887,33.241,46.786
290.511,151.820,33.217,46.877
290.637,153.445,33.232,46.926
291.044,152.632,33.315,47.049
291.396,152.160,33.350,47.129
290.539,153.557,33.322,47.118
291.160,152.228,33.441,47.182
291.360,152.988,33.361,47.319
292.201,151.182,33.386,47.212
293.654,151.997,33.395,47.119
294.094,151.255,33.483,47.170
294.392,152.227,33.426,47.498
295.491,151.690,33.507,47.475
296.991,153.038,33.599,47.535
297.755,152.961,33.544,47.846
299.670,154.154,33.621,47.827
302.088,153.655,33.734,47.738
306.302,156.413,33.413,47.679
307.770,157.182,33.602,47.492
312.834,161.453,33.342,47.076
314.259,166.119,33.532,46.401
315.913,171.999,33.621,45.820
316.970,178.406,33.692,45.252
317.823,185.046,33.712,44.745
319.311,191.033,33.801,44.232
318.951,196.213,33.540,44.210
316.962,199.366,33.399,44.323
315.259,201.704,33.252,44.636
311.444,203.427,33.391,44.804
306.892,202.537,33.685,44.917
301.537,201.117,34.192,45.279
297.925,197.980,34.266,46.251
294.751,192.209,34.561,47.341
290.087,181.923,35.027,47.716
286.427,170.840,35.217,48.136
283.792,159.536,35.362,48.226
282.995,151.417,35.702,47.781
283.155,142.939,35.969,47.423
282.671,135.068,35.967,47.430
284.701,130.156,36.017,47.694
285.060,127.343,35.837,48.274
287.564,127.641,35.815,48.746
289.670,129.848,35.709,48.971
291.662,134.831,35.517,48.872
293.532,141.036,35.445,48.603
295.489,148.357,35.637,47.873
297.305,159.267,35.696,47.289
299.493,171.145,36.000,46.466
300.530,183.717,36.147,45.765
300.349,192.334,36.276,45.416
301.199,199.309,35.824,45.627
298.585,198.929,35.552,46.073
294.197,196.627,35.616,46.515
288.106,190.889,35.393,47.836
279.681,183.570,34.492,49.571
274.632,171.899,35.395,49.717
266.992,164.250,36.351,49.392
257.679,160.852,36.413,49.913
250.400,160.461,37.963,49.713
243.978,160.631,39.505,49.500
240.286,161.059,40.061,49.862
237.710,162.250,39.753,50.505
237.042,165.962,39.336,51.528
236.988,170.087,38.877,52.409
239.201,173.274,38.191,53.405
242.890,174.278,37.827,53.966
247.442,171.781,37.854,53.728
251.444,168.511,38.499,52.961
259.835,161.701,38.785,52.443
270.537,151.921,39.003,51.926
279.947,146.548,39.419,51.617
288.981,142.829,39.629,51.546
296.112,141.415,39.990,51.162
302.359,141.194,39.755,51.597
308.687,143.450,39.737,51.935
315.104,145.641,39.632,52.180
320.244,149.680,39.431,52.511
323.489,156.930,39.641,52.059
325.346,165.882,40.207,51.347
327.181,179.030,40.071,51.259
327.293,186.030,39.777,51.314
327.015,190.068,39.429,51.811
324.554,190.532,39.152,52.138
320.426,188.271,38.955,52.189
316.456,183.819,38.992,52.429
312.024,178.719,39.056,52.778
307.010,172.393,39.432,52.928
302.234,160.660,39.540,53.307
297.349,153.517,39.599,53.396
292.632,146.997,39.561,53.637
288.073,140.267,39.411,53.720
282.985,136.305,39.214,53.656
278.785,138.057,38.976,53.219
276.851,141.685,38.692,52.798
274.237,146.639,38.334,52.421
272.915,153.032,38.216,52.159
272.173,160.746,38.173,51.558
271.606,167.453,37.737,51.012
269.859,168.562,37.313,50.686
267.546,167.710,36.830,50.295
266.301,167.146,36.388,50.013
265.491,164.606,36.216,49.789
262.853,161.417,35.946,49.796
260.126,157.273,35.695,49.524
256.990,153.885,35.752,49.280
256.186,152.945,35.359,49.366
256.990,151.640,34.981,49.350
259.669,151.897,34.949,48.996
263.200,156.009,34.297,48.557
263.691,157.275,34.176,48.096
264.316,162.471,34.114,47.504
264.833,168.632,34.048,46.976
265.691,175.374,33.901,46.497
267.295,181.854,33.669,45.907
267.943,188.123,33.356,45.397
268.919,188.430,32.930,45.605
268.723,184.631,32.636,45.599
267.950,178.683,32.428,45.399
268.201,172.676,32.435,45.038
269.548,166.465,32.522,44.845
273.328,163.930,32.784,45.024
274.445,159.617,32.846,45.395
279.306,159.011,33.119,45.515
285.360,158.917,33.335,45.205
292.030,160.050,33.596,44.563
298.970,163.167,34.181,43.600
306.189,168.269,34.790,42.744
311.286,171.097,34.756,43.100
314.467,173.008,34.543,44.186
315.230,170.251,34.524,45.572
314.706,169.371,34.514,46.563
311.325,168.964,34.811,47.253
306.594,170.075,35.191,47.523
302.618,173.951,35.363,47.331
299.902,179.899,35.551,46.818
297.269,186.208,35.872,46.251
295.136,193.524,36.357,45.665
290.963,200.518,37.151,44.880
284.340,205.341,37.569,44.002
275.770,206.848,38.349,43.794
269.017,204.052,38.458,45.616
266.193,198.313,38.756,47.243
266.266,189.352,37.461,49.269
267.194,180.684,37.785,49.328
270.745,173.737,37.728,49.954
276.552,168.686,38.067,49.812
284.595,167.296,38.505,49.151
292.843,170.367,39.182,48.302
299.581,175.819,39.933,47.299
308.522,182.797,40.115,46.988
312.784,193.205,39.920,47.348
315.591,198.825,39.553,47.692
314.673,201.776,38.953,48.878
310.859,204.116,39.275,49.457
306.001,200.442,39.414,49.922
300.153,198.128,39.573,50.144
291.421,189.064,39.228,50.442
281.378,184.007,39.344,50.849
272.975,179.349,39.293,51.319
266.280,179.927,39.841,50.607
261.579,181.613,39.537,50.757
259.975,185.584,38.855,51.121
260.147,186.602,38.143,51.620
262.695,185.833,37.588,51.199
264.604,183.595,37.840,50.562
270.118,181.598,38.512,50.192
276.985,175.940,38.770,50.745
281.230,174.544,38.759,51.060
283.017,174.376,38.486,50.959
284.472,176.813,38.122,50.271
285.099,178.895,37.707,49.560
285.755,182.015,37.328,48.938
286.481,184.032,36.968,48.977
286.710,183.704,36.699,49.073
284.029,182.140,36.611,48.928
279.241,177.585,36.011,48.930
275.042,171.677,35.235,49.502
270.853,160.482,35.090,49.299
266.237,154.955,35.054,49.036
260.508,150.961,35.110,48.900
256.011,148.498,34.697,48.786
252.462,150.606,34.232,48.110
249.591,152.903,33.971,47.363
246.513,155.963,33.764,46.549
243.138,160.420,33.857,46.059
239.953,166.014,34.483,45.254
238.928,171.880,34.756,44.816
240.257,172.418,34.671,44.404
242.501,172.641,34.828,44.185
245.407,169.365,34.788,44.008
250.191,163.071,34.514,43.712
254.217,158.016,33.760,44.082
259.649,154.057,33.806,43.803
265.235,151.470,34.077,43.248
270.866,149.516,34.151,42.731
277.358,148.522,34.254,42.194
282.880,149.165,33.770,42.137
285.903,148.533,33.297,42.153
286.818,151.551,32.853,42.065
285.539,152.713,32.349,41.828
281.719,153.554,31.658,41.546
276.581,151.661,31.094,41.590
270.853,147.011,30.786,41.760
265.040,140.779,30.926,41.925
260.483,133.170,30.813,42.029
253.672,128.325,30.688,42.133
243.500,125.648,30.774,42.218
231.460,128.135,31.067,41.365
215.106,138.342,31.570,40.615
194.723,146.943,31.619,40.001
181.682,158.180,32.049,39.585
170.232,173.937,31.899,39.380
164.873,187.765,31.531,39.336
164.860,194.344,31.358,39.068
167.883,203.156,31.184,38.977
168.669,206.530,30.571,39.154
170.898,202.279,30.633,39.352
173.003,197.291,30.530,39.843
172.986,191.151,30.512,40.129
177.077,186.775,30.565,40.103
182.565,182.350,30.928,39.728
187.944,178.706,31.450,40.098
193.186,178.269,31.701,40.672
197.237,182.118,32.047,40.553
201.791,186.912,32.684,39.852
203.256,192.760,33.025,39.630
203.706,198.507,33.095,39.460
206.991,203.050,33.287,39.340
212.111,207.822,33.965,38.653
212.992,213.707,33.999,38.584
209.455,218.937,33.913,38.434
203.944,223.102,34.019,38.251
202.025,221.576,33.445,40.000
203.256,216.281,33.196,41.530
204.161,209.876,33.234,42.287
203.683,205.518,33.245,43.118
203.989,204.382,33.182,43.742
206.084,206.569,33.428,43.672
206.152,209.216,33.476,44.153
204.489,213.428,33.405,44.175
204.481,218.754,33.301,44.183
203.977,221.878,33.294,44.328
204.053,220.481,33.237,44.776
202.423,216.074,33.263,44.986
202.106,209.501,33.567,44.925
203.095,202.613,33.835,44.883
203.400,195.803,33.824,45.180
203.517,191.717,33.734,45.703
201.464,191.036,33.571,45.670
199.771,190.609,33.406,45.721
200.035,192.200,33.357,45.513
199.826,194.506,33.305,45.353
199.780,199.915,33.221,45.322
199.706,204.248,33.183,45.149
199.736,208.136,33.225,44.991
199.458,206.455,33.162,45.499
201.476,202.309,32.971,46.223
202.705,197.595,32.811,46.643
201.766,194.482,32.905,46.858
203.562,191.299,32.998,46.925
203.749,191.239,33.151,46.926
203.601,193.338,33.165,46.647
202.461,196.901,33.134,46.383
202.980,201.053,32.937,45.988
204.214,206.223,32.891,45.312
203.717,212.142,32.957,44.447
200.975,218.437,33.030,43.598
199.098,223.772,32.754,43.306
200.168,220.763,32.327,43.709
202.888,216.931,32.230,43.635
201.982,209.993,31.843,43.769
199.688,202.810,31.689,43.696
197.568,196.302,31.454,43.669
195.002,190.689,31.431,43.540
187.272,186.630,31.220,43.474
182.100,185.037,30.919,43.422
181.213,184.152,30.646,43.147
181.114,184.420,30.432,42.766
177.418,189.441,30.646,41.877
172.501,196.397,31.063,41.187
170.642,204.333,30.822,40.979
170.901,209.566,30.677,40.939
170.621,213.813,30.663,41.008
171.981,213.670,30.896,40.979
174.078,211.138,31.254,40.956
175.984,208.264,31.582,41.109
175.522,206.328,31.570,41.551
177.695,205.803,31.810,41.516
182.078,207.056,32.206,40.859
188.489,209.393,32.853,39.917
192.878,214.552,32.641,39.767
198.624,217.891,32.818,39.025
210.431,223.227,33.098,38.480
221.436,226.242,33.231,37.757
231.253,229.848,32.959,37.415
242.158,226.338,32.605,37.392
254.489,218.607,31.653,38.133
262.133,208.700,31.237,38.869
269.222,199.449,30.986,39.462
278.147,194.663,31.048,39.572
287.074,190.248,31.064,39.707
294.056,188.476,31.671,39.339
299.284,189.361,31.777,39.717
297.379,192.363,31.734,40.202
295.537,198.603,31.966,40.174
292.741,207.125,32.245,40.114
289.129,216.326,32.636,39.600
281.041,224.796,32.665,39.383
270.526,229.068,32.914,39.601
255.908,230.405,33.018,39.537
240.748,231.808,33.287,39.244
222.677,233.225,33.183,39.296
208.816,237.507,33.644,38.823
199.481,240.710,33.627,39.114
193.677,243.252,33.515,39.431
188.170,243.839,33.576,39.776
178.340,243.704,33.580,39.628
165.929,240.797,33.168,40.396
158.997,234.100,32.944,41.344
158.443,222.184,32.383,42.489
163.417,210.038,30.984,44.519
173.073,196.306,32.139,43.904
183.027,193.298,33.305,43.593
189.300,195.428,34.069,42.610
199.362,199.933,34.569,41.585
211.870,209.611,34.369,41.556
224.157,219.912,34.263,41.339
236.154,231.266,34.424,40.435
250.844,244.660,34.538,39.847
265.536,251.550,34.395,39.720
278.492,255.069,34.052,39.874
290.039,254.193,34.368,39.589
305.398,250.646,34.297,39.812
319.737,246.038,34.067,40.413
334.062,237.856,33.681,40.645
349.266,234.518,33.630,40.459
361.301,232.754,33.697,40.335
371.039,230.491,33.255,40.479
375.101,230.533,33.079,40.617
374.433,231.730,32.595,41.093
371.003,234.643,32.395,41.153
362.456,235.272,32.501,40.698
347.815,242.103,33.179,39.978
329.539,250.728,33.729,39.750
307.593,256.106,33.646,39.714
288.897,259.204,33.852,39.862
270.828,257.838,33.758,40.094
256.006,252.696,34.257,39.921
239.409,244.257,34.192,40.213
224.490,239.669,34.601,40.045
210.989,235.276,34.625,40.166
202.563,230.091,34.400,40.488
198.534,224.519,34.061,41.069
196.600,218.239,33.700,41.614
198.378,215.714,33.274,41.815
202.175,217.654,33.160,41.466
208.544,217.130,33.152,40.514
214.614,219.631,32.845,40.070
222.570,219.311,32.361,39.882
236.105,217.481,31.904,39.788
249.860,214.004,31.623,39.743
261.148,208.251,31.875,39.261
268.489,204.053,31.848,39.396
276.640,199.350,31.888,39.813
288.258,192.574,32.320,39.512
295.765,191.263,32.638,39.378
301.096,191.672,32.530,39.836
307.085,195.044,33.153,39.038
314.629,200.115,33.471,38.662
321.188,209.044,33.573,38.581
327.874,218.421,33.778,38.154
334.403,228.061,33.849,37.896
340.790,236.976,34.371,37.205
344.923,240.161,34.156,37.591
348.593,238.268,33.923,38.597
353.711,233.782,33.894,39.435
356.578,227.511,33.675,40.975
354.697,221.745,33.370,42.613
352.431,216.613,33.317,43.971
350.159,211.122,33.576,44.824
343.805,208.960,34.048,45.213
336.371,208.983,34.816,45.307
327.850,212.093,35.570,44.775
317.678,217.862,36.402,43.983
306.416,228.049,37.187,43.538
295.191,238.345,37.666,43.483
282.677,243.907,37.425,44.268
269.094,243.453,37.645,44.677
257.779,238.953,37.698,45.744
246.469,232.550,38.124,46.715
236.061,225.944,38.323,48.092
225.574,219.518,39.004,49.334
214.007,213.140,39.888,50.170
204.799,211.493,40.942,50.672
196.635,209.409,41.891,51.613
188.853,207.651,42.796,52.539
183.811,206.011,42.615,53.506
181.677,207.856,42.592,53.816
184.665,202.089,42.871,53.629
189.145,196.406,43.178,53.169
197.255,187.597,43.311,53.015
209.208,176.730,42.723,53.154
223.999,169.630,42.742,52.395
238.378,167.774,42.913,52.316
252.745,170.409,43.514,51.787
265.668,176.248,43.364,51.960
273.453,182.282,43.438,51.876
281.129,186.449,43.079,52.062
287.294,192.352,42.731,51.656
291.070,200.011,41.991,51.777
291.751,202.747,41.161,52.646
291.054,199.980,40.541,53.254
288.774,195.605,40.149,54.016
285.447,187.607,39.969,54.926
284.101,178.049,40.405,54.510
282.246,167.622,41.409,53.817
276.415,164.151,41.965,54.153
270.244,163.685,42.482,54.409
266.187,169.338,42.441,54.499
265.878,172.257,42.200,54.432
266.531,178.391,41.801,54.038
270.825,184.438,41.765,53.156
274.164,191.718,41.200,52.661
277.381,201.794,40.301,52.326
278.229,209.772,39.756,51.948
279.669,211.178,38.997,51.280
280.838,209.531,38.189,51.256
284.678,204.175,37.999,51.215
288.391,192.058,37.825,50.858
291.265,177.709,37.953,50.226
291.779,167.735,37.906,49.686
290.951,158.545,37.813,49.572
289.422,150.748,37.659,49.129
289.507,142.146,37.510,48.730
288.795,134.763,37.209,48.686
284.838,137.386,36.901,48.724
277.300,135.878,36.998,48.281
272.017,136.792,36.490,48.099
264.961,138.588,36.693,47.665
257.771,141.784,36.239,48.534
253.125,146.765,36.218,48.311
249.400,149.950,36.242,48.001
244.600,155.089,36.241,47.416
237.407,161.571,36.042,47.024
230.582,168.167,35.913,46.289
224.379,178.496,35.613,46.090
219.956,186.951,35.620,45.508
218.234,193.910,35.541,44.934
215.431,199.083,35.417,44.493
214.788,200.750,35.327,44.472
217.166,198.049,35.689,44.539
222.530,189.548,35.979,44.887
228.780,180.457,36.525,45.090
237.349,162.746,36.023,45.846
240.229,149.201,35.643,46.574
238.890,140.467,36.125,46.495
237.869,131.746,36.244,46.478
238.204,124.492,36.113,46.632
238.775,122.295,35.879,46.817
237.534,125.151,35.412,46.746
234.988,129.879,35.155,46.389
231.297,137.519,34.895,45.845
230.322,147.596,34.429,45.377
231.357,157.861,34.193,44.827
232.667,169.190,34.061,43.964
234.719,180.285,33.849,43.236
237.219,187.335,33.697,42.416
238.794,192.406,33.273,42.427
236.586,191.479,32.860,42.661
230.557,189.432,32.610,42.763
224.865,185.421,32.048,43.354
220.747,175.352,31.619,43.978
216.617,171.647,31.857,43.939
208.230,170.105,31.622,43.951
202.069,171.481,31.698,43.533
200.058,175.239,31.357,43.328
199.515,176.650,31.502,43.279
198.818,181.551,31.414,42.981
197.827,185.853,31.305,43.281
196.250,190.282,30.622,44.168
198.916,194.190,30.727,43.988
199.740,196.177,30.507,43.876
200.376,192.264,30.311,43.733
201.089,186.059,30.342,43.511
205.853,175.372,30.695,43.496
209.356,171.372,31.743,42.441
211.727,167.062,32.610,41.472
216.318,165.145,32.717,41.344
220.061,165.535,32.470,41.555
225.279,169.891,32.291,41.206
228.014,174.602,31.928,41.270
228.781,180.792,31.792,41.245
229.792,187.002,31.804,40.938
230.687,193.558,31.947,40.204
229.704,202.646,31.568,40.294
226.802,207.869,31.487,39.635
221.897,214.244,31.293,39.326
218.101,213.973,30.799,39.516
216.243,210.983,30.232,40.468
214.240,204.934,29.239,42.088
215.731,193.306,27.956,43.164
215.467,180.181,27.780,43.600
214.797,169.678,29.071,42.824
212.790,161.772,30.234,42.236
209.029,155.562,30.429,42.459
205.318,150.530,30.693,43.042
200.767,148.319,31.274,43.854
199.742,145.590,31.892,44.677
199.180,148.524,32.564,44.732
197.965,153.387,33.213,44.344
197.565,160.087,33.642,44.207
199.430,165.533,34.085,44.090
204.783,174.608,34.038,44.459
208.836,183.220,34.340,44.575
211.246,191.230,34.342,45.585
215.196,195.734,34.484,46.237
215.606,197.792,34.284,46.507
220.152,193.322,34.660,46.798
225.888,182.229,34.861,47.600
230.487,169.808,35.417,47.624
235.203,156.662,36.250,47.729
242.498,144.259,36.894,48.068
250.547,133.214,37.720,48.554
254.142,126.050,38.775,48.665
254.923,119.938,39.126,48.939
260.848,117.826,39.363,49.414
271.159,114.570,39.665,50.396
275.048,110.915,40.130,51.560
273.654,114.329,40.578,52.708
271.514,120.695,41.360,52.469
270.556,127.357,41.936,51.866
267.717,140.188,42.491,51.240
263.550,153.498,43.271,50.378
260.616,166.342,43.496,50.557
258.321,173.462,43.982,50.518
253.767,179.954,44.832,50.573
250.012,178.738,44.803,52.394
252.336,172.430,44.697,54.120
249.601,164.413,45.019,55.829
247.567,155.973,45.148,57.108
249.441,147.053,46.126,57.289
252.785,139.052,46.690,57.971
254.409,130.500,47.579,58.733
258.249,126.279,48.350,60.167
262.782,126.309,49.218,61.750
265.919,130.895,49.596,63.158
