23.000,88.000,66.000,55.000
23.625,88.884,69.703,51.777
22.527,87.804,70.385,51.278
21.489,89.012,72.431,49.343
20.157,89.520,73.990,47.831
19.588,90.434,75.037,46.905
18.855,91.213,75.569,46.202
20.087,92.027,76.022,45.733
20.779,93.067,76.191,45.349
20.946,91.904,75.890,45.137
21.938,91.840,75.688,44.853
20.908,92.164,75.540,44.631
20.489,91.214,75.080,44.466
20.283,90.855,75.004,44.153
21.804,90.210,74.727,43.982
22.699,89.429,74.342,43.851
22.849,88.748,74.047,43.629
23.713,88.612,73.622,43.506
23.931,88.485,73.173,43.234
23.770,87.823,72.539,42.974
25.528,87.522,72.222,42.531
25.568,87.949,71.358,42.596
26.509,87.815,70.918,42.518
26.453,87.768,70.907,42.157
26.500,87.579,70.787,41.704
26.919,88.462,70.760,41.293
28.749,87.716,70.288,41.175
28.314,87.826,69.945,40.906
28.920,87.757,69.592,40.802
29.684,87.713,69.261,40.538
31.095,87.742,68.593,40.328
32.974,87.919,66.692,41.820
33.355,87.794,66.311,41.264
34.147,87.871,65.952,40.837
35.321,87.885,65.393,40.425
35.384,87.713,65.062,40.134
36.816,87.503,64.699,39.914
38.157,86.989,64.427,39.662
37.143,84.396,62.293,40.953
40.936,83.209,60.979,41.522
41.242,81.381,60.008,42.013
41.641,82.063,59.505,42.079
42.131,80.765,59.014,42.245
43.288,81.152,58.760,42.222
43.286,82.760,58.286,42.391
43.795,83.529,57.805,42.413
45.261,85.744,57.193,42.556
43.760,86.049,56.895,42.339
45.569,86.079,56.925,42.130
45.918,86.595,56.290,42.111
44.890,86.827,55.887,41.840
46.177,85.962,55.552,41.690
45.823,86.153,55.388,41.478
46.947,84.998,54.716,41.352
46.103,85.285,54.281,41.344
47.717,85.865,54.074,41.361
47.309,85.893,53.553,41.138
48.925,87.638,53.320,40.925
48.192,87.595,53.067,40.699
48.496,88.725,52.841,40.680
48.019,89.843,52.837,40.316
49.141,90.275,52.621,39.873
50.205,89.145,52.194,39.686
49.835,90.616,53.368,38.161
49.219,91.358,52.871,38.236
50.369,92.033,53.884,36.921
49.764,89.685,52.777,37.329
48.979,90.665,52.151,37.337
49.068,88.112,51.361,37.507
49.782,88.765,51.211,37.535
50.610,89.259,50.827,37.437
51.188,87.183,50.422,37.229
51.201,86.821,50.097,37.336
51.291,87.010,49.759,37.175
52.797,85.534,49.296,37.082
51.767,85.293,49.041,36.811
53.588,87.723,48.465,36.775
54.158,88.332,49.609,35.218
52.936,88.564,50.158,34.256
53.730,88.222,50.508,33.404
54.274,88.252,50.863,32.839
54.466,88.527,51.084,32.288
52.848,86.759,49.684,32.938
54.453,86.265,49.961,32.224
54.735,86.730,50.044,31.856
55.718,86.951,49.941,31.506
54.818,87.779,50.319,31.155
55.173,87.771,50.219,31.051
55.171,87.589,48.948,31.819
55.881,87.876,49.075,31.358
55.843,88.724,49.313,30.823
55.466,88.507,49.248,30.471
55.309,88.526,49.225,29.968
55.989,87.852,49.037,29.640
56.463,87.775,48.900,29.343
56.741,88.064,48.610,29.086
56.616,88.047,48.632,28.791
55.532,86.783,47.146,29.724
56.618,87.244,47.284,29.225
55.832,87.812,47.345,28.717
56.804,88.112,47.366,28.349
55.703,86.657,45.696,29.273
56.470,87.468,46.160,28.840
55.309,88.071,46.352,28.370
55.501,87.772,46.166,28.069
54.376,86.859,46.030,27.786
55.313,86.370,45.786,27.456
56.567,85.129,45.917,27.190
55.331,83.186,46.043,26.860
56.252,82.548,45.968,26.640
56.315,82.068,45.886,26.362
54.900,81.848,46.116,25.926
55.561,81.351,45.930,25.814
55.067,81.497,46.177,25.496
54.219,81.659,46.177,25.289
55.373,84.381,45.976,25.347
53.756,84.130,45.718,25.266
53.534,85.399,45.617,25.209
53.615,88.117,45.269,25.181
53.877,87.814,45.202,25.024
52.959,88.349,45.135,24.952
53.214,89.003,44.912,24.815
52.956,88.948,44.880,24.640
53.573,88.821,44.417,24.637
52.810,88.551,44.132,24.613
53.161,87.617,43.905,24.580
52.270,86.813,43.718,24.481
52.401,86.192,43.581,24.393
52.382,85.423,43.523,24.222
52.007,84.804,43.147,24.242
51.026,84.852,43.310,23.884
50.749,84.634,43.145,23.904
50.814,85.332,43.172,23.761
49.368,84.862,43.175,23.559
50.012,85.308,42.742,23.789
49.648,85.941,42.840,23.524
49.291,85.768,43.100,23.271
49.011,85.419,43.004,23.152
48.160,85.237,42.811,23.189
47.888,85.870,42.728,23.154
47.142,85.635,42.816,22.964
47.570,85.584,42.591,22.967
46.653,85.785,42.694,22.742
45.268,85.774,42.496,22.700
45.823,85.655,42.193,22.798
46.705,85.743,42.236,22.624
45.568,85.731,42.316,22.436
45.604,85.827,42.175,22.303
44.135,86.226,42.305,22.161
44.634,86.353,42.277,22.093
42.688,86.421,41.997,22.118
43.271,86.978,41.919,22.123
42.469,87.098,42.096,21.931
42.276,86.904,41.919,21.867
42.417,86.719,41.806,21.816
41.626,85.819,41.727,21.801
41.435,84.938,41.575,21.765
41.459,83.660,41.448,21.669
40.561,83.514,41.861,21.345
39.231,83.791,41.604,21.334
39.815,83.996,41.525,21.236
38.132,84.731,41.396,21.128
37.701,85.230,41.364,21.044
37.427,85.310,41.338,20.944
37.004,85.685,40.977,21.111
36.157,85.293,40.655,21.171
36.181,85.260,40.301,21.206
35.855,85.067,39.988,21.366
34.996,84.796,39.847,21.357
34.967,84.131,39.174,21.638
34.801,83.631,38.833,21.723
34.451,83.214,38.755,21.874
34.354,83.251,38.673,21.858
33.925,83.068,38.813,21.678
34.304,83.038,38.818,21.671
33.620,83.042,38.599,21.640
34.403,82.932,38.593,21.535
34.539,83.241,38.636,21.425
33.726,83.811,38.881,21.329
32.764,84.061,38.774,21.168
32.968,84.724,39.100,20.864
32.410,84.955,39.210,20.683
29.951,85.454,39.166,20.630
29.392,88.302,39.273,20.535
27.760,87.588,39.217,20.540
29.067,87.472,38.756,20.570
26.636,87.710,38.695,20.556
27.130,88.123,38.537,20.536
25.613,88.195,38.384,20.509
26.510,88.310,38.253,20.549
25.927,88.677,38.053,20.657
25.383,88.780,37.904,20.664
25.893,89.124,37.768,20.649
24.363,89.741,37.552,20.849
25.070,92.840,37.464,20.865
24.533,89.548,37.336,20.915
24.553,90.117,37.369,20.875
24.440,90.234,37.141,20.999
22.873,90.352,37.367,21.076
23.860,90.371,37.576,20.816
22.843,89.771,37.567,20.580
22.993,90.220,37.655,20.434
22.157,90.312,37.663,20.350
21.388,90.286,37.741,20.246
20.716,91.013,37.799,20.099
19.395,91.282,38.399,19.804
18.467,91.289,38.937,19.673
18.770,90.900,39.182,19.581
17.740,90.084,39.197,19.762
16.914,86.468,39.003,19.868
17.718,86.402,38.867,19.985
17.232,86.182,38.901,20.002
16.281,85.504,38.875,20.130
16.387,84.966,38.713,20.172
17.032,84.786,38.530,20.224
16.077,84.641,38.499,20.232
17.077,83.042,37.600,20.947
15.620,85.945,37.851,20.797
15.242,85.683,37.970,20.751
15.056,85.852,37.678,20.722
15.557,86.152,37.574,20.573
15.929,86.051,37.403,20.406
17.531,85.793,37.094,20.327
16.576,85.906,36.928,20.344
17.487,85.973,36.903,20.227
16.966,85.984,36.897,20.199
17.164,85.987,36.940,20.124
17.539,85.211,37.228,20.017
16.396,84.599,37.075,20.047
16.655,84.132,36.899,20.086
15.940,83.736,36.763,20.139
15.739,83.743,36.411,20.012
16.115,83.804,36.147,19.884
15.779,84.665,36.167,19.614
17.146,84.862,35.800,19.579
16.602,85.587,35.472,19.539
16.363,86.281,35.231,19.450
17.789,85.722,34.010,20.305
17.961,88.750,34.225,19.911
17.653,88.005,34.306,19.635
18.142,87.441,34.220,19.399
18.384,87.448,34.360,19.102
18.726,86.591,34.427,18.869
18.807,86.132,34.844,18.455
19.647,85.830,34.786,18.350
18.498,85.724,34.502,18.393
18.555,88.808,34.898,18.102
18.455,88.916,35.224,18.033
18.043,88.621,35.419,17.973
18.154,88.491,35.487,17.945
18.523,88.490,35.474,17.956
17.985,88.199,35.437,17.951
16.859,87.950,35.516,17.964
16.688,87.544,35.492,17.952
16.776,87.311,35.409,17.934
17.700,85.378,34.967,18.276
18.436,84.998,34.431,18.694
18.536,84.212,33.974,19.064
18.308,86.528,33.514,19.391
19.326,86.484,32.703,20.017
19.163,86.389,32.403,20.276
18.763,88.109,32.177,20.433
19.868,87.940,31.512,21.092
20.966,86.783,31.092,21.570
19.517,86.816,30.504,22.119
20.778,86.082,30.333,22.308
21.005,85.872,30.007,22.452
21.277,85.539,29.766,22.475
21.719,85.407,29.485,22.573
21.435,85.102,29.429,22.462
21.051,88.549,30.270,21.557
20.934,88.546,31.041,20.770
20.226,88.406,31.483,20.254
21.348,88.596,31.726,19.805
21.800,84.857,30.841,20.466
22.593,84.336,30.062,20.877
22.868,83.813,29.547,21.178
24.014,83.267,29.098,21.274
24.277,82.806,28.770,21.434
25.014,81.926,28.460,21.391
25.410,82.203,29.154,20.456
24.371,82.036,28.513,20.721
24.799,82.174,28.249,20.820
24.849,81.997,27.977,21.017
24.496,85.410,29.273,20.066
25.087,86.170,30.215,19.240
24.319,86.577,30.775,18.820
24.626,85.556,30.198,19.298
24.897,85.650,30.548,18.985
24.493,85.566,31.010,18.592
25.019,85.813,31.208,18.404
25.410,85.882,31.530,18.075
25.236,85.875,31.873,17.718
26.681,85.720,31.918,17.613
26.528,85.569,32.058,17.544
26.433,88.167,32.289,17.296
26.592,87.936,32.365,17.076
24.869,87.683,32.532,16.926
24.589,88.053,32.720,16.672
25.347,88.842,32.979,16.509
26.329,88.592,33.094,16.424
25.640,88.364,33.202,16.367
26.269,87.836,33.244,16.327
25.966,87.366,33.246,16.289
26.422,86.722,33.068,16.354
26.888,86.153,32.783,16.570
26.804,88.427,32.528,16.619
27.321,88.530,32.208,16.510
24.746,88.503,32.596,16.193
25.026,88.475,32.933,16.049
25.583,88.082,32.945,15.989
24.913,88.255,33.365,15.635
24.865,88.045,33.258,15.629
25.369,87.608,33.099,15.681
25.507,87.362,33.107,15.678
25.299,87.219,33.039,15.676
26.194,87.040,32.748,15.765
25.440,86.991,32.714,15.744
26.074,86.873,32.536,15.768
26.895,86.917,32.348,15.795
26.689,89.252,32.354,15.720
26.579,88.655,32.227,15.713
27.014,88.215,31.889,15.807
26.369,87.942,31.760,15.808
27.268,89.949,31.618,15.792
26.745,89.547,31.576,15.754
27.141,89.428,31.188,15.897
27.229,88.852,30.860,15.932
26.892,91.233,30.830,15.835
27.547,90.834,30.814,15.733
27.613,88.295,30.877,15.684
27.298,88.509,30.950,15.651
27.435,88.439,30.942,15.646
27.293,88.478,30.926,15.610
27.712,88.476,30.892,15.585
28.517,88.473,30.680,15.662
28.241,88.831,30.583,15.668
27.787,88.825,30.312,15.692
29.701,88.476,28.886,16.599
28.577,88.499,28.899,16.454
29.168,88.740,28.948,16.271
29.946,89.096,28.875,16.099
29.721,91.190,29.083,15.943
29.419,91.257,29.151,15.762
28.524,91.134,29.230,15.588
28.073,91.194,29.368,15.410
28.705,90.842,29.219,15.516
27.979,90.171,29.142,15.516
29.076,90.129,28.911,15.387
30.448,90.287,28.617,15.333
30.685,90.763,28.562,15.266
31.164,91.113,28.502,15.192
30.201,91.551,28.610,15.004
29.969,91.445,28.698,14.847
30.074,90.976,28.750,14.687
30.798,91.000,28.499,14.640
31.045,91.329,28.312,14.485
31.791,91.467,28.242,14.384
30.739,91.463,28.500,14.300
31.555,91.250,28.619,14.217
31.926,90.645,28.621,14.202
31.716,90.001,28.644,14.179
33.015,89.556,28.630,14.160
32.092,89.040,28.597,14.168
32.681,88.828,28.514,14.187
33.231,88.319,28.250,14.352
34.857,87.662,27.482,14.972
35.707,89.491,27.271,14.934
36.373,88.840,27.218,14.832
36.686,88.678,27.093,14.737
36.929,88.593,27.115,14.542
37.742,88.720,26.986,14.361
37.914,88.829,27.106,14.144
37.704,88.607,27.186,13.949
38.036,88.650,27.135,13.895
39.029,88.926,27.193,13.817
39.790,89.213,27.110,13.834
39.258,89.137,27.193,13.759
40.882,89.450,27.331,13.671
41.728,89.119,27.296,13.653
42.016,88.999,27.324,13.604
42.392,88.885,27.270,13.609
43.761,88.742,27.332,13.564
43.342,88.504,27.473,13.458
44.437,88.317,27.313,13.521
44.045,88.039,27.293,13.467
45.808,87.895,27.153,13.532
46.190,90.042,27.150,13.597
48.007,89.553,27.120,13.598
48.168,88.978,27.119,13.594
49.394,86.278,27.080,13.590
50.119,85.979,27.061,13.565
51.976,85.375,26.292,14.156
52.780,87.523,26.327,14.119
53.597,87.286,26.326,14.062
54.779,87.165,25.876,14.428
55.392,89.473,25.704,14.575
57.147,90.822,25.295,14.921
57.872,90.151,25.169,15.012
59.166,90.144,25.121,15.051
59.079,89.938,25.046,15.120
60.581,87.346,25.401,14.848
60.929,89.403,25.067,15.115
62.891,88.410,24.731,15.356
63.527,90.101,24.190,15.898
64.841,88.651,23.631,16.392
65.926,88.498,23.191,16.580
67.190,90.324,22.891,16.722
68.612,90.133,22.647,16.843
70.416,90.288,22.340,16.965
71.162,90.389,22.162,16.992
72.557,90.473,22.112,16.881
72.685,89.989,22.039,16.866
74.324,90.011,22.781,16.124
74.523,88.598,22.744,16.244
75.929,87.162,22.492,16.482
77.798,87.371,22.350,16.507
78.502,86.910,22.325,16.551
79.555,86.618,22.153,16.521
81.229,86.365,21.896,16.600
81.813,86.389,21.868,16.497
83.988,87.783,21.918,16.530
84.794,86.923,21.732,16.692
85.856,86.592,21.663,16.602
86.275,87.254,22.463,15.737
87.224,87.842,22.977,15.092
87.669,88.322,23.280,14.678
89.096,87.800,22.650,15.090
90.139,87.721,22.261,15.317
91.232,87.626,21.958,15.514
91.834,87.809,21.755,15.514
92.511,88.351,22.449,14.900
92.843,88.720,22.885,14.437
92.468,88.856,23.181,13.941
93.556,88.853,23.335,13.647
94.262,89.324,23.427,13.372
94.484,89.548,23.690,13.163
94.895,89.327,23.731,13.031
96.269,89.430,23.778,12.859
96.842,89.311,23.728,12.876
97.707,89.196,23.711,12.854
98.613,89.688,23.683,12.829
99.613,89.712,23.619,12.869
99.161,89.087,23.739,12.787
100.364,88.681,23.839,12.717
99.889,88.709,23.854,12.621
101.608,88.571,23.880,12.538
101.464,88.296,23.712,12.572
101.944,87.846,23.676,12.566
102.298,87.925,23.630,12.605
102.442,90.029,23.601,12.657
103.653,89.936,23.585,12.690
103.190,89.916,23.575,12.722
102.885,89.567,23.620,12.755
102.627,89.414,23.685,12.735
103.483,89.216,23.708,12.766
103.268,89.371,23.844,12.741
105.113,89.254,23.672,12.965
105.413,89.179,22.911,13.812
106.268,89.321,22.220,14.469
106.340,89.127,21.827,14.723
106.356,89.027,21.557,14.950
106.592,88.916,21.208,15.127
107.203,88.639,20.947,15.278
107.435,88.513,20.816,15.424
105.844,88.171,21.335,15.021
105.702,88.114,21.480,14.904
105.614,88.470,21.958,14.561
106.498,88.701,22.245,14.294
106.423,87.901,22.100,14.466
106.635,87.470,21.871,14.684
106.932,89.127,21.803,14.765
107.021,88.125,21.773,14.846
106.882,87.692,21.546,15.038
107.070,87.650,21.412,15.153
106.124,87.610,21.510,15.061
105.382,87.863,21.939,14.685
104.546,88.078,22.297,14.372
105.331,88.504,22.692,13.937
105.386,90.094,22.307,14.298
105.706,90.038,22.627,13.934
105.089,90.266,22.854,13.633
104.903,90.221,22.876,13.418
105.195,90.399,23.034,13.129
104.752,90.118,23.114,12.935
105.764,90.637,22.963,12.818
105.563,90.673,23.032,12.729
105.066,90.619,23.058,12.594
105.126,92.388,23.123,12.419
105.302,92.228,23.091,12.420
104.807,92.135,23.297,12.285
104.290,92.089,23.417,12.238
103.732,91.978,23.360,12.231
103.233,91.969,23.368,12.189
104.662,90.030,23.420,12.123
103.478,90.129,23.462,12.081
103.830,89.669,22.933,12.509
103.361,89.729,23.074,12.377
102.309,89.491,23.202,12.285
102.924,89.076,22.725,12.806
101.727,88.988,22.809,12.735
102.477,88.789,22.889,12.688
101.863,88.877,22.948,12.641
101.168,90.781,23.009,12.599
101.697,90.657,23.011,12.537
101.001,89.068,23.030,12.386
101.089,91.265,23.060,12.282
100.476,91.258,22.868,12.345
100.789,91.288,22.649,12.434
101.184,91.244,22.404,12.402
100.524,91.526,22.378,12.371
100.752,93.408,22.267,12.374
101.354,93.404,22.376,12.251
100.420,91.216,22.545,12.174
100.205,91.144,22.715,12.069
99.740,90.891,22.854,11.984
99.629,90.654,22.873,11.966
99.323,90.606,22.937,11.929
100.410,88.265,22.978,11.903
100.484,88.104,23.001,11.884
100.106,88.034,23.037,11.871
100.733,87.921,23.057,11.872
100.662,89.982,23.180,11.780
101.281,89.609,23.175,11.791
101.395,89.051,22.890,11.898
102.564,88.582,22.544,11.959
102.283,88.160,22.436,12.003
102.869,87.893,22.335,11.978
103.187,87.598,22.200,12.028
103.167,87.416,22.204,11.931
104.214,87.826,21.893,11.944
103.602,88.009,21.952,11.778
103.721,87.836,22.021,11.718
104.530,87.755,22.102,11.670
104.190,87.674,22.217,11.598
103.969,89.606,22.251,11.579
104.285,89.198,22.294,11.544
105.303,88.667,22.330,11.535
105.740,88.553,22.387,11.480
106.515,88.544,22.430,11.448
104.741,88.458,22.537,11.370
106.039,88.039,22.565,11.347
106.943,87.673,22.483,11.419
107.474,87.447,21.628,12.391
108.582,87.427,20.852,12.928
108.248,87.215,21.109,12.706
110.225,87.712,20.668,13.091
109.388,87.894,20.794,12.829
110.077,87.909,20.847,12.592
110.128,87.905,20.966,12.469
110.319,88.099,20.989,12.328
110.394,88.150,20.899,12.325
110.877,88.093,20.906,12.229
111.392,87.976,20.310,12.706
111.301,88.373,20.563,12.510
111.280,88.240,20.696,12.441
110.871,88.484,20.755,12.348
111.876,87.133,20.316,12.713
111.788,87.542,20.542,12.418
111.908,87.531,20.745,12.204
112.114,87.788,20.778,12.096
111.494,87.994,21.041,11.992
112.105,88.220,21.078,11.980
111.321,87.941,21.252,11.845
111.893,87.324,21.362,11.772
111.659,87.258,21.329,11.778
112.006,87.252,21.273,11.800
111.013,87.377,21.099,11.893
111.755,87.313,21.118,11.806
111.437,87.336,21.214,11.832
111.257,87.421,21.168,11.865
111.627,87.718,21.007,11.877
111.563,87.951,20.974,11.868
111.232,87.911,21.069,11.844
111.082,87.956,21.095,11.828
110.774,87.736,21.263,11.752
110.655,88.260,21.513,11.574
109.368,88.352,22.012,11.387
110.768,88.052,22.157,11.323
109.452,87.715,22.171,11.304
109.998,87.685,22.177,11.318
109.910,89.658,22.104,11.549
109.904,89.785,22.123,11.651
110.395,89.987,22.124,11.596
109.673,89.990,22.099,11.629
109.705,89.779,22.336,11.491
109.630,89.664,22.394,11.430
110.026,89.624,22.463,11.403
109.531,89.333,22.533,11.366
109.691,89.025,22.658,11.327
109.453,88.889,22.736,11.272
108.634,90.526,22.849,11.229
107.898,90.304,23.032,11.191
107.149,89.894,23.137,11.203
107.526,89.432,23.096,11.191
108.470,89.501,22.899,11.422
108.156,89.616,22.837,11.538
107.884,89.851,22.576,11.723
109.713,88.975,22.325,11.850
108.772,89.201,22.452,11.832
108.600,88.972,22.203,11.985
108.462,88.982,22.163,12.068
108.157,88.773,22.117,12.077
107.802,89.020,22.319,11.926
108.546,89.248,22.545,11.869
108.255,89.347,22.750,11.746
108.160,89.053,22.807,11.704
108.285,88.682,22.860,11.628
108.415,88.475,22.907,11.603
107.897,90.417,23.062,11.491
107.881,88.464,23.226,11.360
107.462,88.581,23.377,11.247
107.905,88.702,23.622,11.053
107.970,88.585,23.620,11.049
107.547,88.683,23.810,10.917
106.935,90.463,23.766,10.948
106.979,90.132,23.768,10.928
106.926,89.825,23.780,10.944
106.366,89.617,23.929,10.858
106.868,89.279,23.912,10.867
106.128,87.228,24.123,10.737
105.690,89.128,24.118,10.771
106.176,88.834,24.112,10.785
105.258,88.793,24.299,10.670
104.932,88.653,24.369,10.627
104.935,88.435,24.356,10.635
104.460,88.537,24.476,10.565
105.756,88.458,24.614,10.473
104.672,88.320,24.719,10.410
104.662,88.251,24.819,10.342
104.030,88.214,25.022,10.207
104.971,88.147,25.191,10.111
104.685,88.041,25.289,10.055
104.223,88.219,25.384,10.011
103.789,88.258,25.450,10.000
104.370,89.871,25.130,10.214
104.794,90.039,24.961,10.419
104.377,90.316,24.869,10.634
103.735,90.145,25.146,10.496
103.735,88.089,25.321,10.382
103.500,87.976,25.412,10.322
103.100,88.038,25.471,10.286
102.504,86.006,25.533,10.243
102.598,88.296,25.630,10.186
102.841,88.415,25.570,10.266
102.875,90.208,25.499,10.327
102.809,89.784,25.471,10.352
101.605,87.712,25.632,10.233
101.668,87.782,25.843,10.071
102.027,89.749,25.690,10.186
102.158,89.111,25.377,10.406
102.881,89.126,24.562,10.904
103.865,89.229,24.122,11.142
103.138,89.130,24.143,11.202
103.047,86.829,24.139,11.227
102.566,84.738,24.227,11.147
102.196,84.876,24.311,11.074
102.480,87.025,24.266,11.057
102.274,87.123,24.455,10.908
102.368,87.169,24.547,10.830
102.635,89.145,24.802,10.613
103.671,90.782,24.377,10.863
103.938,90.510,23.961,11.232
103.830,90.770,23.869,11.444
103.869,90.781,23.465,11.656
104.286,90.630,23.284,11.773
104.229,90.896,23.068,11.913
104.402,90.606,23.037,11.964
104.082,90.567,23.007,11.920
104.678,90.565,22.952,11.811
104.385,90.712,23.069,11.729
106.106,90.629,23.124,11.688
105.743,90.229,23.239,11.631
105.462,88.090,23.263,11.612
105.237,89.879,23.332,11.581
105.891,89.747,23.622,11.381
105.718,89.216,23.641,11.399
106.371,89.138,23.740,11.390
105.814,86.786,23.894,11.377
106.554,86.645,23.870,11.368
106.754,86.560,23.950,11.350
105.990,86.178,24.040,11.378
106.816,86.106,24.059,11.371
106.102,86.086,24.453,11.116
107.871,85.703,24.480,11.146
108.023,87.428,24.429,11.238
108.156,87.276,24.451,11.240
108.478,87.089,24.391,11.273
108.491,86.962,24.441,11.289
109.251,86.949,24.450,11.374
109.062,86.938,24.392,11.585
108.902,86.794,24.439,11.619
110.057,86.628,24.479,11.629
110.113,88.600,24.426,11.751
110.270,88.484,24.447,11.761
110.352,88.485,24.496,11.748
110.697,88.208,24.471,11.765
110.321,88.176,24.486,11.775
110.454,88.016,24.498,11.770
110.567,87.735,24.510,11.780
111.398,87.460,24.463,11.780
112.093,87.564,24.422,11.832
112.359,89.492,24.293,11.930
112.399,89.461,24.312,11.919
112.375,89.371,24.341,11.898
112.734,89.344,24.354,11.912
112.877,89.177,24.360,11.911
114.162,89.055,24.392,11.902
115.537,89.034,24.431,11.890
114.757,88.631,24.450,11.893
115.916,88.231,24.414,11.957
116.021,87.876,24.391,11.976
116.992,87.284,24.014,12.368
117.459,87.240,23.731,12.657
118.049,87.190,23.537,12.854
118.703,89.263,23.681,12.820
119.045,86.914,23.711,12.812
119.208,86.229,23.407,13.133
119.529,86.098,23.472,13.082
119.803,83.304,23.040,13.516
120.134,83.107,22.660,13.859
120.607,82.734,22.285,14.131
119.623,82.773,22.021,14.393
120.689,82.384,21.663,14.714
120.917,82.094,21.501,14.930
121.412,81.865,21.396,15.098
119.822,84.242,21.849,14.634
120.796,84.403,22.255,14.287
121.672,84.735,22.529,14.078
120.930,85.005,22.732,13.890
122.749,86.878,23.068,13.701
122.704,84.685,23.413,13.505
123.198,84.774,23.930,13.177
123.010,86.572,24.087,13.082
122.119,86.335,24.441,12.850
122.883,86.036,24.789,12.617
122.892,85.584,24.860,12.602
124.881,85.136,24.982,12.581
123.888,84.824,25.086,12.576
125.434,87.060,25.055,12.605
124.730,86.614,25.173,12.565
125.834,86.519,25.082,12.657
127.208,86.426,25.047,12.747
128.202,88.650,25.031,12.867
129.085,88.563,25.021,12.914
130.367,88.416,25.121,12.925
130.129,88.398,25.166,12.946
131.222,88.388,25.166,12.960
131.100,87.959,25.165,12.967
132.591,87.474,25.172,12.959
133.279,86.954,25.187,12.954
133.295,84.249,25.229,12.932
134.898,86.115,25.367,12.939
136.251,85.559,25.510,13.016
136.604,84.917,25.515,13.004
138.474,84.418,25.665,12.959
138.378,84.315,25.701,12.925
140.406,84.137,25.745,12.861
140.565,86.306,25.881,12.800
140.017,86.220,26.240,12.557
140.181,85.946,26.359,12.478
140.324,85.732,26.498,12.389
143.315,85.455,26.497,12.379
143.842,85.485,26.536,12.346
146.264,85.320,26.531,12.353
147.314,85.057,26.445,12.399
148.666,84.614,26.430,12.423
149.240,86.438,26.375,12.503
150.129,85.691,26.287,12.635
150.492,85.360,26.208,12.677
152.209,85.037,26.131,12.727
152.325,84.717,26.133,12.763
153.055,84.612,26.155,12.753
155.005,87.101,26.169,12.744
154.994,86.856,26.137,12.782
156.231,86.649,26.219,12.812
157.533,86.748,26.256,12.827
157.644,86.562,26.167,12.917
157.842,86.611,26.273,12.909
159.859,86.519,26.177,12.969
159.649,86.109,26.170,13.020
160.670,84.756,25.601,13.482
162.076,83.858,25.072,13.982
162.876,83.671,25.239,13.904
161.929,81.188,25.420,13.795
161.664,83.696,25.578,13.737
163.971,83.687,25.721,13.683
163.748,83.801,25.763,13.728
164.926,83.968,25.679,13.816
165.417,83.568,25.549,13.799
166.669,84.765,24.712,14.893
169.041,83.800,24.121,15.557
168.698,83.130,23.677,15.964
169.306,83.548,23.386,16.186
169.636,84.782,23.249,16.385
169.764,84.461,23.187,16.615
169.126,84.499,23.895,16.061
169.369,84.817,24.474,15.519
169.917,85.098,24.742,15.183
171.702,85.147,24.938,14.983
172.578,85.493,25.269,14.696
172.442,85.609,25.439,14.536
172.476,85.934,25.521,14.465
172.544,86.027,25.630,14.364
171.478,86.445,25.848,14.228
171.470,86.551,26.046,13.970
172.705,86.965,25.922,13.904
173.565,87.111,25.751,13.850
173.882,87.100,25.553,13.854
173.827,86.963,25.514,13.741
174.301,86.585,25.587,13.565
174.978,86.124,25.434,13.524
175.213,85.630,25.506,13.449
175.369,85.450,25.489,13.370
174.926,85.583,25.263,13.516
174.913,85.861,25.450,13.361
174.727,87.709,25.845,13.121
174.346,87.192,26.123,12.923
174.686,87.210,26.201,12.819
176.893,88.959,26.204,12.817
176.131,86.670,26.189,12.773
176.250,86.844,26.163,12.816
175.784,86.573,26.096,12.962
176.878,86.699,26.150,12.979
176.192,86.546,26.204,12.984
175.820,86.127,26.332,12.950
176.811,87.935,26.406,12.923
176.851,87.556,26.347,12.955
176.866,86.669,26.228,13.049
177.540,86.262,26.170,13.100
177.285,86.218,26.066,13.303
176.991,85.940,26.170,13.252
177.335,86.187,26.187,13.298
176.763,86.153,26.166,13.343
176.509,85.992,26.014,13.467
177.077,85.351,25.832,13.618
176.187,87.591,25.846,13.608
175.681,87.328,25.936,13.568
174.629,87.260,26.011,13.502
174.337,86.944,26.070,13.440
173.618,86.749,26.152,13.367
173.734,86.566,26.240,13.324
173.986,86.422,26.290,13.291
176.078,88.840,26.287,13.285
175.387,88.482,26.293,13.341
175.141,87.833,26.317,13.325
173.800,87.206,26.365,13.302
173.976,85.014,26.319,13.264
173.572,84.649,26.344,13.321
173.054,84.213,26.362,13.290
172.854,85.953,26.379,13.203
171.894,85.468,26.412,13.128
172.532,85.313,26.448,13.049
171.590,87.294,26.464,13.023
170.746,86.676,26.450,12.996
170.835,86.291,26.448,12.992
171.016,85.799,26.435,12.975
171.094,85.640,26.504,12.934
170.661,85.290,26.507,12.927
169.743,84.931,26.564,12.870
168.874,84.917,26.618,12.827
167.718,84.991,26.899,12.643
169.133,84.762,26.922,12.673
169.087,84.798,26.864,12.723
168.919,84.757,26.765,12.814
168.790,84.799,26.417,12.953
168.059,84.583,26.348,13.022
167.797,84.484,26.393,13.044
168.199,84.380,26.498,13.045
168.067,84.359,26.472,13.084
167.345,84.213,26.539,13.060
166.875,86.009,26.655,13.040
168.342,85.693,26.588,13.125
167.376,85.381,26.595,13.197
167.367,87.382,26.606,13.164
168.186,89.308,26.633,13.181
167.721,88.791,26.680,13.186
168.351,88.413,26.727,13.202
169.630,88.213,26.686,13.284
167.872,90.079,26.690,13.378
169.409,89.550,26.754,13.392
167.645,89.164,26.778,13.453
169.075,88.481,26.799,13.520
168.513,85.684,26.880,13.539
169.593,85.257,26.845,13.562
168.606,84.544,26.791,13.679
168.746,84.133,26.706,13.752
169.313,83.778,26.791,13.753
168.465,83.615,26.777,13.849
169.164,83.178,26.910,13.795
168.512,83.448,27.057,13.702
168.040,83.410,27.255,13.668
168.171,83.570,27.323,13.642
167.900,83.594,27.404,13.602
168.145,83.509,27.348,13.631
170.328,84.660,26.987,14.039
170.273,84.628,26.291,14.705
169.914,84.905,26.597,14.671
170.457,86.335,26.308,14.944
170.073,83.977,26.445,14.850
170.931,86.228,26.572,14.729
170.613,86.020,26.710,14.664
171.246,85.623,26.740,14.646
170.674,85.317,26.661,14.598
172.002,85.005,26.790,14.612
171.302,84.307,26.060,15.186
172.169,86.425,26.282,14.981
172.064,85.888,26.433,14.903
172.228,85.950,26.585,14.767
171.610,85.889,26.976,14.659
171.892,82.949,27.031,14.685
171.987,82.639,27.101,14.739
172.177,82.553,27.259,14.817
172.082,82.239,27.341,14.835
171.449,82.144,27.466,14.852
172.014,81.710,27.523,14.913
170.358,81.455,27.481,14.904
171.754,81.611,27.510,14.892
172.165,83.909,27.560,14.879
171.768,84.198,27.657,14.840
172.151,84.014,27.732,14.863
171.480,83.703,27.671,14.987
171.275,83.135,27.674,15.081
171.012,83.470,27.683,15.091
171.749,83.467,27.584,15.141
171.185,82.775,27.439,15.252
171.720,82.099,27.595,15.214
170.988,81.908,27.677,15.309
170.347,81.546,27.782,15.267
170.851,81.578,27.786,15.278
169.880,81.446,27.898,15.249
169.384,80.962,28.124,15.239
169.963,80.473,28.196,15.239
169.748,80.255,28.342,15.232
168.785,80.548,28.399,15.223
168.194,80.664,28.417,15.345
167.715,80.645,28.411,15.434
168.996,80.543,28.532,15.396
167.561,79.852,28.497,15.499
168.637,79.620,28.581,15.529
167.331,79.654,28.604,15.524
167.380,79.026,28.779,15.493
166.336,78.627,28.900,15.521
165.642,78.502,28.999,15.640
165.815,78.165,29.052,15.694
164.995,78.163,28.953,15.827
164.983,77.793,29.034,15.818
164.978,77.967,29.047,15.946
165.098,76.096,28.585,16.415
164.291,75.995,28.700,16.373
164.606,75.988,28.753,16.336
165.119,75.636,27.981,17.104
164.058,75.713,28.206,16.881
164.238,75.336,27.812,17.288
164.198,76.802,27.404,17.731
163.830,75.978,27.002,18.179
162.290,78.518,27.440,17.827
161.911,77.770,27.855,17.594
161.203,77.911,28.143,17.410
161.720,77.772,28.315,17.294
161.310,77.495,28.614,17.129
161.717,76.604,27.983,17.752
161.087,76.299,28.233,17.457
159.258,76.466,28.555,17.252
159.925,76.374,28.812,17.010
158.681,78.985,28.952,16.900
158.048,78.578,29.000,16.815
157.880,78.299,29.244,16.636
156.985,78.195,29.335,16.542
157.534,77.937,29.339,16.458
157.087,78.032,29.438,16.389
156.635,77.566,29.457,16.364
157.159,77.680,29.485,16.333
156.995,77.988,29.602,16.280
157.346,75.266,29.589,16.291
156.478,75.098,29.508,16.483
156.494,72.733,29.525,16.483
156.277,72.883,29.715,16.510
155.674,73.121,29.809,16.537
154.974,73.302,30.167,16.445
154.562,73.535,30.576,16.420
153.993,73.880,30.677,16.294
153.365,74.155,30.902,16.303
152.683,74.414,31.045,16.322
154.347,74.211,31.212,16.287
153.225,74.443,31.149,16.334
152.795,73.792,31.316,16.350
152.822,75.844,31.461,16.241
152.575,74.978,31.432,16.317
153.260,74.544,31.207,16.434
152.839,74.597,30.997,16.583
152.657,74.290,30.908,16.735
153.684,74.504,30.943,16.753
152.835,74.644,30.783,16.626
153.280,74.543,30.832,16.654
151.959,74.668,30.782,16.577
152.076,74.682,30.821,16.622
151.982,74.042,30.764,16.764
150.999,74.433,31.136,16.699
151.878,76.410,31.003,16.689
152.236,76.365,30.989,16.807
152.020,76.477,31.229,16.822
151.421,76.054,31.486,16.822
151.475,75.724,31.445,16.860
150.600,75.630,31.716,16.837
151.281,74.867,31.676,16.907
151.192,74.128,31.953,16.819
150.525,73.987,32.195,16.797
151.258,73.727,32.128,16.846
150.652,73.458,32.214,16.908
151.694,72.865,32.254,17.039
151.334,75.033,32.094,17.270
151.601,74.028,32.248,17.294
151.221,73.597,32.468,17.160
151.057,74.030,32.487,17.216
150.634,74.376,32.806,17.203
151.345,73.829,32.836,17.394
150.967,73.376,32.668,17.373
150.687,73.175,32.975,17.404
151.218,72.915,32.994,17.518
