70.000,51.000,107.000,87.000
66.266,54.616,112.038,81.605
65.506,55.960,116.321,77.804
62.088,56.959,119.211,75.245
63.829,54.055,115.978,77.117
60.478,53.276,117.917,74.620
60.088,54.293,119.332,73.131
57.321,58.173,120.599,72.414
58.402,58.638,121.185,71.374
56.199,58.414,120.941,70.982
56.132,59.565,121.532,69.925
55.388,58.371,121.455,69.318
57.904,59.176,121.840,68.735
58.442,59.694,120.865,68.553
55.505,59.727,121.179,67.632
57.683,60.060,121.101,67.081
56.926,59.903,121.019,66.585
57.415,59.875,119.854,66.638
57.791,60.211,119.426,66.338
57.852,61.210,118.500,66.454
55.194,61.417,118.146,66.061
56.237,61.522,118.439,65.640
57.857,62.382,117.464,65.438
54.276,62.684,116.552,65.472
54.760,62.580,117.509,64.422
56.031,63.592,116.828,64.493
53.538,61.467,116.319,64.303
54.093,63.260,116.691,63.676
55.886,62.582,116.988,63.262
57.638,62.119,115.656,63.884
58.069,62.171,114.238,64.407
59.268,60.276,114.002,64.391
56.551,60.446,113.796,64.074
57.636,59.740,113.321,64.003
57.356,59.352,112.990,63.730
57.015,59.614,112.349,63.845
57.274,59.064,111.985,64.102
57.830,59.602,111.909,64.310
57.051,59.843,112.038,64.143
58.346,59.317,111.876,63.947
57.280,58.938,111.814,63.925
59.457,58.989,111.536,64.408
58.230,58.425,111.278,64.540
58.426,58.478,111.214,64.752
57.082,58.453,112.658,63.985
56.534,59.906,112.323,64.337
58.323,59.834,112.037,64.577
58.744,60.240,112.455,64.557
59.794,60.762,112.533,64.574
59.124,61.036,112.260,64.158
60.218,60.488,112.411,63.711
63.668,59.476,111.644,64.342
65.276,59.982,111.081,64.472
65.589,61.728,110.545,65.018
63.312,62.367,110.891,64.845
63.639,62.740,110.728,64.656
63.120,63.134,110.717,64.340
64.558,63.386,110.378,64.325
63.671,64.133,110.348,63.906
66.391,63.256,109.918,63.829
65.712,63.877,110.666,63.333
63.737,63.362,110.143,63.462
65.620,65.144,110.138,63.399
66.651,65.943,110.078,62.897
64.408,65.591,109.782,62.586
65.102,65.200,109.508,62.524
64.222,64.012,109.100,62.499
68.268,64.009,108.561,62.670
66.808,65.344,108.263,62.635
67.160,64.523,108.541,62.421
64.350,64.565,108.442,62.089
63.260,64.677,108.515,61.819
67.565,62.352,109.289,61.476
63.551,62.792,109.602,61.508
67.803,60.418,109.893,61.577
63.040,60.572,109.523,61.648
63.704,61.116,109.960,61.594
64.263,61.071,110.117,61.711
63.643,61.730,110.035,61.846
62.961,62.105,110.207,62.151
62.790,62.466,109.546,62.615
63.964,63.037,109.191,62.666
62.242,63.234,108.811,62.966
63.328,62.813,108.719,63.014
62.874,62.524,109.028,63.067
63.470,62.762,108.390,63.395
62.176,62.867,108.468,63.410
60.896,62.337,109.056,63.080
62.183,62.165,108.755,63.194
61.986,63.195,108.708,63.043
62.812,61.523,106.285,65.227
62.054,62.474,106.999,64.900
60.859,63.780,107.547,64.142
61.432,63.319,108.031,63.850
61.769,63.335,108.276,63.894
62.762,62.743,107.944,64.094
62.621,62.760,107.714,64.253
64.381,62.218,107.451,64.028
65.525,62.600,107.936,63.548
62.951,62.724,107.186,63.769
66.313,61.382,104.586,65.756
67.399,61.331,105.700,64.589
65.098,62.875,105.420,63.926
67.736,61.658,105.908,62.907
67.730,62.269,105.805,62.392
69.259,62.008,105.380,61.918
67.300,61.775,104.353,61.944
70.004,61.380,103.564,61.618
70.344,61.098,102.676,61.789
71.182,62.542,102.450,61.286
72.366,63.004,102.429,60.728
69.466,62.806,101.898,60.513
71.311,63.716,101.575,60.316
69.407,63.815,101.044,60.082
72.629,65.377,101.752,59.118
69.588,64.282,100.930,59.204
71.910,65.456,101.522,58.537
73.482,65.550,101.557,58.213
72.600,66.332,101.587,58.071
72.131,67.091,101.702,57.507
70.861,68.133,102.033,57.197
71.963,68.728,102.421,56.741
71.494,69.267,103.256,56.355
72.257,69.337,103.641,56.058
70.723,69.735,103.605,55.761
72.785,70.266,103.709,55.520
73.344,70.903,102.983,56.038
73.724,70.652,103.356,55.986
74.077,72.939,103.113,56.212
71.647,73.312,103.121,56.226
72.364,73.345,103.664,55.773
75.030,73.720,103.971,55.405
75.900,73.079,104.021,55.540
75.150,73.044,104.249,55.119
69.266,64.332,104.649,54.776
75.244,65.902,103.975,55.517
76.981,68.181,103.281,56.209
81.512,68.591,103.346,55.707
78.833,69.284,102.700,55.899
82.560,67.299,101.680,56.234
81.661,66.796,101.664,55.826
83.262,66.969,101.029,55.845
85.304,65.894,100.919,55.492
84.037,65.647,100.183,55.408
87.160,63.594,99.591,55.545
87.141,60.672,96.343,58.205
89.107,60.882,96.915,57.404
88.451,62.176,97.341,56.725
89.457,62.613,97.637,55.901
90.430,63.416,98.391,54.873
90.349,63.211,98.739,54.178
88.840,62.952,98.296,54.032
90.933,62.406,97.755,53.743
94.728,63.542,98.627,53.077
92.004,65.167,99.363,52.706
94.183,66.681,99.892,52.413
89.757,66.584,99.552,52.226
94.148,67.700,99.738,52.261
93.885,67.814,99.516,52.285
97.126,69.494,99.940,52.077
94.644,69.881,99.937,51.955
94.475,70.744,99.990,51.841
96.697,70.926,99.789,51.766
94.831,70.962,99.190,51.552
99.624,70.793,98.790,51.585
99.328,70.707,98.239,51.682
100.448,71.331,97.817,51.418
102.429,72.232,97.098,51.224
103.262,71.903,96.681,50.830
104.987,72.267,96.054,50.877
103.675,69.452,92.554,53.502
105.980,67.209,89.838,55.531
108.051,67.131,87.974,57.031
110.992,66.400,86.207,58.319
111.051,73.765,88.888,55.680
111.617,73.101,90.225,53.985
112.377,72.073,90.981,52.648
114.943,71.807,91.592,51.631
113.581,70.609,92.249,50.549
113.307,70.029,92.170,49.915
114.670,69.979,91.723,49.815
115.775,70.234,92.044,49.280
115.661,69.213,91.897,48.780
115.127,68.672,92.047,48.367
115.926,64.709,87.821,51.301
119.441,64.214,84.733,53.175
119.987,62.396,82.682,54.500
122.888,62.450,80.784,55.563
123.995,60.968,79.062,56.485
126.762,61.170,77.638,57.086
128.192,60.617,76.613,57.510
130.190,60.426,75.983,57.796
130.450,59.767,75.522,57.763
132.332,60.068,74.871,57.892
130.771,60.650,74.681,57.685
133.569,62.027,73.867,58.099
133.274,62.326,73.627,57.816
135.030,61.731,73.319,57.651
135.969,62.071,72.733,57.621
134.572,61.274,72.397,57.346
137.979,62.605,72.028,56.794
137.554,61.806,71.838,56.379
139.585,64.487,71.345,56.075
138.177,63.925,70.378,55.731
141.828,66.050,70.217,55.159
142.004,65.477,69.965,54.920
143.100,67.371,69.700,54.523
146.020,67.524,69.839,54.106
142.905,66.887,69.486,54.174
145.939,67.470,68.929,54.060
145.634,66.233,68.652,54.047
148.240,68.122,68.349,53.628
146.219,67.111,67.882,53.421
149.549,68.545,67.530,52.855
146.775,68.670,67.179,52.159
151.830,69.272,66.855,51.669
150.519,69.346,66.399,51.254
152.961,69.941,66.133,50.537
153.460,70.783,66.019,49.771
153.596,68.003,65.229,49.647
156.681,69.950,64.562,49.542
155.888,70.370,64.313,49.213
158.767,70.745,64.007,49.107
158.083,70.391,63.283,48.986
160.636,71.441,63.014,48.742
159.343,69.766,62.480,48.605
162.053,69.339,62.188,48.406
161.552,69.408,62.083,47.855
162.714,69.462,61.908,47.373
164.062,69.068,61.684,47.285
162.819,69.852,61.661,47.043
162.614,71.516,63.423,45.176
162.015,73.142,65.748,43.076
164.126,73.875,67.506,41.435
164.882,74.078,69.144,40.336
164.875,75.097,70.137,39.713
165.934,76.106,71.340,39.128
165.499,76.640,72.228,38.798
167.247,75.632,72.138,39.118
165.500,75.695,73.200,38.618
166.256,75.939,73.265,38.762
164.855,75.881,73.306,38.935
167.990,75.614,72.910,39.255
167.573,75.769,73.300,39.008
168.714,75.745,73.107,39.108
167.585,75.397,73.300,39.216
167.504,76.281,73.482,39.187
170.512,75.020,73.645,39.247
169.483,74.058,73.585,39.417
172.924,74.686,73.547,39.438
170.400,74.316,73.864,39.316
171.583,73.280,74.023,39.264
170.732,73.587,74.062,39.113
174.600,72.309,74.583,38.821
175.945,71.683,73.998,39.365
175.761,69.833,74.737,38.993
176.312,70.016,74.519,39.095
176.434,69.721,73.934,39.393
177.354,69.361,73.277,39.792
179.605,69.212,72.954,39.958
177.695,68.729,73.282,39.771
178.144,69.707,73.244,40.027
180.012,70.195,72.655,40.142
180.244,70.004,72.695,39.969
180.433,70.193,72.694,39.975
183.235,71.277,72.948,39.649
182.781,70.639,73.252,39.401
183.930,70.930,72.709,39.647
184.707,72.126,72.822,39.484
184.257,73.206,72.729,39.474
185.453,73.397,72.563,39.531
184.600,73.177,72.823,39.567
186.257,74.867,72.523,39.623
186.221,75.951,72.740,39.565
187.511,75.089,72.457,39.836
187.355,74.250,72.355,39.847
187.755,73.676,72.098,39.773
189.233,70.651,72.021,39.775
190.636,70.235,71.481,40.059
189.723,69.532,71.500,40.180
190.781,68.799,71.647,39.942
189.733,70.523,72.310,39.425
191.891,70.322,72.216,39.246
189.908,70.353,72.292,38.988
190.187,76.024,72.502,38.498
191.705,74.247,72.671,38.308
191.491,73.790,72.635,38.051
191.084,72.317,72.698,37.944
191.295,71.289,72.626,37.769
189.298,70.741,72.704,37.466
192.503,70.060,72.182,37.423
191.705,70.639,72.353,37.155
193.491,70.291,71.791,37.211
192.986,70.425,71.296,37.472
193.109,71.339,71.453,37.253
191.727,72.535,71.685,36.933
195.566,73.806,71.284,36.985
193.474,73.553,71.018,37.004
193.790,75.272,70.753,36.916
194.784,75.315,70.605,36.711
194.948,75.511,70.881,36.266
195.388,74.368,70.974,36.029
195.493,74.389,69.875,36.693
195.408,72.603,69.472,36.976
195.864,72.673,68.596,37.607
197.838,72.353,68.144,38.028
199.345,72.426,68.218,38.073
198.580,72.785,67.942,38.184
201.237,73.569,68.440,37.917
199.384,73.812,68.064,38.026
200.147,74.323,68.168,37.791
198.961,73.447,68.200,37.901
202.465,74.913,67.903,37.837
201.266,76.190,68.647,37.439
202.214,76.687,68.458,37.397
202.768,77.062,68.796,37.347
203.816,77.256,69.173,37.145
203.963,77.738,69.887,36.696
202.450,75.961,69.504,36.994
204.057,76.255,69.478,36.796
206.988,76.405,68.802,37.555
205.990,75.622,68.399,37.765
207.307,75.327,68.684,37.474
207.400,75.707,68.720,37.199
208.650,76.291,68.480,37.487
208.528,76.681,68.914,36.919
209.210,77.779,68.940,36.939
209.534,77.188,68.957,36.964
208.264,77.388,69.369,36.707
209.410,78.538,69.525,36.293
209.415,77.941,69.770,36.156
209.984,77.875,69.501,36.394
209.609,77.360,69.428,36.525
211.595,77.944,69.590,36.439
211.392,76.891,69.708,36.630
210.434,75.862,69.505,36.909
211.667,76.196,69.126,37.143
212.858,77.238,68.934,37.126
213.159,76.787,68.966,37.188
212.667,77.345,69.226,36.899
214.506,77.338,69.032,37.192
213.695,76.947,69.327,36.978
213.840,76.528,69.719,36.831
214.308,75.443,69.488,37.252
214.628,74.530,69.277,37.426
214.750,73.100,68.953,37.598
217.031,73.855,68.422,38.097
215.094,74.068,68.321,38.140
214.441,76.331,68.485,38.126
215.019,79.624,68.375,37.941
216.732,81.345,68.082,38.084
216.816,82.174,68.049,37.921
216.823,81.243,67.614,37.977
217.698,80.125,67.409,38.209
219.326,78.489,67.407,38.208
216.706,75.671,67.148,38.234
221.967,67.994,66.838,38.403
220.238,66.705,67.089,38.162
219.345,64.415,67.270,38.012
222.880,64.512,66.910,38.156
221.405,64.067,66.779,38.115
219.892,68.837,67.084,37.740
222.437,68.824,66.875,37.689
220.165,73.700,67.338,37.429
222.478,73.083,67.155,37.567
222.296,73.259,67.034,37.629
221.721,77.929,67.539,37.235
222.888,77.112,67.777,37.073
223.043,77.131,67.745,37.057
223.668,75.648,68.018,37.093
223.820,75.187,68.144,37.108
225.086,74.743,68.245,37.071
225.358,74.802,68.223,37.040
224.540,74.843,68.291,36.915
224.796,74.218,68.289,37.147
224.995,74.004,68.371,37.069
224.944,74.550,67.854,37.231
225.464,73.627,67.840,37.228
224.947,73.551,68.064,37.196
224.763,73.597,68.198,37.098
227.009,74.064,68.376,37.044
225.745,74.425,68.144,37.091
226.612,75.675,67.864,37.284
225.619,75.935,67.949,37.281
225.185,77.078,67.902,37.381
225.140,78.395,68.003,37.434
224.122,78.514,68.219,37.304
225.716,79.128,67.852,37.501
226.790,80.377,68.083,37.538
224.694,81.759,67.909,37.814
223.235,81.102,68.239,37.692
225.912,82.227,67.497,38.189
221.950,80.434,67.663,38.084
224.778,78.959,67.285,37.985
225.217,77.517,67.458,37.753
224.600,75.934,67.217,37.659
226.894,75.895,67.041,37.571
224.673,77.506,66.903,37.849
224.569,77.973,66.688,37.987
224.952,79.213,66.865,38.004
224.728,79.647,66.451,38.092
224.390,79.680,66.617,37.979
223.680,78.094,66.743,37.959
224.528,77.855,66.645,37.952
224.879,77.638,66.322,37.992
222.989,77.260,66.157,37.858
223.249,76.343,66.295,37.477
224.175,76.007,65.990,37.431
225.587,75.491,66.408,37.012
223.217,74.509,66.898,36.678
226.646,74.160,66.748,36.615
225.414,74.737,66.800,36.380
224.860,74.952,67.093,36.311
226.081,75.519,67.476,36.140
225.255,75.983,67.257,36.228
224.924,76.565,67.180,36.218
223.022,75.955,67.505,35.947
223.667,75.845,67.495,35.866
223.327,74.611,67.482,36.040
223.915,73.899,67.109,36.317
223.015,73.218,67.192,36.300
223.534,72.469,67.312,36.260
224.081,72.329,67.266,36.268
222.696,72.784,67.399,36.404
223.074,73.796,67.659,36.284
222.521,74.959,67.159,36.281
222.750,73.705,67.361,36.192
221.824,72.413,67.371,36.530
222.482,73.226,67.125,36.777
220.972,73.607,67.124,37.258
220.217,74.223,67.484,36.768
216.075,73.810,65.119,38.982
220.739,73.819,65.820,38.016
220.320,73.896,65.756,37.534
218.581,74.279,65.649,37.368
218.271,74.822,65.340,37.197
217.637,75.251,66.183,36.368
216.382,73.507,66.563,36.243
213.218,78.166,65.853,36.507
213.264,76.253,65.628,36.332
214.489,76.041,65.819,36.149
213.703,76.597,65.895,35.873
212.076,75.353,66.627,35.615
213.401,74.489,67.213,35.402
212.435,75.318,67.081,35.321
212.988,75.061,67.268,35.429
213.076,75.361,66.729,35.597
214.526,76.815,66.614,35.421
211.662,77.401,67.111,35.248
211.282,76.978,67.162,35.429
210.675,77.291,66.772,35.569
209.479,77.227,66.261,35.858
209.701,75.218,66.186,36.502
209.457,75.842,66.706,36.505
208.904,76.148,66.955,36.342
208.732,76.465,66.793,36.370
208.499,77.418,66.632,36.366
208.865,77.505,66.980,36.056
206.532,77.439,66.360,36.365
205.066,76.362,66.816,36.157
208.589,75.962,67.104,36.221
205.907,75.897,67.264,36.104
206.551,74.926,67.467,36.045
206.146,74.448,68.008,35.838
207.607,75.119,67.685,36.110
207.306,75.740,68.052,35.770
207.072,75.853,68.811,35.449
205.756,75.961,69.022,35.489
204.576,76.291,68.611,35.709
204.946,75.733,68.965,35.885
205.651,75.325,69.554,35.745
205.348,75.626,69.334,35.868
204.762,76.570,68.908,35.934
203.929,76.841,69.079,35.886
204.214,77.272,68.951,35.904
203.974,78.791,68.708,35.843
203.944,77.262,68.959,35.774
203.778,78.003,68.193,36.006
203.577,77.775,67.526,36.238
205.085,77.448,67.695,36.118
204.494,76.636,67.889,36.055
203.324,76.526,67.609,36.076
203.472,76.784,67.708,35.983
202.599,76.160,67.887,36.000
201.328,75.994,67.377,36.296
202.187,75.998,67.420,36.239
202.287,75.777,67.506,36.422
202.656,76.046,68.154,36.009
201.869,75.963,67.891,36.115
201.017,75.299,67.826,36.044
198.499,80.892,67.559,36.247
199.345,80.059,68.048,35.978
200.423,79.155,68.523,35.707
197.818,77.902,67.852,36.106
199.575,77.843,68.211,35.908
194.189,75.834,65.533,38.196
199.632,76.473,65.986,37.625
199.592,76.708,66.452,37.203
198.821,77.201,66.377,36.917
201.094,76.856,67.213,36.381
199.513,76.898,67.838,35.876
199.302,76.879,67.612,35.868
199.039,77.586,67.581,35.732
198.835,77.354,68.626,35.310
198.154,76.747,69.384,35.091
197.448,76.489,69.924,34.996
195.853,76.022,70.071,35.016
193.672,75.173,69.094,35.577
196.982,74.383,69.559,35.318
193.833,73.467,68.618,35.966
196.989,73.135,68.726,36.195
197.339,73.289,69.605,35.624
196.479,73.465,70.464,35.108
196.029,72.598,70.382,35.172
196.914,73.440,70.402,35.339
196.368,73.485,70.532,35.522
195.823,73.517,70.537,35.539
195.352,73.557,70.721,35.661
200.758,74.129,71.518,35.298
197.850,73.665,71.680,35.380
196.134,73.404,71.224,35.841
193.638,73.545,70.566,36.177
196.608,74.184,70.591,36.277
196.231,74.749,70.144,36.764
197.885,74.032,70.764,36.520
195.993,73.659,70.803,36.607
191.506,71.645,67.903,39.158
193.148,71.676,65.825,41.051
199.320,72.936,67.275,39.721
197.013,74.556,68.647,38.988
199.895,74.692,69.726,38.336
198.479,74.567,69.973,37.996
197.644,74.811,70.544,37.944
197.507,75.133,70.716,37.899
196.751,74.960,71.275,37.747
197.762,75.089,71.507,37.691
196.652,75.184,71.453,37.640
199.105,75.259,71.696,37.527
197.937,74.179,71.301,37.986
197.598,74.348,71.651,37.818
198.275,73.878,71.385,38.011
197.447,73.979,71.463,38.062
200.427,73.820,71.812,37.984
197.938,74.018,72.582,37.647
201.904,74.333,72.464,37.676
200.761,74.831,72.052,37.728
197.747,74.267,71.545,37.792
200.142,74.472,71.990,37.423
201.684,74.494,72.422,37.464
200.749,74.205,72.749,37.581
202.185,74.836,72.640,37.629
202.035,74.919,72.410,37.771
201.340,74.750,72.156,37.758
203.402,74.205,72.585,37.577
203.921,74.064,72.590,37.499
202.379,74.364,71.950,37.598
204.909,73.777,72.851,37.050
202.838,74.668,72.776,37.119
200.419,74.439,72.567,37.016
203.493,74.441,72.726,36.939
201.517,74.476,72.027,37.336
205.259,73.684,72.231,37.190
202.210,73.885,71.945,37.289
207.703,73.098,72.459,37.098
201.608,71.049,69.572,39.556
202.259,69.492,67.350,41.516
203.402,68.857,65.300,43.155
203.966,68.848,64.175,43.958
204.714,76.013,65.859,41.951
202.914,69.638,63.522,43.542
204.543,69.668,62.205,44.351
206.442,70.293,61.147,44.984
217.130,66.072,64.068,42.546
220.580,67.747,66.056,41.068
218.105,68.808,67.816,39.794
220.053,69.589,69.454,38.849
216.884,70.385,70.130,38.224
219.990,70.986,70.842,37.809
217.465,71.179,71.433,37.484
218.815,71.388,71.747,37.309
221.087,71.359,72.050,37.220
216.789,78.920,72.342,36.932
212.733,79.297,72.141,36.941
218.091,72.823,71.865,37.023
222.266,72.567,72.415,36.909
219.043,72.655,72.397,36.828
224.098,72.360,72.304,36.922
226.317,72.172,72.421,36.944
226.738,73.425,73.035,36.793
224.997,73.909,72.808,36.828
226.417,74.305,73.336,36.635
228.026,74.408,73.661,36.353
227.995,74.302,73.691,36.458
229.478,73.741,73.997,36.274
230.627,73.077,74.014,36.487
228.727,72.670,73.690,36.712
231.606,71.801,73.764,36.807
233.895,71.471,73.847,36.907
231.205,72.141,73.900,37.271
234.193,71.914,74.169,37.265
232.218,72.097,73.942,37.562
236.066,71.884,74.083,37.708
238.153,71.466,74.177,37.871
237.989,71.177,74.437,37.936
233.707,71.013,74.239,38.086
228.710,71.485,74.575,37.774
230.032,79.260,74.801,37.816
227.702,80.299,74.780,37.825
229.638,80.866,75.039,37.579
232.630,80.960,74.997,37.622
235.371,73.801,75.145,37.581
231.015,81.674,74.766,37.742
231.906,81.859,74.881,37.556
234.166,81.913,74.787,37.487
235.236,81.518,74.424,37.539
235.950,87.135,74.587,37.257
237.619,85.913,74.588,37.001
238.171,85.439,74.485,36.977
239.466,85.612,74.152,36.988
255.608,65.495,74.015,37.405
257.582,66.379,74.206,37.715
257.194,67.223,74.544,37.978
258.725,67.408,75.547,37.653
260.410,68.135,75.381,38.376
259.164,67.913,76.391,38.176
261.418,68.093,76.959,38.311
261.125,69.994,77.220,38.511
260.441,70.507,78.155,38.246
262.674,70.734,78.452,38.467
262.661,71.077,78.974,38.802
262.150,70.358,80.082,38.888
261.799,71.829,80.434,39.067
259.541,71.554,81.186,39.221
246.233,81.137,81.468,39.061
249.229,81.614,81.383,38.993
250.757,81.933,81.624,38.922
250.271,89.633,80.554,39.367
252.571,88.441,80.182,39.165
253.295,88.605,79.515,39.212
254.997,87.810,79.203,38.967
256.511,87.640,78.503,38.872
257.246,87.963,78.773,38.376
258.882,88.060,78.905,38.004
259.887,87.260,78.781,37.741
260.024,88.062,78.815,37.691
259.010,87.471,78.593,37.459
259.907,87.813,78.231,37.527
262.177,87.808,77.991,37.335
265.468,81.750,78.384,37.009
266.135,88.554,78.048,36.816
260.903,88.725,77.836,36.636
256.991,88.722,77.718,36.588
260.774,88.901,77.591,36.575
268.169,88.803,77.912,36.252
270.232,89.558,78.171,36.085
266.472,90.610,78.064,36.020
267.942,90.691,78.099,35.906
269.217,91.565,77.820,36.072
259.944,91.233,77.591,36.167
