73.000,126.000,29.000,23.000
73.624,125.424,29.071,22.938
74.888,124.326,28.768,23.097
75.882,123.523,28.392,23.152
75.776,123.709,28.346,23.110
76.474,123.298,28.195,23.155
77.418,123.504,27.731,23.299
78.302,123.028,27.620,23.172
79.202,122.487,27.524,23.155
79.905,121.926,27.315,23.009
80.308,121.807,27.123,22.883
80.280,121.798,27.049,22.859
80.580,121.767,26.818,22.670
81.249,121.416,26.653,22.766
82.301,120.310,26.747,22.474
83.301,120.305,26.727,22.429
83.723,119.718,26.655,22.256
83.943,119.002,26.574,22.172
84.324,118.584,26.445,22.190
84.677,120.800,26.609,21.894
85.146,119.994,26.552,21.881
84.781,119.514,26.699,21.798
84.769,118.892,26.781,21.643
85.678,121.379,26.849,21.581
86.240,120.511,26.774,21.631
86.927,120.044,26.532,21.682
87.863,119.083,26.319,21.790
87.737,119.243,26.185,21.773
87.753,112.759,25.604,21.899
84.508,112.612,25.063,21.935
87.943,112.632,24.494,22.112
88.197,112.315,23.966,22.189
88.534,111.789,23.457,22.295
90.996,111.946,23.273,22.145
90.045,112.062,22.856,22.105
90.239,111.828,22.397,22.024
90.266,112.092,22.057,21.949
92.549,112.255,21.932,21.672
92.205,112.665,21.730,21.524
91.960,112.949,21.532,21.261
91.824,113.432,21.329,21.036
92.120,113.898,21.086,20.856
92.043,114.206,20.847,20.690
92.248,114.420,20.704,20.424
92.687,114.320,20.407,20.393
93.502,116.360,20.218,20.121
95.492,113.767,20.135,19.951
94.909,114.132,19.925,19.916
94.701,114.885,19.652,19.762
94.583,115.437,19.457,19.620
94.896,115.871,19.357,19.372
95.073,115.996,19.213,19.150
95.516,115.439,19.114,19.053
95.786,115.004,19.002,18.974
97.542,115.190,18.886,18.928
96.934,115.011,18.780,18.792
97.190,114.868,18.659,18.626
97.595,114.689,18.595,18.470
97.311,112.795,18.363,18.359
99.308,112.990,18.301,18.275
99.059,113.221,18.253,18.193
97.021,113.703,18.136,18.169
97.062,113.971,18.098,18.113
97.383,113.827,17.839,18.184
97.750,113.649,17.695,18.148
97.558,113.365,17.611,18.084
98.236,113.149,17.481,18.067
98.302,113.338,17.491,17.970
98.785,112.936,17.374,17.898
98.476,112.915,17.408,17.790
96.445,115.085,17.254,17.811
98.801,114.638,17.073,17.812
99.498,111.372,16.221,18.635
99.943,110.578,15.411,19.363
100.223,111.895,14.764,19.991
100.801,111.702,14.192,20.384
100.835,112.156,14.579,19.812
100.795,112.603,14.787,19.368
100.489,112.395,15.088,18.995
100.116,112.422,15.301,18.687
100.006,114.604,15.555,18.308
100.384,111.820,15.113,18.670
100.534,112.320,15.375,18.374
100.425,112.566,15.543,18.061
100.092,112.771,15.668,17.863
99.881,112.861,15.757,17.668
99.512,113.112,15.835,17.517
99.152,113.415,16.058,17.285
98.637,115.682,16.132,17.143
98.269,113.809,16.244,16.911
98.059,113.728,16.296,16.807
97.454,114.023,16.423,16.574
96.967,114.060,16.419,16.507
97.504,114.412,16.361,16.414
97.210,112.282,16.405,16.349
97.640,112.836,16.304,16.290
97.263,112.936,16.304,16.300
96.769,113.514,16.249,16.314
97.051,113.736,16.157,16.287
97.251,112.037,16.105,16.233
96.004,114.541,15.984,16.177
97.796,112.553,16.017,16.096
96.199,112.991,16.005,16.054
96.662,113.229,16.002,15.983
94.831,115.479,15.866,15.953
95.373,115.361,15.765,15.844
95.394,115.279,15.724,15.676
95.011,115.416,15.673,15.590
94.997,114.798,15.569,15.651
94.964,116.546,15.678,15.457
94.451,116.482,15.727,15.306
94.472,116.290,15.708,15.167
94.591,116.076,15.670,15.040
94.330,115.935,15.645,14.938
94.475,115.770,15.569,14.933
94.026,115.696,15.621,14.779
94.194,115.327,15.544,14.775
93.952,115.219,15.411,14.838
94.287,115.096,15.446,14.808
93.751,114.819,15.422,14.863
93.830,114.631,15.387,14.842
93.853,114.595,15.281,14.821
93.300,114.320,15.275,14.765
91.809,114.525,15.203,14.595
93.700,114.770,15.261,14.539
93.636,116.371,15.417,14.332
93.118,116.185,15.521,14.114
92.648,116.313,15.685,13.992
92.612,115.842,15.688,13.864
92.807,115.928,15.745,13.777
92.913,115.990,15.770,13.720
92.711,115.806,15.840,13.672
92.396,115.686,15.765,13.753
92.224,117.354,15.989,13.521
93.391,117.647,16.768,12.809
91.763,117.420,16.705,12.942
91.757,117.368,16.559,13.090
91.519,117.293,16.550,13.105
91.068,117.641,16.470,13.262
90.996,117.411,16.522,13.204
90.789,116.849,16.536,13.241
90.885,116.335,16.497,13.263
90.713,116.104,16.489,13.325
90.547,115.562,16.431,13.412
90.370,115.357,16.396,13.472
88.618,115.443,16.186,13.624
90.592,117.282,16.804,13.145
90.740,117.193,17.223,12.787
90.504,116.966,17.605,12.456
88.520,114.472,17.241,12.781
84.759,114.631,16.912,13.025
84.757,114.732,16.572,13.326
84.986,114.641,16.260,13.562
84.941,114.581,16.071,13.614
85.102,114.666,15.926,13.668
85.527,114.767,15.778,13.733
85.924,114.771,15.534,13.842
83.713,114.441,15.469,13.842
83.524,114.603,15.298,13.965
81.065,114.662,15.499,13.777
82.770,114.574,15.438,13.817
82.203,114.949,15.458,13.760
84.287,116.712,15.371,13.570
83.953,116.474,15.368,13.512
82.098,116.597,15.406,13.382
82.178,116.751,15.342,13.347
82.172,116.987,15.267,13.238
81.409,117.255,15.838,12.638
80.775,117.337,16.231,12.205
80.555,117.416,16.703,11.782
80.208,117.546,17.088,11.478
79.682,117.556,17.370,11.230
79.373,117.393,17.623,11.010
78.799,117.484,17.815,10.804
78.753,117.467,18.027,10.670
78.527,117.378,18.114,10.627
81.016,115.075,17.350,11.165
81.549,115.227,16.761,11.577
82.150,116.379,16.262,11.825
82.633,116.165,15.768,12.096
82.936,115.693,15.321,12.302
82.752,115.267,14.937,12.551
81.385,115.325,14.692,12.604
81.870,116.622,14.395,12.727
81.741,116.718,14.241,12.664
81.526,118.526,14.081,12.652
81.126,118.525,14.058,12.580
80.938,118.404,13.965,12.577
80.618,119.949,13.834,12.602
80.267,119.681,13.902,12.465
79.860,119.635,13.924,12.337
79.790,117.830,13.918,12.366
81.630,115.736,13.777,12.302
81.649,115.535,13.574,12.270
81.906,115.654,13.388,12.238
81.783,115.626,13.137,12.173
80.195,115.761,13.131,12.045
80.398,115.537,12.953,11.994
80.070,115.386,12.823,12.108
80.293,115.144,12.629,12.107
80.315,114.783,12.565,12.074
80.398,114.601,12.499,12.024
80.422,114.357,12.359,11.967
80.093,114.070,12.308,11.865
79.985,113.873,12.121,11.767
79.699,113.572,12.064,11.619
79.287,113.423,11.891,11.556
79.009,113.263,11.815,11.436
79.087,113.039,11.701,11.296
78.823,113.111,11.551,11.253
79.261,112.888,11.474,11.137
78.723,113.323,11.329,11.068
78.854,113.487,11.120,11.067
78.731,113.855,11.004,10.883
78.619,114.224,10.986,10.701
78.362,114.492,10.789,10.606
78.244,115.745,10.765,10.425
77.877,114.461,10.622,10.277
77.903,114.118,10.554,10.188
77.781,115.186,10.524,10.058
77.475,114.778,10.462,10.000
77.238,114.997,10.344,10.000
76.468,114.591,10.251,10.000
76.303,114.529,10.269,10.000
76.018,114.200,10.246,10.000
75.671,113.956,10.287,10.000
75.565,113.746,10.183,10.000
75.278,113.435,10.198,10.000
74.149,113.296,10.263,10.000
74.032,112.703,10.283,10.000
73.265,112.412,10.250,10.000
73.108,112.062,10.170,10.000
73.286,111.754,10.109,10.000
71.858,111.200,10.061,10.000
71.588,111.255,10.060,10.000
71.404,111.194,10.000,10.000
71.056,111.084,10.000,10.000
69.904,110.855,10.000,10.000
69.384,110.834,10.000,10.000
69.223,110.689,10.000,10.000
69.014,110.525,10.049,10.000
67.549,110.686,10.163,10.000
67.468,110.743,10.128,10.000
66.510,110.662,10.163,10.000
66.141,110.898,10.253,10.000
65.676,110.947,10.197,10.000
65.237,110.894,10.305,10.000
64.028,110.573,10.289,10.000
62.872,110.684,10.366,10.000
61.470,109.399,10.392,10.000
61.318,109.226,10.394,10.000
60.090,107.808,10.412,10.000
59.641,107.909,10.440,10.000
59.180,108.223,10.466,10.000
57.809,106.588,10.409,10.000
56.276,107.613,10.488,10.000
55.901,108.877,10.672,10.000
55.866,107.267,10.664,10.000
54.805,107.212,10.499,10.003
54.446,107.278,10.540,10.000
53.185,109.033,10.574,10.000
52.064,108.968,10.679,10.000
50.908,110.634,10.721,10.000
50.902,110.618,10.708,10.000
50.808,112.054,10.820,10.000
49.389,112.243,10.985,10.000
50.072,112.137,11.526,10.000
51.601,112.108,11.466,10.000
51.833,111.821,11.367,10.000
53.333,112.105,11.138,10.000
52.143,112.133,10.994,10.044
52.345,112.151,10.811,10.196
52.086,110.688,10.713,10.297
52.364,108.852,10.309,10.689
50.819,108.840,10.414,10.575
51.536,108.768,10.474,10.458
49.910,110.141,10.534,10.355
49.457,111.717,10.626,10.238
48.361,111.408,10.639,10.175
48.031,111.082,10.520,10.204
48.449,111.010,10.404,10.235
48.133,110.913,10.531,10.124
47.169,110.552,10.512,10.123
47.420,110.270,10.301,10.164
46.700,110.241,10.170,10.121
46.737,109.953,10.144,10.098
46.389,109.949,10.000,10.064
45.079,109.835,10.000,10.152
45.134,109.755,10.000,10.118
44.664,109.608,10.000,10.108
44.280,109.553,10.000,10.154
43.078,109.584,10.000,10.100
42.869,109.557,10.153,10.000
42.719,108.176,10.197,10.000
40.069,110.665,10.168,10.000
38.888,110.338,10.262,10.000
38.561,110.002,10.310,10.000
37.864,109.652,10.218,10.000
36.463,109.356,10.341,10.000
36.230,109.085,10.408,10.000
34.755,108.986,10.386,10.000
34.667,108.991,10.308,10.000
33.634,109.212,10.225,10.000
32.365,108.856,10.215,10.000
31.389,108.803,10.145,10.000
31.360,108.775,10.072,10.000
30.330,108.736,10.018,10.000
29.522,109.953,10.049,10.000
28.244,111.075,10.004,10.000
27.115,112.366,10.000,10.000
26.014,113.251,10.000,10.000
24.453,114.644,10.000,10.000
22.786,115.580,10.000,10.000
21.770,115.735,10.000,10.000
20.251,116.824,10.000,10.000
20.023,117.145,10.000,10.000
18.398,118.249,10.000,10.000
17.248,118.502,10.000,10.000
15.861,116.923,10.000,10.000
13.380,116.566,10.000,10.000
13.086,115.047,10.000,10.000
11.599,114.736,10.000,10.000
9.875,113.363,10.000,10.000
7.108,113.479,10.000,10.000
6.158,111.675,10.085,10.000
5.078,110.147,10.034,10.000
3.849,111.183,10.000,10.000
1.425,111.168,10.000,10.000
1.164,110.827,10.000,10.000
0.182,110.882,10.000,10.000
-1.151,110.120,10.000,10.410
-2.358,110.056,10.000,10.680
3.013,110.803,10.000,10.529
1.955,111.914,10.000,10.480
2.272,110.409,10.000,10.456
2.150,110.710,10.000,10.454
1.911,110.909,10.000,10.454
1.862,110.941,10.000,10.453
1.802,111.113,10.000,10.453
5.802,109.581,10.000,10.863
4.245,109.306,10.000,10.995
1.655,108.961,10.000,11.511
0.258,108.710,10.000,12.060
-0.888,108.261,10.000,12.511
-2.485,109.781,10.000,12.943
-0.927,113.703,10.000,13.134
-0.924,112.953,10.000,13.152
-0.827,112.614,10.000,13.204
1.288,112.981,10.000,13.175
1.668,114.817,10.000,12.940
1.639,114.861,10.000,12.681
1.658,113.458,10.000,12.346
1.656,114.642,10.000,12.140
2.155,111.783,10.000,11.897
1.413,110.445,10.000,11.803
0.205,107.422,10.000,11.705
-0.977,107.578,10.000,11.861
-1.288,108.105,10.000,11.917
-1.388,108.073,10.000,11.974
1.695,112.702,10.000,11.834
1.809,112.520,10.000,11.808
1.559,112.834,10.000,11.802
1.700,112.854,10.000,11.800
1.623,114.239,10.000,11.750
1.761,114.274,10.000,11.708
1.793,112.672,10.000,11.648
1.958,112.498,10.000,11.584
0.891,113.612,10.000,11.485
0.967,115.041,10.000,11.422
2.515,113.771,10.131,11.168
2.956,113.927,10.284,11.008
1.801,113.887,10.468,10.821
2.141,113.960,10.504,10.744
1.057,115.708,10.543,10.631
0.874,117.432,10.541,10.346
0.738,117.258,10.414,10.313
0.140,117.513,10.146,10.344
-0.890,117.295,10.000,10.544
-0.746,118.515,10.000,10.552
-0.807,118.550,10.000,10.542
-0.952,118.459,10.000,10.546
3.017,118.244,10.000,11.235
1.546,117.852,10.000,11.813
0.161,117.479,10.000,12.476
-1.266,117.234,10.000,13.110
-2.423,117.542,10.000,14.098
-2.399,116.692,10.000,14.532
-2.539,116.556,10.000,14.568
3.781,121.177,10.000,14.922
2.437,118.876,10.000,15.179
1.122,119.808,10.000,15.525
0.063,119.308,10.000,15.722
-0.090,121.129,10.000,15.803
