6.000,166.000,42.000,26.000
7.500,166.801,42.383,25.601
9.139,166.991,42.564,25.119
10.387,167.213,42.659,24.903
12.299,167.592,42.771,24.594
12.884,167.690,43.026,24.308
14.903,167.901,43.157,24.136
16.591,168.468,43.189,24.176
18.098,168.203,43.192,24.126
20.065,169.429,43.004,24.201
21.175,169.712,43.077,24.008
22.380,170.262,43.137,23.790
24.199,169.263,43.289,23.740
25.016,169.738,43.431,23.694
26.271,170.346,43.396,23.616
27.977,170.148,43.336,23.632
29.097,171.342,43.403,23.514
31.380,170.382,43.553,23.488
30.944,170.679,43.743,23.620
33.936,171.261,43.738,23.686
34.623,171.372,44.029,23.775
37.826,171.140,44.205,23.862
40.069,171.615,44.233,24.015
40.718,172.632,44.229,23.939
42.123,172.900,44.093,24.067
44.634,172.707,44.547,24.142
42.793,173.385,44.667,24.155
46.359,173.214,44.589,24.419
46.098,173.879,44.612,24.425
46.578,172.714,44.672,24.631
48.543,173.521,44.599,24.575
49.236,173.409,44.639,24.674
50.742,173.510,44.681,24.805
50.974,173.496,44.669,24.880
52.183,173.578,44.740,24.868
52.975,174.066,44.668,24.911
54.327,174.023,44.717,25.004
54.826,174.342,44.877,24.952
56.253,174.381,44.971,24.941
57.299,174.438,45.004,24.967
59.097,174.426,45.185,24.891
58.735,174.306,45.593,24.766
61.466,173.610,46.301,24.631
60.544,174.132,46.768,24.442
62.841,173.565,46.954,24.527
63.382,173.637,47.145,24.588
64.988,173.276,47.378,24.488
65.170,173.410,47.704,24.387
66.531,173.375,47.917,24.530
67.421,173.141,48.049,24.605
69.883,173.325,48.066,24.749
69.606,172.917,48.311,24.691
72.545,172.539,48.276,24.968
72.193,172.884,48.589,25.100
74.438,173.061,48.670,25.328
74.081,173.168,48.925,25.515
76.354,172.716,49.141,25.562
76.494,172.974,49.609,25.467
77.209,172.720,49.779,25.602
78.191,172.801,49.848,25.752
79.579,172.563,50.065,25.911
79.910,172.700,50.280,25.974
80.843,172.885,50.307,26.189
80.001,172.952,50.807,26.128
81.067,173.069,50.908,26.162
80.534,173.089,51.472,26.165
80.519,173.462,51.758,26.248
80.036,173.447,52.401,26.257
80.995,173.523,52.799,26.257
79.193,173.752,53.284,26.341
80.670,173.636,53.634,26.531
79.970,173.444,53.869,26.590
79.859,174.156,53.904,26.657
80.748,174.017,54.111,26.725
79.103,174.525,54.741,26.644
80.639,175.148,54.754,26.912
80.043,174.920,55.094,27.072
82.073,174.708,55.419,27.159
79.742,174.710,56.195,27.053
78.415,174.751,56.639,27.026
79.769,174.744,56.752,27.125
79.524,175.467,57.228,27.202
78.885,174.994,57.462,27.117
80.036,174.992,57.730,27.166
78.677,174.988,58.304,27.086
80.006,175.402,58.642,27.167
78.297,176.080,59.034,27.509
81.047,176.064,59.007,27.695
78.774,176.438,59.312,27.833
81.077,176.375,59.365,28.041
78.050,176.054,59.864,28.284
79.743,176.314,60.258,28.482
77.825,176.378,60.719,28.701
79.309,176.702,61.019,28.988
76.770,176.565,61.563,29.303
79.943,176.164,61.837,29.603
76.915,176.696,61.902,29.753
81.077,176.113,62.162,29.951
76.390,176.827,62.493,30.045
81.025,176.298,62.953,30.196
75.576,176.986,63.236,30.267
80.380,175.569,63.312,30.569
76.702,175.955,63.604,30.652
79.866,175.736,63.524,30.776
78.467,175.622,63.547,30.972
79.491,175.249,63.522,31.221
79.697,175.358,63.840,31.470
80.463,175.232,63.825,31.690
80.216,174.877,64.131,31.735
82.478,174.776,64.481,31.720
80.196,175.656,64.521,31.939
84.668,175.639,64.989,32.000
81.264,175.550,65.826,32.398
85.624,174.606,66.714,32.638
80.939,174.356,67.235,32.657
85.196,174.229,67.321,33.108
81.271,174.783,67.797,33.382
85.999,173.645,68.515,33.752
81.879,173.566,68.892,33.928
84.373,173.241,69.394,33.855
84.628,173.604,69.309,34.074
85.576,172.943,69.319,34.582
85.015,173.509,69.567,34.692
88.358,172.744,69.594,35.102
87.171,172.487,69.657,35.573
89.393,172.483,69.865,35.794
88.954,172.267,70.071,36.133
91.738,172.052,70.522,36.578
90.735,171.987,70.693,37.100
93.696,172.163,70.992,37.399
91.287,172.303,71.531,37.578
96.316,171.534,71.769,37.922
94.945,171.819,72.167,38.302
95.609,171.591,72.222,38.679
98.772,171.146,72.757,39.133
97.204,171.067,73.600,39.334
100.806,170.395,74.013,39.800
96.766,170.785,74.683,39.974
102.036,169.550,75.452,40.150
98.530,169.306,76.306,40.292
103.638,168.103,77.106,40.420
98.357,168.763,78.640,40.127
104.609,168.030,78.980,40.141
101.519,167.802,80.176,40.077
106.122,167.190,80.494,40.544
103.859,167.627,81.485,40.567
108.665,167.265,81.808,41.076
106.652,167.909,82.542,41.321
111.113,166.650,83.079,41.740
109.073,166.932,84.254,41.841
113.300,165.957,84.884,42.265
109.169,166.076,85.676,42.301
115.631,165.080,86.184,42.574
111.554,164.515,87.738,42.466
114.188,163.231,88.776,42.405
110.077,163.051,89.220,42.738
112.501,161.906,87.538,43.473
114.274,161.397,86.015,43.638
116.601,161.447,85.792,43.459
116.623,161.436,84.922,43.628
116.562,160.868,84.441,44.177
117.860,166.531,81.046,47.005
115.054,165.461,78.108,49.131
116.137,163.617,76.693,50.586
126.036,161.875,75.232,51.878
153.140,169.905,77.046,49.440
149.875,168.871,79.091,48.036
143.381,160.432,81.058,46.315
145.861,161.772,82.151,44.963
146.698,161.862,82.888,44.253
158.996,170.222,82.560,44.510
162.349,176.833,83.375,43.953
164.441,173.850,84.404,44.100
164.606,173.974,85.606,44.188
162.162,172.435,87.210,44.203
163.725,170.680,87.491,45.194
163.938,169.083,87.597,45.888
162.808,168.298,87.546,46.784
161.044,167.334,88.811,47.497
162.747,167.425,90.681,47.147
160.692,167.873,92.231,47.872
159.211,167.703,93.342,48.596
162.149,166.356,94.835,48.751
165.262,166.234,95.829,49.708
167.074,166.944,96.117,51.011
168.092,166.773,96.599,51.961
168.606,166.779,97.651,52.395
177.548,167.388,97.890,53.024
181.125,166.427,99.769,52.943
184.175,164.347,100.915,53.430
189.565,165.563,101.777,54.203
198.444,166.028,102.249,54.846
202.406,164.987,103.732,54.895
205.829,163.754,105.338,55.134
207.477,163.043,105.716,55.959
209.502,162.996,105.896,56.658
211.416,163.444,107.201,56.709
213.809,163.925,108.477,56.800
212.870,164.502,108.956,57.339
210.892,164.330,109.350,57.925
211.453,163.652,109.904,58.255
210.389,162.548,111.281,57.835
207.445,160.083,112.322,57.091
204.030,158.466,113.239,56.041
196.503,155.977,114.041,54.749
192.171,155.004,114.698,53.951
190.579,156.006,115.489,54.193
187.296,154.528,115.861,54.306
184.223,152.241,119.166,52.340
182.518,149.919,122.403,50.383
180.742,148.670,124.201,49.295
181.692,148.538,126.242,48.275
190.780,149.202,126.719,48.182
198.807,146.979,127.042,47.825
204.351,147.077,128.956,47.007
213.215,148.549,129.583,46.927
219.884,150.076,130.532,46.965
227.067,151.242,130.395,47.523
229.590,151.701,129.790,49.778
244.157,152.870,127.918,52.418
243.426,153.060,127.051,54.264
243.960,150.659,126.738,56.189
255.510,150.032,126.225,57.537
265.942,148.423,125.269,59.245
266.947,146.663,125.955,60.259
276.663,146.080,125.830,61.070
277.855,143.529,126.501,61.936
285.790,143.199,126.132,62.697
287.316,140.537,127.509,63.400
294.147,139.189,126.941,64.300
301.150,137.391,126.349,65.028
297.587,136.501,128.391,64.627
302.796,136.311,129.009,64.615
306.669,136.691,128.086,65.262
310.142,135.441,128.836,65.482
315.721,134.697,129.262,65.490
320.137,134.224,129.330,65.457
322.895,134.728,130.152,65.140
328.642,134.470,130.644,64.770
333.873,135.094,130.703,64.724
336.636,132.559,131.081,64.741
339.912,131.123,131.556,64.481
343.578,132.777,131.271,64.259
346.101,133.464,132.390,64.322
353.720,133.073,133.726,64.369
358.638,132.373,135.992,64.500
364.743,131.535,138.255,64.275
369.359,132.184,143.230,62.802
387.198,133.307,146.246,61.955
404.088,133.630,149.759,61.384
417.918,132.950,153.093,61.001
435.778,132.560,155.369,60.700
