143.000,125.000,30.000,54.000
140.900,127.960,31.950,51.306
140.599,128.882,33.482,48.991
139.709,130.282,34.670,47.149
140.200,131.151,35.539,45.770
138.943,131.311,36.239,44.548
139.472,132.311,36.583,43.803
139.403,133.950,36.749,43.114
138.819,134.192,36.818,42.727
139.701,133.902,36.518,42.588
139.600,133.500,36.366,42.532
139.979,133.860,36.130,42.359
140.289,134.179,35.935,42.189
139.183,133.383,35.583,42.310
139.941,133.505,35.424,42.231
138.548,132.048,35.411,41.933
140.857,131.412,35.071,42.110
139.988,132.090,34.995,42.198
140.701,133.293,33.530,43.734
145.074,133.274,32.222,44.912
143.782,133.764,32.583,44.485
139.600,137.453,31.195,45.895
140.494,136.274,30.348,46.680
136.929,136.739,29.701,47.145
137.866,136.758,28.882,47.975
138.866,136.966,28.381,48.466
134.903,135.903,27.057,50.043
130.817,138.006,25.588,51.474
131.767,136.789,24.069,52.998
132.121,135.772,23.003,54.241
132.740,135.559,22.078,55.466
133.421,141.234,21.540,55.876
133.757,143.750,21.282,55.864
134.031,142.644,20.830,55.833
134.260,142.101,20.400,55.857
134.404,143.594,20.146,55.683
134.306,142.077,19.892,55.617
133.934,141.694,19.740,55.657
134.130,141.468,19.465,55.752
134.112,140.440,19.367,55.821
134.395,140.522,19.421,55.763
138.641,140.664,20.540,54.521
134.884,139.984,20.421,54.473
135.583,137.458,21.510,53.187
138.765,130.164,23.476,50.814
130.791,135.712,23.697,50.284
131.027,134.417,23.950,49.824
136.258,134.471,25.051,48.718
141.277,131.565,27.179,46.622
143.358,132.386,28.660,45.257
144.552,133.494,29.679,44.322
149.838,133.558,30.642,43.506
154.347,134.701,31.408,42.818
153.700,136.869,31.795,42.586
150.757,138.383,32.040,42.595
146.304,139.426,32.361,42.310
145.522,138.209,32.540,41.978
143.862,139.975,32.902,41.694
143.035,140.485,33.172,41.617
138.995,146.576,31.938,43.397
135.895,150.035,30.670,44.206
137.624,150.674,29.527,45.503
138.662,149.014,28.643,46.511
140.028,148.667,28.038,47.110
140.658,148.302,27.587,47.718
137.212,147.203,27.077,48.461
137.962,142.876,27.186,48.516
143.734,138.756,28.447,47.156
148.946,136.125,28.294,47.352
149.483,131.553,28.153,47.689
154.206,123.013,28.024,48.017
158.396,117.581,27.831,48.291
162.132,103.680,29.249,46.889
161.261,99.283,28.582,47.659
160.076,94.221,28.358,48.001
158.419,88.954,29.277,47.161
156.445,84.761,30.725,45.841
167.714,83.388,32.012,43.960
173.053,88.312,33.452,42.233
178.485,93.642,34.300,41.555
182.324,105.038,34.885,41.398
185.275,110.210,35.643,41.205
184.849,109.783,36.169,41.074
184.837,109.480,36.550,41.093
183.827,109.124,36.998,41.112
182.825,104.976,37.537,40.972
182.499,105.595,37.924,40.830
181.946,106.181,38.332,40.708
181.405,106.303,38.673,40.788
181.430,110.882,38.769,41.208
181.759,110.460,38.927,41.450
181.336,106.176,39.378,41.277
182.191,105.817,39.810,41.067
184.071,111.543,39.824,41.631
183.774,111.421,39.805,42.052
181.677,109.127,40.788,41.404
180.232,107.330,41.085,41.216
182.182,105.615,41.059,41.570
181.484,106.120,40.980,41.948
181.981,106.621,40.642,42.688
182.396,106.840,40.638,43.432
182.822,107.059,40.838,43.858
182.940,112.670,41.248,44.162
182.439,112.801,41.585,44.415
181.832,112.589,42.111,44.367
181.510,111.247,42.548,44.292
180.212,109.976,43.023,44.414
179.369,108.390,43.321,44.724
179.996,107.037,43.326,45.097
180.874,105.512,43.112,45.375
180.204,104.387,43.198,45.308
179.415,103.135,43.535,45.080
178.567,98.932,44.011,44.866
178.319,99.447,44.144,44.804
179.336,99.070,43.929,44.792
179.429,99.081,44.172,44.710
179.644,99.135,44.171,44.794
179.865,99.751,43.948,45.167
180.106,101.231,43.624,45.612
180.593,102.234,43.351,46.048
180.151,103.059,43.224,46.296
179.871,103.177,43.399,46.445
180.008,102.804,43.343,46.702
180.448,102.141,43.249,46.814
180.090,102.419,43.448,46.584
180.723,102.270,43.619,46.219
181.686,101.871,43.583,45.843
179.864,97.307,44.032,45.645
179.405,98.618,44.269,45.520
179.328,99.039,44.472,45.381
179.423,99.554,44.333,45.361
179.033,100.843,44.448,45.273
180.220,100.856,44.573,45.035
178.571,96.822,45.131,44.764
176.243,91.779,45.713,44.157
175.281,89.935,46.077,43.743
176.472,83.584,47.069,42.530
176.709,83.588,48.228,41.236
153.131,64.075,46.453,42.911
152.414,60.685,45.445,43.853
150.888,57.854,44.785,44.366
143.706,55.674,44.648,44.611
136.794,53.658,44.572,45.281
131.434,51.335,44.566,46.096
126.707,49.649,44.474,46.696
127.182,48.065,44.628,47.184
126.805,47.525,45.023,47.551
122.783,46.504,45.292,47.869
123.644,45.512,45.736,47.847
124.074,45.378,46.469,47.598
120.535,44.139,46.805,47.606
121.285,44.694,47.573,47.527
121.512,44.824,48.140,47.664
117.571,45.529,48.423,47.779
118.360,46.710,48.638,47.953
118.605,47.955,48.370,48.854
114.817,47.414,48.225,49.226
116.173,46.657,48.151,49.639
117.822,45.731,48.220,50.002
118.192,45.922,48.288,50.430
118.928,45.916,48.413,50.850
120.309,45.297,48.561,51.289
122.096,44.690,48.747,51.596
123.014,44.543,48.954,51.932
123.892,44.759,49.095,52.415
124.606,44.918,49.381,52.683
125.272,45.014,49.745,52.849
125.444,45.452,50.191,52.874
125.309,45.256,50.561,53.217
125.227,45.098,51.158,53.448
125.609,38.917,52.317,53.189
124.638,25.868,54.640,51.992
123.478,25.778,56.327,51.548
122.176,25.120,57.898,51.341
120.802,24.969,59.018,51.421
119.204,24.550,60.063,51.561
118.887,24.306,61.059,51.881
116.194,19.684,61.473,52.151
115.236,21.137,62.783,52.225
114.454,22.295,64.263,52.379
114.456,23.170,65.374,52.764
114.113,23.631,66.377,53.323
114.380,24.646,67.341,53.866
114.751,25.099,68.100,54.566
115.033,26.318,68.441,55.531
114.868,27.345,68.931,56.313
114.639,28.714,68.716,57.554
115.782,29.680,68.626,58.749
117.441,30.871,68.503,60.088
118.201,32.006,68.513,61.615
118.028,33.936,68.102,63.050
119.901,34.727,67.519,64.616
120.981,33.696,67.473,65.995
121.528,32.295,67.485,66.952
122.289,32.161,67.559,67.736
121.970,31.804,67.567,68.458
122.902,31.735,67.634,69.142
124.148,32.384,67.953,69.721
124.113,31.937,68.101,70.222
125.415,31.019,68.396,70.551
125.071,31.520,68.409,71.136
125.846,32.315,68.397,71.944
125.140,33.323,68.144,72.749
126.613,33.700,67.743,73.850
125.809,34.233,67.327,74.930
126.314,33.848,67.245,75.641
125.869,32.927,67.572,75.831
125.370,32.454,68.019,75.845
125.506,30.833,68.414,75.836
124.863,30.845,68.355,76.282
125.177,30.657,68.037,76.846
124.788,30.559,68.104,77.091
123.987,30.000,68.313,77.149
123.984,28.796,68.705,76.796
123.701,29.861,69.103,76.346
122.570,29.391,68.511,76.466
122.077,28.436,68.382,75.882
120.497,28.133,68.130,74.848
119.931,27.073,67.657,74.256
120.416,22.759,66.688,74.716
120.186,20.744,66.922,75.021
118.322,21.265,67.988,74.256
124.772,21.960,69.498,73.505
132.290,24.653,69.455,73.030
129.853,23.221,69.603,71.959
127.234,20.223,70.760,69.618
126.128,21.363,71.972,67.380
125.348,24.246,72.836,65.759
125.084,27.241,72.399,65.292
125.555,29.691,71.213,65.956
125.868,31.927,70.242,66.662
126.352,33.807,69.111,68.115
126.180,33.788,67.981,69.964
126.703,33.346,67.607,70.928
127.374,32.646,67.179,71.769
127.686,32.548,67.165,72.246
128.215,30.989,66.815,73.189
127.745,32.902,66.985,73.644
128.279,32.157,67.101,74.094
127.781,31.937,67.041,74.880
127.360,31.484,67.546,74.769
127.319,30.865,67.729,74.748
126.808,30.991,68.221,74.643
126.498,31.617,68.667,74.584
126.345,31.666,68.828,74.880
126.647,32.144,68.883,75.108
127.520,32.151,69.438,74.937
127.029,31.299,69.573,75.325
126.278,31.779,69.745,75.408
125.968,32.420,70.345,75.171
125.733,32.575,70.764,74.672
125.476,34.258,70.857,74.556
123.619,33.770,70.665,74.777
122.409,33.909,70.427,74.905
120.948,33.472,70.519,74.544
119.967,33.643,70.530,74.041
119.007,33.202,70.179,73.624
118.215,41.608,69.602,73.156
118.866,42.206,69.196,72.317
119.864,43.483,68.673,71.471
120.561,45.085,68.482,70.153
121.888,53.892,67.236,70.387
123.821,52.541,66.105,70.836
126.430,51.843,65.375,70.651
127.947,51.118,64.849,70.381
129.100,49.718,64.272,70.145
128.808,50.524,63.998,69.502
129.434,51.074,63.367,69.210
131.196,51.393,62.807,68.728
132.614,51.210,62.348,68.565
134.480,52.133,61.720,68.338
134.835,51.468,60.489,68.720
135.703,51.835,60.067,68.335
134.908,50.779,59.686,68.192
135.399,51.014,59.003,68.215
134.202,50.220,58.855,67.988
134.193,49.865,58.655,67.564
132.945,48.406,58.582,66.734
134.435,49.230,58.711,66.038
133.292,50.144,58.984,65.434
134.067,49.832,58.844,65.278
134.819,49.899,58.613,65.326
134.505,51.032,58.665,65.415
134.933,50.917,58.531,65.628
134.906,50.554,58.528,65.748
135.045,49.783,58.638,66.039
134.244,49.401,59.116,66.065
134.428,51.323,59.775,66.128
133.542,52.023,60.356,66.246
133.472,53.541,61.161,66.369
133.396,53.115,61.442,66.696
133.761,52.831,61.423,67.377
134.258,51.927,61.172,68.394
134.332,51.416,61.125,69.060
135.034,49.940,60.896,69.816
134.869,49.269,60.682,70.306
134.242,47.430,60.854,70.829
134.136,45.569,60.898,71.347
135.537,43.046,61.390,71.578
134.683,41.303,62.083,71.895
134.594,37.841,62.689,72.094
133.781,37.030,63.099,72.119
133.006,35.868,63.562,72.476
133.008,35.215,64.195,72.719
131.030,34.016,64.713,73.080
130.728,34.640,65.151,73.498
131.574,35.709,65.206,74.188
131.349,36.201,65.098,75.245
131.709,36.545,65.029,76.457
132.502,36.582,64.769,78.016
133.010,37.144,64.652,79.531
132.956,36.923,64.422,81.204
134.301,36.731,64.484,82.359
134.477,36.608,64.272,83.684
133.530,37.031,64.276,84.909
134.183,36.364,64.399,86.164
134.484,36.859,65.065,86.628
134.662,37.203,65.823,86.926
134.393,36.680,66.423,87.480
136.101,35.910,67.275,87.898
136.737,35.781,67.731,88.574
137.666,36.143,68.238,89.162
138.082,36.398,68.423,89.784
138.873,35.984,68.685,90.437
139.293,36.508,69.071,91.157
139.480,36.045,69.090,92.202
139.767,35.923,69.521,93.091
140.453,35.702,69.917,93.837
140.656,35.287,70.212,94.786
118.333,38.127,71.706,93.230
117.651,37.889,71.928,92.944
117.068,37.931,72.127,93.192
116.708,36.893,72.425,92.638
115.928,35.399,72.855,92.044
115.969,33.488,73.537,91.545
117.652,31.640,73.683,91.180
118.321,31.157,73.948,90.966
118.797,30.207,73.823,90.668
119.804,30.044,73.704,90.035
120.195,30.540,73.923,88.849
121.249,29.677,74.105,87.717
120.901,28.061,74.691,86.187
120.370,26.693,75.276,84.409
120.022,26.101,75.948,82.504
120.670,25.854,76.623,81.109
121.045,25.473,76.894,79.901
122.376,27.468,77.292,78.700
121.782,28.550,77.167,77.559
121.213,29.445,77.009,76.568
120.374,30.893,76.932,75.592
118.809,31.934,76.875,74.797
117.069,32.859,76.819,74.173
115.749,51.826,74.969,75.732
110.010,53.245,70.785,79.754
114.080,55.441,66.948,83.963
116.256,56.015,65.038,86.603
110.054,57.249,62.908,89.012
119.831,51.494,61.846,90.381
119.403,54.588,61.099,91.582
117.390,46.263,62.995,88.909
118.252,46.606,64.642,86.847
119.147,46.259,66.529,84.631
120.011,44.810,67.561,82.897
120.238,45.309,68.314,81.145
121.875,46.050,68.388,80.186
121.858,47.551,68.150,79.692
121.925,49.530,68.034,79.247
122.270,49.875,68.071,78.909
120.510,49.722,67.921,78.903
119.902,50.270,67.786,78.930
118.326,49.686,67.628,78.590
116.485,49.259,67.547,77.989
116.008,46.647,66.917,78.086
114.101,44.649,66.793,77.614
113.507,43.176,66.999,76.748
113.064,40.705,67.205,76.099
114.113,37.679,67.875,75.272
114.249,35.019,68.476,73.920
113.373,32.977,69.183,72.400
113.946,31.871,70.077,71.145
114.063,30.703,70.386,70.731
111.946,31.503,70.782,70.626
112.505,30.665,71.354,70.607
113.318,31.028,71.508,70.684
113.453,30.167,71.187,71.362
113.634,29.779,70.989,71.995
112.956,29.123,70.536,72.422
113.325,27.325,70.586,72.857
113.878,25.341,71.059,72.849
113.905,25.298,71.592,72.971
115.424,25.655,71.941,73.252
115.748,25.741,72.474,73.121
116.356,26.772,72.777,73.201
116.579,26.783,72.870,73.412
117.258,27.734,72.625,73.664
116.018,27.194,72.392,73.965
117.313,27.597,72.746,73.695
117.269,28.272,72.845,73.848
116.772,28.182,72.847,73.970
115.953,27.703,73.020,74.087
117.360,28.374,72.956,74.272
117.236,27.621,73.143,74.273
116.856,27.434,73.288,74.338
117.050,27.937,73.565,74.428
117.769,27.519,73.561,74.689
118.095,27.262,73.996,74.518
118.043,27.559,74.028,74.793
118.949,27.344,73.900,74.841
118.623,27.076,73.892,75.151
119.094,26.859,73.705,75.460
119.228,26.351,73.623,75.629
119.739,26.067,73.367,75.965
119.511,26.267,73.323,76.165
119.342,25.460,73.306,75.934
118.426,24.827,73.352,75.675
118.091,25.459,73.631,75.350
118.505,24.935,73.792,74.857
116.832,25.356,74.280,74.428
115.458,28.484,73.867,74.743
116.446,27.749,73.335,75.034
114.839,30.007,72.518,75.581
114.305,30.700,72.108,75.642
114.152,31.849,71.927,75.886
113.731,32.048,71.356,76.568
113.037,32.854,70.640,77.282
111.696,33.886,70.192,77.761
113.920,34.376,69.607,78.510
113.700,35.631,68.806,79.458
113.441,34.735,68.218,79.996
113.736,34.233,67.675,80.766
113.885,34.353,67.230,81.162
114.044,34.405,67.296,81.110
113.835,36.536,67.205,81.130
112.658,35.607,66.941,81.361
112.398,35.715,66.490,81.736
112.961,35.864,66.160,82.006
111.907,36.117,65.979,82.233
113.734,36.173,65.442,82.728
114.075,35.528,65.311,83.267
113.285,36.192,64.836,83.862
113.375,36.262,64.426,84.272
112.875,36.016,64.074,84.840
111.561,35.226,63.937,85.196
112.602,35.335,64.971,84.652
111.920,35.633,65.567,84.289
110.332,36.626,66.230,84.311
109.768,37.671,67.386,83.949
110.035,38.108,68.410,83.661
110.567,38.559,69.869,83.240
111.601,38.351,70.562,83.777
112.512,38.354,71.431,84.363
113.050,39.732,71.887,84.954
113.653,40.848,72.408,85.341
113.127,41.655,72.942,85.919
113.201,42.102,73.147,87.123
112.192,42.705,73.313,88.019
109.966,33.814,74.583,87.610
108.748,35.447,75.586,87.474
106.448,37.355,75.742,88.287
106.149,37.454,75.984,88.511
105.712,38.525,76.133,88.952
105.238,38.756,76.087,89.162
104.992,38.002,75.952,89.343
104.433,37.704,75.902,89.681
105.239,37.669,76.212,89.721
106.140,37.391,76.019,90.224
107.380,37.051,76.374,90.252
107.264,36.420,76.100,91.080
108.532,36.487,76.520,91.163
109.716,35.546,76.377,91.566
112.107,35.156,76.694,92.017
111.172,33.830,76.890,92.560
