144.000,63.000,57.000,89.000
143.620,67.568,56.130,88.673
143.582,64.122,54.727,89.893
143.359,63.790,53.874,90.216
143.251,63.747,53.486,89.967
143.937,64.484,53.203,89.495
143.973,64.847,52.780,89.322
145.025,64.048,52.289,89.417
144.663,64.641,51.760,89.374
145.620,64.150,51.471,89.126
145.650,64.861,51.191,89.117
145.176,63.743,50.626,89.003
144.753,64.263,50.703,88.449
144.867,64.983,50.509,88.040
146.626,65.298,50.648,87.574
146.369,64.305,49.965,87.799
145.329,63.753,49.762,87.464
145.808,65.222,50.016,86.636
145.324,64.900,49.650,86.291
146.735,64.319,49.488,86.265
146.257,65.904,49.749,85.812
145.837,65.341,49.160,85.885
146.356,66.574,49.904,84.877
146.479,65.035,49.126,85.406
146.355,65.679,48.860,85.184
146.986,66.540,49.562,84.125
146.308,64.834,49.007,84.563
145.826,65.979,48.632,84.630
146.521,65.322,48.951,84.176
146.941,66.900,48.759,84.007
147.675,65.375,48.383,84.168
147.812,66.527,48.018,84.222
147.982,65.455,47.707,84.336
148.029,66.543,47.691,84.149
147.831,62.893,47.108,84.515
146.641,64.992,47.172,84.199
146.325,65.692,47.706,83.555
145.643,65.035,48.021,83.412
145.966,63.768,48.495,83.426
145.477,65.082,49.510,82.513
144.091,65.182,49.764,82.226
145.663,63.120,49.438,82.722
144.382,64.944,49.862,81.486
144.984,63.266,50.464,80.739
145.541,65.444,51.182,78.941
145.199,64.451,51.071,78.127
144.720,63.262,50.831,77.281
144.461,62.080,52.040,75.532
145.229,67.371,51.235,75.838
143.990,67.783,50.583,76.253
145.606,67.431,51.863,76.371
144.810,69.012,51.553,77.417
145.284,67.497,53.221,77.060
143.866,65.788,54.192,77.559
144.432,69.553,53.693,78.070
144.624,68.771,53.302,78.996
144.840,66.929,53.251,79.690
143.021,64.671,54.944,79.260
142.796,64.604,56.461,78.544
141.362,65.363,57.358,78.436
141.835,68.253,58.395,78.026
142.236,67.061,59.004,78.470
141.702,65.092,59.399,79.206
141.027,65.961,60.084,79.470
141.850,65.575,60.800,79.729
141.967,65.558,61.333,80.000
140.543,66.249,61.402,80.949
139.113,66.418,61.648,81.646
138.924,64.994,61.667,82.780
138.160,65.357,62.197,83.201
137.543,65.881,62.889,83.464
137.570,66.052,63.131,84.255
137.489,64.842,62.962,85.930
138.319,65.855,63.382,86.489
137.989,67.032,63.333,87.586
138.783,65.219,63.572,88.451
137.878,65.273,63.519,89.229
138.544,66.021,63.978,89.518
140.997,66.675,62.600,91.097
140.214,66.447,61.846,92.457
140.949,66.633,61.512,93.666
140.750,67.684,61.345,94.362
141.995,67.865,61.044,95.058
141.571,66.012,61.167,95.520
140.849,64.483,61.102,96.269
142.267,63.935,60.940,96.935
141.377,65.743,61.534,96.562
141.651,66.246,60.907,96.705
142.069,67.314,60.529,96.676
141.250,66.258,60.505,96.247
141.915,66.282,60.236,95.804
139.912,66.422,62.319,93.846
137.787,66.108,64.147,92.537
135.868,66.561,66.136,90.934
136.298,67.512,67.820,89.511
135.921,67.055,69.098,88.683
136.266,67.568,70.252,87.711
136.143,68.121,70.884,87.357
135.981,68.300,71.368,87.033
135.700,68.535,72.266,86.525
135.514,69.259,73.096,86.382
135.485,70.159,73.812,86.237
135.651,68.086,74.200,86.711
136.398,68.874,75.091,86.463
136.384,67.890,74.931,87.097
135.893,66.313,75.640,86.934
135.366,66.789,76.232,86.871
135.613,66.039,76.572,87.093
134.312,66.562,77.554,86.748
134.254,66.492,77.641,87.281
135.512,65.371,77.496,88.165
134.873,66.476,77.759,88.315
134.700,66.161,77.756,88.987
135.148,65.757,77.798,89.533
135.567,65.862,77.423,90.053
135.489,64.361,77.675,90.647
136.413,64.504,78.222,90.540
135.401,67.059,78.393,90.601
135.140,64.397,78.271,91.020
135.606,64.621,78.586,91.218
134.294,65.506,78.707,91.564
134.511,64.815,79.000,92.157
132.684,64.462,78.945,92.905
131.278,65.863,78.932,93.149
131.659,64.958,78.929,93.381
130.692,66.118,80.032,92.713
130.328,65.291,81.233,92.308
127.136,65.906,82.860,90.906
125.079,65.757,84.420,89.426
123.478,67.712,86.384,88.193
121.008,71.814,87.998,86.856
98.233,71.035,85.610,89.585
97.174,71.727,80.575,93.756
93.949,70.327,79.249,94.580
90.873,70.815,78.228,94.861
88.848,68.846,77.549,95.577
88.580,69.890,76.665,96.011
88.655,67.819,76.198,96.191
88.476,68.454,76.052,96.204
88.275,68.496,75.780,96.400
87.956,68.330,75.612,96.552
87.671,68.775,75.841,96.220
87.457,69.226,75.992,95.998
87.906,67.742,76.143,95.956
87.664,68.698,76.183,95.526
87.950,68.317,76.008,95.856
87.884,68.024,75.843,95.982
87.030,68.217,75.895,95.652
86.928,68.717,76.317,95.012
86.556,68.281,76.403,95.339
86.834,67.134,76.495,95.827
87.340,64.301,76.180,97.421
87.821,62.544,75.758,99.038
86.718,64.264,75.677,100.141
88.386,63.397,75.792,100.791
89.802,64.493,76.209,101.159
90.003,62.039,73.417,103.056
90.843,63.643,74.427,102.738
91.307,65.833,75.225,101.547
90.287,66.371,75.850,100.568
89.578,68.109,76.229,99.774
90.294,68.612,77.275,98.157
89.270,69.981,77.383,97.296
89.405,69.455,77.855,96.541
89.608,70.485,77.749,96.132
91.502,70.905,77.452,95.580
91.326,71.836,76.706,95.587
93.788,72.271,75.854,95.325
92.633,72.283,75.111,95.360
91.240,69.601,74.681,95.242
90.905,71.194,74.721,94.625
92.570,71.933,74.239,94.359
91.514,66.947,71.158,95.888
94.193,66.742,68.541,97.075
95.138,67.961,68.771,96.571
94.252,67.554,68.984,96.245
95.079,67.801,68.929,96.335
93.458,64.775,67.000,97.562
95.101,62.840,64.992,99.501
96.265,65.410,63.535,100.160
96.217,63.715,63.098,101.013
96.570,64.719,62.497,101.041
97.160,64.668,62.021,101.280
96.729,63.606,61.977,101.578
96.973,63.062,61.362,101.704
96.804,65.501,61.101,101.082
94.195,67.233,61.215,101.234
91.217,67.419,61.067,101.357
86.703,67.556,60.952,101.137
83.502,66.391,60.754,101.393
81.008,65.701,60.207,101.632
76.925,66.835,60.170,101.076
73.478,67.037,60.271,100.576
69.346,67.102,60.231,100.375
64.979,69.921,60.249,100.540
60.479,67.795,60.467,100.597
57.809,65.998,60.630,100.378
55.294,68.116,60.459,100.182
53.339,68.486,60.332,100.570
51.329,65.864,60.472,100.550
49.096,68.771,60.805,100.024
47.230,67.938,61.031,99.920
47.153,70.393,60.929,99.526
46.293,68.773,60.880,99.567
45.464,70.079,60.702,99.580
45.180,68.592,60.896,99.224
43.665,69.679,60.953,99.009
43.034,68.403,61.024,98.780
42.892,70.201,60.868,98.388
42.306,68.470,61.001,98.180
43.375,70.073,60.809,97.538
42.947,69.138,60.657,97.748
43.424,69.201,60.682,97.219
43.852,71.167,60.649,96.888
43.510,68.370,60.592,97.047
43.205,70.300,60.658,96.453
42.825,69.207,60.543,96.615
44.038,70.088,60.521,96.066
44.179,70.401,60.538,95.821
44.411,71.067,60.636,95.488
43.461,70.765,61.013,95.392
43.481,70.934,61.072,95.401
43.572,71.292,61.148,95.390
43.343,71.398,61.322,95.345
43.011,71.683,61.457,95.252
43.128,71.529,61.608,95.521
42.844,71.988,61.579,95.736
42.465,69.878,61.573,96.088
43.107,70.876,61.288,95.952
42.830,71.251,61.329,96.090
42.999,71.622,61.289,96.313
43.430,71.326,61.321,96.547
43.062,72.121,61.178,96.816
45.813,72.180,60.579,97.578
49.678,71.829,60.172,98.223
53.226,71.993,59.729,98.577
57.670,71.419,59.028,99.138
62.224,72.887,58.670,99.251
71.484,71.978,58.466,99.539
75.235,71.481,57.981,100.020
78.878,70.627,57.436,100.528
82.201,70.600,57.285,100.527
85.990,70.035,56.949,100.650
89.986,69.391,56.681,100.668
93.876,70.196,56.609,100.195
98.346,70.121,56.265,100.105
101.645,69.147,56.397,100.215
104.070,70.689,56.861,99.398
105.660,67.677,56.374,99.588
105.840,68.632,56.104,99.401
107.839,68.995,55.699,99.140
107.574,67.856,55.640,98.755
107.069,67.115,55.947,97.821
106.711,69.533,55.948,96.999
106.449,68.709,55.686,96.610
107.657,68.152,55.395,96.178
106.083,70.559,55.838,95.295
106.893,67.120,55.594,95.631
105.902,68.759,55.883,95.130
103.240,70.528,56.785,94.748
95.246,68.501,56.321,96.269
91.859,69.326,56.704,96.127
87.635,70.595,57.105,96.228
83.135,70.812,57.082,96.806
79.378,71.069,57.395,97.419
76.198,69.791,57.958,97.649
74.075,69.663,58.545,97.458
70.975,70.485,59.005,97.785
68.971,68.430,59.234,98.208
67.185,69.513,59.579,97.815
65.510,68.970,60.080,97.494
66.052,69.428,59.934,97.646
66.243,68.911,59.984,97.495
68.489,69.058,59.368,98.842
71.502,70.433,59.222,99.446
75.539,69.375,58.798,100.045
79.945,70.284,58.475,100.369
88.162,71.636,58.735,99.734
92.005,70.158,57.926,100.347
95.801,69.904,57.289,100.331
100.495,70.575,56.573,100.731
105.173,71.373,56.266,100.499
107.320,71.731,56.286,99.642
108.281,69.387,56.097,99.445
106.353,71.203,56.159,98.586
106.665,72.856,56.200,98.244
108.064,71.321,55.855,98.535
106.177,71.862,55.530,98.496
107.265,71.217,55.173,98.839
107.053,70.776,55.204,98.573
106.141,71.404,55.586,98.233
104.743,69.465,56.511,97.386
100.836,71.618,56.844,96.603
97.516,70.818,56.731,97.035
90.024,70.794,56.449,97.528
87.214,69.624,56.653,97.427
83.331,69.184,56.843,97.413
79.303,70.188,57.096,97.207
75.176,70.886,57.335,97.216
70.837,71.336,57.370,97.427
63.955,70.124,56.814,98.330
62.514,70.826,56.916,98.440
60.320,71.635,57.750,97.736
57.884,69.944,57.943,97.279
57.347,69.807,57.882,97.409
56.670,69.818,57.845,97.456
58.235,69.794,57.645,97.519
58.017,69.761,58.020,96.987
58.885,71.022,58.433,96.594
57.882,71.808,59.007,95.901
58.102,72.145,59.536,95.350
58.534,72.749,60.003,94.791
57.891,73.039,59.939,94.434
57.558,73.140,60.001,94.094
57.646,72.843,60.353,93.662
57.769,72.946,60.183,93.658
58.400,73.472,60.386,93.366
58.010,73.229,60.128,93.221
57.762,73.400,60.095,93.234
57.508,73.506,60.054,93.236
57.212,73.513,60.006,93.314
58.546,72.950,59.929,93.483
57.224,73.807,59.887,93.198
58.889,72.259,59.639,93.472
57.522,73.661,59.983,92.853
58.753,72.217,59.913,92.782
57.104,74.691,60.206,92.292
