51.000,47.000,25.000,62.000
49.714,45.799,25.167,61.751
35.739,39.529,25.811,61.118
33.536,43.062,26.337,60.613
38.759,41.730,27.019,59.724
31.900,45.121,27.479,59.078
32.324,43.431,27.754,58.730
38.403,46.967,27.989,58.531
42.695,46.247,28.111,58.288
42.596,42.700,28.285,57.667
43.588,41.943,28.084,57.517
45.136,41.384,27.429,58.214
58.742,40.841,27.341,58.124
64.497,41.590,26.871,58.538
63.571,40.119,27.221,58.110
81.777,38.115,26.213,59.323
95.718,38.053,26.306,59.767
92.137,35.047,26.765,58.901
85.539,33.855,26.234,59.826
88.655,32.499,26.187,60.388
85.998,30.775,26.285,61.093
82.420,32.187,26.204,62.071
83.189,33.651,27.503,61.135
89.622,37.681,28.455,60.210
76.561,44.588,28.569,60.397
74.921,44.978,28.412,61.357
80.809,38.578,28.162,60.898
78.552,37.138,28.177,60.115
71.310,32.124,28.941,57.658
62.912,28.326,29.133,56.941
62.106,27.452,28.560,57.800
70.897,32.146,27.975,58.595
82.115,31.429,27.732,59.296
88.739,31.535,26.730,61.157
105.871,30.749,26.881,61.297
117.367,32.632,27.391,61.035
115.478,33.023,27.692,61.014
110.765,31.624,28.264,60.289
129.216,36.805,28.149,60.856
136.727,34.628,27.127,63.155
144.158,36.274,26.468,64.671
150.339,34.494,26.438,65.295
151.468,34.524,27.087,64.961
149.191,36.227,27.372,64.815
150.338,34.694,27.723,64.406
148.682,34.778,27.696,64.776
121.347,36.192,27.688,64.909
106.907,41.517,27.850,64.835
101.621,37.873,27.408,65.800
102.307,37.166,27.090,66.903
103.726,31.931,26.785,66.848
105.363,25.932,27.966,65.129
104.891,25.800,29.098,63.930
113.528,26.289,28.356,65.622
119.714,26.265,28.653,65.812
120.658,29.826,27.797,66.519
111.345,31.583,28.258,66.398
109.954,32.638,28.470,66.144
102.116,33.950,27.842,67.466
101.364,32.011,27.421,68.238
122.917,25.401,27.129,69.014
136.082,26.423,27.296,68.834
128.911,26.700,27.238,69.591
130.610,28.314,26.565,70.701
128.963,31.811,26.192,71.884
128.781,34.420,26.215,72.226
130.388,42.451,26.143,72.513
141.604,53.207,26.244,72.363
139.805,58.237,26.614,71.503
125.959,65.431,27.135,71.094
125.991,56.498,27.400,70.537
120.024,56.089,27.466,70.834
110.256,56.996,27.414,71.615
101.422,53.845,28.491,69.388
93.983,54.273,27.721,71.100
103.349,60.815,27.431,71.759
116.317,63.310,26.744,72.911
124.687,65.075,26.105,74.054
133.029,66.114,26.035,74.978
146.697,73.143,26.101,75.573
133.102,75.247,27.736,72.990
139.083,73.392,29.295,70.652
152.998,68.320,30.104,68.980
160.007,67.866,30.816,66.995
166.844,68.708,30.619,66.430
180.123,66.903,29.536,67.594
175.128,65.873,28.757,68.949
173.896,64.474,28.142,70.255
174.497,65.076,27.472,71.757
173.826,64.485,28.206,70.525
191.015,43.583,36.116,62.005
177.058,33.646,42.748,54.968
173.504,28.118,45.314,51.541
171.672,28.389,46.007,49.335
164.059,23.746,46.567,47.663
156.225,25.812,46.281,46.457
149.154,34.132,46.497,45.986
155.226,36.682,46.904,45.378
149.334,39.058,46.085,45.443
135.258,47.200,45.380,45.366
132.399,45.917,40.880,50.118
138.631,45.792,36.566,54.816
139.287,46.620,32.987,59.555
133.161,36.747,31.084,62.332
170.104,31.853,29.623,64.913
177.455,25.545,28.106,67.388
178.653,18.774,27.061,68.907
185.421,19.086,26.358,69.516
191.459,27.974,26.325,69.576
177.905,29.812,26.212,70.318
177.854,30.598,26.187,70.361
172.331,38.762,26.332,70.425
164.640,42.495,27.552,69.169
140.218,43.652,27.102,70.506
133.956,44.092,26.764,71.469
126.782,46.504,26.478,72.438
126.724,51.029,26.324,73.540
126.893,48.618,26.178,74.925
124.679,49.032,25.657,77.064
125.337,51.300,26.269,77.444
144.965,51.521,26.782,78.064
146.127,51.080,26.955,78.880
151.861,51.250,26.744,79.364
149.947,51.510,27.118,79.283
149.478,42.042,27.729,78.134
147.630,40.602,29.667,75.437
170.677,32.766,29.496,76.282
177.621,33.964,29.678,77.534
177.929,35.462,29.801,78.755
176.781,38.101,29.519,79.854
169.623,33.699,29.752,80.337
168.899,36.277,29.246,82.108
168.680,36.872,29.559,82.449
160.883,32.629,29.571,83.211
144.364,33.587,29.917,84.022
136.051,29.195,29.903,84.617
135.178,27.315,32.376,81.397
135.109,23.540,32.097,81.912
142.519,20.173,31.821,82.856
142.672,28.074,31.300,84.673
