176.000,75.000,47.000,102.000
173.725,72.212,48.064,100.093
173.014,75.509,47.513,99.901
171.630,79.837,49.416,97.584
169.998,82.694,50.889,95.691
169.047,85.623,52.057,93.963
169.188,89.192,53.437,91.985
167.955,95.977,57.621,87.584
164.472,100.800,60.561,84.100
161.849,102.613,62.211,81.824
157.258,103.060,62.713,80.282
155.668,104.612,63.413,78.289
153.201,106.414,63.423,76.946
147.641,107.709,64.395,74.811
141.371,108.758,65.782,72.348
138.901,107.689,66.820,70.203
138.054,105.072,66.914,68.882
135.321,95.102,65.857,68.834
132.686,92.042,64.336,69.281
131.103,89.514,62.626,69.229
130.481,88.239,60.673,69.346
131.856,84.088,56.152,73.220
133.183,80.802,52.761,76.707
133.945,81.242,50.047,79.764
133.906,83.242,47.587,83.052
134.318,82.124,44.501,86.894
134.160,89.419,43.923,86.974
136.000,86.670,43.731,86.324
138.379,82.599,43.013,85.813
140.365,74.744,42.151,86.125
140.406,64.941,42.245,85.353
140.189,61.740,42.660,84.362
139.151,54.162,43.784,82.870
138.275,45.158,44.330,82.588
141.892,46.304,45.317,82.099
143.726,46.564,46.430,81.058
144.578,47.302,48.002,79.713
145.831,49.125,51.271,76.228
142.210,52.339,53.286,73.716
139.985,56.821,54.706,71.934
140.729,62.077,54.941,71.353
138.574,66.022,54.863,71.289
139.433,74.270,52.212,75.009
140.042,82.523,50.142,77.677
138.987,84.541,48.510,80.185
138.515,86.302,47.639,81.410
136.170,84.692,46.560,83.109
135.591,83.599,45.519,84.982
133.510,81.149,44.555,86.831
131.570,79.667,44.493,87.813
128.499,80.439,44.668,88.679
125.042,80.316,44.883,89.160
122.229,80.420,45.379,88.803
118.944,80.385,45.628,88.595
116.771,79.271,46.159,88.182
116.118,77.253,47.203,87.449
123.241,78.015,46.939,87.875
123.271,78.141,47.489,87.674
130.896,76.412,47.789,87.865
133.403,77.243,48.106,87.580
135.294,77.231,48.284,87.835
138.427,77.409,48.686,87.716
146.342,74.080,49.744,87.860
148.725,70.387,50.100,88.484
150.107,65.100,50.473,89.126
151.630,63.437,51.398,89.027
154.874,61.043,51.643,89.193
157.446,60.825,51.438,89.917
160.726,61.438,51.475,90.310
164.144,62.190,51.506,90.662
166.889,63.175,51.128,91.561
169.365,63.966,50.916,92.354
172.880,63.462,50.611,92.977
174.844,63.255,51.035,92.960
178.301,62.523,51.227,92.904
178.559,64.371,52.198,92.387
178.491,66.004,52.246,92.775
178.178,67.331,52.353,93.342
176.422,77.159,51.942,94.078
177.486,77.314,51.553,94.510
177.382,76.088,51.259,94.838
176.947,74.519,50.640,95.778
176.609,73.361,49.911,96.028
178.082,73.290,49.613,95.638
180.828,71.809,49.061,95.474
182.767,69.192,49.080,94.549
182.758,66.093,49.350,94.309
181.883,61.694,49.572,93.689
179.586,60.920,49.817,93.866
179.217,59.180,49.870,94.241
172.294,55.151,46.961,97.269
176.285,56.386,47.048,96.649
176.452,59.369,48.756,94.432
176.290,71.930,54.547,87.530
173.857,75.243,59.819,81.850
171.946,75.930,63.261,78.086
171.806,75.861,65.763,75.404
172.571,75.214,67.533,73.744
172.471,75.528,70.149,72.296
170.732,76.715,71.865,71.305
170.452,78.302,73.152,71.054
168.952,79.423,75.174,70.385
169.095,80.516,76.587,69.926
167.917,80.622,77.385,70.111
166.162,88.602,77.410,70.150
163.846,87.639,77.040,70.127
150.218,86.663,76.029,69.679
139.456,84.425,75.800,68.882
137.534,83.385,75.074,68.478
136.259,82.176,74.000,68.224
133.525,81.364,72.379,68.043
132.341,81.652,70.556,68.189
130.667,81.372,69.072,68.071
130.506,80.282,67.188,68.485
135.088,74.219,62.038,74.450
136.428,73.974,58.779,78.917
137.597,80.371,56.483,82.320
138.889,79.849,54.247,85.488
142.295,77.866,52.520,86.783
143.809,74.270,50.830,87.742
145.888,62.082,49.457,88.601
146.934,59.001,49.158,87.725
148.261,60.750,52.789,82.255
149.015,63.107,55.970,78.098
147.408,65.205,58.222,75.431
146.703,59.286,60.077,73.592
143.160,41.339,62.431,72.015
143.685,39.531,63.391,71.666
141.119,40.115,64.160,71.079
142.116,42.587,64.873,70.318
143.037,47.177,64.633,70.176
143.129,52.311,64.369,70.346
142.745,56.236,63.817,71.156
142.806,62.148,64.073,71.335
153.783,87.661,59.655,76.035
143.895,97.709,61.063,75.464
141.711,106.481,62.517,73.140
141.403,106.517,62.853,72.151
141.082,105.612,62.229,71.996
139.180,106.166,62.235,71.256
136.288,106.864,63.029,70.184
135.364,107.619,63.892,68.962
132.082,115.249,66.063,66.740
129.224,116.867,67.414,65.282
121.096,89.917,63.514,69.847
140.760,80.168,64.270,69.986
149.573,80.311,65.288,69.809
155.971,79.131,66.006,69.811
154.825,77.730,66.662,69.656
154.461,78.753,66.958,70.128
161.802,78.133,66.956,70.797
167.517,70.764,67.669,70.058
166.116,71.704,67.748,70.247
167.763,65.220,68.105,70.042
170.397,57.796,68.087,70.140
171.128,59.864,68.833,69.879
171.611,59.722,68.380,70.908
172.397,59.029,67.839,72.470
175.340,56.377,63.789,77.953
178.480,54.098,60.461,82.335
179.886,52.561,57.403,86.720
182.360,51.232,55.080,90.361
188.760,44.650,58.596,86.897
188.184,45.595,61.833,83.980
186.857,45.728,64.301,81.793
185.240,48.556,66.766,79.765
183.542,69.357,68.291,79.247
181.151,81.863,69.696,78.018
179.660,93.787,71.019,76.646
178.610,95.872,72.060,75.767
178.040,104.101,73.592,73.865
177.858,103.821,74.073,72.896
176.945,102.754,74.067,72.853
174.596,101.143,74.174,73.158
174.752,99.214,73.507,73.983
175.096,96.838,73.098,74.247
176.712,95.039,72.742,74.609
178.091,94.653,72.583,74.721
178.102,94.089,73.532,74.372
175.151,91.774,73.553,74.518
175.496,91.136,73.612,74.574
175.464,90.385,74.036,73.994
174.980,83.820,74.632,73.530
176.555,86.383,75.361,72.973
177.909,77.940,75.925,72.821
179.456,79.370,76.297,72.439
181.022,80.634,76.477,72.226
181.009,70.127,76.496,72.723
181.083,68.489,76.864,73.080
181.514,68.109,77.333,73.275
181.654,77.088,77.902,73.717
181.849,76.639,78.709,73.704
181.542,77.730,79.372,73.627
180.577,78.179,79.542,73.901
170.050,79.248,79.391,74.968
160.812,87.938,80.147,74.180
158.918,87.625,79.630,74.021
149.749,88.105,79.278,73.557
140.299,87.556,78.042,73.542
138.169,88.036,77.091,73.706
136.589,88.094,75.807,73.711
136.235,87.450,74.300,73.918
135.377,86.870,71.766,74.533
133.925,85.829,70.085,75.147
135.158,77.600,65.132,80.381
136.140,74.671,61.004,85.845
139.827,78.925,57.936,89.724
144.325,76.280,55.510,92.130
147.516,69.776,53.423,93.422
151.357,66.665,51.773,94.629
154.881,55.203,51.173,94.038
152.104,46.104,51.363,93.241
151.766,35.271,51.530,93.127
146.360,35.143,50.696,93.780
148.442,35.246,50.809,93.519
155.432,38.139,55.860,88.215
153.249,38.906,59.273,84.622
152.097,38.125,61.714,82.189
151.061,41.801,63.507,79.872
148.768,45.597,64.333,78.635
146.493,49.170,64.762,77.792
145.150,52.457,65.042,77.347
138.318,54.918,60.994,81.382
141.060,55.887,57.806,84.638
142.365,78.917,60.923,82.388
