150.000,53.000,40.000,148.000
147.301,50.891,40.521,149.525
144.566,49.732,40.720,151.962
142.496,45.487,41.303,153.533
139.999,40.786,41.727,156.127
137.251,40.087,42.363,157.577
134.462,42.556,43.174,158.348
131.446,47.640,44.333,158.350
129.381,53.951,45.839,157.443
126.682,61.840,47.031,157.131
123.877,67.238,47.908,156.799
121.583,67.577,48.604,156.617
120.240,70.640,49.149,156.168
118.984,70.399,49.607,155.903
118.176,72.136,49.701,156.181
117.622,70.728,49.663,156.433
117.670,67.911,49.458,156.419
117.364,64.309,49.221,156.324
115.849,64.693,49.397,155.822
114.575,62.336,49.266,155.823
113.930,61.836,49.197,156.204
113.078,60.296,49.436,156.518
112.369,60.653,49.702,156.391
112.161,61.039,49.946,156.486
111.719,61.735,50.337,155.953
110.894,64.399,50.939,155.256
110.789,66.476,51.423,154.795
111.459,68.146,52.054,154.273
112.922,67.523,52.107,154.506
114.205,67.517,52.079,154.609
116.704,65.292,51.505,155.510
119.351,61.886,50.690,156.649
121.850,61.976,49.948,158.312
124.367,57.713,49.046,161.038
125.823,53.572,48.676,163.259
127.178,50.624,48.562,165.177
128.374,46.895,48.605,166.671
129.077,42.564,48.467,168.573
131.033,42.832,48.352,170.320
132.807,40.630,48.425,172.019
134.048,36.819,48.576,173.536
136.310,34.246,48.793,174.886
138.867,35.053,49.225,175.368
140.957,39.685,49.958,175.476
143.406,44.226,50.927,174.901
145.140,44.162,52.114,173.655
147.003,45.827,53.303,171.586
149.212,47.270,54.056,169.783
151.968,52.212,54.512,168.297
155.505,51.259,54.768,166.812
159.166,52.766,55.164,165.238
161.515,55.097,55.804,163.074
163.307,55.284,56.278,161.116
164.793,54.133,56.827,158.739
165.831,56.017,56.810,157.272
167.076,57.163,56.532,156.842
168.469,58.216,56.136,156.976
168.511,54.287,55.827,156.839
169.754,52.526,55.373,157.138
170.081,51.953,55.078,157.711
170.263,50.954,54.854,158.139
170.368,50.494,54.549,158.813
171.354,52.415,54.569,159.222
171.180,51.345,54.587,159.534
170.864,53.412,54.856,159.369
170.361,53.201,54.717,159.891
169.744,55.874,54.828,159.360
169.631,58.320,54.934,158.677
169.655,60.311,55.073,157.636
169.143,61.368,55.040,156.800
168.742,61.403,54.405,157.631
167.225,60.644,53.984,158.316
165.274,58.329,53.259,160.713
163.623,53.607,52.304,163.964
161.710,47.447,51.753,166.559
159.724,45.493,51.506,169.191
157.596,42.260,51.009,172.099
155.491,37.309,50.814,174.388
154.425,35.359,50.425,177.059
152.691,31.312,50.160,179.139
149.191,29.944,50.321,180.476
146.423,31.334,50.068,182.701
144.043,32.396,50.225,184.252
140.561,34.660,50.675,185.337
138.190,37.505,51.665,185.229
134.553,42.391,52.987,184.457
131.713,46.435,54.286,183.030
128.246,50.392,55.770,180.891
124.935,52.908,57.117,178.678
121.174,56.435,58.369,175.956
119.129,61.375,59.512,173.423
117.544,64.011,60.125,171.440
115.790,64.855,60.227,169.622
114.889,65.210,59.899,168.222
114.419,64.986,59.408,167.058
113.198,63.852,58.669,166.135
111.748,62.971,58.220,165.017
111.545,60.270,57.412,164.941
110.665,60.353,56.860,164.300
110.088,60.677,56.123,164.741
109.407,59.224,55.662,164.858
108.402,58.760,55.818,164.193
108.889,58.688,56.122,163.684
109.039,60.749,56.420,163.019
110.052,61.830,56.100,162.962
111.832,59.822,55.767,163.195
112.636,59.136,55.423,163.644
114.919,57.232,55.141,163.247
117.925,55.513,54.512,164.103
120.862,56.759,54.060,164.337
123.525,55.440,53.709,164.685
125.711,52.927,53.599,165.062
128.038,51.994,53.547,165.506
130.235,50.995,53.310,166.786
133.050,49.002,53.398,167.679
134.743,49.787,53.267,168.532
136.266,50.405,53.269,169.015
137.618,53.106,53.600,169.564
137.943,59.103,54.694,168.975
138.044,62.252,55.071,169.475
138.401,60.175,55.622,168.736
139.020,61.255,56.369,166.240
139.279,63.057,57.012,163.033
140.195,66.349,57.388,160.493
141.308,67.794,57.234,158.728
141.891,68.299,57.090,157.168
142.469,69.056,57.073,155.332
142.993,70.427,56.847,154.549
144.595,73.147,56.837,153.170
146.595,70.916,56.740,151.766
147.853,72.684,56.233,151.190
149.327,71.154,55.770,149.983
149.835,70.852,56.001,148.465
150.348,69.150,55.704,148.627
150.492,68.104,55.159,149.358
152.166,66.921,54.141,150.702
154.520,67.121,53.175,151.538
155.676,64.934,51.887,152.770
156.657,63.339,50.748,153.441
156.871,66.203,50.002,153.837
156.532,64.028,49.344,154.625
157.082,60.979,48.667,155.916
157.457,56.630,48.196,157.665
157.885,56.104,48.235,159.237
157.951,53.830,48.219,160.935
158.330,52.160,48.424,162.492
158.212,48.436,48.460,164.728
158.418,44.102,48.572,167.232
158.516,41.098,48.957,168.821
158.631,40.566,49.708,169.801
