141.000,73.000,27.000,34.000
140.218,74.422,27.534,33.765
140.702,74.465,27.642,33.888
140.760,74.574,27.851,33.849
140.875,74.417,27.872,33.929
141.243,75.067,28.076,33.957
142.601,73.466,28.424,33.799
142.979,73.925,28.814,33.514
142.933,74.106,29.020,33.394
143.510,74.649,29.203,33.211
145.123,73.869,29.166,33.379
144.760,74.054,29.268,33.395
145.402,73.976,29.333,33.496
146.097,74.252,29.431,33.562
146.352,74.559,29.466,33.640
147.074,74.140,29.572,33.745
148.409,73.968,29.681,33.835
147.811,74.036,29.889,33.858
149.437,73.729,29.879,33.989
150.950,73.493,29.946,34.071
152.733,74.065,30.343,34.028
152.295,74.184,30.510,34.346
153.528,74.144,30.755,34.365
154.522,73.342,31.036,34.547
156.339,74.092,31.264,34.464
157.314,74.617,31.567,34.501
158.305,74.065,31.796,34.719
159.944,74.157,32.086,34.766
160.813,74.371,32.400,34.865
161.610,74.419,32.567,35.053
163.695,73.578,32.789,35.166
164.236,73.723,32.926,35.159
165.413,73.664,33.017,35.298
166.978,73.388,33.197,35.277
167.452,73.543,33.356,35.441
168.699,73.811,33.482,35.420
169.855,73.376,33.515,35.677
171.084,72.951,33.354,36.029
171.945,73.306,33.386,36.204
172.655,72.363,33.249,36.466
174.120,72.624,33.420,36.464
173.180,72.225,33.556,36.570
173.912,72.751,33.833,36.525
174.257,72.350,33.936,36.626
174.261,72.357,33.989,36.611
174.048,71.591,33.911,36.881
173.512,71.994,33.994,36.942
172.892,72.239,34.024,37.106
172.124,72.367,34.030,37.353
171.544,72.124,34.011,37.532
169.638,71.724,34.003,37.793
168.581,71.426,33.947,37.881
167.890,72.023,34.117,37.595
166.432,71.624,34.103,37.709
164.628,71.704,34.242,37.719
162.492,71.902,34.258,37.880
161.457,72.567,34.227,38.138
159.958,71.445,34.054,38.530
158.414,70.632,33.973,38.775
156.566,71.185,34.158,38.846
151.899,71.193,34.538,39.006
151.145,71.877,34.580,39.060
149.068,71.576,34.475,39.329
148.358,72.114,34.343,39.467
146.447,71.378,34.143,39.800
144.395,71.270,34.110,39.766
142.030,70.857,34.074,39.848
139.971,71.570,34.127,39.753
137.982,71.244,34.134,39.834
136.186,71.552,34.178,39.713
132.353,71.167,34.499,39.484
132.578,71.105,34.685,39.084
130.072,71.189,34.633,39.106
128.881,70.986,34.681,38.935
126.738,71.354,34.517,38.670
124.753,72.533,34.645,38.273
123.230,72.756,34.658,38.127
120.849,72.553,34.425,38.199
119.972,72.160,34.426,38.150
118.429,72.816,34.453,38.052
116.129,72.322,34.369,38.244
116.113,72.250,34.460,38.033
114.448,72.565,34.598,37.875
114.261,72.896,34.858,37.641
112.928,72.923,34.970,37.618
112.001,72.658,34.893,37.838
112.157,73.148,34.943,37.985
111.473,73.340,34.796,38.356
110.993,73.097,34.768,38.659
110.462,72.913,34.654,38.975
109.815,73.143,34.615,39.372
109.829,72.828,34.632,39.790
109.421,72.706,34.710,40.210
108.714,72.159,34.824,40.574
108.184,72.050,35.159,40.898
107.471,71.526,35.653,41.179
106.470,71.566,36.099,41.608
105.850,71.435,36.700,41.906
105.954,70.891,37.123,42.259
105.555,70.192,37.651,42.683
105.428,69.508,38.183,42.873
105.199,68.660,38.640,43.048
104.530,68.876,39.150,43.198
105.447,68.308,39.294,43.622
105.512,68.169,39.476,43.864
105.975,67.991,39.773,44.209
107.006,68.097,39.841,44.524
107.828,68.711,39.964,44.758
108.764,69.016,40.040,45.191
110.254,69.345,40.049,45.722
113.195,69.672,40.040,46.087
113.292,70.154,40.178,46.725
114.824,70.235,40.259,47.295
116.807,69.741,40.336,47.749
118.369,70.035,40.284,48.187
120.234,69.720,40.300,48.487
122.308,69.369,40.367,48.462
123.320,69.339,40.314,48.492
125.098,69.113,40.333,48.312
127.011,69.895,40.434,47.974
129.590,69.261,40.198,47.971
129.876,69.295,39.987,47.913
131.253,70.265,39.757,47.680
132.548,69.242,39.445,47.727
133.515,68.399,39.056,47.691
136.061,69.829,39.005,46.879
136.767,69.864,38.277,46.769
137.984,68.986,37.645,46.641
139.942,69.962,37.170,46.185
141.404,70.072,36.534,46.146
143.925,70.870,35.959,45.874
144.623,71.672,35.651,45.174
145.928,72.804,35.334,44.492
146.921,73.105,35.038,43.874
147.915,72.998,34.837,43.190
148.962,73.783,34.721,42.619
150.001,73.725,34.414,42.291
150.780,73.749,34.172,41.993
151.014,74.450,34.126,41.579
151.725,75.172,34.072,41.207
152.761,76.278,34.052,40.795
152.598,75.493,33.775,40.749
153.215,75.886,33.751,40.417
153.494,76.855,33.635,39.930
153.653,77.205,33.487,39.753
154.142,77.784,33.369,39.429
153.966,78.934,33.272,39.299
154.394,79.538,33.102,39.077
154.454,80.752,32.896,38.786
154.254,81.424,32.735,38.674
154.197,82.892,32.742,38.186
154.290,82.321,32.625,38.000
154.137,83.938,32.795,37.426
154.110,83.934,32.755,36.971
153.976,85.052,32.834,36.340
153.859,84.904,32.788,35.899
154.206,86.036,32.819,35.300
154.589,87.328,32.971,34.588
154.580,88.688,33.063,33.805
154.425,89.311,33.334,33.152
155.054,90.326,33.519,32.473
154.569,90.642,33.620,31.975
155.022,91.055,33.710,31.431
155.346,91.704,33.858,30.978
155.565,92.161,33.802,30.661
155.494,92.329,33.635,30.472
155.257,92.384,33.594,30.311
155.496,92.775,33.712,30.019
155.591,93.037,33.684,29.765
155.180,92.501,33.541,29.790
154.635,92.817,33.362,29.710
154.496,93.157,33.353,29.500
154.443,93.245,33.326,29.242
154.300,92.789,33.266,29.148
153.935,92.567,33.090,29.115
153.435,91.566,33.072,29.052
152.933,91.469,32.791,29.057
152.938,91.420,32.529,28.995
152.521,90.251,32.179,29.247
152.047,89.438,31.743,29.600
151.854,88.275,31.377,29.978
151.367,87.896,31.174,30.123
150.463,87.581,30.978,30.307
150.342,86.764,30.745,30.598
149.581,85.895,30.665,30.917
148.753,84.902,30.660,31.187
148.492,84.036,30.888,31.447
148.497,83.652,30.891,31.834
148.174,82.813,30.895,32.267
148.554,81.813,30.634,32.848
148.486,80.434,30.262,33.513
148.575,80.219,30.163,33.944
149.182,79.399,30.231,34.221
148.624,78.943,30.291,34.464
148.387,78.719,30.364,34.663
149.006,78.120,30.265,34.775
148.859,77.919,30.480,34.843
148.522,77.614,30.554,34.960
148.559,77.378,30.544,35.204
148.756,77.144,30.583,35.315
149.211,75.890,30.481,35.455
148.737,76.199,30.718,35.412
149.071,76.342,30.842,35.220
148.957,75.959,30.893,35.130
148.573,75.758,30.975,35.167
148.948,75.796,31.055,35.215
148.869,75.677,31.110,35.286
148.747,75.548,31.168,35.295
148.584,75.190,31.159,35.302
148.319,75.234,31.293,35.285
146.570,75.820,31.602,35.173
146.630,76.832,31.767,35.106
145.509,76.801,31.928,35.118
143.944,76.945,32.176,35.132
142.512,76.871,32.370,34.997
140.725,76.880,32.650,34.844
138.183,77.037,33.106,34.596
135.246,77.695,33.449,34.555
133.326,77.933,33.686,34.514
130.958,78.344,33.849,34.592
124.875,78.395,33.718,34.914
124.606,77.953,33.607,35.298
121.907,78.578,33.724,35.568
119.514,78.174,33.578,36.035
117.283,78.392,33.662,36.344
114.393,77.913,33.637,36.710
111.555,77.523,33.443,37.097
110.466,77.843,33.229,37.462
108.283,77.753,33.174,37.794
106.097,77.780,33.547,37.840
103.408,76.946,33.755,37.926
103.487,76.511,34.036,37.931
101.893,76.143,34.303,37.984
100.865,75.133,34.416,38.032
99.935,74.742,34.644,38.090
99.609,74.402,34.789,38.110
98.502,73.724,34.892,38.411
98.071,73.622,35.095,38.498
97.759,73.681,35.202,38.659
97.487,73.782,35.354,38.703
96.581,73.778,35.478,38.712
96.334,73.349,35.484,38.907
96.200,73.096,35.541,39.104
96.012,72.713,35.744,39.181
95.549,72.258,36.088,39.250
95.662,71.977,36.350,39.317
95.470,72.062,36.499,39.513
95.906,72.125,36.543,39.658
95.181,72.312,36.665,39.854
96.036,72.849,36.918,39.944
96.754,73.617,36.954,39.983
96.618,73.766,37.034,40.250
96.914,75.014,37.212,40.242
97.491,75.386,37.222,40.516
97.552,75.263,37.262,40.701
97.076,75.751,37.383,40.874
96.765,75.568,37.366,41.024
95.301,76.132,37.523,41.103
94.511,75.835,37.469,41.142
93.610,75.542,37.402,41.174
90.317,75.733,37.716,41.177
90.735,76.170,37.662,41.281
89.012,75.814,37.504,41.364
86.736,75.732,37.595,41.442
85.471,75.639,37.559,41.469
82.981,75.504,37.685,41.416
81.588,75.363,37.536,41.514
78.823,75.421,37.658,41.309
76.790,75.614,37.562,41.293
74.032,75.667,37.743,41.177
67.558,76.210,38.137,41.003
69.252,75.760,37.733,41.148
65.849,75.555,37.992,41.182
62.860,75.317,38.153,41.120
58.826,74.984,38.398,41.145
55.700,74.902,38.485,41.096
52.568,75.045,38.617,40.984
49.035,74.942,38.732,40.959
46.281,75.143,38.687,41.111
42.634,74.916,38.830,41.132
36.782,75.424,39.175,41.251
37.837,75.514,38.751,41.541
34.703,75.139,38.780,41.567
32.853,75.221,38.617,41.714
29.923,75.269,38.721,41.667
28.020,75.669,38.614,41.748
26.037,75.740,38.460,41.795
24.198,75.661,38.342,41.812
22.489,76.008,38.222,41.829
21.011,76.030,38.072,41.773
17.305,75.593,38.251,41.645
17.681,75.758,38.022,41.864
15.676,75.859,38.022,41.788
14.047,75.851,37.918,41.846
13.039,75.789,37.874,41.845
11.610,75.724,37.813,41.883
9.895,75.316,37.696,41.941
9.498,75.699,37.670,41.855
8.983,75.607,37.525,41.816
8.514,75.330,37.331,41.914
6.793,74.833,37.219,41.932
6.881,75.389,37.281,41.809
6.954,75.036,37.182,41.822
6.673,74.795,37.062,41.765
6.610,74.697,37.083,41.634
6.512,74.544,37.093,41.560
5.971,75.160,37.285,41.317
6.200,74.474,37.311,41.266
5.734,74.962,37.396,41.127
5.864,74.736,37.297,41.074
6.343,73.962,37.156,41.124
6.582,74.102,37.188,41.029
6.014,74.457,37.239,40.991
6.800,74.503,37.175,41.018
6.914,74.200,37.091,40.935
7.236,74.138,37.137,40.869
7.483,74.107,37.319,40.802
7.745,74.265,37.338,40.878
8.827,74.298,37.283,41.010
9.917,74.849,37.230,41.093
12.924,75.418,37.167,41.047
12.811,75.886,37.373,40.987
14.889,76.170,37.406,40.936
17.083,76.171,37.411,41.002
19.820,77.176,37.444,40.906
22.412,78.080,37.404,40.912
24.750,78.927,37.398,40.845
28.244,80.715,37.407,40.675
31.618,82.722,37.421,40.404
35.536,85.125,37.327,40.252
43.223,88.943,37.656,39.471
43.364,90.657,38.001,39.370
46.273,92.034,38.054,39.216
49.679,94.201,38.130,38.989
53.253,96.825,38.144,38.720
56.601,98.802,38.075,38.419
59.037,101.187,38.157,38.118
61.589,103.379,38.210,37.818
64.436,105.574,38.238,37.558
67.072,107.906,38.347,37.076
70.796,110.492,38.167,36.623
72.016,112.264,38.319,36.511
74.012,114.206,38.351,36.464
76.327,116.152,38.353,36.508
78.373,117.766,38.354,36.550
80.377,119.103,38.083,36.724
82.354,120.005,38.049,36.833
83.912,120.823,38.087,36.819
85.666,121.868,38.122,36.610
86.967,122.847,38.120,36.538
89.888,124.366,38.192,36.377
90.186,125.192,38.203,36.242
91.829,126.211,38.346,36.167
93.093,127.143,38.553,36.236
94.672,127.692,38.631,36.309
95.662,127.930,38.604,36.485
96.884,128.157,38.651,36.647
98.636,128.945,38.733,36.569
99.921,129.206,38.764,36.628
101.671,130.251,38.756,36.662
104.108,131.586,38.715,36.655
104.243,130.969,38.873,36.760
105.404,131.982,38.971,36.818
106.046,131.831,38.921,37.074
106.620,131.922,38.911,37.600
106.766,131.435,38.854,38.064
107.331,130.920,38.791,38.681
106.953,130.072,38.865,39.063
107.176,129.283,38.739,39.535
107.484,128.874,38.673,39.929
108.262,127.793,38.231,40.020
108.510,127.231,37.784,40.219
109.455,126.670,37.486,40.260
110.222,126.235,37.159,40.151
111.124,125.393,36.554,40.227
112.225,124.602,36.180,40.358
112.835,124.037,35.785,40.399
114.399,122.463,35.399,40.518
115.438,121.669,35.214,40.498
116.270,120.881,35.216,40.350
117.885,119.784,35.410,40.026
117.857,120.400,35.406,39.966
119.060,119.653,35.451,39.832
119.550,119.448,35.572,39.735
119.710,118.530,35.634,39.767
119.828,118.190,35.779,39.636
120.092,117.944,36.145,39.393
120.016,117.517,36.229,39.250
119.946,116.836,36.532,39.145
119.567,116.393,36.789,39.183
119.467,115.671,37.065,39.101
119.108,115.096,37.388,39.071
118.687,115.329,37.572,39.018
119.339,114.872,38.052,38.938
119.966,114.367,38.425,38.863
119.650,114.185,38.652,38.719
120.844,113.608,38.935,38.482
121.490,112.925,39.277,38.261
122.620,112.285,39.627,37.980
123.634,111.876,40.098,37.662
126.040,109.897,40.447,37.308
127.314,109.608,40.746,37.058
128.621,109.669,41.066,36.650
131.393,108.766,41.360,36.203
134.024,108.175,41.564,35.843
137.303,107.589,41.705,35.544
140.442,107.277,41.700,35.241
144.384,107.485,41.471,34.866
146.763,107.074,41.426,34.543
152.946,107.535,41.577,34.314
159.661,105.775,41.251,34.299
159.991,105.738,40.966,34.232
162.182,103.986,40.758,34.124
164.800,102.537,40.455,33.969
167.456,101.276,40.220,33.758
169.732,100.476,39.928,33.600
171.942,100.237,39.612,33.444
173.711,99.884,39.179,33.320
174.809,100.156,38.799,33.206
176.178,99.678,38.484,32.985
176.904,99.412,38.363,32.799
177.373,99.863,38.179,32.738
177.906,99.317,37.818,32.748
177.737,98.851,37.513,32.778
177.402,98.007,37.346,32.775
177.065,97.740,37.274,32.857
176.587,97.171,37.139,32.975
175.524,97.484,36.930,33.332
174.935,96.978,36.925,33.338
174.223,97.905,36.892,33.374
172.288,97.465,36.834,33.561
171.073,97.034,36.873,33.538
169.688,98.222,36.573,33.691
168.671,97.730,36.478,33.676
167.350,97.703,36.528,33.670
166.105,97.589,36.532,33.682
165.263,97.393,36.589,33.617
164.692,96.430,36.590,33.562
164.456,96.561,36.518,33.511
164.484,95.941,36.403,33.561
165.216,95.032,36.335,33.470
165.828,94.493,36.253,33.353
166.579,94.586,36.258,33.280
167.544,93.856,36.320,33.114
168.583,92.305,36.143,33.110
170.097,91.834,35.987,33.114
174.665,91.363,36.056,33.073
175.873,90.215,35.822,33.045
180.718,89.803,35.702,33.040
182.464,89.368,35.581,33.026
188.218,88.023,35.344,33.113
188.994,87.843,35.205,33.125
191.178,87.464,35.050,33.042
196.442,87.149,34.773,33.226
198.130,87.436,34.708,33.350
200.587,86.221,34.388,33.532
202.321,85.888,34.409,33.728
204.888,85.632,34.519,33.907
207.634,85.316,34.559,33.892
210.145,84.409,34.668,33.775
213.639,84.157,34.540,33.831
214.566,84.871,34.934,33.648
216.785,83.870,35.191,33.368
218.385,83.872,35.342,33.145
220.735,83.228,35.456,32.859
222.827,82.415,35.697,32.503
225.169,80.796,35.907,32.172
227.414,79.634,35.889,32.092
229.537,78.477,35.875,32.142
232.204,77.879,35.787,32.234
236.641,76.393,35.428,32.440
237.556,76.669,35.518,32.571
239.071,76.545,35.387,32.638
241.743,75.435,35.214,32.763
242.960,74.535,35.161,32.909
244.428,74.038,35.272,32.927
245.100,74.048,35.341,33.140
246.260,73.341,35.345,33.405
246.828,73.028,35.212,33.887
247.056,72.760,34.972,34.501
247.551,72.417,35.004,34.972
247.625,72.208,35.022,35.285
247.553,72.498,35.199,35.438
247.141,72.201,35.241,35.851
246.826,72.040,35.230,36.018
245.447,72.179,35.426,36.148
244.665,72.038,35.614,36.280
243.004,71.267,35.890,36.395
242.107,70.855,36.185,36.427
240.900,70.886,36.735,36.343
238.274,71.227,37.245,36.181
237.601,71.506,37.620,36.218
235.946,71.430,38.206,36.194
234.439,71.448,38.455,36.317
232.342,71.489,38.624,36.521
231.375,72.012,39.048,36.540
228.944,72.524,39.553,36.484
227.433,73.044,39.676,36.683
225.168,73.278,39.729,36.856
223.388,73.572,39.745,37.066
219.885,74.097,39.773,37.309
220.476,74.795,39.269,37.903
217.539,74.664,39.387,38.054
216.787,74.977,39.067,38.322
214.143,74.953,39.268,38.476
212.416,75.016,39.213,38.612
210.663,75.134,39.065,38.827
208.936,75.187,38.942,39.144
206.935,75.111,38.791,39.315
205.697,74.963,38.415,39.578
202.995,74.742,38.150,39.957
204.756,74.342,37.608,40.529
202.917,74.274,37.314,40.847
202.755,74.053,36.836,41.293
201.389,73.898,36.597,41.642
202.237,73.825,36.277,41.855
201.248,73.970,36.036,42.022
201.281,74.105,35.574,42.203
201.889,74.056,35.175,42.291
201.585,73.912,34.821,42.391
202.101,73.510,34.403,42.625
201.823,73.692,34.098,42.687
202.464,73.503,33.769,42.844
202.677,73.153,33.533,43.006
202.803,73.518,33.429,42.904
203.481,73.626,33.227,42.965
204.116,73.164,33.122,42.891
204.002,73.127,33.262,42.731
205.190,73.680,33.192,42.705
204.887,73.214,33.297,42.514
205.753,73.194,33.319,42.210
205.800,73.062,33.416,41.928
206.872,72.788,33.397,41.859
207.516,73.005,33.645,41.413
207.640,72.925,33.843,41.044
208.338,72.912,34.053,40.707
209.469,73.286,34.374,40.154
