129.000,80.000,64.000,78.000
117.230,78.036,65.823,76.710
110.652,76.765,67.155,76.016
103.841,71.780,68.539,75.174
97.566,66.901,69.474,74.841
92.177,64.446,69.513,75.048
92.945,62.567,69.345,75.427
90.110,65.586,68.840,76.189
91.509,70.649,68.067,76.976
88.548,77.061,67.380,77.717
85.265,82.174,67.391,77.857
83.119,84.270,67.682,77.883
75.079,84.572,68.565,77.496
68.336,84.259,68.816,77.750
62.043,81.371,69.394,77.813
57.759,77.596,69.245,77.404
59.812,71.410,68.683,77.047
58.637,69.629,68.237,77.131
63.775,69.293,68.018,77.078
68.989,68.538,67.790,76.880
72.806,73.737,66.838,77.600
76.293,76.727,66.252,77.721
74.987,80.802,65.677,77.505
83.106,79.339,65.226,77.756
85.881,83.189,65.128,77.682
91.599,79.810,65.296,76.541
94.408,78.062,65.092,75.852
101.160,73.560,64.804,74.704
105.342,63.840,64.776,74.047
113.407,60.035,64.513,74.381
122.823,54.812,64.290,74.443
133.931,58.169,64.412,74.163
135.929,65.808,64.544,75.272
138.425,65.127,64.304,75.705
139.670,69.147,64.199,76.546
141.959,67.794,64.078,76.905
143.517,70.668,64.937,77.083
142.342,70.237,65.267,77.209
141.530,68.768,65.915,77.357
143.889,65.216,66.883,77.277
142.074,67.406,67.752,77.516
140.043,63.444,68.437,77.298
140.672,64.541,68.889,77.473
139.248,66.793,69.387,78.077
139.632,65.446,70.210,77.826
138.822,69.110,70.549,78.559
136.712,67.414,71.152,78.636
137.104,67.350,71.733,78.655
136.760,65.702,71.974,78.877
138.235,66.964,71.720,78.886
140.906,60.796,71.024,79.120
142.905,56.228,70.220,79.003
149.349,54.096,69.570,78.126
153.793,53.097,69.134,77.625
154.474,61.303,68.162,77.820
154.518,67.341,67.415,77.498
151.917,74.059,66.914,76.977
153.463,79.182,66.444,76.266
152.086,80.504,65.943,75.776
148.750,75.648,65.950,75.140
148.132,69.041,65.201,74.612
154.146,63.289,64.587,73.646
160.424,61.575,64.304,72.495
164.194,63.154,63.062,72.365
163.244,64.820,62.125,72.171
164.507,67.641,61.564,71.915
159.989,68.705,61.387,71.405
151.965,68.713,61.448,70.975
146.045,69.476,61.033,70.435
140.393,70.725,61.366,69.446
131.616,65.906,61.284,69.192
128.437,63.050,60.176,68.866
127.125,58.337,59.120,68.586
132.527,56.748,58.621,67.579
133.209,60.457,58.195,67.161
131.238,61.666,58.015,66.718
133.299,65.819,57.804,66.125
131.579,66.995,57.753,65.653
130.108,68.514,57.358,65.774
127.917,68.834,57.101,65.636
124.160,69.623,56.984,65.391
123.842,67.277,56.230,65.115
128.079,64.104,56.198,64.392
131.055,63.231,55.604,64.113
135.536,61.939,55.882,63.451
144.529,67.317,56.643,62.851
149.641,69.530,56.496,62.840
157.014,70.112,57.184,62.281
164.308,69.137,57.049,62.037
168.417,66.609,57.069,61.559
170.730,65.522,56.980,61.311
171.734,63.942,56.864,61.024
174.858,62.113,56.496,60.794
173.309,56.822,55.988,60.424
175.389,54.546,55.450,60.217
174.878,53.127,54.825,59.983
172.851,51.679,54.275,59.741
172.989,55.578,53.658,59.636
176.546,60.079,52.799,59.630
174.488,64.086,52.769,59.694
170.562,68.941,52.407,59.891
165.730,72.079,52.706,59.646
159.110,72.468,52.923,59.337
155.504,72.010,52.753,59.190
156.269,67.791,52.372,58.592
161.188,63.391,52.634,57.476
163.185,61.477,52.858,56.783
161.855,62.097,53.129,56.569
162.162,66.209,53.720,56.492
163.571,68.720,54.090,56.160
163.272,71.989,53.816,56.178
163.197,73.123,53.443,56.043
164.772,75.748,53.468,55.378
164.979,78.136,53.140,55.042
168.853,78.426,53.286,54.159
169.882,76.261,51.871,54.339
170.062,71.496,50.613,54.338
172.689,70.587,50.862,53.499
174.207,73.649,50.937,52.660
172.021,78.114,51.064,51.983
170.477,81.251,51.213,51.235
166.678,84.044,50.841,51.029
162.212,83.956,50.373,50.761
161.489,84.685,49.460,50.745
160.884,83.419,48.748,50.625
159.538,81.221,48.283,50.151
155.662,79.948,48.017,49.918
152.017,77.553,47.215,49.806
149.344,75.081,46.909,49.353
147.017,73.291,46.432,49.548
147.329,68.832,45.721,49.630
146.160,65.696,45.590,49.309
141.990,67.945,45.696,48.828
141.341,69.977,46.473,47.861
141.659,72.337,47.039,47.269
138.813,76.575,47.598,46.869
137.490,79.540,47.794,46.707
136.223,80.576,47.669,46.490
135.126,80.852,47.149,46.820
139.034,78.019,46.947,46.578
143.911,78.164,47.161,46.144
148.952,77.653,46.973,45.624
158.580,80.143,46.801,45.463
162.957,80.854,46.183,45.481
166.425,80.744,46.030,45.205
169.012,81.097,46.092,44.917
169.073,83.820,46.697,44.791
169.924,84.102,46.926,44.900
172.805,81.751,46.453,44.949
170.891,79.998,45.834,45.068
170.455,78.955,45.422,44.943
165.873,78.584,44.932,44.815
162.470,75.393,44.300,44.698
162.909,75.949,44.104,44.352
160.461,78.743,43.874,44.184
159.563,82.120,43.918,43.519
159.806,84.391,44.064,42.690
158.466,84.536,43.459,41.993
163.742,86.010,43.526,41.081
165.137,86.720,43.090,40.439
166.563,86.704,42.780,39.837
167.437,89.120,42.500,39.379
169.500,88.668,41.750,38.840
168.808,88.070,41.047,38.558
168.497,88.528,40.721,38.166
166.046,88.536,40.429,38.026
164.085,89.026,40.017,38.087
162.150,89.809,39.455,38.346
161.139,88.769,38.723,38.707
159.891,88.192,38.393,38.997
155.488,88.557,37.857,39.464
151.844,86.841,37.339,39.787
148.323,87.610,37.527,39.686
145.556,87.663,37.101,40.095
143.676,88.942,37.461,39.703
143.169,89.687,37.544,39.730
143.091,89.283,37.521,39.800
144.484,87.908,37.872,39.836
146.504,86.536,37.964,39.882
148.424,84.536,38.237,39.968
150.015,82.365,38.294,40.087
151.487,80.335,38.463,39.797
152.276,79.996,38.653,39.818
150.488,80.087,39.115,39.566
147.917,80.361,39.076,39.619
146.737,79.640,39.083,39.708
145.589,79.191,39.391,40.047
145.189,79.733,39.276,40.369
146.350,78.329,39.095,40.676
147.260,75.683,39.402,40.470
145.365,74.590,39.866,40.365
148.775,72.754,39.809,40.329
149.679,71.441,40.685,39.840
150.161,70.976,41.927,39.245
144.274,67.833,41.638,40.074
143.066,66.056,41.912,40.389
141.091,69.684,42.891,40.644
136.010,69.489,43.359,41.107
134.273,73.498,44.369,41.409
131.522,70.961,44.561,42.046
133.960,71.884,44.948,42.287
135.259,68.772,45.942,42.320
140.729,67.263,46.611,42.421
144.426,64.070,46.657,43.084
146.608,60.720,47.243,43.576
152.128,60.784,47.509,44.080
155.585,64.636,47.945,44.724
157.871,64.968,48.210,45.414
162.131,65.486,48.777,45.655
164.850,64.968,48.572,46.268
163.782,60.837,48.142,47.057
165.855,56.194,48.274,47.262
168.372,52.417,49.282,46.990
172.218,54.584,49.551,47.614
167.261,57.191,49.389,48.634
167.537,63.213,49.277,49.724
163.986,66.295,49.633,49.939
157.460,68.023,50.104,50.502
150.413,67.709,50.517,51.046
142.316,68.667,50.883,51.818
134.781,67.879,51.095,52.222
135.223,69.679,51.060,52.624
130.759,67.968,50.887,52.820
130.585,64.203,50.650,53.000
135.547,64.111,50.423,52.777
136.429,65.305,50.661,52.541
140.363,66.338,50.748,52.280
144.709,68.618,51.063,52.229
144.263,72.103,50.997,52.320
149.480,75.469,51.351,51.951
153.061,79.547,51.723,51.705
154.711,80.638,52.014,51.574
157.813,79.320,51.933,52.119
159.419,74.419,51.665,52.886
158.935,68.349,52.677,53.049
159.726,68.711,53.489,53.636
160.964,68.872,54.315,54.018
162.458,71.931,54.797,54.819
159.981,71.759,55.470,55.418
159.860,70.903,55.787,56.186
157.015,65.381,56.111,56.563
155.601,61.210,56.342,57.078
152.776,57.259,56.288,57.675
154.005,55.025,56.522,58.151
148.887,47.705,57.403,58.094
147.433,50.514,56.795,59.080
143.360,49.772,57.169,59.497
138.284,51.421,56.678,60.166
134.827,55.679,56.292,60.970
135.793,56.044,56.128,61.095
136.198,56.250,55.536,60.996
135.133,55.059,54.881,60.860
132.772,56.618,54.558,60.922
132.031,56.566,53.897,60.672
134.022,51.031,53.325,60.041
138.103,51.759,52.716,59.428
138.473,57.252,51.972,59.357
141.181,60.710,51.245,59.126
141.066,66.085,50.847,58.829
140.159,70.969,50.514,58.413
141.312,71.450,49.849,58.889
138.711,71.499,49.504,59.277
141.595,67.379,49.730,58.648
144.401,62.130,50.127,58.470
147.842,56.070,50.771,58.013
151.593,59.147,51.161,57.425
151.925,63.988,51.539,57.111
151.078,67.979,52.180,56.393
149.232,70.786,52.551,55.980
147.956,72.230,53.036,55.600
147.797,74.974,52.987,55.424
146.070,72.403,52.905,55.322
148.584,70.028,52.840,55.455
150.245,71.214,52.788,55.156
150.789,71.677,52.645,55.153
143.683,68.119,52.791,55.295
138.949,71.309,52.123,55.788
137.855,68.577,52.052,55.716
131.794,70.108,51.704,56.158
126.471,66.344,51.545,56.023
122.633,67.774,51.077,56.016
117.077,63.628,51.341,55.575
113.626,66.958,50.785,55.737
119.222,64.675,50.870,55.177
119.273,63.616,50.674,54.818
121.714,58.696,50.746,54.392
125.949,60.828,50.813,54.078
128.025,64.765,50.601,54.040
132.137,69.697,50.856,53.940
135.119,74.858,51.543,53.808
141.253,75.928,51.606,53.683
148.003,73.994,51.271,53.918
152.432,70.707,50.293,54.755
155.573,66.728,49.911,55.191
157.632,63.566,49.542,55.467
158.506,61.588,49.652,55.545
159.494,60.728,49.459,55.896
160.985,59.406,49.749,55.878
160.919,58.316,50.012,55.975
161.856,61.261,50.255,56.053
160.627,64.150,50.530,56.011
156.711,66.111,51.113,55.491
154.542,66.358,51.140,55.287
153.878,65.587,51.253,55.147
152.355,62.033,51.267,55.319
151.081,59.589,51.033,55.454
153.358,58.688,51.189,55.296
152.119,58.025,51.219,55.379
150.446,59.865,50.967,55.970
150.546,60.785,51.353,55.696
150.176,63.088,51.622,55.783
153.631,62.858,52.377,55.393
155.747,64.408,52.479,55.473
156.170,62.801,52.706,55.269
154.249,63.987,52.278,55.926
157.449,66.012,52.330,56.040
156.160,65.922,51.957,56.538
151.764,68.760,51.534,57.343
150.827,74.769,51.164,58.258
152.398,79.986,51.268,58.498
152.494,83.325,51.076,58.570
150.117,83.978,50.747,58.294
145.741,81.584,51.558,57.395
145.815,81.826,51.475,57.016
147.512,80.594,51.402,56.492
144.449,77.616,51.403,55.900
146.944,74.998,51.365,55.326
148.948,73.696,51.641,54.948
151.800,74.086,51.819,54.864
155.485,74.907,51.954,55.082
159.835,76.530,51.627,55.373
160.522,75.761,51.559,55.143
163.864,76.321,51.451,55.242
164.812,75.270,51.466,54.912
164.999,70.087,51.355,54.514
164.324,68.268,51.495,54.185
161.074,65.907,51.548,53.851
156.511,61.929,51.791,53.550
153.866,63.087,51.519,53.922
149.289,65.403,51.412,54.517
144.108,67.936,51.508,55.134
139.877,69.475,51.700,55.606
136.621,71.376,51.795,56.048
131.541,71.908,52.045,56.385
126.736,73.036,52.257,56.820
125.956,75.366,51.938,57.031
121.388,72.008,51.980,56.757
122.469,68.164,51.556,56.629
125.789,66.017,51.470,56.270
128.421,68.944,51.125,56.422
130.342,72.506,50.697,56.671
133.989,75.745,50.578,56.731
138.867,80.182,50.444,56.907
143.878,83.401,50.523,56.705
149.517,83.985,50.317,56.379
153.058,83.818,49.941,55.979
160.415,81.643,49.583,55.519
167.901,79.903,49.189,54.902
171.177,80.027,49.017,54.463
174.352,82.588,48.994,54.678
175.518,85.906,49.036,54.992
175.596,88.324,48.906,55.455
174.239,89.184,48.511,55.437
170.297,86.684,48.523,54.970
165.927,85.397,48.380,54.707
162.993,84.253,48.200,54.464
162.088,83.217,48.203,54.099
158.318,82.565,48.014,54.094
156.929,82.674,47.976,53.863
158.100,82.667,47.586,53.928
156.047,82.186,47.341,53.611
156.045,83.812,47.314,53.383
152.039,84.706,47.300,53.466
149.276,84.263,47.115,53.582
147.693,85.812,47.011,53.414
147.738,85.299,46.868,53.116
146.450,84.456,46.594,52.875
146.113,85.141,46.310,52.621
148.105,83.277,46.187,52.118
150.153,82.215,46.154,51.592
153.887,82.840,45.939,51.403
159.424,84.941,45.743,51.442
164.429,88.214,45.867,51.527
167.151,91.162,46.243,51.248
170.089,93.006,46.294,51.194
171.974,94.085,46.551,50.852
173.551,94.441,46.619,50.616
175.893,93.266,46.716,50.298
175.565,91.015,46.746,49.869
175.965,89.488,46.817,49.480
176.426,89.167,46.820,49.379
176.514,87.562,46.718,49.039
177.973,85.335,46.495,48.742
179.036,82.478,46.088,48.986
182.069,81.236,46.420,49.154
186.506,80.659,46.979,49.112
186.554,78.606,47.579,48.476
187.680,75.810,48.594,47.673
189.246,73.345,48.727,47.323
189.548,72.900,49.186,46.714
187.174,71.134,49.799,46.266
184.710,69.492,50.897,45.611
182.969,68.723,51.942,45.192
180.502,66.623,52.899,45.089
176.784,65.750,53.261,44.998
173.823,64.230,53.391,44.985
171.261,65.016,54.032,44.814
169.467,66.374,54.867,44.471
168.466,68.028,55.343,44.453
167.738,66.420,55.298,44.910
165.766,65.463,55.246,45.669
163.202,64.678,54.422,46.508
160.079,65.658,54.417,47.679
157.646,68.884,55.018,49.050
154.612,72.232,54.216,50.409
161.333,72.034,53.553,50.826
165.431,72.867,52.906,51.043
168.528,77.185,52.930,51.303
171.777,80.981,52.382,51.863
174.779,81.052,52.034,52.085
176.188,81.225,52.039,52.198
177.940,81.611,51.362,52.639
178.642,79.188,51.040,52.700
174.951,79.593,51.111,53.064
173.273,75.962,50.645,53.357
176.193,74.065,50.324,53.350
172.081,76.078,50.592,53.710
168.023,78.439,50.540,54.024
168.389,82.560,50.238,54.554
166.409,82.883,50.441,54.437
163.442,86.070,50.432,54.878
158.849,83.009,50.677,54.906
153.994,81.112,50.800,54.792
152.691,77.635,50.452,54.513
148.774,77.538,50.459,54.433
146.871,75.558,50.364,54.391
146.681,74.640,50.268,54.386
142.296,75.137,49.952,54.595
142.802,76.173,49.709,54.293
141.998,78.767,49.305,54.548
145.550,78.533,49.241,54.026
147.816,78.132,49.088,53.755
152.351,78.399,49.220,53.201
157.295,79.083,49.377,52.908
162.504,78.667,49.505,52.378
166.922,77.151,49.510,52.160
167.977,77.110,49.196,52.351
171.661,75.591,49.016,52.486
173.703,76.392,48.955,52.436
174.686,79.486,48.594,52.892
174.450,82.171,48.412,53.379
173.738,85.270,48.362,53.670
171.430,87.144,48.083,53.963
170.141,88.598,47.731,54.157
168.013,90.743,47.311,54.254
166.092,89.572,47.170,54.044
162.609,87.364,46.996,54.114
162.511,83.232,46.478,54.266
157.218,82.556,46.564,54.330
155.111,80.977,46.591,53.953
148.373,84.450,47.045,54.165
146.002,85.613,46.965,54.258
144.947,86.540,46.817,53.972
145.879,83.935,47.229,53.575
141.550,84.120,47.037,53.870
140.886,84.275,47.271,53.688
138.422,83.841,47.343,53.680
136.074,83.590,47.635,53.483
135.370,82.751,47.898,53.240
131.191,83.401,47.723,53.481
129.361,79.801,47.952,53.464
