139.000,112.000,51.000,36.000
139.238,114.698,50.641,35.664
139.814,116.191,50.330,35.513
139.768,117.806,50.065,35.453
140.332,118.840,49.824,35.332
139.606,119.760,49.787,35.426
139.047,119.994,49.649,35.627
138.947,120.673,49.568,35.617
139.790,119.929,49.449,35.796
138.879,119.888,49.360,35.834
139.600,119.647,49.202,35.859
139.434,120.359,49.253,35.780
135.845,119.944,49.599,35.689
137.381,119.928,49.608,35.793
135.803,119.506,49.605,35.871
136.764,118.621,49.641,36.049
136.300,118.532,49.684,35.959
136.405,117.424,49.729,36.025
135.904,116.806,49.786,36.067
135.533,116.310,49.905,36.090
136.063,116.402,49.932,36.108
135.905,115.065,49.980,36.320
136.047,114.270,49.972,36.394
136.031,114.203,50.130,36.333
136.254,113.455,50.017,36.479
136.787,113.262,49.990,36.449
137.943,112.644,49.778,36.403
137.660,111.865,49.733,36.360
139.153,111.631,49.622,36.291
139.498,111.095,49.476,36.287
141.080,111.029,49.318,36.334
140.348,109.976,49.408,36.351
141.770,109.978,49.452,36.308
141.520,109.763,49.599,36.310
142.698,109.511,49.609,36.386
142.520,109.380,49.558,36.385
144.682,108.906,49.462,36.411
147.344,108.647,49.441,36.315
149.630,107.226,49.254,36.260
151.189,107.115,49.220,36.230
154.408,106.995,49.167,36.118
156.617,107.009,49.218,36.150
159.211,106.607,49.331,36.309
161.964,108.062,49.391,36.093
164.497,108.500,49.515,36.115
167.061,109.922,49.582,36.066
168.721,111.159,49.712,36.253
169.984,111.966,49.781,36.574
172.544,110.799,50.008,36.888
173.671,110.241,50.116,37.184
176.370,108.878,50.458,37.220
178.130,106.894,50.678,37.215
180.473,105.343,50.920,37.174
181.335,103.794,51.066,37.287
183.234,102.285,51.311,37.542
183.698,100.995,51.535,37.829
183.650,100.040,51.860,37.973
184.180,98.703,52.271,38.091
184.506,98.559,52.657,38.240
185.030,97.814,52.970,38.388
186.310,98.400,53.321,38.505
186.624,98.725,53.662,38.737
187.152,99.100,53.940,38.928
187.807,99.819,54.136,38.961
187.641,100.633,54.350,39.098
187.598,100.502,54.417,39.359
186.797,101.238,54.686,39.460
186.884,101.231,54.712,39.543
186.535,101.324,54.672,39.669
187.099,100.892,54.741,39.852
186.861,101.646,54.903,39.865
186.528,101.433,54.816,39.932
185.975,101.084,54.803,40.011
185.840,101.134,54.828,40.085
184.993,101.037,54.950,40.130
183.919,101.359,54.916,40.102
183.151,100.937,54.993,40.185
182.675,101.214,54.907,40.244
182.037,100.787,54.878,40.265
181.043,101.010,54.774,40.151
180.733,100.872,54.639,40.128
179.751,100.780,54.556,40.051
178.473,100.165,54.484,40.096
178.099,99.907,54.336,39.944
176.686,100.158,54.152,39.707
175.946,100.412,53.998,39.565
175.401,100.206,53.805,39.399
174.170,100.019,53.715,39.205
173.282,99.897,53.866,38.918
172.083,99.733,53.921,38.622
171.358,99.903,54.144,38.354
170.220,100.400,54.243,38.137
169.740,101.226,54.303,38.030
169.083,101.475,54.266,37.936
169.611,102.130,54.256,37.929
168.822,103.044,53.987,37.958
169.090,103.516,53.697,38.282
169.773,103.937,53.444,38.593
169.108,104.957,53.241,38.587
169.694,104.552,52.986,38.814
169.910,104.244,52.758,38.892
169.090,104.816,52.718,38.862
169.277,104.119,52.887,38.791
168.498,103.783,52.948,38.699
167.396,103.485,53.117,38.529
166.591,103.283,53.069,38.536
165.304,103.126,53.031,38.440
164.906,102.954,53.078,38.407
163.926,102.571,53.207,38.385
164.828,103.498,53.278,38.378
164.056,103.839,53.228,38.468
164.692,104.303,53.312,38.605
165.059,104.424,53.178,38.692
164.043,105.079,52.909,38.674
164.205,104.839,52.886,38.645
164.017,104.271,52.916,38.592
163.678,104.063,52.930,38.500
163.292,103.822,53.042,38.288
164.153,102.747,52.902,38.267
164.201,102.426,52.886,38.202
164.267,102.028,52.905,38.215
164.250,101.550,52.843,38.150
164.153,98.365,51.682,38.948
165.317,96.490,50.838,39.804
165.619,95.303,50.197,40.268
165.396,93.971,50.025,40.407
164.652,92.896,49.840,40.417
164.997,91.248,49.663,40.499
165.869,90.146,49.361,40.728
165.074,89.653,49.383,40.708
165.266,88.250,49.135,40.829
165.705,87.945,49.137,40.887
165.865,86.322,49.130,40.900
166.215,86.194,48.769,41.172
166.686,84.928,48.688,41.141
167.131,84.580,48.523,41.292
167.388,84.320,48.363,41.280
167.583,83.510,48.388,41.228
167.954,83.041,48.434,41.159
168.466,82.379,48.322,41.113
168.595,81.967,48.557,40.849
169.007,81.575,48.609,40.732
169.093,80.792,48.836,40.634
169.083,80.372,49.090,40.587
168.806,79.250,49.256,40.527
169.286,79.008,49.155,40.835
169.350,77.990,49.263,41.002
169.725,77.416,49.148,41.178
169.630,77.684,49.264,41.316
170.003,77.645,49.094,41.507
170.087,77.298,49.117,41.484
169.728,77.068,49.133,41.474
169.263,76.372,49.141,41.643
168.786,76.164,48.942,41.804
169.386,75.529,48.878,41.705
169.241,75.365,48.806,41.625
169.702,75.409,48.868,41.547
170.276,75.201,48.971,41.464
170.768,74.739,49.080,41.491
171.458,74.811,49.083,41.380
171.426,74.361,48.968,41.425
171.905,73.865,48.915,41.583
172.393,73.590,48.712,41.707
172.852,73.334,48.567,41.795
172.887,73.038,48.356,41.877
172.284,72.749,48.433,41.849
173.173,72.708,48.307,41.974
173.138,72.767,48.142,42.033
173.079,72.834,48.025,42.075
173.081,72.872,47.916,42.200
172.890,72.883,47.832,42.128
172.885,73.529,47.504,42.750
173.478,74.927,47.719,43.159
172.984,75.275,48.045,43.396
172.074,75.185,48.324,43.589
171.890,75.903,48.458,43.605
171.684,77.010,48.425,44.100
171.477,77.782,48.769,44.313
170.968,78.660,48.966,44.473
170.113,79.493,49.429,44.484
169.834,79.715,49.689,44.503
170.741,80.565,49.690,44.936
170.901,80.921,49.746,45.212
170.950,81.913,49.588,45.615
170.648,83.489,49.638,45.759
169.964,84.496,49.721,45.724
169.788,85.065,49.803,45.775
170.002,85.832,49.762,46.143
170.133,86.923,49.848,46.241
169.709,88.107,49.982,46.416
169.983,89.205,50.048,46.450
169.963,91.098,50.172,46.507
170.024,92.875,50.419,46.344
169.720,93.885,50.807,46.021
169.534,94.498,51.190,45.818
169.681,95.814,51.611,45.714
169.440,96.331,51.964,45.603
169.291,97.254,52.319,45.483
169.391,97.483,52.492,45.452
169.514,98.907,52.470,45.545
169.493,99.283,52.786,45.548
168.659,100.332,53.077,45.548
169.265,101.541,53.076,45.822
168.672,102.269,53.405,45.727
168.643,103.634,53.568,45.755
168.653,105.356,53.620,45.826
169.042,105.818,53.863,45.659
169.110,107.616,53.969,45.631
169.215,107.486,53.995,45.557
169.466,109.093,54.097,45.556
168.759,109.017,54.149,45.536
168.976,110.677,54.125,45.594
168.654,112.882,54.269,45.512
168.346,112.286,54.462,45.416
169.039,114.567,54.284,45.494
168.862,116.288,54.281,45.527
168.153,117.081,54.321,45.480
168.172,118.226,54.408,45.409
168.119,119.456,54.465,45.615
167.989,120.467,54.447,45.982
167.765,121.525,54.462,46.316
167.338,122.348,54.594,46.473
166.974,123.341,54.894,46.631
166.691,123.691,55.173,46.781
166.242,124.054,55.174,47.061
167.210,124.478,55.443,47.290
165.944,125.230,55.645,47.341
166.110,125.324,55.621,47.546
166.418,125.236,55.796,47.754
166.152,126.304,56.092,47.887
165.680,126.168,56.148,48.232
165.876,126.458,56.222,48.388
165.599,126.361,56.321,48.626
166.172,126.789,56.274,48.977
165.431,126.578,56.237,49.222
165.574,126.627,56.326,49.448
165.432,126.568,56.420,49.568
165.464,125.676,56.297,49.734
165.712,125.228,56.511,49.739
165.641,124.524,56.490,49.829
165.551,124.219,56.548,49.558
165.960,122.778,56.391,49.329
165.763,121.208,56.545,48.972
165.905,119.442,56.427,48.573
166.323,118.807,56.335,48.046
166.581,115.986,56.041,47.668
166.034,114.664,55.884,46.937
166.738,113.591,55.541,46.507
167.096,112.402,55.171,46.083
167.894,110.790,54.942,45.729
168.202,109.582,54.756,45.395
168.483,109.261,54.617,45.070
169.104,108.666,54.387,44.815
168.465,108.384,54.286,44.539
168.445,108.170,53.975,44.459
168.800,107.899,53.707,44.469
168.912,106.522,53.313,44.563
168.337,106.272,52.913,44.781
167.947,105.379,52.531,44.868
166.525,105.001,52.358,45.086
166.987,105.136,51.967,45.331
166.698,103.996,51.378,45.761
166.924,102.775,51.004,46.000
167.470,101.686,50.537,46.264
168.164,99.531,50.208,46.409
169.590,97.937,49.954,46.497
169.516,97.748,49.866,46.632
170.158,96.767,49.810,46.833
170.099,95.563,49.812,47.040
170.696,95.147,49.988,47.082
171.276,93.762,50.011,47.296
171.932,93.101,50.531,47.224
172.874,92.376,50.922,47.296
172.880,92.378,51.546,47.340
173.440,91.971,51.662,47.625
173.612,92.070,52.031,47.787
174.328,91.469,52.099,48.115
174.449,91.384,52.429,48.336
175.191,91.234,52.736,48.674
176.069,90.770,53.094,48.830
177.003,89.922,53.469,49.144
177.211,89.579,54.111,49.272
177.193,89.358,54.709,49.637
177.212,89.197,55.462,49.768
177.029,89.020,55.974,50.048
177.000,88.646,56.261,50.353
177.067,88.208,56.516,50.590
177.022,88.203,57.018,50.732
176.731,88.204,57.419,51.030
176.313,88.031,57.772,51.288
176.510,87.976,58.025,51.486
176.349,87.707,58.351,51.669
176.481,87.466,58.387,52.057
175.942,87.296,58.457,52.155
176.001,87.776,58.640,52.232
175.435,87.357,58.763,52.413
175.167,88.071,58.827,52.585
174.154,88.722,59.189,52.478
174.054,89.493,59.246,52.537
173.143,89.288,59.043,52.693
172.818,89.333,58.773,52.802
173.337,88.269,58.181,53.314
173.067,88.338,58.062,53.394
173.306,87.867,57.796,53.564
173.462,87.651,57.399,53.663
172.948,87.396,57.277,53.647
173.889,86.850,57.017,53.719
172.896,86.505,56.619,53.706
173.497,86.415,56.260,53.665
173.770,85.579,55.959,53.730
173.506,84.409,55.738,53.833
174.670,85.008,55.124,54.243
174.831,83.828,55.058,54.301
174.432,83.510,55.090,54.498
174.706,83.146,55.053,54.536
174.235,83.400,54.843,54.915
174.488,83.646,54.906,54.658
174.289,83.381,54.979,54.724
173.892,82.958,55.033,54.765
173.605,83.003,55.195,54.753
173.392,83.159,55.297,54.705
174.165,83.819,55.052,54.743
175.645,83.620,54.836,54.692
175.460,83.329,55.102,54.534
175.911,82.727,55.175,54.469
176.342,82.157,55.180,54.380
176.631,82.042,54.989,54.589
177.200,82.058,54.981,54.531
176.660,81.867,55.005,54.521
177.886,82.292,55.068,54.478
177.956,81.577,54.980,54.332
178.322,81.782,54.844,54.551
177.620,81.654,54.697,54.682
178.468,81.894,54.910,54.568
179.061,82.785,54.683,54.640
179.558,82.868,54.452,54.805
179.705,82.169,54.142,54.869
180.384,83.294,54.158,54.850
179.932,82.254,53.793,55.201
181.049,83.885,53.934,55.274
180.503,82.253,53.744,55.190
180.573,82.682,53.794,55.443
180.240,82.222,54.135,55.389
180.605,83.140,54.188,55.377
178.868,81.848,54.498,55.265
180.077,83.728,54.888,55.142
178.780,82.180,55.048,55.185
178.783,84.302,55.222,55.007
178.080,83.896,55.354,55.077
178.396,84.243,55.509,55.111
178.399,84.382,55.680,55.178
178.303,85.065,55.586,55.126
178.824,85.367,55.744,55.261
178.739,85.494,55.877,54.909
178.600,85.841,55.877,54.685
177.807,85.421,56.011,54.707
179.000,85.933,56.109,54.623
178.294,86.120,56.203,54.687
179.780,86.422,56.343,54.460
179.656,85.028,56.319,54.685
180.582,83.893,56.173,55.174
180.815,83.742,55.915,55.679
180.702,82.474,55.823,56.165
181.412,83.595,55.792,56.395
181.345,83.592,55.858,56.652
182.039,82.039,56.039,56.925
182.345,83.512,56.256,56.875
182.038,82.843,56.449,56.943
182.658,83.370,56.599,57.068
182.776,82.576,56.959,56.909
182.517,83.473,56.970,56.981
182.983,82.087,57.413,56.744
183.072,83.012,57.454,56.931
182.694,81.806,57.469,57.130
184.508,81.816,57.480,57.360
183.164,81.697,57.550,57.579
184.231,82.305,57.606,57.623
183.852,83.208,57.809,57.546
183.974,82.635,58.020,57.428
184.699,83.486,57.942,57.519
184.004,83.089,57.933,57.567
185.006,82.496,58.151,57.544
185.339,83.414,58.152,57.590
184.786,82.994,58.144,57.723
185.370,82.840,58.175,57.872
185.684,83.052,58.294,58.085
185.900,83.030,58.108,58.325
186.180,83.451,58.017,58.477
186.380,83.254,57.952,58.656
186.805,82.904,57.892,58.801
186.127,83.991,57.976,58.736
186.733,83.135,58.127,58.558
185.992,83.153,58.292,58.700
186.415,83.710,58.453,58.621
186.791,82.989,58.586,58.734
186.891,83.431,58.529,58.856
187.461,83.012,58.603,58.934
186.315,84.766,58.620,58.941
187.033,83.844,58.705,58.746
187.671,83.537,58.794,58.817
186.925,83.028,58.870,58.935
187.312,83.695,59.046,58.946
187.738,83.666,59.113,59.007
186.849,83.448,59.310,59.077
188.128,83.627,59.437,59.073
186.696,84.668,59.536,59.063
187.369,83.986,59.741,58.806
187.465,83.950,59.632,58.935
187.570,84.074,59.530,59.090
187.485,83.379,59.441,59.091
187.192,83.402,59.305,59.280
186.890,83.235,59.291,59.404
187.537,83.297,59.477,59.335
186.925,83.681,59.625,59.243
187.803,82.481,59.730,59.327
187.223,83.339,59.704,59.400
186.575,84.051,60.017,59.355
187.238,83.402,60.286,59.136
187.533,83.422,59.999,59.421
187.204,83.782,60.121,59.430
187.744,82.945,60.218,59.358
186.772,83.321,60.208,59.429
187.258,83.547,60.251,59.277
187.821,83.506,60.282,59.166
186.934,83.529,60.221,59.274
187.550,83.154,60.363,59.050
186.472,83.209,60.396,59.162
187.234,82.713,60.436,59.008
187.620,83.562,60.543,58.992
187.127,83.503,60.457,59.059
188.420,83.388,60.414,59.005
187.460,83.440,60.173,59.331
187.820,83.840,60.416,59.043
189.057,84.501,60.475,59.007
189.601,83.849,60.472,58.922
189.320,84.492,60.427,59.225
188.935,83.165,60.290,59.524
189.228,83.849,60.256,59.408
188.970,83.100,60.271,59.519
187.810,83.102,59.999,59.771
186.838,82.989,60.099,59.640
187.066,82.173,59.956,59.672
186.510,82.800,59.820,59.695
185.911,82.238,59.701,59.601
184.349,83.154,59.605,59.537
183.434,82.731,59.678,59.442
183.113,83.537,59.504,59.441
183.949,82.243,59.377,59.313
183.088,83.936,59.275,59.138
182.325,82.556,59.019,59.015
182.844,83.220,58.933,59.241
181.602,84.169,58.901,59.098
181.145,83.618,58.765,58.943
181.567,83.698,58.632,58.803
181.291,83.579,58.501,58.874
181.248,83.880,58.502,58.715
180.817,83.930,58.459,58.322
181.056,84.374,58.128,58.249
180.895,84.156,57.830,58.129
181.186,84.168,57.649,58.093
180.788,84.977,57.519,57.916
180.260,85.450,57.437,57.567
180.266,84.127,57.430,57.314
180.543,84.259,57.063,57.738
180.905,84.300,56.799,58.079
181.024,85.232,56.810,57.886
181.097,85.683,56.745,57.730
181.674,85.981,56.827,57.431
182.280,85.993,56.866,57.264
182.532,86.214,56.915,57.201
182.535,86.224,57.013,57.086
183.309,86.568,57.069,56.964
184.305,86.399,57.181,56.823
184.304,87.220,57.380,56.838
184.857,86.685,57.398,56.817
184.724,86.643,57.675,56.871
184.937,86.492,57.617,57.180
186.343,87.043,57.722,57.073
186.059,86.480,57.756,57.318
187.129,86.246,57.689,57.534
187.267,86.192,57.521,57.948
188.313,86.442,57.330,58.256
188.565,85.653,57.548,58.217
188.960,86.206,57.517,58.472
190.201,85.257,57.623,58.594
190.500,84.814,57.593,58.921
191.455,84.789,57.820,58.936
191.974,85.399,57.878,59.020
192.779,85.115,58.018,58.859
193.377,85.581,58.262,58.773
193.847,85.283,58.376,58.776
194.849,84.532,58.510,58.523
195.232,85.358,58.489,58.389
197.019,85.692,58.638,57.751
198.705,86.221,58.941,56.803
199.329,87.413,59.051,56.258
200.016,88.446,59.104,55.595
200.554,89.464,59.053,54.965
200.625,89.894,58.957,54.414
201.017,90.357,58.890,53.926
200.707,89.764,58.872,53.484
200.333,90.161,58.381,53.489
200.071,89.844,57.973,53.488
198.918,90.219,57.510,53.754
198.475,89.279,57.108,54.074
196.077,88.268,56.818,54.425
194.693,87.157,56.756,54.946
192.460,86.604,56.690,55.777
191.098,85.236,56.482,56.453
189.616,85.059,56.685,56.821
189.230,84.243,56.835,57.013
187.660,84.667,57.080,57.260
187.477,82.504,57.032,57.471
186.181,83.761,57.100,57.708
186.013,82.442,57.108,57.911
185.225,81.940,56.946,58.334
184.939,83.052,57.276,58.139
184.554,82.270,57.533,57.940
184.856,82.895,57.479,57.954
184.492,81.463,57.501,58.056
184.718,82.881,57.559,57.964
184.368,82.274,57.538,57.961
184.297,83.733,57.518,57.923
184.030,82.412,57.510,57.746
183.846,81.478,57.314,57.920
182.707,82.025,57.228,57.845
182.599,81.798,57.132,57.708
182.720,80.809,57.203,57.566
181.707,78.747,56.932,57.585
182.237,77.412,56.812,57.579
181.984,76.622,56.466,57.438
181.393,75.611,56.439,56.991
181.846,74.707,56.160,57.044
181.916,73.056,55.648,57.059
181.420,72.434,55.265,57.237
182.136,72.586,54.830,57.137
182.278,72.660,54.506,57.240
182.457,72.442,54.171,57.358
182.541,72.420,54.061,57.342
182.801,72.201,54.033,57.367
182.664,71.338,54.017,57.343
182.454,71.843,54.080,57.069
182.900,71.711,54.183,56.657
183.448,71.673,54.026,56.529
183.773,70.983,54.033,56.230
183.097,71.586,53.978,55.792
183.319,70.802,54.034,55.541
183.482,70.862,54.049,55.163
183.473,71.791,54.031,54.725
183.770,72.326,53.881,54.432
183.860,72.408,53.683,54.317
183.897,72.917,53.505,54.488
183.999,73.141,53.490,54.705
184.025,74.400,53.336,54.922
183.303,75.354,53.382,55.336
183.575,75.405,53.399,55.883
183.209,76.595,53.423,56.257
182.866,77.417,53.452,56.749
182.364,78.339,53.662,57.058
182.646,79.705,53.842,57.495
181.925,82.374,54.267,57.436
181.295,84.620,54.624,57.747
180.399,86.783,55.195,57.499
179.727,89.245,55.853,57.045
178.506,92.825,56.578,56.146
177.509,94.248,57.264,55.098
177.580,96.822,57.723,54.221
176.703,99.501,58.213,53.296
175.304,100.894,58.311,52.938
175.605,103.516,58.526,52.335
174.587,106.133,58.578,51.965
173.870,109.101,58.538,51.472
172.808,112.233,58.708,50.794
173.272,114.942,58.424,50.278
172.346,117.112,58.373,49.634
171.654,119.617,58.178,49.098
171.190,121.408,58.157,48.784
170.086,123.054,57.957,48.581
169.443,124.192,58.012,48.303
168.583,124.615,57.902,48.173
168.033,125.467,57.708,48.205
166.353,124.672,57.627,48.317
166.185,124.032,57.419,48.224
165.437,124.101,57.279,48.081
165.126,123.744,57.289,47.909
165.254,122.912,57.078,47.722
164.288,122.328,56.930,47.535
163.030,121.858,56.786,47.452
162.696,120.199,56.720,47.243
162.497,120.349,56.589,47.139
162.160,119.535,56.397,47.157
163.372,119.010,56.336,47.207
162.491,118.053,56.349,47.197
162.589,117.224,56.578,47.054
163.178,119.093,56.556,46.924
164.259,120.862,56.552,46.875
164.482,120.750,56.839,46.554
164.577,119.612,56.741,46.391
164.284,117.731,56.716,46.275
163.200,114.217,56.351,46.159
160.024,111.845,56.019,46.151
157.473,110.738,55.956,46.217
154.964,110.310,55.722,46.753
153.824,111.350,55.356,47.386
153.082,112.328,55.124,47.977
154.382,112.775,55.002,48.331
155.388,114.665,55.054,48.481
156.691,115.423,55.413,48.365
157.868,116.685,55.995,48.128
158.844,117.078,56.195,48.026
159.993,115.968,56.598,47.607
158.857,116.130,56.491,47.404
159.864,112.820,56.627,46.999
157.886,111.674,56.591,46.998
158.314,108.855,56.568,47.110
155.963,107.059,56.489,47.267
155.578,104.716,56.467,47.435
153.286,105.049,56.787,47.803
153.218,103.619,56.776,48.039
152.150,101.989,56.922,48.298
150.677,101.764,57.387,48.546
151.108,102.379,57.285,49.031
151.818,102.595,57.245,49.256
150.142,102.871,57.473,49.290
150.076,101.014,57.530,49.240
148.797,99.803,57.388,49.431
147.851,98.362,57.766,49.463
147.356,95.823,58.029,49.604
144.825,94.442,59.080,49.621
144.188,93.931,59.599,50.136
144.214,92.901,60.043,50.519
145.844,93.245,60.475,51.089
146.307,93.375,60.705,51.732
146.240,94.630,60.659,52.662
146.355,94.629,60.573,53.422
146.082,93.879,60.919,53.436
145.423,93.019,60.981,53.587
144.656,92.045,61.346,53.516
143.323,91.246,61.687,53.215
142.331,89.692,62.088,53.123
140.129,87.958,62.855,52.873
139.648,89.286,63.312,53.005
139.256,88.285,63.627,53.015
140.658,88.536,64.028,53.302
140.531,90.636,64.316,53.712
141.174,92.768,64.392,54.153
141.299,93.624,64.264,54.597
139.896,94.315,64.081,54.771
140.692,93.737,64.102,54.752
140.481,93.632,63.982,54.636
141.737,93.927,63.977,54.600
138.723,94.915,63.819,54.460
139.680,92.686,63.793,54.421
138.079,92.973,64.090,54.155
136.829,90.935,64.487,53.853
136.504,91.796,64.626,54.248
137.245,92.004,64.934,54.277
139.390,91.597,64.956,54.634
139.752,93.769,64.900,55.003
143.458,92.684,65.009,55.286
144.703,94.014,64.724,55.664
145.782,94.904,64.518,55.822
144.750,95.269,64.564,55.852
144.275,96.399,64.621,55.790
142.572,95.398,64.891,55.630
140.125,93.996,65.706,54.914
138.357,94.541,66.165,54.842
136.051,93.774,66.418,54.792
133.582,94.423,66.359,55.288
131.517,96.746,66.382,55.838
131.771,97.906,66.070,56.583
131.122,99.625,65.364,57.437
132.361,99.922,65.350,57.561
133.427,100.206,65.345,57.787
133.688,99.948,65.402,57.732
132.756,100.762,65.399,57.656
131.867,99.971,65.521,57.639
132.337,99.703,65.546,57.761
133.949,98.222,65.462,58.054
135.682,98.392,65.673,57.836
137.929,97.443,65.676,57.798
138.098,98.346,65.347,58.084
140.956,97.729,65.096,58.180
142.889,97.749,65.265,58.173
145.360,96.773,65.704,57.750
147.566,96.759,65.502,57.960
149.015,97.386,65.259,58.126
147.378,97.734,65.142,57.782
144.133,97.082,65.129,57.706
141.064,95.798,65.281,57.693
138.256,97.091,65.558,57.748
136.042,97.976,65.639,57.970
135.186,100.753,65.461,58.219
136.043,103.557,65.494,58.249
136.208,104.197,65.462,58.294
136.019,104.841,65.486,58.477
134.805,105.242,65.660,58.415
132.706,105.989,66.044,58.296
130.372,107.317,66.696,57.975
128.865,107.913,66.960,58.134
128.539,108.424,67.189,58.211
128.736,107.309,67.394,58.310
128.747,105.945,67.526,58.685
128.214,104.551,67.891,58.776
127.178,103.713,68.257,58.806
126.646,101.363,68.115,58.884
124.880,100.518,67.948,59.100
122.220,97.161,68.095,59.057
118.630,96.073,67.445,59.344
115.463,93.597,67.351,59.191
111.560,93.596,67.799,58.601
106.254,93.716,68.491,57.660
102.732,93.320,68.736,57.003
99.683,92.205,68.728,56.513
98.081,92.117,68.761,55.968
97.424,90.893,68.629,55.664
98.081,91.032,68.601,55.207
98.737,89.563,68.238,55.011
96.518,90.945,68.599,54.494
95.324,90.831,69.268,53.858
92.261,92.012,69.116,54.038
93.239,89.934,68.933,53.972
92.303,91.354,69.105,54.037
94.451,90.074,69.338,53.781
93.560,90.781,69.526,53.798
93.255,91.928,69.849,53.747
94.295,90.971,69.614,53.909
93.127,92.238,69.542,54.149
91.996,91.156,69.513,54.138
89.855,91.341,69.824,54.244
87.249,90.597,69.790,54.450
83.344,91.410,69.782,54.646
80.329,90.420,69.705,54.636
75.531,89.745,69.944,54.507
73.610,88.406,70.027,54.285
72.883,88.999,70.406,54.024
74.596,90.140,70.652,53.822
78.070,92.805,70.958,53.762
84.720,93.484,70.786,54.059
93.096,94.786,70.479,54.724
97.508,96.243,70.050,55.454
100.464,97.188,69.539,56.471
99.801,97.781,69.152,57.150
97.629,96.915,69.568,57.514
94.883,97.816,69.566,58.000
93.707,94.547,69.689,58.012
94.578,95.450,69.773,58.147
94.843,94.479,70.092,58.009
97.648,96.888,69.857,58.194
100.130,96.194,69.555,58.501
103.798,97.367,69.397,58.806
106.577,96.544,69.049,59.498
109.583,97.251,69.147,59.942
112.050,95.206,69.180,60.376
115.326,96.900,69.329,60.819
119.278,95.507,69.591,61.139
122.820,96.709,69.834,61.747
126.830,96.386,70.346,62.271
129.739,96.496,70.895,62.659
131.506,96.232,71.426,62.919
131.862,95.885,71.760,63.127
131.459,96.004,72.448,63.101
131.813,95.489,72.916,63.165
135.016,93.869,73.158,63.468
139.339,93.178,73.437,63.771
147.424,91.432,73.263,64.514
153.745,92.721,72.946,65.161
159.346,91.962,73.062,65.399
163.459,94.027,73.943,65.489
166.762,94.034,74.757,65.583
170.281,94.978,75.181,65.884
174.719,95.659,75.350,66.504
178.093,95.595,75.589,66.814
182.708,96.685,75.495,67.490
186.676,98.300,75.841,67.739
191.390,100.108,76.328,67.630
195.824,101.345,77.126,67.061
199.357,100.234,77.850,66.813
204.048,101.372,78.616,66.200
207.124,100.334,78.872,66.138
210.037,100.658,79.761,65.632
213.286,100.086,80.390,65.210
215.863,99.298,80.869,64.880
218.889,99.597,81.158,64.661
221.042,100.335,81.404,64.361
220.654,100.439,81.845,64.286
222.397,100.898,82.087,64.238
221.946,100.287,82.340,64.179
222.232,100.053,82.402,64.140
221.859,100.502,82.345,64.142
221.793,100.188,82.470,64.035
221.746,100.357,82.456,64.004
222.011,99.371,82.391,63.925
221.988,99.622,82.247,63.988
221.355,100.972,82.164,64.082
219.922,101.322,82.209,64.353
217.381,100.799,81.631,64.762
214.244,101.106,81.012,65.221
210.352,98.957,80.218,65.572
207.620,97.224,79.293,65.823
205.370,96.052,78.748,66.084
204.333,96.243,78.155,66.699
204.925,96.461,78.072,66.831
204.348,99.072,77.792,66.978
201.279,100.464,77.970,66.942
196.715,100.281,77.953,66.873
192.123,98.286,77.876,67.230
185.070,96.909,77.570,67.763
179.420,94.406,77.607,68.365
173.826,93.653,77.496,68.953
168.430,91.318,77.256,69.693
165.585,89.882,76.590,70.639
161.763,91.513,76.760,70.757
158.076,90.543,77.209,70.269
154.299,90.255,77.057,70.059
152.836,90.859,76.840,69.820
146.905,92.332,77.470,68.831
140.803,90.649,78.366,68.139
137.737,90.320,78.295,68.071
135.817,91.922,78.431,67.587
132.096,92.609,77.977,67.450
129.377,92.526,77.927,67.111
126.867,91.446,78.002,66.851
125.255,92.994,77.589,66.890
123.169,93.979,77.249,67.141
121.034,93.910,76.958,67.089
119.573,95.469,76.556,67.074
118.187,97.612,76.021,67.052
115.565,97.912,75.933,67.015
114.661,99.234,75.933,66.764
112.963,99.596,75.685,66.847
110.698,98.351,75.484,66.675
109.102,97.240,75.554,66.586
107.142,97.611,75.359,66.471
105.351,97.490,75.275,66.397
104.054,97.572,75.016,66.349
103.313,97.349,75.025,66.115
103.754,96.431,75.219,65.749
103.895,95.428,75.631,65.257
104.860,95.549,75.726,64.923
105.613,95.172,75.739,64.787
106.363,95.850,75.552,64.910
105.774,99.651,75.305,65.116
105.214,103.227,75.393,65.170
104.751,106.227,75.280,65.372
104.306,109.541,75.450,65.457
104.038,110.314,75.665,65.617
102.905,110.851,75.651,65.908
100.807,107.440,75.872,66.236
101.225,103.387,76.303,66.279
102.563,96.659,76.668,66.514
102.284,92.686,77.323,65.954
103.802,87.917,77.871,65.100
104.666,83.307,78.289,64.698
106.044,81.769,78.981,64.295
107.263,80.040,79.544,63.947
108.891,81.830,80.269,63.400
111.699,82.943,80.659,63.041
113.279,89.838,80.639,63.271
115.018,94.621,80.403,63.772
112.362,96.985,79.262,65.933
111.635,102.633,78.663,67.161
110.377,106.738,78.579,67.818
109.774,105.202,78.804,68.557
110.053,104.119,78.864,69.367
109.221,100.741,79.257,69.930
108.542,98.357,79.562,70.287
107.532,95.456,80.153,70.441
106.617,92.133,80.649,70.302
107.398,86.802,81.206,69.948
107.815,82.477,81.718,69.907
108.635,77.401,82.401,69.833
109.635,75.489,83.414,69.674
109.374,75.882,84.840,69.555
110.422,78.893,85.469,69.610
112.004,82.200,85.901,69.817
113.698,89.029,86.040,70.118
116.803,91.907,86.362,70.415
117.834,93.780,86.156,71.566
119.074,94.313,86.170,72.341
120.458,92.508,86.730,72.547
121.222,88.784,87.182,72.806
122.071,86.916,88.001,72.326
122.996,83.807,88.651,71.931
123.317,80.192,89.202,71.712
121.669,77.705,90.269,71.552
119.553,76.866,91.466,71.572
118.842,75.385,92.267,71.760
118.467,72.909,92.926,72.041
118.150,72.577,93.813,72.327
116.984,69.741,94.563,72.412
117.026,65.974,95.012,72.497
116.743,66.048,95.643,72.646
116.367,65.203,96.351,72.570
116.747,68.310,96.727,72.813
118.378,69.899,96.870,73.066
119.150,74.425,96.551,74.269
119.947,81.252,95.914,75.426
119.945,86.709,95.744,76.335
121.116,90.191,95.634,77.324
119.905,91.808,95.282,78.579
119.155,92.273,95.293,79.430
117.794,89.997,95.736,79.734
117.986,86.328,96.277,79.713
117.957,83.702,97.140,79.416
119.341,79.839,97.871,79.418
119.742,74.937,98.964,79.133
120.130,73.580,100.157,79.293
121.215,68.893,100.633,79.361
121.855,65.831,101.685,78.926
122.312,65.915,102.831,78.812
121.819,68.616,103.506,79.111
121.241,71.937,103.810,79.710
121.560,76.697,103.482,80.895
119.914,85.796,103.705,82.031
117.220,93.083,102.825,83.925
116.201,100.325,100.968,85.804
115.490,108.226,99.669,87.003
113.464,109.512,99.606,87.851
112.745,101.181,100.156,88.318
112.163,96.363,100.174,89.064
111.269,89.425,101.038,88.370
111.329,80.964,101.873,87.463
112.200,73.178,102.986,86.642
112.964,68.547,104.794,85.760
113.684,65.816,106.808,85.064
112.282,64.830,108.461,84.559
111.281,67.211,110.017,84.388
108.245,73.697,110.798,84.808
104.767,80.190,110.867,86.473
102.480,90.731,111.222,87.345
99.059,98.796,110.980,89.166
99.025,104.125,109.504,91.296
97.063,110.169,109.427,92.325
94.362,107.980,109.533,93.801
94.453,100.502,109.393,95.129
92.583,92.659,110.250,94.777
92.362,81.015,111.017,94.489
90.856,72.428,112.355,93.873
90.453,64.623,113.840,93.210
88.368,61.120,116.229,92.450
84.886,61.885,118.679,92.107
81.664,67.570,120.483,92.267
79.548,74.571,121.075,93.404
77.971,86.610,121.847,94.032
76.786,97.142,121.822,94.910
76.003,101.344,120.532,97.228
75.288,103.434,119.427,99.336
74.317,100.463,119.540,100.777
73.095,92.031,119.892,101.141
74.112,78.455,119.970,101.305
76.734,66.879,120.751,101.079
76.447,57.180,122.526,100.176
78.679,48.788,124.149,99.251
78.206,45.220,125.980,98.634
76.440,41.769,128.400,97.981
73.539,41.253,129.933,97.980
70.761,44.843,131.891,97.993
67.883,52.868,132.753,98.389
67.366,63.595,132.881,99.154
64.925,75.065,132.627,100.145
62.843,86.867,132.552,100.911
61.578,97.994,132.054,101.940
61.205,101.547,130.231,104.149
58.636,100.415,129.254,106.236
58.515,95.030,128.923,107.574
57.874,84.852,128.569,108.107
59.170,71.853,128.675,107.876
60.736,61.155,129.386,106.900
61.659,52.022,130.804,106.088
62.735,44.797,132.577,105.427
62.818,41.145,134.223,104.923
60.183,40.688,136.201,104.353
58.841,42.786,137.528,104.632
57.045,51.278,138.015,105.543
55.115,64.667,138.238,106.106
55.147,78.831,137.866,106.955
55.230,93.058,138.078,107.716
52.175,104.407,137.137,110.082
48.984,111.658,135.554,113.038
48.486,110.873,134.488,116.235
45.523,103.970,133.999,119.173
48.537,93.297,133.808,120.883
49.961,80.407,133.875,121.975
53.012,65.228,134.280,121.623
56.191,52.759,136.162,119.918
59.164,45.755,138.934,118.219
56.757,41.082,142.142,117.150
56.797,40.643,144.856,116.977
55.437,45.318,147.128,117.235
54.075,55.134,148.160,117.772
53.814,66.903,149.037,118.417
55.728,79.862,149.096,118.898
53.906,95.021,149.364,120.011
52.192,104.681,149.255,122.426
49.465,106.823,149.363,125.489
47.706,100.884,149.159,128.469
47.155,90.513,148.684,130.967
50.955,75.900,148.013,133.421
52.272,60.429,148.677,134.026
55.633,43.327,149.871,132.925
58.419,30.563,151.978,131.430
56.674,25.167,155.014,129.767
55.692,25.578,158.002,128.617
54.529,27.764,160.087,128.137
51.181,36.055,161.205,128.003
48.971,47.192,161.007,128.817
49.492,61.251,160.937,129.173
47.957,76.255,161.003,129.418
47.173,86.003,161.060,131.406
45.168,88.288,161.464,133.886
41.524,80.520,161.253,136.643
42.487,68.898,160.716,138.921
43.055,54.790,160.270,139.747
45.480,38.803,160.785,138.777
48.450,23.275,162.846,136.444
48.376,20.668,165.630,133.714
49.632,14.162,167.125,131.657
47.086,16.889,169.405,129.380
46.238,21.982,171.070,127.539
45.350,25.688,171.656,127.182
44.478,35.125,170.720,128.247
44.510,46.941,169.111,130.465
45.562,62.096,167.299,132.036
47.775,79.296,166.444,133.233
46.863,91.149,166.477,135.434
45.392,96.103,166.463,138.351
41.560,92.115,166.544,141.124
41.322,83.821,166.741,143.021
43.683,70.384,165.570,144.753
45.538,56.543,164.891,146.159
49.585,41.757,165.429,146.052
48.766,32.391,167.439,144.707
47.169,30.204,169.940,142.747
45.845,31.794,171.598,141.997
47.240,38.350,172.306,141.344
47.212,47.860,172.014,142.075
50.253,60.469,170.976,143.593
49.140,73.407,172.479,144.073
45.993,82.697,174.877,144.879
44.574,84.092,176.449,146.683
42.527,76.188,177.990,148.512
43.078,65.100,177.395,150.105
45.223,54.850,176.546,150.889
46.407,43.924,175.737,150.787
47.451,34.963,175.379,149.597
47.548,32.879,175.657,147.904
47.439,36.060,176.321,146.071
47.548,41.438,175.603,145.626
49.793,54.534,174.276,145.679
48.813,72.838,173.860,146.496
46.171,88.432,175.998,146.011
44.558,94.591,176.584,146.663
40.401,86.675,178.203,146.993
39.971,79.519,178.364,147.106
41.439,69.383,176.609,148.551
44.269,56.596,175.239,149.624
51.785,42.838,173.540,150.016
57.076,27.236,172.144,148.547
60.038,19.502,170.902,145.225
63.633,17.830,169.489,142.127
64.425,20.673,168.019,138.873
68.414,24.733,166.476,136.796
67.513,34.769,163.774,136.537
72.447,47.190,162.404,134.905
72.073,54.992,161.411,133.214
77.735,59.950,160.342,131.823
76.492,60.328,159.246,130.446
82.586,53.440,157.208,128.927
82.171,44.450,154.581,127.754
86.767,37.473,151.973,125.716
89.413,28.515,149.975,123.288
94.665,22.125,147.959,120.630
97.213,21.100,146.240,118.180
103.211,24.016,144.102,115.952
103.699,29.187,141.639,115.373
104.531,40.449,139.319,115.095
106.780,55.224,137.541,113.931
109.189,69.939,136.261,112.916
107.769,76.815,134.743,112.680
111.042,83.960,132.868,113.784
109.166,82.710,131.538,114.195
111.606,76.266,131.486,114.154
111.524,68.316,131.270,112.964
115.066,59.109,131.178,110.954
117.594,50.741,130.715,108.216
120.600,41.641,130.057,105.694
124.596,33.243,129.075,103.538
126.686,30.121,128.155,101.257
127.991,30.034,126.963,99.685
130.077,33.038,125.814,98.604
131.088,41.507,124.406,98.552
130.815,53.012,122.962,98.610
133.639,66.580,122.034,98.006
134.998,72.836,120.662,99.733
136.527,79.284,118.337,101.322
138.055,86.557,116.977,101.842
136.254,85.531,116.796,102.904
139.563,77.693,115.592,103.875
135.266,67.542,116.442,104.077
141.503,62.549,117.305,101.482
139.756,52.695,117.631,98.625
143.046,44.002,117.206,96.625
143.950,36.132,116.769,94.504
145.995,33.680,116.265,92.422
148.772,32.635,115.603,90.789
149.560,35.886,114.590,89.924
149.921,41.097,113.284,89.267
149.744,50.722,112.078,88.999
150.300,61.535,110.769,88.926
150.762,70.411,109.109,89.958
151.146,75.045,106.597,92.503
149.802,79.065,104.906,94.476
152.793,86.142,103.695,95.046
148.932,82.949,103.321,95.898
149.730,76.418,103.263,95.845
149.270,69.656,103.988,95.265
151.421,63.076,104.342,93.333
151.748,59.763,105.302,90.338
149.952,53.489,105.577,87.878
149.521,49.446,106.022,85.463
151.080,47.022,105.668,83.610
152.524,46.803,104.404,82.460
153.181,49.631,103.004,81.798
152.802,54.407,102.093,81.093
152.604,61.442,100.767,81.142
152.813,68.597,99.114,81.541
153.584,71.690,97.075,83.646
154.306,76.194,95.537,85.642
154.130,80.214,94.611,86.702
153.234,78.562,94.286,87.049
153.260,75.994,93.745,87.377
153.608,70.460,94.046,86.547
151.539,64.643,94.272,85.011
150.712,62.009,95.526,82.204
150.663,57.871,96.235,79.803
152.955,56.915,96.207,77.896
153.704,58.930,95.245,76.924
154.071,62.023,94.543,75.833
153.621,68.025,93.650,75.989
156.933,72.151,91.488,77.908
154.827,78.321,90.024,80.018
155.317,86.053,89.024,81.081
154.914,91.546,88.247,81.857
157.414,95.258,87.652,81.825
157.467,93.601,87.357,81.110
157.950,86.394,87.427,80.072
159.196,78.972,87.724,79.398
162.568,73.664,87.769,79.251
163.713,69.068,87.948,78.281
167.131,67.275,87.539,77.237
170.426,66.509,87.185,75.706
172.627,66.568,86.534,74.516
173.915,68.101,85.486,73.892
172.721,71.329,83.851,74.686
174.407,74.183,82.510,75.542
175.179,79.040,81.138,77.079
177.432,85.251,80.003,77.812
177.250,89.281,79.880,77.761
177.985,91.029,79.658,77.097
176.583,87.755,79.114,76.200
176.831,80.943,78.727,75.347
177.006,74.546,77.985,74.846
178.647,70.163,77.429,73.537
179.623,68.203,76.356,72.574
181.116,67.142,75.650,71.147
181.086,68.534,74.458,70.455
182.018,70.133,73.322,69.912
183.708,72.140,72.088,70.355
182.339,77.006,70.795,71.305
185.484,81.572,70.142,71.473
184.545,87.033,69.885,71.364
184.732,87.590,69.868,70.570
182.873,85.955,69.672,69.453
183.274,81.069,69.156,68.910
182.350,78.112,68.568,68.482
182.613,75.291,67.597,67.946
182.797,73.092,66.421,67.671
180.383,72.868,65.292,67.588
179.675,74.134,64.330,67.696
176.052,73.564,63.703,67.461
174.177,75.662,63.024,67.632
172.779,77.676,62.619,67.508
172.232,81.893,62.840,66.610
173.923,87.545,63.427,65.458
178.539,89.998,63.591,63.840
183.702,90.188,63.894,62.853
189.384,92.020,63.595,62.330
194.302,93.210,63.849,61.351
199.612,94.612,63.967,60.781
205.440,97.098,64.489,59.405
210.038,100.200,65.744,57.632
213.067,102.771,66.767,55.969
214.721,105.089,67.887,54.547
216.602,106.732,68.737,53.397
218.120,107.800,69.430,52.474
220.255,109.159,69.268,51.901
220.904,109.545,68.951,51.421
220.233,109.034,68.482,51.135
219.241,109.197,68.120,50.694
217.345,108.339,67.770,50.386
215.613,109.403,67.033,50.034
214.530,108.706,66.161,49.870
212.350,108.611,65.420,49.575
209.224,106.929,64.636,49.416
205.672,107.123,63.792,49.496
202.292,105.856,62.708,49.783
197.931,105.210,61.875,49.950
193.482,103.680,61.166,50.144
189.189,102.028,60.438,50.368
184.197,100.072,59.615,50.548
180.787,98.429,59.059,50.321
177.806,97.230,58.607,50.090
174.976,96.569,58.387,49.577
172.563,95.499,58.131,48.952
169.487,94.277,57.274,48.670
168.244,93.914,56.330,48.530
167.006,93.008,55.512,48.276
165.634,92.774,54.794,47.951
166.139,92.982,54.296,47.396
165.552,93.197,53.875,46.857
164.469,93.586,53.398,46.411
164.922,94.011,52.951,45.989
164.360,94.359,52.388,45.661
165.081,94.145,52.039,45.450
164.182,95.186,51.901,45.218
164.712,95.593,51.585,45.056
165.724,95.759,51.222,45.045
165.279,95.821,51.073,44.721
166.520,97.656,50.878,44.738
167.566,97.115,50.569,44.810
167.804,98.794,50.490,44.687
169.111,98.681,50.462,44.371
171.086,100.241,50.468,44.207
172.469,102.122,50.581,44.029
173.090,102.749,50.562,43.947
174.125,103.958,50.610,43.798
176.181,106.710,50.600,43.789
177.422,109.121,50.582,43.623
179.453,110.964,50.729,43.449
181.353,112.621,50.767,43.140
182.315,113.958,50.794,42.809
184.136,115.983,50.619,42.690
185.710,117.399,50.457,42.492
187.758,119.635,50.427,42.338
189.592,121.235,50.299,42.058
191.177,122.165,50.038,41.717
193.077,124.106,49.940,41.396
195.295,126.128,49.850,40.956
197.227,126.920,49.792,40.278
198.821,128.771,49.488,39.990
200.824,129.582,49.009,39.690
202.670,130.553,48.815,39.148
203.927,131.111,48.755,38.663
205.091,130.377,48.464,38.131
206.430,129.744,48.097,37.712
208.638,128.251,47.867,37.232
210.397,127.914,47.313,36.946
212.911,127.480,47.140,36.503
214.805,126.717,47.007,36.011
216.904,126.522,46.673,35.620
217.506,126.282,46.158,35.258
219.808,127.093,45.713,35.067
219.996,126.498,45.355,34.643
221.525,127.543,44.896,34.362
222.607,128.804,44.600,33.991
223.606,128.795,44.184,33.598
224.019,129.524,43.592,33.274
224.352,131.180,43.194,32.895
225.043,131.875,42.920,32.569
225.658,131.926,42.692,32.082
226.207,132.530,42.443,31.749
226.913,131.938,42.086,31.425
227.426,131.327,41.683,31.120
228.457,130.648,41.285,30.866
228.200,130.713,40.890,30.667
228.641,129.959,40.702,30.461
229.516,129.244,40.620,30.105
230.515,127.725,40.312,29.920
231.515,125.993,40.035,29.732
231.903,123.846,39.919,29.499
232.521,123.362,39.611,29.377
232.781,122.846,39.281,29.267
232.720,122.379,39.000,29.178
232.981,122.477,38.630,29.194
233.155,122.884,38.456,29.119
232.867,123.435,38.263,29.035
232.964,123.979,38.082,28.889
232.558,124.352,37.851,28.942
231.674,124.844,37.658,28.986
231.045,125.254,37.508,28.886
231.136,126.012,37.273,28.871
231.240,126.087,37.250,28.727
232.556,126.515,37.322,28.678
234.027,126.418,37.206,28.616
234.939,126.138,37.148,28.585
235.144,126.493,37.038,28.518
234.345,127.047,36.743,28.518
232.078,126.400,36.443,28.459
229.638,126.496,35.917,28.529
226.685,127.365,35.328,28.671
223.326,126.197,34.668,28.700
220.752,126.586,34.251,28.627
217.412,125.981,33.784,28.709
214.647,125.414,33.356,28.579
212.098,125.159,33.219,28.324
210.439,125.687,33.176,28.169
208.665,126.258,33.142,27.991
207.182,125.248,33.126,27.838
206.008,126.498,32.953,27.792
205.650,126.094,33.029,27.596
205.699,125.441,32.998,27.477
205.344,125.843,32.908,27.528
205.883,126.574,32.827,27.417
206.097,125.927,32.894,27.245
206.230,126.434,32.828,27.138
206.486,126.737,32.895,27.026
207.573,126.809,32.696,27.099
208.399,126.572,32.750,27.077
208.723,125.982,32.911,26.902
209.645,125.793,33.004,26.871
209.877,124.886,33.049,26.949
210.275,124.908,33.071,27.107
211.464,125.984,33.277,27.189
212.507,127.594,33.428,27.168
213.615,129.767,33.567,27.322
214.825,132.353,33.649,27.427
215.164,134.335,33.863,27.494
214.741,136.632,34.219,27.594
214.072,139.454,34.570,27.719
213.293,140.004,34.799,27.808
213.371,141.827,34.881,27.996
212.764,142.311,34.778,28.099
213.178,143.318,34.737,28.119
213.689,142.947,34.857,28.065
215.066,142.257,34.996,27.923
216.092,142.377,34.801,28.028
217.395,142.413,34.844,28.011
218.379,142.710,34.926,28.018
219.674,142.372,35.085,27.956
220.925,142.847,35.370,27.850
221.922,142.706,35.489,27.966
222.470,141.807,35.609,28.110
223.487,141.385,35.855,28.214
224.047,141.381,36.471,28.378
224.886,142.376,36.643,28.640
224.583,145.351,36.991,28.693
224.473,150.741,37.192,29.192
224.455,159.921,36.870,29.875
223.284,173.027,36.055,30.516
