118.000,69.000,114.000,162.000
116.876,62.602,113.756,163.647
117.819,59.723,114.036,165.225
116.115,58.590,114.342,166.509
116.707,57.377,114.755,167.891
115.718,56.957,114.880,168.858
115.571,57.717,115.150,169.553
115.345,57.410,115.634,170.119
115.486,56.910,115.970,170.648
115.483,56.866,116.069,171.545
114.229,55.431,116.222,172.171
114.000,57.512,116.565,172.570
113.269,57.868,116.916,172.688
111.939,56.907,117.218,172.947
109.386,58.358,117.420,173.464
108.452,58.450,117.403,173.804
105.847,60.193,117.366,174.420
103.189,59.758,117.575,174.700
100.863,61.380,117.660,174.698
96.750,61.399,117.892,174.628
94.733,64.482,117.774,174.958
93.744,55.994,117.674,174.156
90.730,53.673,117.502,171.864
90.057,50.595,117.411,167.950
89.080,52.586,117.148,164.350
88.701,53.467,116.552,160.872
87.892,52.586,115.776,157.788
88.473,52.917,114.472,155.180
88.620,51.988,113.765,152.064
88.287,51.534,112.933,149.350
88.992,50.243,111.605,146.827
88.871,47.274,110.907,144.546
90.756,47.534,109.658,141.826
91.104,45.405,108.732,139.440
91.409,46.992,107.461,137.411
91.656,48.156,106.203,135.384
93.012,46.696,104.878,133.235
94.725,47.564,103.368,131.715
96.655,47.496,102.195,130.131
98.037,46.660,101.031,128.191
100.373,47.747,99.699,126.814
102.836,48.092,98.499,125.642
105.485,47.893,97.390,124.472
108.312,48.424,96.385,123.805
110.622,48.025,95.634,123.047
113.404,47.377,95.273,122.267
114.849,47.376,94.718,121.398
116.406,49.997,98.568,118.082
118.127,52.604,100.977,116.524
119.414,54.638,103.051,115.101
120.909,56.667,104.696,114.114
122.033,56.036,106.102,112.934
122.954,57.553,106.787,113.078
124.299,59.868,107.556,113.417
126.202,59.275,108.205,113.325
127.620,61.189,108.053,114.170
129.169,61.550,108.291,114.444
130.019,62.097,107.946,115.347
131.711,62.592,107.826,116.448
131.389,64.736,107.430,117.942
133.193,66.478,107.499,119.243
133.919,68.402,106.824,121.701
134.750,71.851,106.334,124.733
134.761,72.979,106.162,127.707
135.917,74.553,106.104,130.451
136.306,75.295,105.907,133.264
135.799,75.564,105.832,136.451
137.476,77.146,106.070,139.773
136.859,77.640,106.381,142.720
137.671,78.256,106.894,145.525
137.382,75.795,107.707,147.873
138.256,75.039,108.413,150.476
135.645,73.448,108.789,153.536
136.890,72.708,109.786,155.526
135.465,71.005,110.614,157.673
135.606,71.027,111.486,159.387
135.316,70.035,112.544,161.013
132.770,69.361,113.523,162.085
133.652,70.450,114.459,162.800
133.632,63.797,114.356,163.442
133.188,63.188,113.898,163.473
133.740,62.825,113.546,162.889
132.702,61.931,113.012,162.383
133.459,62.592,111.518,162.786
137.078,62.991,109.776,164.105
136.187,65.183,107.324,166.198
136.898,66.033,105.228,168.441
136.630,72.202,103.145,170.353
136.546,65.919,101.276,170.765
138.201,65.998,97.903,174.193
142.005,64.250,94.851,177.030
143.449,66.647,92.734,178.734
142.935,65.313,91.451,179.310
143.127,63.811,90.574,179.339
141.004,63.682,90.782,178.135
139.882,64.247,90.519,177.545
138.740,64.397,90.320,176.933
137.365,64.852,90.139,176.092
137.014,62.866,89.692,176.729
135.592,64.535,89.422,176.241
135.559,63.677,89.080,176.267
134.569,65.662,88.646,175.860
136.281,66.145,88.097,175.993
135.416,66.151,87.834,175.617
134.922,66.194,87.699,175.273
136.388,65.998,87.222,175.311
134.622,67.147,86.950,175.294
135.376,66.648,86.532,175.503
136.139,67.090,86.094,175.794
136.409,66.303,85.641,175.773
135.269,67.124,85.718,175.216
137.227,65.526,85.336,175.241
135.900,67.624,85.263,174.780
136.808,66.687,84.956,174.733
136.251,68.318,85.110,174.101
137.202,67.704,84.860,174.514
136.161,68.343,85.041,174.015
136.514,68.375,84.892,174.152
136.043,67.427,85.037,173.993
136.157,67.198,85.079,174.074
135.953,67.498,85.406,173.446
134.969,67.834,85.592,172.929
135.531,68.219,85.647,172.697
135.193,68.584,85.691,172.465
134.644,69.459,85.901,172.337
136.062,67.586,85.900,172.880
134.115,68.753,86.087,172.379
135.786,66.911,86.043,172.947
135.100,68.814,86.147,172.604
134.607,67.900,86.352,172.279
134.248,67.954,86.381,172.398
134.641,67.334,86.207,172.693
135.689,67.306,86.108,173.116
135.344,68.628,86.340,172.009
136.554,67.768,86.270,171.399
133.618,68.275,86.814,170.425
135.623,67.662,87.241,170.416
131.750,67.096,88.198,169.858
129.531,66.677,89.275,170.160
127.344,67.058,90.618,169.945
126.553,66.554,91.890,169.214
123.302,66.760,93.888,168.398
122.230,66.476,95.356,167.810
121.369,64.533,96.787,167.171
119.376,65.047,99.192,165.484
115.961,64.723,101.464,163.763
113.924,63.402,102.684,163.187
112.791,63.565,104.107,163.314
109.423,64.449,105.409,164.248
109.657,65.540,106.441,165.606
109.194,64.139,107.865,166.529
106.649,64.974,108.696,167.274
107.027,63.677,109.556,168.448
106.502,63.910,110.170,169.461
104.975,63.708,110.927,170.455
105.789,61.175,111.277,171.261
104.958,61.292,111.853,171.858
103.309,61.206,112.323,172.331
104.401,60.307,112.671,172.707
103.080,61.115,112.674,173.088
103.652,61.905,112.800,173.452
102.840,59.830,113.177,173.775
103.121,61.410,112.985,173.970
103.970,61.060,113.131,174.092
103.152,61.337,113.095,174.291
104.626,60.204,113.487,173.750
103.872,59.068,113.714,173.188
105.619,57.597,114.157,171.784
106.002,57.406,114.538,168.629
106.794,56.079,114.768,165.801
104.660,54.575,114.594,163.510
102.042,56.867,117.932,157.508
100.066,60.602,119.163,154.631
101.171,65.423,120.145,152.046
101.484,67.134,120.913,150.724
100.068,70.209,121.469,149.892
92.035,68.001,113.833,155.856
93.245,69.482,108.223,159.460
94.968,69.189,103.255,161.966
96.729,69.427,99.291,164.174
96.395,70.655,95.914,164.912
97.298,72.468,92.692,165.910
98.622,72.670,90.210,166.511
99.618,71.149,88.427,166.300
98.629,72.224,86.721,165.995
100.519,70.475,85.401,165.748
101.130,73.223,83.947,165.450
100.303,73.734,82.654,165.049
101.413,73.962,81.755,164.174
100.770,72.570,80.355,163.367
101.220,71.194,79.179,162.597
101.734,72.433,78.460,161.746
103.808,73.250,77.524,160.711
103.428,75.070,76.932,159.617
104.361,76.358,76.366,158.385
105.562,77.501,76.097,157.033
104.765,78.536,75.232,156.444
105.337,78.227,75.135,155.317
105.300,79.471,74.450,155.091
106.333,78.975,74.394,154.299
105.208,79.273,73.580,153.433
106.014,81.184,73.327,152.001
106.757,82.653,73.041,150.886
106.121,83.003,72.536,150.032
106.026,82.508,72.118,149.477
105.326,82.962,71.586,148.896
105.184,82.334,71.178,148.377
104.973,81.753,70.841,147.858
106.088,82.222,70.514,146.926
105.935,82.959,70.327,146.373
104.761,84.669,69.737,146.292
104.998,85.551,69.525,145.830
104.843,86.505,69.187,145.573
105.330,89.927,68.809,145.223
105.475,90.109,68.587,145.109
105.377,91.880,68.719,144.424
106.895,90.880,69.342,143.909
105.838,89.784,69.104,143.894
105.980,91.548,68.974,143.893
105.595,91.157,68.894,144.077
105.730,90.867,68.947,144.021
105.252,88.947,68.754,143.887
104.630,85.626,68.643,144.095
105.927,82.097,68.957,144.054
106.243,80.796,69.616,143.312
106.530,81.974,70.397,141.616
107.002,80.254,71.029,140.793
107.176,76.566,71.479,140.458
108.192,73.810,72.286,140.132
119.753,46.254,80.000,133.422
116.779,44.161,86.406,128.035
115.069,41.906,91.558,123.712
116.758,44.212,95.676,120.794
113.908,47.918,98.031,120.451
114.992,52.854,99.617,121.910
113.041,55.731,100.489,124.697
112.602,57.935,101.108,128.644
112.859,59.855,101.952,132.949
110.921,57.085,102.761,138.033
110.882,57.529,103.525,143.076
109.649,54.956,104.300,146.985
108.803,53.075,105.348,150.410
109.259,51.453,106.418,153.009
109.293,51.259,107.212,155.971
108.355,50.449,108.010,158.960
109.571,50.842,109.239,160.729
109.391,50.503,110.319,162.495
109.464,51.925,111.256,163.599
110.065,52.138,112.039,164.565
109.256,51.012,112.882,166.069
110.858,52.948,113.283,167.383
110.320,52.835,113.817,168.318
110.926,53.741,114.260,169.410
110.434,54.123,115.061,170.042
109.750,55.735,115.338,171.109
110.746,56.730,115.775,171.703
108.182,56.687,116.280,172.225
109.053,57.240,116.520,173.095
107.693,57.560,116.678,173.688
108.617,58.240,116.960,174.332
107.529,58.083,117.043,174.816
107.971,59.756,117.423,174.789
106.748,60.047,117.603,175.277
108.377,61.638,117.684,175.497
106.640,60.852,117.896,175.971
107.452,62.469,117.946,176.206
106.067,61.422,118.154,176.265
107.285,62.595,118.088,176.594
109.192,57.927,117.373,176.410
109.496,56.569,117.191,175.343
110.025,54.614,116.966,173.824
108.059,53.332,116.782,171.367
108.824,55.668,116.664,168.187
106.933,53.592,116.875,164.180
106.409,53.687,116.118,160.264
105.844,55.609,115.282,156.850
106.462,55.788,113.863,154.067
105.824,55.823,113.113,151.092
104.838,57.820,112.062,148.336
105.477,59.988,110.944,146.175
105.683,60.138,110.160,144.054
106.153,60.771,108.954,142.086
105.114,63.388,107.977,139.807
105.232,62.411,107.239,138.111
105.483,63.600,106.281,136.025
105.294,62.287,105.336,133.904
105.071,64.451,104.169,131.853
104.497,65.311,103.083,129.988
104.221,65.953,101.841,128.794
104.575,65.990,100.889,127.374
105.053,64.337,99.844,126.175
105.223,65.560,98.474,125.177
105.465,66.507,97.408,124.370
105.900,66.654,96.488,123.475
105.957,66.438,95.743,122.553
104.410,69.911,98.856,119.397
104.062,73.345,101.176,117.276
101.906,74.318,102.947,115.460
100.594,74.290,104.762,113.713
100.893,74.614,105.895,112.591
99.439,77.197,106.738,112.036
100.209,75.179,107.770,111.267
98.543,76.765,108.121,111.111
97.891,76.227,108.568,110.872
98.407,76.164,108.696,111.063
98.476,76.625,108.879,111.124
97.403,77.408,108.927,111.302
97.552,76.077,109.123,111.222
97.922,75.926,109.309,111.458
98.023,74.955,109.477,111.529
97.872,75.855,109.310,112.097
98.306,75.030,109.513,112.398
97.567,74.969,109.382,112.794
99.531,76.819,108.967,113.888
98.570,75.812,109.294,113.892
98.914,75.522,109.461,114.283
99.301,77.097,109.536,115.417
99.916,76.327,109.317,116.615
101.043,75.831,108.980,117.983
102.166,75.090,108.267,119.966
102.981,75.607,107.374,122.603
102.458,75.065,106.417,126.162
103.713,76.881,105.674,130.683
101.756,79.166,104.958,135.377
103.042,81.210,105.371,139.629
101.779,77.939,105.888,143.597
101.557,74.902,106.505,147.249
99.469,74.732,107.128,150.771
98.504,70.654,108.104,153.970
96.820,70.247,108.814,156.510
95.180,69.435,109.674,159.004
94.649,67.353,110.616,161.078
93.362,68.478,111.210,163.082
93.130,66.185,112.135,164.479
90.608,67.153,112.911,165.748
90.181,65.785,114.120,166.865
89.379,65.963,114.903,167.958
87.987,65.049,115.717,168.942
87.835,66.012,116.158,169.984
85.901,63.572,116.542,170.996
84.931,64.761,116.785,171.605
81.911,63.851,117.000,172.477
82.484,66.407,117.168,172.624
78.047,63.839,117.011,173.838
78.367,67.050,117.126,174.267
75.147,64.574,117.238,174.971
73.315,66.217,117.420,175.115
72.520,63.263,117.648,175.307
70.844,63.824,117.895,175.075
67.481,64.397,118.927,174.412
77.516,64.379,116.356,177.697
74.868,65.625,113.792,180.269
79.203,65.419,110.465,183.693
81.314,66.204,107.298,186.212
83.549,66.117,103.841,188.408
86.145,64.925,100.866,190.098
87.961,64.240,98.397,191.004
88.943,62.583,96.545,191.519
90.002,61.868,95.098,191.725
90.047,62.501,94.143,190.942
90.008,62.716,93.575,190.244
90.762,62.835,92.967,190.035
90.711,63.574,92.678,189.200
90.596,62.881,92.444,189.008
92.072,63.445,92.097,188.241
92.670,62.508,92.258,187.630
92.744,63.154,92.313,187.134
93.266,62.338,92.194,186.878
94.200,64.031,92.083,186.464
94.639,63.548,91.884,186.438
96.450,63.602,91.649,186.683
96.442,64.501,91.732,186.513
99.212,62.776,91.133,187.187
97.394,65.568,91.646,186.268
100.973,61.923,90.967,187.033
99.961,63.733,90.836,186.660
103.169,63.433,90.007,186.692
102.721,64.329,89.837,186.315
102.517,62.030,89.381,186.449
104.660,64.181,88.906,185.806
104.199,62.025,88.813,185.573
108.196,63.136,88.219,184.969
107.441,62.068,88.219,184.369
108.069,60.091,88.019,184.823
107.643,59.816,87.957,184.860
108.962,58.236,88.083,184.801
109.618,58.417,87.787,185.203
110.611,58.002,87.477,185.180
111.206,57.589,87.491,184.864
111.040,56.707,87.474,184.774
111.915,56.271,87.398,184.933
112.417,55.881,87.403,184.619
113.637,55.280,87.512,184.223
110.513,55.312,88.809,181.926
111.785,56.319,89.206,181.435
112.301,55.554,89.609,180.307
111.071,56.942,89.943,179.467
111.877,55.764,90.394,179.121
110.707,57.753,91.118,178.066
111.144,57.728,91.691,178.003
110.115,57.342,91.980,177.949
109.286,55.034,92.604,178.096
109.329,53.707,92.945,178.036
107.495,55.713,93.846,177.954
107.661,57.490,95.248,177.547
106.730,57.686,97.020,177.079
107.545,58.933,98.853,176.196
106.055,55.946,100.136,176.519
104.719,55.725,102.191,175.864
102.576,54.851,104.176,174.207
99.987,53.327,105.829,172.068
100.106,53.748,106.892,171.198
97.402,54.299,107.647,171.339
98.508,56.367,108.227,172.264
96.581,56.543,108.487,172.996
97.113,57.552,108.995,173.352
95.758,57.904,109.547,173.656
95.703,60.198,109.920,173.795
94.466,60.166,110.574,173.742
95.795,62.568,111.090,173.929
93.037,63.861,111.627,173.947
94.707,65.586,111.878,174.445
93.030,66.040,112.136,174.703
94.191,69.180,112.103,175.320
92.568,68.319,112.554,175.757
93.393,70.279,112.564,176.259
92.758,69.645,112.802,176.222
93.112,69.681,112.885,176.557
92.896,68.698,112.933,176.815
93.929,68.167,113.094,176.825
91.133,66.518,113.381,176.672
94.025,66.509,113.265,176.515
92.954,65.441,113.088,176.374
92.684,66.413,112.931,175.263
92.518,64.982,113.318,173.772
92.844,64.532,113.800,171.790
93.588,64.637,114.048,169.297
94.189,65.318,114.031,166.429
94.384,63.660,114.325,163.828
92.778,62.620,114.244,161.952
91.691,64.615,117.327,157.161
89.834,65.462,118.617,154.546
92.719,67.957,120.064,151.818
93.121,73.452,121.968,149.767
83.162,73.508,115.577,155.361
85.067,72.420,111.000,158.937
85.139,71.179,106.593,161.393
86.250,71.294,102.495,163.768
88.885,71.961,98.820,165.054
88.943,70.939,95.773,165.798
88.921,68.309,92.853,167.059
89.508,66.976,89.875,167.890
89.551,65.566,87.173,168.652
90.696,66.666,84.849,168.433
91.607,62.239,83.116,168.530
91.950,63.938,81.471,167.429
93.973,64.753,80.932,166.081
93.633,66.764,80.150,165.248
93.938,69.783,79.486,164.069
92.838,70.596,78.736,163.762
91.621,72.079,78.130,162.861
92.873,68.989,77.625,162.077
92.374,71.230,76.931,161.628
92.363,72.233,76.313,160.978
92.624,70.862,75.717,160.171
92.705,70.701,75.007,159.636
92.029,72.207,74.346,158.832
93.133,70.969,74.068,158.051
92.586,72.729,73.310,157.478
93.525,71.878,73.138,156.685
93.216,74.083,72.769,155.943
93.329,73.769,72.627,155.309
93.567,75.017,72.150,154.982
92.794,74.223,71.625,154.869
94.006,73.338,71.583,154.065
93.461,74.600,71.195,153.286
93.901,73.970,71.060,152.953
93.077,75.952,70.767,152.555
93.098,74.840,70.471,152.168
93.942,74.014,70.430,151.653
94.177,73.141,70.172,151.233
93.431,74.413,70.091,150.635
94.140,74.368,70.197,149.961
93.814,75.080,69.854,149.759
94.082,74.683,69.711,149.555
95.507,75.896,69.745,149.113
94.635,76.182,69.554,149.329
94.634,75.207,69.301,149.440
94.574,75.255,69.190,149.400
94.562,74.842,69.047,149.544
94.381,75.540,68.868,149.220
93.890,76.071,68.808,148.826
94.402,76.228,68.729,148.687
94.958,75.835,68.773,148.562
93.047,77.135,68.624,148.484
94.624,77.072,68.865,148.041
94.327,76.071,68.812,148.277
94.341,76.085,68.775,147.897
93.196,74.984,68.577,148.109
95.008,75.369,68.996,148.040
94.583,76.588,68.876,147.943
94.181,75.880,68.733,147.795
95.316,76.544,68.833,147.652
94.828,77.790,68.744,147.764
94.529,78.035,68.768,147.688
93.847,78.229,68.905,147.586
94.664,77.987,69.032,147.344
93.862,78.118,68.762,147.393
94.591,78.509,68.835,147.242
94.877,80.141,68.786,146.893
94.559,79.216,68.606,146.644
95.181,78.796,68.304,146.287
94.827,77.161,66.669,148.316
94.720,82.259,66.963,148.181
93.999,77.884,65.868,149.319
94.607,75.426,66.195,148.417
93.698,83.983,66.183,147.883
92.206,88.523,64.534,149.570
93.114,81.994,63.406,150.658
92.500,87.231,62.285,151.740
92.813,80.461,61.467,152.290
92.779,77.094,60.590,152.790
93.222,73.091,59.785,153.522
93.708,80.102,59.176,154.040
92.898,87.892,58.496,154.475
93.112,81.471,57.969,154.666
92.270,77.839,57.580,154.753
91.989,73.906,57.160,154.785
91.281,82.624,56.796,154.760
90.394,76.598,56.412,154.802
91.435,73.404,56.190,154.655
91.060,81.084,55.874,154.521
90.073,75.441,55.585,154.443
90.459,82.706,55.273,154.224
90.939,78.683,55.095,154.184
92.381,73.949,54.952,154.050
91.858,81.949,54.683,153.873
92.384,75.949,54.573,153.729
93.382,72.459,54.469,153.581
91.950,80.802,54.194,153.588
92.531,76.481,54.096,153.381
92.576,83.362,53.937,153.093
92.134,77.949,53.793,153.004
91.984,85.181,53.617,152.710
91.399,92.828,53.479,152.438
91.460,87.186,53.355,152.063
92.146,82.318,53.242,151.962
92.070,77.310,53.188,151.838
92.285,84.702,53.034,151.825
92.171,91.003,52.949,151.602
91.822,85.849,52.798,151.368
91.462,93.141,52.701,151.091
91.766,87.393,52.586,150.890
91.410,82.518,52.435,150.867
91.306,77.984,52.395,150.790
91.303,85.516,52.238,150.833
91.497,80.924,52.184,150.832
90.828,88.909,52.101,150.547
91.638,83.682,52.033,150.504
91.204,78.940,52.011,150.240
91.747,87.613,51.930,149.934
91.774,83.511,51.806,149.875
91.892,79.190,51.797,149.827
92.424,86.926,51.692,149.697
91.791,81.884,51.630,149.593
91.251,89.589,51.581,149.235
91.998,84.844,51.523,149.099
93.001,80.058,51.565,149.004
93.269,87.935,51.509,148.989
93.290,82.997,51.640,148.822
93.818,90.655,51.655,148.512
92.767,96.361,51.559,148.311
93.664,91.848,51.516,147.988
93.216,87.517,51.393,147.994
94.226,82.902,51.444,147.935
93.898,89.740,51.452,147.708
94.323,84.797,51.491,147.711
94.993,92.332,51.450,147.699
95.607,78.543,51.573,147.457
96.153,77.203,51.608,147.346
96.002,76.092,51.761,147.170
94.930,77.499,51.928,146.872
94.926,76.454,51.965,146.734
93.910,86.206,51.955,146.336
122.267,54.571,59.360,137.623
121.748,56.519,68.839,126.453
118.129,61.800,77.183,116.817
112.713,73.839,83.279,110.803
110.258,77.494,87.549,108.171
109.311,81.377,90.339,107.760
109.053,84.476,91.652,109.039
107.659,87.381,92.398,111.401
109.364,90.445,93.471,114.159
108.470,95.528,94.905,117.743
108.001,99.859,96.037,122.271
108.450,100.152,97.128,127.441
108.463,96.510,98.318,132.079
107.468,94.476,99.720,136.022
106.028,92.180,101.092,139.764
104.300,91.247,102.300,143.219
104.240,90.737,103.366,146.548
103.262,89.991,104.557,149.310
103.590,88.534,105.891,151.672
103.351,87.973,107.227,153.990
102.344,86.076,108.000,156.331
102.435,84.798,108.582,158.545
101.674,84.015,109.307,160.268
102.130,82.671,110.080,161.698
101.617,83.439,110.719,162.716
102.037,82.772,111.545,163.420
100.660,82.852,112.233,164.437
103.836,76.588,112.255,165.171
102.708,76.440,112.073,164.712
103.673,73.950,112.154,162.864
102.741,74.798,111.856,160.946
103.861,72.510,111.758,158.150
103.000,68.492,111.524,155.222
104.090,67.499,110.914,152.412
105.661,68.508,109.955,149.768
105.057,67.857,109.631,147.350
105.574,66.253,109.179,144.686
102.400,69.731,112.778,139.341
99.985,71.001,115.374,135.045
100.409,73.458,117.014,132.042
98.028,73.078,118.023,129.598
98.242,73.133,118.808,127.020
98.080,73.161,119.325,124.662
96.987,73.222,119.399,123.084
96.735,72.044,119.517,121.166
96.134,72.880,119.291,119.792
96.072,73.565,118.878,118.789
96.739,73.858,118.650,118.090
96.949,73.923,118.320,117.219
96.408,73.392,118.385,115.974
96.121,74.874,118.353,115.193
96.139,75.572,118.086,114.637
96.060,75.683,117.774,114.074
96.220,76.576,117.360,113.933
95.956,76.398,117.154,113.393
96.317,76.438,117.028,112.878
96.239,77.337,116.842,112.411
95.986,76.848,116.663,111.888
95.737,77.528,116.197,111.589
96.448,77.199,116.077,111.215
97.221,77.916,115.350,111.407
96.915,77.782,114.928,111.052
97.723,77.933,114.630,110.845
97.604,77.066,114.507,110.484
97.429,77.532,114.126,110.248
97.949,77.474,113.959,110.022
98.351,77.147,113.415,109.897
98.376,76.533,113.130,109.743
98.362,76.417,113.086,109.348
98.257,76.206,113.116,109.099
98.438,75.612,113.224,108.824
98.747,76.966,113.083,108.737
97.618,76.106,112.875,108.539
98.401,77.197,112.787,108.584
98.282,76.427,112.772,108.551
99.500,77.468,112.439,108.747
99.170,76.904,112.591,108.366
99.229,76.663,112.473,108.179
100.409,77.532,112.124,108.508
100.747,77.064,112.090,108.464
101.394,76.863,111.817,108.853
101.539,77.078,111.262,109.473
101.258,77.520,110.911,110.011
101.489,75.836,111.196,109.672
101.303,76.687,111.305,109.362
101.937,77.744,110.879,109.686
99.845,78.110,110.514,110.153
99.560,78.382,110.341,110.190
99.419,78.429,110.429,110.253
98.996,79.019,110.058,110.602
96.608,79.696,109.396,111.629
97.382,81.258,108.516,113.205
96.662,82.419,107.178,115.876
97.119,84.302,106.091,118.769
94.716,86.945,104.918,122.312
95.598,88.759,104.466,126.454
92.954,89.497,104.177,130.716
90.745,89.743,104.420,134.118
89.390,87.570,105.112,136.541
86.843,86.648,105.597,138.633
84.634,86.887,106.441,140.749
82.871,83.664,107.331,141.263
81.384,82.196,107.735,141.644
79.269,79.220,108.493,141.851
79.982,76.943,108.239,143.628
77.766,76.322,107.356,146.509
76.130,76.927,107.554,148.339
75.542,77.322,107.701,149.608
76.039,77.294,107.799,150.653
76.034,78.593,107.488,151.000
85.001,80.422,102.422,156.859
86.673,77.835,98.171,161.285
89.081,77.515,94.211,165.128
90.161,77.184,91.085,167.618
86.661,68.836,89.490,167.575
88.604,67.771,88.129,168.242
89.185,69.308,87.509,168.229
101.768,83.545,84.130,172.301
102.784,79.054,80.327,177.230
103.500,74.845,76.914,181.607
104.179,71.203,74.775,184.527
105.868,68.744,72.916,187.264
106.014,63.930,71.334,189.188
107.294,64.504,70.535,190.143
106.937,62.047,69.636,191.147
107.474,61.271,69.339,191.215
107.295,60.783,68.975,191.550
107.382,61.164,68.810,191.617
107.389,60.609,68.603,191.648
107.405,59.519,68.431,191.818
108.571,57.364,68.125,191.450
109.671,58.268,67.829,191.315
109.719,58.168,67.506,191.296
109.945,57.455,67.103,191.556
111.122,56.997,66.719,191.685
110.600,57.034,66.578,191.212
110.760,54.969,66.317,191.030
110.667,56.019,66.157,190.769
110.693,56.687,65.938,190.816
111.279,57.412,65.741,190.970
112.257,56.642,65.698,190.854
112.193,56.150,65.627,190.597
112.951,55.705,65.822,189.818
114.699,55.730,65.714,189.534
115.630,57.140,65.636,189.119
116.489,54.988,65.591,189.052
118.027,56.361,65.455,188.823
118.976,57.006,65.466,188.576
120.861,55.379,65.238,188.389
121.760,55.514,65.297,187.904
122.456,57.064,65.364,187.595
123.611,56.650,65.433,187.069
125.058,66.188,65.532,187.709
125.987,59.453,65.525,188.156
127.872,56.554,65.490,188.017
128.992,53.063,65.570,188.331
130.237,53.193,65.720,187.918
130.405,52.753,65.865,187.150
131.715,52.241,65.791,186.453
130.998,55.845,65.943,185.624
131.821,54.616,65.849,185.722
132.741,53.175,65.809,185.478
132.014,53.948,65.676,185.197
133.212,50.518,65.416,185.509
131.830,51.543,65.437,184.984
132.116,48.633,65.457,185.051
131.523,50.827,65.756,184.383
133.143,47.770,65.787,184.296
131.977,49.710,66.056,183.532
132.890,50.454,65.975,183.159
133.335,49.628,65.753,183.259
133.689,50.381,65.745,183.016
132.834,50.884,65.768,183.155
133.817,49.636,65.576,183.195
132.694,50.904,66.159,182.442
131.801,50.861,66.333,181.916
131.952,51.282,66.558,181.281
132.289,50.765,66.679,180.433
131.109,49.973,67.124,179.645
130.265,50.299,67.573,179.128
128.139,50.605,68.337,178.786
127.239,49.853,69.090,178.593
124.670,50.008,70.318,177.411
123.865,46.798,71.418,177.436
122.347,48.017,73.053,176.281
119.959,49.716,74.603,175.315
118.720,50.781,75.379,175.372
119.268,50.634,78.010,172.714
116.678,52.150,80.749,170.587
114.842,53.711,82.976,169.264
114.090,53.278,85.183,168.196
111.777,52.033,87.499,166.757
110.844,50.743,90.114,165.060
110.005,51.366,92.177,163.308
105.048,52.338,95.110,160.917
103.668,50.688,98.662,157.948
101.034,52.480,100.953,156.791
99.440,53.419,102.241,156.290
98.009,57.915,102.812,158.042
97.264,56.836,103.596,160.058
96.832,57.445,104.486,161.690
96.381,56.658,105.694,162.838
96.872,58.027,107.145,163.632
95.607,58.565,108.498,164.991
95.618,57.129,109.589,166.224
95.179,56.215,110.400,167.522
95.163,56.073,110.915,168.599
95.068,56.107,111.316,169.364
96.861,56.072,111.561,170.261
94.955,56.674,112.019,171.048
96.911,55.874,112.163,171.966
95.859,57.862,112.378,172.681
97.722,56.615,112.769,173.355
97.296,57.064,112.774,173.853
98.390,57.619,113.273,174.337
98.712,57.084,113.504,174.659
100.307,56.827,113.882,175.014
100.254,56.645,114.218,175.233
102.580,58.167,114.268,175.849
102.185,57.850,114.686,176.190
102.472,57.516,114.572,176.536
104.353,56.999,114.666,177.006
103.868,58.136,115.388,176.965
104.613,56.524,115.188,177.572
104.810,56.944,115.176,177.908
105.285,55.764,115.527,177.500
105.057,55.089,115.960,176.801
106.701,52.831,115.939,175.649
108.021,52.494,116.239,174.255
109.344,52.555,116.089,172.144
111.858,49.908,116.041,168.506
112.657,49.566,115.655,165.280
114.266,50.763,115.772,161.597
115.082,50.686,115.910,157.505
117.596,52.083,115.166,154.333
119.887,52.079,114.147,151.161
120.047,54.148,118.704,144.385
119.359,55.530,122.022,139.032
120.914,57.669,123.675,135.270
122.110,58.282,124.361,132.335
122.953,57.959,124.317,130.415
124.032,57.613,124.672,128.204
125.413,58.308,124.446,126.536
125.506,58.128,124.100,125.060
127.557,58.577,123.578,124.421
128.761,59.903,123.160,123.696
130.411,61.320,122.697,123.134
130.785,60.694,122.594,122.573
132.537,61.576,122.631,121.607
133.367,61.707,122.803,120.884
134.711,60.260,122.746,120.357
135.139,60.833,122.396,119.864
134.418,60.677,121.967,119.458
135.214,60.985,121.903,118.793
134.340,61.146,121.677,118.707
135.023,61.363,121.594,118.511
135.152,61.605,121.735,117.800
134.861,62.018,121.966,117.181
135.393,62.039,121.750,116.737
135.058,61.993,121.276,116.390
135.582,61.818,121.229,115.890
136.358,61.833,120.814,115.808
134.901,61.843,121.058,115.219
135.359,62.453,120.706,115.090
135.784,62.327,120.620,114.774
134.431,62.758,120.675,114.353
135.291,62.456,120.445,114.282
134.611,61.467,120.579,113.791
133.873,61.411,120.767,113.271
134.685,61.087,120.544,112.920
133.236,60.877,120.128,112.246
132.834,60.951,119.379,111.887
132.214,61.207,118.694,111.482
129.895,61.739,118.013,111.184
129.154,61.169,117.761,110.532
127.745,60.455,117.581,110.113
126.163,60.861,117.437,109.571
125.177,60.332,117.472,109.016
124.566,61.258,117.347,108.503
123.857,61.198,117.136,108.145
123.434,61.291,116.551,108.000
123.395,60.275,116.497,107.506
123.105,60.017,116.216,107.143
122.249,60.182,116.293,106.364
121.444,59.846,115.980,105.865
120.600,59.841,115.607,105.524
120.315,59.378,115.561,105.019
118.226,60.406,114.781,105.226
117.514,60.221,114.696,104.969
116.816,60.667,114.302,104.800
114.140,59.921,113.695,104.976
113.218,60.145,113.309,105.197
110.388,58.024,112.881,105.437
107.855,56.193,112.731,105.419
107.312,56.708,112.816,106.006
105.505,55.373,112.289,106.693
105.534,56.856,112.127,107.546
105.563,58.784,111.302,109.288
106.391,61.132,109.920,112.010
107.755,62.974,108.814,114.664
108.539,65.604,107.829,117.152
109.210,68.198,107.217,120.051
110.618,70.486,106.965,122.988
111.399,70.804,106.956,125.445
110.198,70.996,107.387,127.577
109.962,70.641,108.224,129.265
109.825,71.064,108.510,131.490
108.545,70.883,108.988,133.610
