118.000,57.000,82.000,98.000
118.385,60.085,82.607,98.222
118.520,59.507,82.361,98.956
116.658,57.489,82.191,100.065
117.975,57.689,82.588,100.507
117.111,57.121,82.617,101.155
117.762,57.196,83.428,101.477
118.145,56.986,83.366,101.918
118.021,56.145,83.303,102.569
118.140,55.712,83.518,102.840
117.645,55.664,83.341,103.678
117.483,55.603,83.262,104.178
117.998,55.736,83.051,104.661
117.823,55.137,83.114,104.887
116.950,54.165,83.349,105.187
116.858,52.180,83.667,105.313
116.649,52.872,84.074,105.281
115.397,50.637,84.246,105.351
115.280,50.176,84.503,105.240
115.024,48.855,84.988,105.007
111.772,48.403,85.394,104.848
112.913,46.693,85.686,105.029
111.313,48.089,85.234,105.281
110.289,47.317,85.405,105.206
111.097,48.356,85.084,105.098
111.482,49.540,84.784,105.208
112.339,48.925,84.629,105.379
110.442,50.360,84.536,105.429
111.157,50.407,84.482,105.447
111.067,51.853,84.003,105.834
110.962,51.379,83.916,105.839
110.359,52.260,83.481,106.191
109.596,51.774,83.359,106.398
109.063,50.773,82.967,107.188
108.315,49.905,82.429,107.728
107.547,50.619,81.951,108.179
106.429,51.175,81.972,107.789
105.057,52.305,82.445,107.167
105.710,51.945,82.947,106.614
103.826,54.183,83.083,106.272
104.480,53.690,83.475,105.838
104.022,54.729,83.344,105.701
102.479,55.133,83.973,104.813
100.786,56.152,84.119,104.220
99.829,56.017,84.700,103.035
99.752,54.437,85.133,102.271
98.574,55.092,84.519,102.589
99.259,55.810,84.406,102.206
98.173,55.529,84.381,101.949
98.848,55.835,84.386,101.464
98.742,57.105,84.503,101.158
100.181,55.549,84.516,101.554
101.998,54.602,84.776,101.654
101.871,54.912,85.055,101.609
100.837,55.824,85.172,101.425
103.327,54.780,85.004,101.863
102.124,55.837,85.190,101.696
103.742,53.987,85.220,101.936
100.976,53.089,85.372,102.237
103.986,50.537,85.133,102.482
101.894,52.063,85.488,101.806
105.237,50.679,85.734,101.853
106.726,51.414,85.942,101.530
109.738,51.899,85.614,101.658
113.444,49.041,85.531,101.480
114.096,48.731,85.613,101.219
117.584,47.332,85.305,101.717
118.276,45.574,84.781,102.108
118.510,45.296,84.388,102.351
120.149,45.751,84.446,102.396
121.388,45.398,84.318,102.364
122.575,46.036,84.348,102.137
122.662,47.152,83.965,102.166
124.309,47.267,83.850,102.210
122.150,49.967,83.781,102.368
123.520,50.686,83.754,102.352
123.487,52.085,83.799,102.267
122.647,50.219,84.520,100.675
122.493,51.194,84.885,98.864
119.818,50.794,86.030,96.573
118.673,49.274,86.253,94.787
118.503,49.295,86.600,92.753
117.817,48.779,87.672,90.201
116.587,48.510,88.421,88.016
114.478,48.627,88.487,86.642
114.716,46.495,88.354,85.846
112.441,46.745,87.705,85.487
115.130,49.013,86.592,85.434
114.863,51.782,85.500,85.819
114.821,56.596,84.014,87.419
116.426,61.248,82.253,89.690
117.487,60.407,80.636,92.250
118.959,59.520,79.770,93.879
118.321,59.423,79.486,94.620
117.511,58.898,79.158,95.126
118.243,56.723,78.998,95.618
117.315,56.559,78.997,95.896
117.930,55.721,78.883,96.394
117.569,55.664,79.137,96.503
116.918,56.110,79.409,96.094
117.128,55.464,79.633,96.041
117.774,54.111,79.535,96.143
117.715,54.025,79.179,96.352
118.522,52.416,79.111,96.259
119.860,52.954,79.095,96.435
120.944,52.834,79.164,96.645
121.435,52.744,79.148,96.709
122.145,52.852,79.341,96.799
122.625,52.225,79.574,96.998
122.209,52.232,79.562,97.230
121.661,52.670,79.371,97.708
121.711,52.587,79.274,98.179
123.299,51.800,79.305,98.583
121.348,52.374,78.970,99.128
122.528,51.860,78.765,99.443
121.495,51.937,78.724,99.843
121.120,52.135,78.772,99.830
120.111,52.246,79.031,99.672
119.768,52.727,79.144,99.626
118.395,53.018,79.386,100.032
120.708,52.597,79.278,100.150
119.433,50.459,79.473,100.536
117.485,53.135,79.610,100.444
118.728,52.669,79.970,100.386
119.139,52.578,80.133,100.938
117.888,52.831,80.135,101.596
118.152,50.559,80.730,100.528
117.396,48.115,81.870,98.785
117.115,47.196,82.644,96.998
117.386,47.021,83.968,94.376
117.017,46.607,84.848,91.596
115.780,45.510,85.625,89.382
115.998,43.700,86.073,87.535
115.386,42.148,86.284,85.897
114.769,41.174,86.377,84.715
115.128,39.924,86.316,83.863
115.290,26.062,86.893,84.052
116.313,22.826,87.250,84.527
115.530,19.936,87.509,85.079
114.423,27.442,87.607,85.213
114.335,23.939,87.968,85.545
115.105,21.243,88.186,85.895
114.418,29.512,88.232,85.956
115.637,25.969,88.564,86.033
114.590,23.530,89.064,86.314
114.512,20.119,89.930,86.306
115.301,18.551,90.285,86.294
115.121,25.683,90.684,86.436
116.629,23.547,90.908,86.808
115.522,20.779,91.308,86.959
115.383,18.834,91.900,86.793
114.650,26.874,92.240,86.661
114.386,22.520,92.675,86.738
113.783,20.047,92.979,87.048
112.914,26.850,93.360,86.751
113.476,23.597,93.890,86.744
112.064,20.642,94.417,86.700
113.356,28.245,94.156,86.659
112.947,24.685,94.444,86.804
112.899,20.696,94.843,87.074
111.048,28.115,95.256,86.637
112.585,24.847,95.453,86.706
112.521,20.973,95.604,87.031
111.195,27.583,95.909,86.466
112.700,23.175,96.298,86.259
111.686,20.662,96.392,86.834
111.962,26.766,96.311,86.638
110.421,23.680,96.878,86.848
112.024,21.346,96.735,87.228
111.131,19.287,96.882,87.626
111.771,16.826,96.930,87.824
112.291,24.411,96.866,88.166
111.341,20.609,96.762,88.655
111.427,19.091,96.780,89.010
111.487,24.874,96.793,88.914
110.780,20.092,96.649,89.349
110.666,28.803,95.868,89.678
111.104,24.473,95.300,90.278
111.321,35.906,94.576,90.066
111.395,34.680,93.510,90.001
113.229,44.963,92.458,89.227
112.514,45.978,91.294,88.641
113.143,48.376,89.943,88.475
114.167,51.269,88.729,88.883
114.302,54.546,87.403,89.841
115.879,57.335,85.490,91.567
116.655,57.586,83.808,93.737
117.399,57.607,82.837,95.441
118.446,57.244,82.278,96.794
118.324,56.432,81.518,98.004
118.659,56.410,81.336,98.830
118.824,56.072,80.993,99.506
119.414,55.189,81.012,99.986
119.083,55.091,81.011,100.382
118.887,55.137,81.013,100.736
118.564,54.867,81.140,101.034
117.806,54.465,81.481,101.101
118.347,53.608,81.419,101.503
118.926,52.939,81.656,101.678
118.084,53.565,81.805,101.760
119.824,52.779,81.731,102.110
119.173,53.152,81.540,102.592
119.271,52.721,81.705,102.515
118.355,53.190,81.756,102.730
118.522,52.274,81.853,102.485
117.883,52.757,81.752,102.777
115.426,54.824,81.553,103.000
117.724,53.942,81.312,103.082
116.415,53.417,81.296,102.943
116.354,53.781,81.092,102.808
117.229,54.006,80.846,102.605
118.520,54.216,80.864,102.638
119.279,52.357,80.830,102.677
121.181,51.280,81.120,102.465
122.467,50.261,81.499,101.785
122.520,52.045,81.814,100.802
125.585,51.788,81.878,100.190
125.248,52.590,81.835,99.784
125.404,52.617,82.147,99.247
125.143,52.903,81.982,98.918
125.515,52.618,82.003,98.626
125.849,52.589,81.943,98.310
125.539,52.869,81.790,98.037
126.033,52.342,81.645,97.762
124.867,52.042,81.331,97.582
124.030,53.701,81.258,97.169
125.171,53.097,80.995,97.247
125.841,53.541,80.909,96.975
126.188,52.950,80.542,96.866
125.293,52.236,80.581,96.573
125.216,52.350,80.543,96.346
125.017,51.988,80.395,96.301
124.623,52.426,80.331,96.174
124.858,52.401,80.285,96.113
124.824,51.996,79.896,96.293
124.539,51.464,80.089,96.053
123.763,51.460,80.301,95.677
123.792,50.860,80.321,95.596
122.339,51.185,80.363,95.612
122.481,52.176,80.451,95.595
121.776,52.395,80.644,95.639
121.465,51.517,80.463,96.121
119.605,49.616,79.996,96.655
119.409,48.968,79.692,97.088
118.206,48.650,79.069,97.820
118.687,47.144,78.798,98.243
118.800,47.499,78.502,98.635
117.422,48.589,77.840,99.258
117.295,47.821,77.685,99.180
116.499,46.861,77.395,99.723
114.406,47.803,76.797,100.283
115.170,46.925,76.193,100.632
113.516,47.693,75.350,100.906
112.134,46.415,74.644,101.073
111.902,46.807,74.614,100.574
111.681,45.840,74.529,99.788
112.101,47.697,74.262,99.364
110.304,46.962,73.659,98.901
110.326,48.830,73.765,97.975
110.312,48.979,73.433,97.505
109.460,49.236,72.946,97.149
109.770,49.642,72.852,96.555
110.373,49.829,69.988,99.573
111.252,43.509,67.423,101.861
111.499,46.140,65.906,103.400
112.493,46.358,67.859,100.790
112.055,48.856,68.990,99.024
111.356,49.525,69.777,97.641
111.179,50.407,70.247,96.519
110.781,50.475,70.010,96.212
112.403,50.796,70.369,95.497
111.766,50.259,69.961,95.691
113.932,49.737,70.517,95.105
114.534,51.171,70.594,94.970
113.881,50.799,70.956,94.854
116.036,52.535,71.354,94.669
117.157,51.365,71.921,94.399
116.996,52.094,72.447,94.421
117.603,51.491,73.258,94.177
117.127,51.518,73.792,94.224
116.940,52.071,74.528,94.013
118.206,52.476,75.384,93.662
119.749,53.085,75.630,94.118
119.705,52.484,76.038,94.410
118.653,52.363,76.373,94.806
118.629,53.803,76.614,95.014
119.433,53.831,76.836,95.165
119.749,52.898,77.230,95.376
120.428,51.882,77.349,95.843
119.923,51.558,77.640,95.773
121.191,50.813,77.919,95.749
121.454,51.390,77.826,96.150
121.108,52.277,77.944,96.228
121.306,51.579,77.912,96.665
120.673,52.922,77.877,96.964
120.267,52.826,78.062,97.030
118.874,53.409,78.313,97.106
118.946,53.639,78.269,97.386
117.404,54.304,78.378,97.689
116.530,54.782,78.519,97.613
114.125,56.256,78.764,97.289
112.642,55.819,78.621,97.352
112.193,56.364,78.844,97.048
112.440,55.376,79.203,96.785
111.083,55.023,79.027,96.966
112.960,54.557,79.099,96.666
112.845,53.983,79.292,96.434
113.055,54.153,79.411,96.273
112.095,54.181,79.512,96.274
111.983,54.492,79.825,96.432
110.766,55.036,79.641,96.633
110.421,55.038,79.623,96.601
107.548,55.683,79.350,96.663
108.189,55.296,79.559,96.708
105.485,56.424,79.300,97.249
106.092,55.576,79.780,97.074
104.088,56.440,79.864,97.557
101.716,56.450,80.486,97.443
100.931,56.337,81.493,96.997
97.081,58.385,82.460,96.785
97.550,58.139,83.785,96.249
95.077,59.962,84.599,95.821
94.046,58.601,85.435,95.558
91.021,60.115,85.560,95.766
90.157,60.056,85.572,95.853
88.737,60.710,85.932,95.556
87.722,59.966,86.346,95.713
86.202,59.836,86.436,96.306
85.621,59.647,86.773,96.648
84.647,59.913,87.045,96.923
84.704,59.785,87.249,97.296
84.377,59.752,87.614,97.715
84.712,60.033,88.331,97.745
84.831,59.617,88.501,98.254
86.294,60.878,88.598,98.900
85.350,60.908,88.875,98.996
84.836,61.634,89.178,99.224
82.823,61.006,89.740,99.642
80.092,61.182,90.122,100.295
78.164,60.668,90.621,100.633
75.854,59.260,91.576,100.620
73.682,60.782,91.717,100.586
72.119,60.273,92.386,100.762
72.337,58.372,92.447,101.558
71.904,57.445,92.761,102.145
71.347,57.213,93.103,102.349
70.871,56.733,93.722,102.319
69.663,56.340,94.069,102.523
68.773,56.061,95.006,102.126
68.292,57.250,95.660,101.958
69.159,56.698,96.639,101.724
69.447,57.032,97.388,101.601
70.833,54.761,98.129,101.907
71.214,54.847,98.172,102.596
71.270,54.323,99.023,102.638
71.032,54.695,99.567,102.897
70.576,53.254,100.088,103.294
70.199,53.353,100.744,103.574
70.189,52.896,100.914,104.246
68.553,52.876,101.717,104.480
69.130,52.598,102.450,104.814
70.471,52.576,103.037,104.838
72.204,50.790,103.422,105.119
74.456,48.851,103.938,105.995
75.831,46.633,104.504,106.729
77.063,47.577,105.627,107.028
79.736,47.745,106.140,107.573
83.192,46.313,106.515,107.989
86.448,43.300,106.614,108.541
86.826,43.110,106.273,109.099
87.833,41.880,106.753,109.414
87.347,41.910,107.564,109.364
87.043,42.749,107.786,110.069
88.033,43.968,107.708,111.078
91.605,41.949,107.387,112.136
91.950,40.889,108.160,112.158
93.432,40.424,108.030,112.853
98.701,39.999,107.965,113.590
101.708,39.406,106.965,115.572
106.813,38.017,106.196,117.228
112.163,37.200,105.381,118.998
115.710,37.086,105.338,119.804
116.438,36.971,104.773,121.119
114.850,38.004,104.403,121.853
112.573,36.395,103.759,123.261
109.555,37.247,103.740,123.789
107.073,35.623,104.140,124.270
99.453,37.254,104.699,124.300
92.609,36.897,105.778,123.623
85.470,36.282,107.802,122.922
78.166,37.672,109.191,122.487
72.394,39.364,111.312,121.836
68.276,39.431,112.398,122.308
65.061,37.012,112.492,123.555
63.488,39.061,113.337,123.184
59.981,39.552,113.628,123.160
58.548,39.128,113.280,123.467
57.009,37.757,112.627,123.469
58.086,38.323,111.964,123.526
58.295,38.896,111.919,123.329
58.273,39.209,111.366,123.716
57.195,38.020,110.158,124.410
57.753,39.982,109.162,124.445
60.304,42.028,108.092,124.420
60.910,43.713,107.112,124.381
62.791,45.903,106.030,124.286
65.196,49.290,105.058,124.357
66.849,51.884,104.502,124.377
65.712,49.465,100.391,127.494
70.303,50.569,99.968,127.419
69.278,51.277,96.054,130.284
69.667,49.725,93.027,132.240
70.167,50.609,90.438,133.514
71.521,50.461,88.219,134.144
72.031,50.490,86.513,134.393
72.806,51.666,84.828,134.416
73.554,50.955,83.438,134.485
74.042,51.300,82.160,134.241
74.873,51.425,80.967,134.051
75.721,52.002,80.007,133.593
76.358,53.011,79.089,132.901
77.929,54.604,78.487,132.010
78.382,55.271,77.899,131.156
89.757,57.407,82.785,125.877
87.210,59.493,87.022,121.629
83.813,60.009,90.756,117.810
77.084,57.677,93.685,115.072
70.266,57.342,95.650,113.115
66.309,54.950,97.375,112.025
60.442,54.947,97.743,111.744
56.712,53.688,98.347,111.470
56.259,54.448,99.619,111.455
55.010,54.497,101.381,111.114
53.357,53.368,102.985,110.723
52.010,52.274,104.704,110.173
49.814,53.121,105.955,109.741
46.312,54.053,107.881,108.991
46.692,52.943,108.626,109.300
47.094,54.427,108.962,109.588
48.361,54.909,109.411,109.497
49.933,54.680,109.464,109.807
49.893,55.139,109.031,110.888
52.868,55.094,107.757,112.043
54.559,55.423,106.439,113.242
57.749,56.175,105.192,113.853
60.825,58.307,104.478,114.150
62.466,56.042,104.203,114.345
64.997,56.253,104.695,113.809
65.332,58.825,104.702,113.783
66.111,59.007,104.577,113.755
65.843,57.010,103.750,114.036
69.488,58.218,103.387,114.196
68.841,58.219,102.759,114.411
69.552,58.636,101.596,115.137
69.589,57.223,101.007,115.347
71.473,57.081,99.904,116.119
72.411,56.968,99.578,116.214
73.821,57.500,99.274,115.969
73.878,58.320,98.817,116.209
73.295,58.660,98.247,116.265
76.010,58.542,97.612,116.109
76.041,60.153,97.470,116.050
77.308,60.238,96.999,116.382
78.235,60.988,96.555,116.641
80.152,61.302,96.253,116.604
79.840,61.559,96.352,115.874
80.951,62.188,96.176,115.376
82.410,61.651,96.020,114.882
83.622,61.796,96.315,114.235
83.318,62.184,96.178,114.376
84.295,63.704,96.126,114.183
86.600,62.471,96.203,114.305
87.026,64.554,96.398,113.981
87.307,64.588,96.489,113.797
87.401,64.378,96.403,113.832
87.300,65.128,96.648,113.556
86.847,64.704,93.784,116.178
87.741,66.169,94.490,115.396
88.252,67.219,95.188,114.849
89.007,67.784,95.673,114.263
77.885,65.035,92.416,117.192
80.387,62.692,89.295,120.043
82.782,60.908,86.665,122.322
85.558,57.503,84.843,124.120
86.445,56.613,83.399,125.329
87.358,55.504,82.180,126.539
87.017,54.801,81.174,127.614
87.422,52.708,80.275,128.461
87.995,51.902,79.239,129.425
88.442,51.468,78.421,130.092
88.983,50.542,77.575,130.902
89.054,49.247,76.849,131.636
89.205,47.762,76.239,132.196
100.105,61.857,80.287,128.377
98.527,60.213,80.477,128.121
97.380,59.396,80.230,128.286
96.586,57.817,80.014,128.444
94.997,60.754,83.632,125.015
92.339,62.402,87.059,121.736
89.127,62.401,90.085,118.900
86.100,63.055,92.536,116.638
85.637,62.535,94.391,114.942
84.784,64.164,96.178,113.267
83.346,62.901,97.386,112.132
80.271,63.990,97.905,111.279
79.879,62.096,98.443,110.839
77.356,60.984,98.664,110.603
74.719,63.193,98.831,110.032
73.314,61.766,99.187,109.751
72.942,61.151,99.433,109.865
70.081,60.137,100.450,109.830
69.915,58.506,100.684,110.717
67.584,57.207,101.454,111.603
65.350,56.537,101.685,112.914
64.247,55.775,101.464,114.261
66.603,53.993,101.894,115.076
65.949,54.825,102.298,115.866
65.666,55.557,102.893,116.386
65.620,54.159,103.609,117.245
65.692,51.479,104.580,117.482
62.617,51.884,105.478,117.482
60.689,52.669,106.843,117.185
62.482,51.586,108.295,117.189
64.559,47.993,109.701,116.987
61.341,49.050,111.364,115.748
62.037,48.586,112.461,114.877
62.611,49.363,113.347,114.116
65.187,49.843,114.099,113.654
65.997,49.757,114.836,113.144
68.930,51.062,114.842,112.840
72.273,51.488,113.901,113.565
72.710,51.881,113.300,114.040
77.679,50.884,112.055,114.447
80.599,50.662,110.929,115.056
82.455,49.874,109.629,115.318
84.351,49.585,108.180,115.770
85.148,49.056,106.526,116.028
86.892,48.311,105.080,116.252
88.183,47.791,103.807,116.435
90.211,49.533,102.861,116.025
90.913,49.533,102.027,115.636
90.435,50.429,101.294,115.266
91.994,50.856,100.840,114.594
91.146,52.159,100.792,113.549
92.904,52.142,100.448,112.616
92.290,52.593,99.905,111.990
93.013,52.727,99.213,111.902
93.177,52.917,99.152,111.039
93.440,53.394,98.163,110.718
95.802,54.178,97.690,110.135
98.478,54.450,96.901,109.883
98.706,55.739,95.759,109.933
101.175,55.871,95.108,109.857
103.594,56.584,93.555,110.530
105.396,57.573,92.880,110.703
108.124,58.721,91.588,111.330
109.780,61.476,90.603,111.503
111.147,63.594,90.034,111.104
111.727,67.167,89.518,110.412
113.733,68.501,89.375,109.667
112.924,69.945,89.321,109.199
114.032,70.149,89.719,108.644
113.436,70.177,89.665,108.097
113.209,69.839,90.082,107.314
113.963,71.009,90.346,106.198
113.131,72.708,90.123,105.494
112.377,75.095,90.372,104.427
113.050,76.071,90.537,103.470
111.800,76.656,90.647,102.490
111.616,75.707,90.740,101.406
112.155,76.165,89.958,100.927
112.109,77.115,89.548,99.906
112.805,75.662,89.549,99.431
113.922,71.976,89.687,99.381
112.386,68.906,89.925,100.002
112.395,80.578,89.781,99.323
111.587,80.741,89.248,98.991
113.162,79.807,89.049,98.551
113.793,79.623,88.732,98.623
114.162,77.801,88.386,98.728
114.234,75.861,88.379,98.873
114.963,74.845,87.847,99.333
115.804,73.261,87.540,99.606
115.974,73.142,87.247,100.153
116.404,74.170,87.497,100.159
118.235,77.030,88.135,99.806
116.768,77.169,89.358,98.871
116.412,78.007,90.244,97.956
115.585,79.896,90.853,96.866
114.158,79.543,91.150,96.546
114.921,80.383,91.926,95.640
115.272,81.224,92.283,94.925
116.154,80.614,92.694,94.442
116.480,81.125,93.522,93.936
116.723,82.110,94.172,93.672
116.484,82.326,95.060,93.334
117.131,82.521,95.634,93.313
117.470,71.022,96.311,93.312
118.627,71.206,96.649,93.451
117.894,72.167,96.915,93.898
117.901,72.958,97.200,94.115
116.883,73.943,97.427,94.504
116.105,74.761,96.974,95.011
115.176,75.395,96.308,95.449
113.761,76.624,95.603,95.703
115.136,78.666,95.472,95.398
114.624,80.803,95.877,94.701
113.562,82.858,95.514,94.355
115.564,84.755,95.400,93.816
115.567,87.076,95.584,93.374
116.666,89.920,95.491,93.039
114.599,79.139,95.584,92.671
114.444,81.349,95.601,92.213
115.489,84.514,95.673,91.855
115.184,86.752,95.515,92.204
115.279,87.619,95.562,92.203
114.672,88.311,95.170,92.595
116.552,89.810,95.246,92.110
119.846,78.231,94.560,92.672
122.024,78.956,94.455,92.438
123.470,80.355,94.665,92.147
123.692,81.449,94.838,91.873
122.206,82.169,94.893,91.927
123.782,83.939,94.444,92.375
123.982,85.874,94.331,92.264
125.041,87.107,94.444,92.112
125.128,87.605,94.595,92.292
126.026,87.915,94.583,92.823
128.126,87.238,94.291,93.372
129.883,74.646,93.843,93.766
127.590,31.880,93.157,94.461
125.331,27.141,92.740,94.870
122.542,24.441,92.463,95.243
122.436,22.619,92.318,95.578
122.234,21.567,92.224,95.675
121.133,21.404,92.259,95.719
121.755,28.536,92.279,95.754
123.138,76.736,93.466,94.946
121.658,78.323,94.616,94.359
120.079,78.966,94.104,94.821
117.570,81.295,93.247,95.250
114.241,82.780,92.046,95.759
113.494,82.865,90.946,96.401
112.867,82.203,89.978,96.448
112.518,83.612,89.494,96.427
114.041,85.470,89.154,96.358
115.015,86.319,89.171,96.108
114.768,89.062,88.580,95.799
115.454,90.350,88.860,94.562
115.645,91.103,88.303,93.824
115.359,93.264,87.938,93.307
115.299,93.174,88.625,92.220
115.078,94.382,88.899,91.178
115.554,95.204,89.502,90.325
114.213,95.926,89.319,89.699
114.826,98.063,89.591,88.931
116.277,99.501,90.071,88.064
114.751,101.044,90.401,87.069
115.174,102.386,90.398,86.680
115.382,103.618,90.463,86.039
115.898,104.383,90.420,85.548
115.712,104.952,90.917,84.636
115.961,106.453,91.306,83.989
114.481,107.404,91.389,83.328
114.744,106.928,91.770,82.904
114.129,106.737,92.131,82.693
114.437,105.936,92.502,82.486
114.751,106.384,92.591,82.113
114.505,107.309,92.370,82.075
114.399,108.020,91.847,82.265
114.082,108.307,91.505,82.483
113.830,108.074,91.229,82.426
113.261,107.431,90.786,82.430
112.959,106.622,90.305,82.210
113.546,105.734,90.197,81.375
112.836,105.156,89.906,80.912
113.904,104.983,89.331,80.330
113.853,103.775,89.292,79.491
113.338,102.497,89.371,78.663
113.006,101.035,89.079,78.070
113.393,100.032,88.495,77.837
113.176,98.399,88.080,77.632
113.866,89.584,87.240,77.312
112.909,90.293,87.601,76.139
112.983,89.188,88.057,75.239
112.123,89.101,88.661,74.108
111.958,87.307,89.197,73.387
110.514,86.241,89.852,72.726
113.683,77.723,90.349,72.769
109.708,78.565,92.280,71.317
111.860,70.815,92.025,72.460
111.133,72.540,92.127,72.997
110.731,73.373,92.878,73.181
109.964,74.061,93.678,73.024
110.292,64.998,93.665,73.825
110.720,65.797,93.586,74.431
110.056,67.087,93.774,74.705
110.292,56.124,93.584,75.390
110.298,55.067,93.677,75.829
111.904,40.623,93.506,77.046
111.893,49.266,93.665,77.427
112.606,46.194,94.056,77.898
112.207,42.245,94.386,78.609
112.196,39.237,94.307,79.476
111.144,46.638,94.460,79.936
110.765,43.367,94.723,80.383
112.034,40.584,94.765,81.223
110.946,37.543,94.878,81.926
110.471,46.087,95.128,82.243
110.541,43.718,95.490,82.603
111.700,39.522,95.617,83.423
110.095,36.447,95.949,83.877
109.818,44.712,96.141,84.162
110.749,42.220,96.639,84.503
112.042,37.580,96.605,85.188
110.760,35.328,96.890,85.778
109.786,43.720,96.993,86.093
109.584,40.836,97.405,86.087
110.354,37.485,97.448,86.528
109.898,35.452,97.608,86.912
109.289,43.930,97.653,87.275
109.411,40.690,98.236,87.367
110.194,38.491,98.407,87.938
109.622,47.823,98.291,88.488
109.249,46.667,98.292,88.838
110.457,45.931,97.760,89.843
110.964,45.140,97.157,91.007
112.230,44.724,96.701,92.090
112.504,44.752,96.519,93.275
113.240,44.492,96.459,93.938
111.826,45.501,96.162,94.903
113.046,45.443,96.073,96.099
112.263,46.006,95.866,97.127
113.165,48.081,95.871,97.960
112.211,50.178,96.279,98.590
110.137,64.269,97.418,97.009
109.741,64.707,97.327,95.942
109.687,67.056,96.633,95.830
108.129,78.520,96.237,93.767
107.985,78.402,95.546,92.311
109.262,81.092,94.042,92.096
111.382,83.954,92.884,91.950
112.832,86.987,91.616,91.744
112.723,91.031,90.891,91.263
114.145,94.658,90.048,91.143
116.011,96.022,89.537,90.969
114.983,96.689,89.690,90.273
114.663,96.270,89.314,89.841
115.920,96.069,88.814,89.585
115.561,95.832,88.303,89.181
115.379,95.925,87.988,88.797
115.890,95.264,87.641,88.697
115.725,95.775,87.126,88.579
116.049,94.776,86.608,88.375
115.527,94.675,86.507,88.206
116.109,95.008,86.511,87.660
116.816,94.163,86.692,87.413
117.012,94.634,86.439,87.521
117.895,94.993,86.141,87.704
119.121,95.499,85.822,88.098
118.605,95.381,85.404,88.461
118.521,93.953,85.370,88.520
119.913,93.056,84.944,88.877
120.027,92.611,84.663,89.211
119.373,91.109,84.191,89.844
119.228,90.502,84.221,89.834
120.185,89.411,83.955,90.103
120.538,88.406,83.555,90.723
120.125,87.240,83.215,91.567
120.054,86.075,82.838,92.257
118.621,86.090,82.770,92.791
119.084,85.843,82.984,93.115
118.930,84.827,83.291,93.463
117.984,84.819,83.504,93.782
118.009,84.234,83.581,94.282
118.908,84.171,83.463,94.851
117.771,84.840,83.810,94.995
118.360,85.309,84.042,95.406
118.211,85.099,84.193,95.729
117.933,84.629,84.656,95.957
118.440,85.110,84.659,96.428
117.993,84.282,84.904,96.563
117.445,85.455,85.185,96.461
117.277,86.483,84.979,96.898
118.167,86.619,85.004,97.265
117.287,87.587,85.343,97.123
117.090,87.086,85.295,97.149
116.187,86.664,85.133,97.371
115.292,86.739,85.158,97.328
114.834,86.554,85.447,97.136
114.761,87.538,85.482,97.024
114.522,87.949,85.462,97.115
114.114,88.389,85.703,96.745
113.694,88.401,85.865,96.514
113.616,88.515,85.969,96.293
113.776,89.044,86.132,96.206
113.952,89.569,86.097,96.113
114.155,90.110,85.978,95.996
113.851,90.105,86.136,95.807
113.358,89.810,86.162,95.756
113.961,90.578,86.256,95.692
114.147,90.116,86.027,95.651
113.634,90.505,85.817,95.696
113.722,90.897,85.915,95.725
114.108,90.504,85.945,95.721
114.004,89.994,85.871,95.728
114.574,89.680,85.613,96.037
114.418,89.846,85.718,96.114
114.505,89.732,86.004,95.993
114.258,89.116,85.826,96.158
114.076,88.929,85.434,96.594
114.407,88.606,85.398,96.786
