405.000,256.000,122.000,148.000
407.650,253.091,120.654,149.716
409.536,251.312,119.636,150.710
413.500,248.116,119.351,152.709
416.822,242.876,119.230,154.918
420.228,237.099,119.787,156.614
423.201,233.801,120.187,157.523
424.210,229.071,120.389,158.582
422.446,221.413,120.515,159.637
413.452,222.009,120.099,160.557
406.244,213.941,121.423,159.414
396.868,206.795,122.696,157.746
391.396,197.303,122.958,158.014
383.152,186.489,123.715,157.289
371.792,180.810,124.234,155.338
360.995,186.869,123.333,155.580
350.946,179.129,124.218,155.145
346.764,177.665,124.156,154.012
336.497,186.285,123.114,154.737
337.175,179.098,122.407,156.206
328.041,187.679,121.519,156.506
325.134,179.683,121.446,157.292
321.921,180.815,121.825,155.644
319.265,179.630,121.772,154.896
308.306,185.588,120.275,155.960
303.329,176.787,120.033,156.283
297.916,174.021,119.808,155.799
289.411,169.575,119.903,154.748
277.353,164.798,119.741,153.710
272.143,157.692,118.530,154.450
269.669,153.514,116.873,154.827
269.391,140.222,114.917,157.779
268.749,127.079,113.684,159.402
269.295,117.095,113.066,160.357
271.676,106.886,113.319,160.825
280.596,100.816,111.830,162.968
288.484,90.965,110.004,165.615
293.815,82.794,108.704,167.943
299.062,70.884,108.061,170.304
306.475,60.616,107.488,171.573
310.275,54.532,107.590,171.062
308.274,54.859,107.292,169.410
306.271,57.064,107.411,167.129
305.171,60.505,107.311,165.126
301.470,65.364,106.441,163.187
299.063,70.425,105.796,161.372
296.523,77.591,104.959,159.173
290.663,81.581,104.068,157.720
286.712,86.328,103.452,155.922
282.642,93.787,102.523,153.926
272.943,93.825,102.556,152.608
264.169,100.120,102.322,150.307
260.880,102.555,101.579,149.328
257.271,108.043,101.235,148.520
256.237,110.840,101.033,147.898
256.401,112.518,100.506,147.968
255.979,111.381,100.921,147.338
254.439,114.908,100.695,146.852
252.215,109.847,100.750,147.357
251.167,108.941,100.955,147.103
249.846,112.419,101.326,146.082
250.036,112.947,100.836,147.025
248.125,113.324,101.318,147.077
247.617,108.034,101.782,146.582
248.691,110.145,101.567,147.625
251.949,106.941,101.839,148.580
253.797,102.431,102.037,149.824
252.357,94.088,102.773,149.431
254.614,97.649,103.059,149.935
252.121,88.220,103.352,149.879
251.919,90.634,103.723,149.768
252.453,89.456,103.336,150.718
253.029,88.257,103.552,151.777
252.246,87.621,103.807,152.732
253.022,86.275,104.452,152.705
254.064,87.827,104.335,152.990
255.487,86.847,105.084,153.528
255.047,86.269,105.453,153.234
257.517,86.468,105.684,153.114
258.685,85.899,105.865,153.311
260.797,85.386,105.497,153.866
262.810,85.256,105.364,153.982
267.153,84.747,105.076,154.288
274.343,83.294,104.640,155.153
280.399,83.354,105.187,155.047
286.354,83.581,105.236,155.162
292.214,83.740,105.463,155.117
296.332,83.991,104.684,155.237
302.888,84.553,104.634,155.258
303.883,81.369,105.244,155.313
310.970,80.872,105.865,155.036
309.262,76.271,105.803,155.503
316.683,73.556,106.759,155.401
311.956,68.747,106.505,155.991
315.508,66.929,107.069,155.927
313.428,63.897,107.154,155.968
317.868,65.864,107.627,155.809
317.958,64.749,107.666,155.701
322.711,64.447,108.444,155.787
322.213,69.459,108.990,154.823
323.743,72.971,109.582,154.755
320.562,80.295,109.582,154.543
318.689,78.157,109.927,154.321
316.248,89.832,109.074,153.185
314.087,98.566,108.165,152.724
304.929,107.546,108.551,150.984
297.176,119.397,107.870,149.315
293.244,133.538,107.470,147.416
286.961,142.836,106.918,146.927
282.899,152.861,106.651,146.128
276.379,162.440,106.118,145.547
271.857,170.256,106.058,144.960
266.621,179.925,106.116,144.373
260.840,188.761,105.833,143.989
249.064,196.107,106.119,143.573
243.071,205.861,106.409,142.983
234.089,211.779,106.712,142.934
228.191,218.335,107.188,142.533
221.776,224.557,107.882,142.368
219.229,232.363,107.928,142.621
215.535,232.794,108.109,143.687
213.725,235.412,108.243,144.166
215.841,235.994,109.104,145.336
219.702,234.184,110.100,146.753
224.670,236.292,111.165,147.864
228.151,234.012,112.198,150.378
229.965,237.457,113.489,151.174
235.320,241.076,114.726,152.921
244.005,240.150,116.041,155.455
252.740,239.765,117.338,157.573
261.255,245.777,118.256,158.438
272.837,248.226,119.297,159.730
275.498,254.220,120.285,160.874
288.768,254.324,121.699,163.135
294.504,258.010,122.543,165.230
302.647,247.575,124.440,166.851
307.508,248.082,124.387,168.793
314.911,236.636,126.235,170.206
317.678,229.745,126.778,170.591
318.620,222.616,126.860,171.449
316.454,215.545,126.777,172.155
311.519,215.697,127.294,173.260
310.748,205.360,127.399,173.867
295.877,202.217,126.766,174.939
283.178,199.466,126.586,175.174
271.867,196.843,126.792,175.433
261.497,194.938,126.474,176.420
247.364,187.597,126.412,177.855
232.362,186.834,126.038,178.107
216.111,184.854,125.692,178.817
205.559,183.102,126.171,179.768
192.347,178.105,126.128,181.024
175.648,171.384,126.268,181.799
161.504,166.163,126.992,182.375
155.593,165.710,127.273,182.348
156.008,157.062,127.280,182.490
157.833,145.330,127.567,182.417
160.452,144.798,126.233,183.274
159.558,145.712,125.447,183.502
164.704,142.452,124.303,184.715
167.879,136.419,123.270,185.952
174.505,135.105,122.524,185.479
179.254,130.866,121.470,186.293
185.260,126.784,120.276,186.806
189.730,124.738,119.185,186.013
190.372,126.317,118.781,184.595
193.006,125.983,117.717,183.701
193.450,123.922,117.047,183.046
195.373,124.388,115.970,182.202
196.120,122.420,115.274,181.034
197.860,123.749,115.013,179.527
204.038,126.331,114.590,177.696
212.552,133.823,114.027,174.895
217.887,138.999,112.803,172.961
223.357,145.889,111.361,171.145
231.517,147.592,110.826,169.461
238.398,149.853,109.962,168.149
241.351,150.151,109.003,167.693
245.611,146.670,107.669,167.803
248.205,146.974,107.083,166.580
247.159,146.120,106.105,166.353
247.460,141.152,105.457,166.880
242.803,136.800,105.158,167.412
242.821,129.334,104.723,169.388
242.482,120.163,104.133,171.753
247.355,110.727,102.704,174.849
244.704,98.731,103.139,177.312
247.727,88.519,102.877,179.083
242.466,74.313,103.056,180.313
245.122,63.875,102.733,181.921
245.094,52.607,102.420,183.146
245.923,43.060,102.500,183.731
252.720,34.735,102.789,183.423
263.948,31.888,103.173,182.070
277.545,30.329,103.868,180.121
291.889,36.276,104.398,177.077
304.712,42.699,104.400,174.003
317.912,53.786,104.107,170.303
331.833,59.889,104.140,167.601
342.234,67.723,103.614,165.216
351.891,75.772,102.929,163.059
365.152,81.084,102.128,162.323
371.392,86.544,101.921,160.946
377.321,91.691,101.791,159.289
382.297,98.774,101.516,157.389
384.604,107.202,101.052,155.187
385.476,114.602,100.466,153.488
382.547,125.067,100.208,150.959
376.001,132.537,100.147,149.227
366.437,139.927,99.848,147.738
355.863,145.258,99.545,146.993
347.457,147.557,98.765,146.912
336.838,149.009,98.664,146.933
329.001,155.351,97.961,146.570
322.819,157.235,97.266,147.490
313.988,158.464,96.622,148.310
305.905,159.500,96.048,148.459
296.350,161.189,95.727,148.651
284.890,163.102,95.609,148.210
273.306,163.411,95.212,147.938
263.688,162.074,94.926,147.410
253.967,162.376,94.943,146.956
243.024,162.476,94.542,146.192
233.715,168.405,94.447,144.096
223.897,173.949,94.231,141.786
212.826,180.255,93.564,139.653
200.412,187.683,93.103,137.598
192.118,195.619,92.350,135.945
183.913,202.842,92.011,134.684
174.304,210.107,92.020,133.329
163.772,219.735,91.681,132.068
151.829,224.155,91.863,131.545
142.986,225.023,92.715,130.572
136.216,227.221,93.395,129.846
131.807,228.266,94.119,129.500
127.183,229.496,94.861,129.773
122.522,229.606,95.094,130.510
122.860,227.877,94.457,132.191
122.413,219.987,95.506,131.212
123.091,220.298,94.834,132.429
126.869,213.067,96.224,131.752
128.036,214.120,95.508,132.642
131.601,216.140,95.272,133.381
138.159,217.096,94.936,134.413
144.209,217.248,95.096,135.362
153.899,217.004,95.790,136.285
153.529,214.731,96.155,137.962
160.064,214.850,96.455,139.252
165.121,212.730,97.135,140.683
167.389,214.746,97.497,141.753
169.114,215.846,98.125,142.347
168.523,217.383,99.044,142.637
169.773,219.097,100.119,142.738
168.618,218.838,101.074,143.693
167.359,221.153,103.032,143.276
165.924,220.645,104.641,144.240
168.412,219.503,106.466,145.612
165.257,219.120,107.834,146.976
166.798,219.897,109.370,148.921
162.839,219.955,110.722,150.037
166.203,216.931,113.668,150.162
166.340,216.390,116.811,150.144
166.684,214.763,119.023,151.259
167.733,212.616,120.588,152.848
169.424,209.390,121.998,154.805
170.003,205.594,123.337,156.599
172.219,201.825,124.692,158.155
172.774,195.865,125.702,160.780
171.767,191.281,127.010,162.808
176.851,186.184,129.213,164.899
181.928,179.914,131.467,166.875
178.864,173.330,132.459,168.595
182.246,166.509,134.230,169.444
181.641,163.121,135.574,169.893
188.667,156.265,137.917,170.225
195.904,150.671,139.783,170.862
201.714,144.724,141.009,171.810
204.555,142.104,141.022,173.219
210.893,141.874,141.294,174.546
218.052,139.824,141.175,175.779
219.022,137.906,140.761,176.487
225.347,136.910,140.818,177.115
226.823,137.339,140.595,176.714
227.170,138.109,140.226,176.048
225.877,137.623,139.921,175.950
226.438,136.413,139.538,175.524
228.208,133.817,138.910,175.290
229.261,132.965,137.935,175.169
231.332,134.736,137.206,174.131
230.853,135.572,137.617,172.281
232.170,137.638,136.744,171.503
233.155,138.124,136.204,170.706
232.508,138.703,136.138,169.898
229.646,140.583,136.389,168.797
223.466,143.283,136.345,168.151
219.859,143.306,136.075,167.682
218.137,141.490,134.986,167.374
219.070,141.199,134.353,167.226
221.692,143.256,134.183,166.302
221.385,148.189,133.530,165.630
218.241,154.476,133.343,165.257
219.486,159.245,133.025,164.255
220.337,161.898,133.555,164.213
222.005,163.731,134.260,165.632
228.266,165.427,135.692,166.930
227.702,168.532,136.999,167.378
231.477,171.083,139.034,167.740
232.449,174.697,141.392,169.047
233.744,174.991,143.505,170.885
233.925,172.097,145.118,174.393
234.367,170.214,147.272,177.680
235.604,169.978,149.156,181.191
235.762,166.273,151.508,184.552
234.727,164.608,153.951,188.096
234.037,159.872,157.405,191.941
238.523,155.231,160.350,195.799
248.647,149.603,163.467,199.739
253.304,151.301,165.857,202.117
254.938,148.497,167.409,205.454
260.534,148.813,169.711,208.837
271.389,149.069,172.871,211.116
279.897,150.308,175.595,214.836
278.575,156.104,176.305,217.740
279.219,163.216,178.008,219.439
278.800,170.910,178.952,222.097
283.819,173.472,180.649,225.406
278.087,174.617,181.970,227.143
274.778,176.674,182.886,228.994
272.365,179.499,185.602,230.592
264.028,178.445,187.973,232.689
264.372,180.325,189.463,234.482
258.936,181.258,190.835,236.865
256.015,184.031,190.939,238.921
253.339,187.197,190.069,242.952
258.953,177.719,190.188,247.213
255.870,170.308,189.469,249.714
264.161,163.823,189.452,251.679
266.129,158.904,189.302,251.435
265.442,153.370,188.795,250.950
268.495,149.938,187.583,249.751
269.723,145.241,187.201,248.315
268.963,139.612,186.024,247.428
268.069,133.769,184.958,247.373
261.980,130.865,184.763,245.171
256.841,125.888,183.847,244.943
258.056,120.158,180.553,245.746
251.990,114.354,178.596,246.075
254.285,109.008,175.468,247.132
254.104,104.625,173.622,246.491
252.391,102.387,173.450,244.725
254.709,105.902,174.039,241.448
259.178,106.084,173.914,240.984
264.258,107.954,172.625,239.960
266.740,110.806,170.793,238.975
269.611,115.676,169.307,237.798
270.140,121.058,167.542,236.186
270.066,130.026,166.321,233.623
270.082,147.018,163.891,230.577
262.212,151.446,162.378,228.077
253.165,155.030,162.699,225.029
235.560,159.113,165.662,220.745
213.609,164.417,168.944,215.446
193.759,163.088,171.558,211.936
173.625,164.817,172.837,210.003
164.147,163.524,170.700,211.070
157.306,160.675,168.829,212.021
143.698,161.764,169.146,209.723
135.565,159.179,167.675,209.831
129.096,154.730,165.398,210.564
130.429,150.699,162.833,212.186
124.227,147.511,161.079,212.710
122.066,146.545,158.712,213.000
119.241,145.296,156.694,212.810
118.563,142.049,154.693,214.224
119.822,142.221,148.338,218.467
116.347,137.888,144.338,220.713
114.214,134.582,141.079,222.384
111.686,132.811,139.269,222.779
108.096,129.486,137.875,223.430
110.314,124.411,135.669,225.840
111.666,121.065,133.007,228.229
109.811,111.661,130.613,230.284
109.426,109.641,128.428,231.342
111.984,109.558,126.098,232.185
113.303,109.971,124.815,232.236
118.557,107.736,123.026,232.516
126.124,109.198,122.538,232.851
141.729,112.985,120.288,232.246
148.422,114.481,120.908,230.939
164.399,119.454,119.177,229.775
178.030,126.306,117.253,227.790
193.011,129.722,115.274,226.377
200.567,128.007,117.346,224.325
211.945,128.291,115.827,224.000
222.617,128.103,114.365,223.965
230.721,124.573,113.385,224.589
237.166,123.986,115.117,224.022
244.460,122.203,116.616,223.181
251.265,122.444,118.233,222.271
258.139,120.474,118.675,223.194
269.326,124.375,118.047,222.923
281.774,128.035,117.148,222.609
294.588,130.120,116.228,222.075
307.869,131.967,114.638,222.059
319.302,132.202,113.621,221.790
331.228,132.215,112.314,221.896
344.587,136.007,110.354,222.664
354.201,139.143,108.781,222.471
371.688,135.470,105.297,225.209
383.797,134.382,102.458,226.527
395.533,134.413,100.511,227.361
405.163,134.507,98.438,229.181
413.071,125.648,96.975,231.688
418.046,123.402,96.533,232.148
421.160,115.429,99.221,226.936
423.312,125.565,100.649,224.343
421.280,128.098,101.180,223.449
422.088,127.998,101.577,223.211
415.908,128.606,103.416,221.395
409.644,129.633,104.162,219.823
409.363,133.529,103.709,218.912
405.660,122.854,105.249,215.841
398.559,131.406,106.391,211.828
390.693,136.257,106.695,208.789
387.676,139.516,105.205,207.636
381.597,140.265,104.365,205.997
371.816,139.416,103.621,204.072
364.350,140.169,102.535,203.007
357.366,141.713,102.254,201.224
352.498,141.021,102.212,198.795
348.072,141.781,101.835,196.186
343.025,142.460,102.064,193.860
339.154,142.869,102.188,190.821
335.634,145.457,102.180,187.441
329.228,145.613,102.250,184.714
326.834,146.793,102.563,182.079
319.240,144.830,102.649,180.349
312.543,144.221,102.367,178.729
309.037,142.790,102.236,177.360
303.781,140.158,101.662,176.447
302.132,137.313,101.337,175.931
296.406,132.624,101.074,175.572
294.762,130.444,101.225,175.137
289.817,124.897,101.289,175.121
290.246,121.253,100.896,175.226
286.267,114.886,100.865,175.163
284.105,108.950,101.385,175.142
280.283,104.151,101.397,176.250
281.144,102.449,101.746,176.503
280.451,98.002,102.048,177.399
282.818,97.916,102.353,177.720
285.812,95.159,102.223,178.657
287.758,93.212,102.359,179.143
290.510,105.359,102.965,180.890
293.097,100.654,103.499,182.391
297.332,98.034,103.078,183.615
295.301,92.881,103.267,184.907
297.019,104.029,103.036,187.646
292.593,102.355,108.647,183.973
305.085,98.181,107.281,185.756
307.527,93.825,106.313,188.075
307.568,92.352,106.592,189.558
308.472,89.941,106.280,190.696
303.913,102.903,105.939,192.114
302.994,97.900,105.725,193.170
300.975,95.676,105.247,194.091
296.431,95.488,105.698,193.469
290.465,109.871,106.143,193.157
285.838,108.799,106.007,193.452
281.941,107.571,105.760,193.787
277.231,104.332,105.337,193.583
270.693,101.436,105.241,193.961
267.542,99.512,105.787,193.648
263.108,97.289,106.797,192.271
257.649,112.317,107.779,192.467
254.467,109.371,108.293,192.983
251.910,108.402,108.778,193.499
253.128,106.200,108.316,194.642
255.731,119.730,109.137,196.012
256.502,116.409,109.553,197.439
252.844,115.279,114.614,193.020
249.264,114.996,118.876,190.877
249.364,117.650,124.022,187.223
253.469,133.304,127.614,187.095
255.506,130.551,130.836,187.073
258.843,129.030,133.332,187.238
262.090,128.350,135.643,187.712
264.729,125.634,137.132,190.003
266.308,124.092,138.187,191.785
264.512,122.074,138.894,193.061
263.801,119.419,139.743,194.530
261.060,118.225,141.069,195.011
258.236,118.789,142.695,194.965
255.990,119.287,144.102,195.442
251.867,116.015,145.140,196.394
243.786,116.399,146.290,196.608
223.267,138.149,148.442,196.949
219.707,136.451,149.745,197.724
213.704,132.300,149.859,199.178
207.054,131.458,150.817,200.208
201.630,131.872,151.075,202.072
197.179,148.157,151.678,203.953
190.363,145.407,151.767,205.971
185.962,145.790,152.543,206.642
183.731,144.328,153.313,207.543
181.593,145.523,154.384,208.025
177.340,146.583,155.409,208.442
193.065,143.975,155.597,209.452
185.907,143.250,156.055,210.181
184.973,142.535,149.956,217.153
178.822,145.491,151.494,215.938
177.856,147.925,152.835,215.039
171.668,149.475,154.160,214.215
172.377,152.842,154.620,214.290
171.037,150.025,149.343,220.172
167.165,150.653,151.568,219.044
164.102,150.983,153.413,218.215
162.426,152.783,154.765,217.760
159.367,154.376,156.151,217.317
162.788,157.388,150.655,222.858
158.011,159.379,153.393,219.830
175.474,154.175,148.460,224.866
170.177,153.136,144.883,228.748
166.956,158.432,148.446,225.103
170.778,158.557,145.470,229.059
167.320,160.694,149.213,226.224
183.179,155.618,145.605,229.641
175.149,157.629,143.297,231.648
190.795,155.641,141.093,233.481
183.940,155.567,140.090,234.630
183.073,155.746,139.003,235.267
178.148,159.882,145.211,229.741
188.269,155.613,148.908,226.828
181.067,159.832,146.136,228.896
176.885,163.240,149.876,224.824
173.654,163.830,152.700,221.553
172.262,166.005,154.852,220.506
169.903,166.556,156.674,218.858
167.648,166.213,157.788,218.151
167.260,163.237,152.364,224.271
165.637,158.956,149.366,228.976
162.419,160.012,152.962,226.889
161.389,162.723,155.988,225.373
158.392,160.695,158.262,224.498
156.627,158.771,153.960,229.654
154.374,158.689,151.087,233.319
156.001,159.681,154.787,230.331
154.576,157.233,152.128,233.724
164.331,154.209,156.156,230.440
162.982,154.246,159.017,229.316
162.759,154.894,161.546,228.026
160.846,154.463,163.108,227.453
157.758,154.972,158.907,231.551
156.340,150.414,155.903,235.039
155.148,144.442,153.489,237.717
168.031,144.140,150.866,239.954
159.238,141.221,149.631,241.394
160.038,140.787,147.806,242.312
160.932,141.374,146.717,242.953
160.910,138.231,145.742,243.571
170.323,139.719,150.846,238.549
163.303,138.255,154.126,234.912
157.641,142.842,152.056,235.879
168.059,143.947,155.599,232.104
160.974,144.588,158.317,228.378
158.642,154.181,154.979,229.953
169.251,154.474,157.970,226.227
169.150,159.475,154.848,227.786
171.128,162.866,151.753,229.768
177.857,160.749,155.617,225.814
175.136,162.313,152.674,227.868
178.241,163.583,149.450,229.911
180.399,163.734,147.102,231.876
181.828,160.728,145.420,233.334
179.761,160.999,144.372,232.936
178.445,164.561,143.413,232.661
177.808,166.398,142.630,232.091
175.524,167.710,141.899,231.428
176.423,169.132,140.648,231.060
174.013,171.482,140.147,229.758
173.581,173.976,139.381,228.347
172.918,174.702,139.003,227.056
171.330,173.090,144.925,220.752
166.445,173.921,150.148,215.499
164.637,175.678,153.505,211.516
161.791,176.049,156.305,208.302
160.845,176.775,158.238,205.671
158.978,178.166,159.579,203.924
158.459,177.387,160.355,202.778
156.535,178.032,161.197,201.841
153.956,177.756,162.071,200.813
149.733,178.529,162.904,200.028
148.304,177.998,163.150,199.971
145.801,176.746,163.372,200.340
142.480,175.254,163.542,200.571
141.074,176.227,163.127,200.995
139.837,176.549,163.008,201.080
138.581,176.915,162.957,201.153
136.743,175.241,162.578,201.818
133.831,176.692,162.276,201.362
132.844,176.427,161.992,201.757
129.887,178.172,162.011,201.353
126.196,178.700,162.392,201.231
124.239,181.610,162.383,200.988
137.285,182.455,163.091,200.878
148.739,182.911,163.459,200.908
157.837,184.935,163.683,201.289
166.135,186.698,163.881,201.942
175.992,187.994,163.857,202.827
183.667,189.097,164.207,203.541
191.864,191.354,164.673,204.146
202.173,192.823,164.870,204.751
201.143,196.829,165.605,204.718
196.346,195.399,166.615,206.074
191.050,193.941,169.013,207.583
184.827,196.312,171.152,209.508
173.313,196.152,173.451,212.824
165.347,177.340,177.459,213.155
157.901,179.562,181.517,213.212
154.298,180.857,183.839,214.127
151.767,183.452,185.621,214.554
165.988,164.815,190.226,213.440
164.980,154.483,194.482,211.401
180.776,181.500,196.123,212.791
181.791,187.031,196.704,214.502
182.042,211.891,188.336,226.725
209.935,226.773,187.470,232.283
187.506,202.855,179.324,242.634
204.140,209.597,174.589,248.078
199.223,213.299,169.821,252.499
198.226,214.587,167.365,254.314
199.557,217.844,164.650,256.332
210.618,219.074,172.104,252.476
201.775,213.658,176.294,253.323
196.323,190.162,173.193,262.390
186.086,170.947,170.287,270.250
164.605,160.518,167.219,273.980
159.604,175.047,165.765,277.842
166.079,195.296,171.294,274.223
166.741,180.196,169.894,277.099
142.313,169.397,167.887,280.939
140.918,156.173,166.720,284.259
142.166,142.267,166.575,288.112
156.001,108.700,177.931,277.707
147.703,110.445,186.524,269.323
147.779,132.068,192.224,265.784
151.962,136.492,198.986,260.819
159.672,142.091,203.326,257.515
167.146,144.166,206.725,255.840
176.419,146.039,208.537,255.257
184.505,146.075,209.159,254.994
194.570,143.983,209.454,255.819
201.785,141.835,208.689,256.632
212.177,134.865,207.754,258.663
217.925,128.370,205.918,259.917
227.139,125.086,204.778,260.271
236.716,121.138,202.957,260.158
249.004,116.479,202.227,259.725
255.909,121.674,201.517,256.673
265.907,127.882,201.319,254.233
267.564,147.799,193.654,259.439
270.251,159.001,188.030,264.306
262.644,163.695,184.304,269.935
252.321,170.854,181.657,274.281
233.887,174.235,177.665,277.538
228.541,168.977,173.569,283.580
230.940,157.706,171.864,289.653
217.770,150.927,170.194,293.343
216.522,152.653,169.059,295.290
219.744,148.554,168.775,297.680
230.778,158.791,169.949,295.551
236.453,171.217,170.199,292.793
239.576,177.349,169.143,290.521
239.205,187.856,168.718,286.511
235.846,189.562,168.663,284.300
234.667,195.288,167.806,282.751
237.188,196.521,168.589,279.641
240.642,196.415,169.216,276.246
246.676,201.564,169.787,274.014
248.436,196.047,169.350,272.077
242.627,193.535,167.506,273.340
244.378,181.046,164.865,278.592
237.371,168.687,163.065,283.907
242.250,163.469,161.822,287.863
244.133,152.722,160.759,292.068
243.269,142.887,159.597,296.152
238.422,132.963,159.823,298.232
236.461,122.762,158.845,303.011
241.303,119.667,157.959,307.216
251.437,113.514,156.872,312.229
255.559,108.396,156.049,317.145
248.829,104.875,156.364,319.493
255.388,105.465,156.578,320.652
256.719,107.209,156.301,321.559
250.035,108.458,156.700,319.748
253.544,114.382,157.416,316.710
261.740,119.945,157.746,314.126
273.921,126.167,156.450,314.457
279.754,128.089,154.935,315.879
283.537,123.880,154.092,317.211
288.586,123.531,153.445,318.039
277.207,117.748,153.935,316.737
270.599,115.781,153.121,316.694
270.436,119.985,152.851,315.416
269.141,118.519,153.009,314.872
267.769,116.871,153.889,313.756
260.728,117.318,154.663,312.603
