125.000,86.000,15.000,16.000
127.297,85.563,15.359,15.768
128.640,84.577,15.531,15.621
130.388,83.793,15.710,15.495
131.429,83.013,15.701,15.454
132.922,82.820,15.541,15.490
133.978,82.366,15.826,15.234
135.693,82.782,15.841,15.058
137.279,83.646,15.690,15.068
140.083,83.957,15.792,15.177
141.385,84.133,15.664,15.240
143.676,84.031,15.739,15.249
145.404,83.859,15.603,15.375
147.822,84.737,15.677,15.370
147.553,83.043,15.433,15.568
150.038,83.783,15.500,15.625
149.631,82.211,15.271,15.889
151.686,81.930,15.259,15.869
152.803,79.895,15.148,15.968
154.373,79.139,15.171,15.974
154.585,77.943,14.998,16.016
156.491,77.070,15.137,16.046
157.576,76.164,15.034,16.156
158.902,75.033,14.960,16.303
159.903,74.747,15.089,16.213
160.514,74.724,15.216,16.005
161.059,74.719,15.135,16.049
161.578,74.833,14.919,16.177
163.052,74.258,14.687,16.381
164.157,74.118,14.633,16.422
165.373,74.036,14.446,16.396
166.249,73.609,14.372,16.381
167.375,72.840,14.600,16.257
166.575,72.232,14.762,15.958
166.741,72.815,14.855,15.585
166.948,73.192,14.985,15.327
167.051,73.182,14.888,15.250
168.950,72.896,14.832,15.061
169.186,74.538,14.928,14.651
169.725,75.629,14.985,14.556
169.989,76.160,14.886,14.568
170.718,75.353,15.336,13.953
171.013,80.626,15.314,13.968
171.765,78.902,15.033,14.493
170.285,80.748,14.917,14.586
162.689,82.764,14.888,14.494
172.463,78.624,14.899,14.632
173.191,79.591,14.855,14.624
171.272,78.131,14.949,14.454
171.112,77.913,14.956,14.449
172.238,78.081,14.956,14.449
175.924,78.213,15.118,14.360
176.654,78.394,15.124,14.295
177.329,78.726,15.262,14.161
179.229,79.300,15.151,14.082
179.788,79.764,15.102,14.019
180.495,80.221,14.938,14.015
181.036,81.299,14.973,13.849
181.962,82.567,15.094,13.736
182.508,83.808,15.132,13.636
182.706,83.529,15.131,13.635
180.963,87.191,14.933,13.811
184.133,86.435,14.811,14.094
185.494,86.997,14.983,13.996
186.504,86.634,15.172,13.908
187.429,86.567,15.359,13.748
189.183,86.622,15.595,13.802
189.592,86.226,15.679,13.731
190.452,85.961,15.679,13.731
190.780,86.660,15.679,13.731
191.335,86.295,15.446,14.060
191.608,85.630,15.245,14.279
191.532,84.844,15.122,14.404
191.948,81.828,15.019,14.735
192.333,80.227,15.078,14.932
192.329,78.421,15.128,14.993
192.144,76.589,15.247,15.020
192.898,74.736,15.233,15.144
191.891,72.746,15.276,15.202
192.041,71.363,15.609,15.144
190.862,70.302,15.973,14.960
190.084,69.768,16.592,14.514
189.736,71.013,16.585,14.381
189.429,71.638,16.810,14.294
188.199,71.935,17.046,14.224
187.254,73.386,17.012,14.385
186.147,74.272,17.320,14.229
183.616,74.624,17.381,14.241
180.630,76.502,17.592,14.215
179.764,78.302,17.734,14.287
176.452,78.881,18.230,14.185
173.378,79.697,18.631,14.156
170.592,80.213,18.785,14.277
168.030,80.952,19.049,14.350
166.905,81.061,19.007,14.672
166.310,80.902,18.700,15.047
164.533,79.075,18.639,15.161
163.048,77.982,18.436,15.529
162.070,76.799,18.299,15.941
160.467,76.593,18.277,16.080
160.934,75.574,18.175,16.482
159.176,74.259,18.344,16.575
159.261,74.353,18.433,16.489
158.890,73.408,18.324,16.765
158.235,73.326,18.282,16.832
157.280,73.681,18.350,16.843
156.523,73.249,18.176,17.018
156.089,73.682,18.176,17.141
154.002,73.439,18.074,17.343
153.793,74.042,18.011,17.455
152.292,75.424,18.052,17.200
150.411,75.923,17.920,17.112
149.247,77.103,18.044,16.980
147.917,78.107,18.242,16.849
145.727,79.425,18.495,16.673
142.887,80.551,18.780,16.199
141.836,82.149,18.739,15.932
140.296,84.292,18.748,15.666
138.006,87.196,18.747,15.576
135.545,89.984,18.905,15.225
134.050,93.430,19.099,15.020
132.825,96.883,18.980,15.106
131.170,101.857,19.174,15.326
129.932,105.311,19.408,15.116
128.979,108.036,20.296,14.236
126.610,112.714,20.069,14.706
126.226,115.420,19.932,14.977
125.440,116.664,19.655,15.065
124.503,119.575,19.546,15.126
123.143,120.634,19.687,15.031
122.394,122.697,19.775,15.133
121.328,124.321,19.868,15.289
120.751,123.423,19.826,15.495
120.217,122.816,19.781,15.814
119.454,120.118,19.736,16.052
119.185,117.064,19.655,16.471
116.692,111.584,19.848,16.677
116.169,107.051,19.843,17.150
115.197,102.467,19.832,17.463
113.561,96.204,19.898,17.684
111.740,91.839,19.608,18.106
110.258,86.166,19.595,18.188
112.777,86.278,20.085,17.896
113.212,85.635,20.401,17.618
114.501,83.121,21.722,16.629
116.455,82.501,22.020,16.449
106.768,74.165,21.435,17.091
105.670,71.537,20.877,17.605
104.916,69.519,20.161,18.266
104.977,69.281,19.786,18.553
103.929,69.122,19.510,18.701
102.474,68.824,19.293,18.796
100.596,68.949,19.226,18.691
99.155,68.329,19.261,18.683
97.130,67.673,19.155,18.800
95.101,67.542,19.105,18.986
95.231,66.949,19.200,19.224
93.754,66.616,19.060,19.173
93.585,76.403,19.318,19.143
93.072,76.613,19.322,19.145
98.168,66.563,17.970,20.696
94.739,65.263,18.542,20.322
94.652,66.178,19.266,19.758
95.636,66.676,19.957,19.352
96.107,66.282,20.738,18.888
97.067,66.879,21.402,18.327
98.170,66.969,21.572,18.231
100.338,67.843,21.649,18.298
103.060,68.150,21.810,18.458
105.071,68.100,21.887,18.765
107.725,67.949,21.747,19.318
109.605,67.217,21.811,19.891
111.233,66.603,21.885,20.286
112.521,66.018,21.819,20.701
115.249,65.549,21.860,21.081
117.915,65.509,22.121,21.333
120.259,65.511,22.228,21.565
123.966,68.187,22.685,21.491
126.179,69.556,22.919,21.412
130.180,72.777,23.378,21.375
132.775,75.621,23.596,21.255
135.747,79.046,23.988,20.885
138.564,83.542,24.502,21.131
140.608,87.649,24.779,21.248
142.744,91.503,25.492,21.144
145.126,95.629,25.756,21.079
146.048,99.345,27.565,19.818
139.543,100.197,27.026,20.135
139.376,97.889,27.484,19.548
161.067,106.808,27.078,19.876
160.672,107.176,26.388,20.178
160.820,106.527,25.892,20.533
161.276,106.940,25.570,20.744
161.422,107.137,25.448,20.917
160.851,106.827,25.204,21.042
160.825,103.386,25.264,21.466
162.979,104.244,27.150,20.001
161.093,104.633,28.408,19.088
160.272,105.527,27.777,19.577
159.354,105.928,26.633,20.300
159.766,105.277,25.527,20.827
159.177,104.450,25.137,20.903
158.423,103.689,25.168,20.681
159.713,103.260,25.202,20.652
162.676,106.197,24.230,21.004
161.843,106.323,24.107,21.107
161.294,105.095,24.106,21.107
161.366,104.528,23.564,21.263
162.365,104.077,23.210,21.184
161.926,103.984,22.810,21.024
162.279,103.797,22.575,20.831
162.659,103.402,22.216,20.668
163.019,103.893,21.791,20.691
163.122,103.216,21.755,20.187
165.083,102.696,21.764,20.180
163.100,104.990,21.443,20.150
164.482,105.695,21.108,20.079
164.256,104.151,21.198,20.240
167.312,104.212,22.923,18.786
167.657,104.529,24.672,17.641
163.267,104.083,25.961,16.858
160.315,104.012,26.407,16.168
159.695,104.307,25.502,16.993
160.995,104.078,24.851,18.002
160.560,105.294,24.072,18.833
160.897,105.593,23.314,19.454
162.191,106.536,22.773,19.953
162.457,105.576,22.456,20.283
162.406,105.571,22.156,20.579
163.064,105.510,21.950,20.763
163.268,105.478,21.828,20.861
163.398,105.562,21.700,20.934
163.441,105.429,21.620,21.002
163.359,105.513,21.636,20.975
163.443,105.062,21.752,20.834
161.055,104.487,21.872,20.725
166.062,106.765,21.494,20.628
163.579,103.789,21.571,20.539
162.857,102.441,22.174,20.375
162.066,103.099,22.801,19.900
161.956,103.971,23.411,19.634
161.889,103.984,23.429,19.522
161.066,103.779,23.223,19.414
161.559,103.285,22.926,19.456
161.636,102.775,23.182,19.654
164.265,102.692,22.688,20.057
163.401,104.016,22.332,20.217
164.435,104.858,22.031,20.444
164.845,104.093,21.942,20.563
165.171,103.452,21.911,20.453
164.280,103.465,21.977,20.228
164.190,103.609,22.004,20.104
164.576,104.029,22.053,20.096
164.900,104.635,21.844,20.111
165.604,105.344,21.592,20.109
165.278,106.012,21.545,19.962
165.308,106.024,21.522,20.063
166.257,105.696,21.151,20.367
168.210,105.085,20.745,20.372
168.407,104.929,20.698,20.259
170.884,103.357,20.374,20.780
176.882,103.595,20.759,20.495
180.896,106.229,20.628,20.305
182.048,106.129,20.631,20.289
178.980,105.696,21.010,19.810
168.458,102.476,21.650,19.461
168.281,104.836,21.151,19.656
167.925,104.499,20.865,19.796
168.186,104.522,20.782,19.771
169.099,104.584,20.628,19.823
168.849,104.460,20.644,19.710
168.733,104.954,21.154,19.485
168.656,104.429,21.200,19.525
166.134,104.040,20.935,19.813
165.728,102.309,20.682,19.932
166.053,103.101,20.370,19.995
165.963,103.316,20.160,20.212
164.268,103.341,19.200,21.011
169.558,102.569,19.531,21.111
172.005,102.146,19.821,20.939
171.879,106.947,19.911,20.901
177.170,105.058,19.026,21.728
174.115,101.495,19.280,21.319
