253.000,66.000,23.000,28.000
250.754,69.121,23.297,27.423
248.093,70.130,23.761,26.969
244.813,70.833,24.048,26.691
241.145,71.947,24.562,26.310
238.827,72.534,24.543,26.225
237.345,72.340,24.380,26.246
235.545,72.477,24.306,26.108
233.556,72.326,24.370,25.911
232.388,71.385,24.236,25.930
231.522,70.412,24.016,26.094
231.561,69.650,23.727,26.179
231.366,69.062,23.596,26.052
231.279,68.163,23.461,26.112
229.806,68.234,23.696,25.973
228.905,68.820,23.745,25.849
229.763,68.079,23.659,25.969
230.176,68.246,23.702,25.925
230.037,68.379,23.732,25.857
230.307,68.207,23.697,25.861
229.498,68.227,23.893,25.841
229.349,67.925,23.890,25.963
229.670,67.748,23.933,26.047
228.462,67.106,24.089,26.001
226.930,66.481,24.402,25.871
225.559,65.239,24.487,25.890
225.029,63.817,24.360,26.113
222.667,62.775,24.747,26.118
221.676,61.552,24.784,26.328
219.127,61.237,25.006,26.559
217.724,60.210,24.950,26.925
216.319,59.691,24.813,27.207
213.417,58.839,25.286,27.324
211.609,57.703,25.352,27.826
209.910,57.465,25.586,28.469
210.000,57.247,25.591,29.401
208.782,56.752,26.113,29.810
207.321,56.574,27.237,29.929
205.855,56.915,28.911,29.718
204.357,57.197,30.136,29.860
200.754,57.869,31.018,29.965
198.523,56.323,30.957,30.756
195.005,55.112,30.838,31.611
191.854,53.875,31.078,32.171
190.922,52.974,31.019,32.669
191.288,51.751,31.017,32.900
189.775,50.454,30.924,33.227
189.069,49.195,30.845,33.591
188.571,47.846,30.742,34.321
187.275,46.708,30.844,34.621
187.541,45.927,31.163,35.032
186.240,45.582,31.529,35.330
187.132,44.504,31.802,35.739
185.964,44.415,32.177,35.825
186.279,45.925,32.804,35.907
185.799,47.553,33.440,35.848
186.470,49.270,33.914,35.942
186.424,51.298,34.386,35.924
186.865,51.773,34.716,36.261
186.424,51.674,34.935,36.677
186.553,51.817,35.439,36.942
186.344,52.228,35.923,37.095
187.116,52.511,36.210,37.453
187.621,52.721,36.595,37.565
188.124,52.362,36.861,37.812
186.848,52.253,36.749,38.301
186.757,51.084,36.978,38.561
186.324,50.187,37.172,38.759
185.574,49.616,37.366,39.085
183.956,49.421,37.763,39.361
182.980,48.573,37.767,39.964
179.833,47.590,37.409,40.791
178.223,48.562,37.930,40.862
176.474,48.272,38.284,41.102
173.789,47.477,38.383,41.650
171.132,47.245,38.766,41.950
168.392,46.288,39.098,42.554
166.576,45.278,39.299,43.144
166.244,44.573,39.658,43.578
163.948,43.289,39.974,44.061
162.782,41.901,40.297,44.649
159.839,41.206,40.773,44.723
158.176,39.182,41.085,45.275
157.470,38.566,41.504,45.775
154.313,37.221,42.458,45.907
153.679,37.172,43.115,46.453
150.952,36.769,43.983,46.934
147.265,37.129,44.960,47.214
143.054,38.242,46.752,47.208
137.052,39.688,48.640,47.060
131.526,41.553,50.268,47.245
126.642,43.271,51.605,47.926
121.111,44.161,53.199,48.596
116.051,46.073,54.533,49.239
110.832,47.364,55.672,50.159
105.539,48.291,56.923,50.952
96.449,50.116,57.477,51.852
93.774,51.989,58.185,52.622
91.354,52.818,59.200,52.875
88.904,53.608,59.766,53.186
86.736,54.333,60.137,53.519
85.308,53.988,60.401,53.692
83.552,53.217,60.931,53.739
82.433,46.057,61.421,54.306
81.233,46.959,61.979,54.502
79.343,48.616,62.483,54.865
70.755,50.054,64.121,55.408
70.490,51.558,64.743,56.285
69.563,53.930,65.309,57.439
70.722,55.437,65.567,58.575
71.390,57.557,65.439,59.447
72.216,59.646,65.609,59.928
72.996,61.323,65.252,60.533
73.951,64.441,65.007,60.851
76.373,65.320,64.413,60.747
78.053,67.153,64.006,60.229
79.982,66.519,63.209,59.914
81.688,67.538,62.881,59.192
83.921,67.543,62.342,58.582
87.848,66.960,61.810,57.972
89.532,67.672,61.445,57.313
92.485,67.623,60.915,57.074
94.392,65.622,60.274,56.783
95.704,64.467,59.727,56.410
96.405,63.985,58.937,56.389
98.491,63.195,57.991,56.617
100.533,62.711,57.112,56.850
101.509,62.458,56.362,56.847
104.188,63.391,55.643,57.139
105.736,64.578,55.002,57.278
106.404,64.976,54.236,57.358
108.177,65.562,54.334,56.801
108.362,65.762,54.381,56.059
108.907,64.709,54.515,55.271
110.817,62.737,54.408,54.576
112.183,61.135,54.222,53.759
112.480,58.123,54.031,52.944
113.529,56.799,53.836,52.259
114.279,55.628,53.696,51.571
114.341,53.349,53.588,51.014
112.221,53.157,53.537,50.821
109.853,52.853,53.300,50.688
106.922,52.656,53.177,50.681
104.952,53.606,52.662,50.954
104.345,53.675,51.993,51.354
102.529,54.180,51.274,51.854
100.141,54.301,50.534,52.384
97.210,55.328,49.822,52.953
92.733,54.325,49.100,53.716
87.694,54.991,48.615,54.176
81.331,55.446,48.473,54.463
76.224,56.680,48.225,54.819
70.718,56.938,47.905,55.030
68.094,56.831,47.542,54.940
65.241,56.746,47.049,54.934
63.965,55.109,46.558,54.879
64.355,55.271,46.074,54.678
66.648,54.020,45.768,54.435
68.238,53.662,45.313,54.469
71.760,53.275,45.211,54.156
75.228,53.358,44.942,54.044
79.880,53.673,45.002,53.986
83.641,53.397,44.976,54.042
88.221,53.383,45.337,53.808
93.590,53.340,45.579,53.739
98.649,52.535,45.453,53.957
103.885,52.849,45.368,54.124
109.543,51.496,45.211,54.564
114.878,50.022,45.077,54.874
118.202,48.874,44.950,55.222
122.614,47.417,44.819,55.609
126.138,45.530,44.624,55.905
129.008,46.289,44.778,56.049
131.613,44.600,44.479,56.357
134.069,43.706,44.061,56.549
137.295,42.609,43.976,56.504
138.519,43.341,43.990,56.148
141.299,44.191,43.975,55.734
144.159,45.393,44.190,55.049
146.743,47.897,44.222,54.404
149.999,49.934,44.077,53.847
152.533,51.802,43.705,53.216
153.875,53.369,43.842,52.304
156.178,54.059,43.847,51.834
157.452,54.172,43.727,51.797
158.387,53.722,43.534,52.061
160.676,54.003,43.664,52.032
162.610,53.428,43.838,52.020
165.652,51.916,44.045,52.102
168.589,50.087,44.326,52.059
171.832,47.469,44.789,52.047
173.539,44.874,45.086,52.190
176.721,42.447,45.351,52.382
178.717,39.974,45.659,52.611
181.010,36.841,46.082,52.880
182.220,34.625,46.628,53.323
183.799,33.436,47.873,53.330
185.401,33.616,49.301,53.472
186.341,34.144,50.794,53.915
187.185,35.786,51.925,54.119
187.352,38.921,53.392,54.050
190.210,41.852,55.179,54.139
189.741,45.096,56.275,54.515
190.581,49.092,57.942,54.654
192.305,53.089,59.298,54.917
195.373,54.373,59.787,55.546
198.264,55.061,60.098,56.086
199.636,54.663,60.532,56.582
201.208,54.386,60.793,57.133
201.626,54.138,60.840,57.574
201.753,53.881,61.035,57.833
201.968,52.457,60.903,58.528
201.367,50.829,60.688,59.025
199.739,50.309,60.302,59.567
198.946,51.548,60.440,59.424
198.343,51.442,60.506,59.647
197.849,52.534,61.016,59.732
196.171,54.570,61.907,59.505
196.354,57.153,62.164,60.023
196.336,57.899,62.499,60.365
198.435,60.077,62.923,60.778
201.306,62.128,63.262,60.911
203.286,64.001,63.417,60.942
204.551,64.898,63.030,60.679
205.596,64.922,62.025,60.753
205.413,63.400,61.109,61.011
203.858,61.218,59.738,61.646
202.550,61.073,58.658,61.578
200.649,60.694,57.396,61.552
198.594,59.361,56.050,61.962
195.880,58.476,55.145,61.604
193.477,57.964,54.105,61.562
189.686,58.228,53.226,61.097
185.880,60.183,52.665,60.295
182.785,60.318,51.691,59.852
179.904,62.814,50.841,59.476
177.143,65.756,50.093,58.918
173.661,67.430,49.466,58.548
170.952,71.308,48.919,57.894
166.193,72.122,48.488,57.155
163.085,73.863,47.965,56.526
159.539,75.112,47.524,55.841
155.739,75.594,47.023,55.312
153.555,75.488,46.378,54.676
151.818,75.035,45.756,54.232
150.864,73.991,44.947,53.701
151.111,72.905,44.272,53.315
153.965,72.116,44.006,52.617
156.870,70.499,43.646,52.202
159.756,69.615,43.208,52.140
164.134,68.659,42.598,51.974
167.970,67.339,41.824,52.072
171.268,67.218,41.136,52.282
174.377,67.895,40.675,52.064
175.725,69.133,40.517,51.534
179.137,70.492,40.990,50.678
181.278,71.370,40.711,50.566
184.159,72.970,40.760,49.948
187.358,74.558,41.056,49.062
191.770,76.917,41.133,48.206
195.677,77.741,41.167,47.416
200.948,79.050,41.151,46.828
205.822,78.236,41.114,46.588
211.152,77.037,41.462,46.035
214.444,78.282,42.113,45.394
218.255,78.884,42.947,44.622
223.356,79.012,43.736,43.735
226.364,77.620,44.006,42.993
230.103,78.029,44.183,42.188
233.825,77.882,44.372,41.407
235.410,77.835,44.391,40.772
237.708,77.962,44.081,40.500
238.936,78.533,43.669,40.427
240.602,78.938,43.296,40.302
241.814,78.979,42.808,40.268
241.910,78.809,42.306,40.071
241.378,78.737,41.913,39.779
240.611,78.118,41.097,39.731
239.677,78.542,40.342,39.807
239.391,78.933,39.750,39.713
239.261,78.980,39.126,39.727
238.882,79.264,38.549,39.662
239.979,79.032,38.399,39.336
242.369,78.796,38.290,39.014
243.599,79.346,38.184,38.623
247.848,80.042,39.142,37.641
251.363,81.028,39.900,36.970
251.350,80.998,39.958,36.823
251.637,81.270,39.915,36.661
252.578,81.550,39.557,36.666
256.945,82.950,39.554,36.482
262.424,87.671,39.733,35.992
262.780,88.341,39.521,35.731
263.008,89.283,38.988,35.755
263.549,93.622,38.154,35.825
263.531,93.346,37.408,35.714
263.318,93.462,36.438,35.793
263.837,93.590,35.634,35.632
264.634,93.354,34.889,35.299
265.156,93.415,34.104,35.162
266.408,93.709,33.421,35.089
267.896,94.348,32.855,34.906
269.796,93.680,32.311,34.810
272.092,93.400,31.861,34.427
274.162,93.545,31.460,33.954
275.153,93.833,31.101,33.483
275.876,93.299,30.897,32.968
276.694,92.912,31.147,32.197
276.847,92.522,31.369,31.798
277.285,92.530,31.604,31.573
278.446,91.613,31.486,31.789
280.650,89.852,30.956,32.303
283.436,88.361,30.198,32.611
285.350,87.628,29.016,33.155
285.787,86.694,28.124,33.663
285.057,87.275,27.491,33.701
286.042,87.022,26.859,33.845
285.008,86.813,26.574,33.849
284.194,86.726,26.230,33.873
283.522,86.199,26.014,33.989
282.989,86.198,25.770,33.965
281.525,85.892,25.767,33.899
280.265,85.394,25.837,33.826
279.057,85.095,25.796,33.603
278.413,85.123,25.672,33.494
275.308,85.086,25.852,33.344
