57.000,21.000,31.000,45.000
56.731,20.476,32.201,44.158
57.367,21.460,32.951,43.461
59.208,20.819,33.752,42.966
60.086,20.860,34.653,42.763
64.378,18.362,35.549,42.477
65.177,18.082,35.975,42.494
70.010,19.487,36.706,42.205
71.301,19.850,37.002,42.397
75.832,19.823,37.481,42.339
77.644,19.779,37.594,42.728
78.789,19.523,37.499,43.033
78.335,20.783,37.520,42.885
73.819,21.614,37.456,42.651
68.608,22.116,37.351,42.304
60.857,21.177,37.093,42.309
54.276,20.019,36.842,42.467
50.456,19.607,36.942,42.358
45.153,20.103,36.778,42.392
38.254,18.507,37.074,42.326
33.378,22.060,36.717,42.615
27.817,21.499,36.574,42.601
21.022,21.705,36.443,42.643
19.328,21.523,36.050,42.444
15.245,22.297,35.724,42.096
15.648,23.538,35.174,41.667
19.598,24.173,34.872,41.527
17.870,23.297,34.626,41.343
18.707,22.918,34.235,40.791
17.174,22.865,33.939,40.493
16.493,24.555,33.617,40.145
16.767,24.017,33.309,39.885
16.503,25.628,32.626,39.593
19.064,25.654,32.369,39.429
20.840,26.686,32.034,39.182
22.377,27.762,31.833,38.914
22.490,27.569,31.646,38.666
24.323,28.087,31.494,38.605
29.173,29.156,32.176,38.339
31.995,30.885,32.328,38.468
36.544,32.399,33.037,38.339
39.414,35.233,34.123,38.296
41.561,36.311,35.060,38.685
42.101,38.108,35.990,38.794
42.213,40.370,36.703,39.177
42.951,41.496,37.432,39.540
43.520,40.414,38.074,40.122
44.289,39.810,38.646,40.819
44.758,36.821,39.185,41.643
46.579,31.498,39.299,42.236
46.912,25.450,39.186,42.823
47.853,21.207,38.688,43.243
49.605,18.890,38.207,43.396
50.226,17.470,37.540,43.243
52.519,16.708,36.971,42.678
55.376,19.154,35.633,42.780
56.292,22.028,34.635,42.344
58.373,25.618,33.415,42.065
59.713,25.551,32.626,41.816
60.317,26.918,31.610,41.551
61.958,26.268,31.137,41.349
63.423,26.515,30.938,41.009
64.519,26.433,30.793,40.626
66.284,26.461,30.668,40.260
67.555,26.160,30.360,40.105
68.419,25.685,30.136,39.708
66.413,25.485,30.193,39.013
63.312,26.624,30.114,38.495
59.412,28.271,30.396,38.171
57.213,27.782,30.005,38.062
57.310,28.326,29.456,37.960
57.607,28.437,29.095,37.813
58.116,28.947,28.623,37.528
59.130,28.645,28.370,37.185
59.740,28.214,28.020,36.894
61.057,28.722,27.691,36.548
60.720,28.720,27.510,36.031
61.252,29.389,27.207,35.537
60.209,29.377,27.279,35.055
60.194,29.318,27.260,34.749
57.064,28.932,27.821,34.290
55.956,28.975,28.470,34.017
53.611,29.597,29.062,33.895
52.860,30.314,29.553,34.146
49.119,30.437,30.092,34.366
47.767,29.876,30.202,34.522
44.938,29.590,30.373,34.544
43.576,28.720,30.524,34.474
41.873,29.107,30.550,34.397
41.333,29.463,30.511,34.344
39.059,27.695,30.640,34.297
39.820,26.359,30.435,34.316
40.202,25.953,30.101,34.207
40.911,26.893,29.904,34.085
43.554,27.864,29.630,33.883
44.216,26.893,29.235,33.780
44.848,25.994,28.987,33.410
44.140,25.277,28.567,33.196
44.597,25.429,28.194,32.900
45.268,25.855,27.799,32.470
47.094,26.199,27.504,32.122
49.247,26.505,27.119,31.970
53.662,25.874,27.023,31.744
54.902,25.360,27.189,31.383
57.686,25.076,27.386,30.989
60.214,24.989,27.596,30.504
63.779,25.511,28.160,29.970
67.953,26.483,28.737,29.458
66.511,28.068,28.662,29.261
63.630,28.789,28.688,29.232
62.752,28.888,28.897,29.230
61.922,29.426,28.975,29.479
62.016,29.715,29.038,29.691
60.796,29.579,29.234,30.492
56.636,30.044,29.732,31.117
56.565,28.924,30.182,31.930
57.470,28.826,30.476,32.606
58.677,28.666,30.613,33.157
59.728,28.557,30.864,33.586
61.165,27.682,30.881,34.273
61.765,27.870,30.868,34.574
61.967,27.459,30.934,35.026
56.787,27.389,31.176,35.056
52.647,26.269,31.265,35.586
52.890,25.708,31.613,35.848
51.049,24.222,31.721,36.200
49.484,23.155,31.996,36.539
49.140,21.164,32.357,36.877
48.590,20.836,32.615,37.375
48.444,25.750,32.800,37.612
49.799,29.628,33.150,37.988
49.513,31.587,33.519,38.237
51.092,32.906,33.985,38.426
51.267,33.932,34.473,38.590
52.145,35.093,34.481,38.642
54.134,36.341,34.609,38.762
56.734,37.496,34.440,38.985
56.695,38.535,34.381,38.963
59.248,39.581,34.296,39.091
58.095,40.272,34.040,38.938
57.762,40.240,33.588,39.026
52.463,39.999,33.542,39.118
52.097,42.189,32.863,38.649
50.319,40.358,32.671,39.070
49.965,34.993,32.629,39.817
51.510,30.928,32.822,40.198
53.828,30.738,32.577,39.867
55.170,32.213,32.120,39.305
54.676,32.159,31.676,38.964
55.676,32.773,31.217,38.611
54.495,28.207,31.251,38.805
53.151,24.014,31.136,39.031
52.559,25.425,30.528,38.559
52.715,25.300,30.159,38.171
54.203,25.713,29.440,37.760
53.932,26.165,29.113,37.198
53.910,27.079,28.644,36.848
53.477,27.357,28.399,36.435
51.885,26.552,28.014,36.305
53.028,28.080,27.598,35.847
51.300,28.133,27.325,35.644
50.259,28.029,27.054,35.417
50.387,27.247,26.792,35.391
48.165,26.975,26.656,35.376
48.130,26.832,26.493,35.250
47.273,27.032,26.486,35.166
45.971,27.403,26.623,34.957
44.715,27.232,26.836,34.882
43.146,28.338,26.653,34.630
42.743,27.728,26.407,34.524
40.962,26.405,26.457,34.331
39.817,26.014,26.389,33.715
40.709,25.990,26.426,32.921
44.173,27.235,25.988,32.172
47.727,27.197,26.191,31.451
47.720,27.552,26.003,30.863
47.157,27.207,25.841,30.438
47.028,27.124,25.629,30.244
46.811,27.091,25.328,30.152
47.403,26.584,25.189,29.954
47.250,26.058,24.963,29.907
46.986,26.411,25.051,29.466
47.608,25.899,24.992,29.284
48.954,25.160,25.230,28.933
51.595,24.116,25.276,28.905
53.136,24.431,25.788,28.364
55.535,26.790,25.837,28.154
57.405,26.697,26.133,27.868
58.456,25.919,26.562,27.734
60.090,24.957,26.731,27.662
61.265,23.986,26.856,27.623
61.378,23.363,27.003,27.591
60.398,23.353,27.222,27.506
59.586,23.471,27.400,27.437
57.960,21.874,27.343,27.586
54.006,21.318,27.919,27.369
53.288,26.040,28.205,27.185
49.234,26.051,28.307,27.107
46.731,26.150,28.409,27.029
46.883,25.248,28.352,27.142
45.960,25.263,28.669,27.069
44.909,26.189,28.682,27.010
44.069,25.744,29.002,27.134
42.971,25.221,29.079,27.259
42.582,25.199,29.479,27.248
41.266,24.854,29.351,27.412
37.146,24.282,29.725,27.420
37.502,24.956,30.112,27.294
41.650,25.433,30.762,27.206
45.227,25.359,31.282,27.303
44.653,23.835,31.109,27.815
43.707,23.009,31.053,28.105
42.917,23.604,30.854,28.195
42.528,25.082,30.502,28.282
43.238,26.557,30.161,28.311
44.642,28.401,30.097,28.203
47.020,28.718,30.264,28.327
48.053,28.744,30.507,28.428
50.125,26.376,30.764,28.224
51.235,26.353,30.951,28.317
55.090,25.534,30.945,28.568
56.862,24.638,31.128,28.841
57.377,24.266,30.910,28.863
58.683,23.480,30.901,28.923
58.788,23.113,31.154,28.857
58.878,22.741,31.399,28.834
59.094,22.070,31.515,28.855
60.255,21.539,31.796,28.840
61.028,22.330,32.013,28.802
61.245,22.178,32.225,28.813
59.642,22.875,32.289,28.900
58.359,22.671,32.144,29.029
61.567,22.627,32.207,29.161
64.587,23.214,32.151,29.149
60.650,24.320,31.926,29.320
56.897,23.131,31.558,29.576
52.990,24.987,31.498,29.987
54.678,24.119,31.737,30.193
56.319,19.765,31.948,30.148
59.403,15.409,31.866,30.180
62.196,12.348,31.704,30.334
65.002,10.588,31.624,31.019
65.450,10.710,31.830,31.469
64.100,12.637,31.717,31.810
61.707,13.274,31.554,32.459
58.930,15.231,31.443,33.122
59.567,15.984,31.189,33.830
55.933,15.851,30.982,34.318
52.721,15.966,30.832,34.789
51.270,15.718,30.318,35.319
49.635,15.853,30.012,35.652
51.307,17.961,29.338,36.070
52.848,20.102,28.775,36.172
54.192,21.558,28.334,36.224
53.558,22.953,27.996,36.195
55.048,21.321,27.549,36.416
56.618,20.247,27.455,36.340
58.934,20.413,27.241,35.955
59.015,19.878,27.060,35.865
61.123,19.509,26.932,35.768
62.880,19.382,26.953,35.500
61.858,18.266,27.180,35.179
59.744,18.131,27.116,34.879
61.572,18.184,27.135,34.725
63.739,19.587,27.422,34.309
65.464,22.695,27.541,34.150
69.650,25.506,27.629,34.140
66.563,25.350,28.231,34.117
63.435,25.297,28.734,33.999
58.799,26.007,28.918,34.168
56.402,25.083,29.146,34.335
55.165,24.481,29.578,34.483
53.276,24.964,29.890,34.813
52.896,24.681,30.271,35.063
49.920,23.931,30.802,35.237
51.174,24.935,30.855,35.589
49.697,23.701,30.997,35.749
51.193,23.120,31.332,35.944
52.587,21.926,31.487,36.061
53.621,21.602,31.395,36.467
55.946,21.602,31.396,36.566
57.422,20.625,31.359,36.807
58.372,21.114,31.374,37.101
59.134,26.102,31.340,37.023
60.102,29.181,31.280,37.036
61.395,29.358,31.409,37.064
61.592,28.487,31.378,37.321
64.245,29.003,31.461,37.244
64.932,27.507,31.279,37.447
60.657,28.403,31.706,37.202
60.982,28.418,31.880,37.120
61.670,28.886,31.718,37.117
63.421,29.975,31.662,37.114
63.182,28.021,31.553,37.319
63.543,28.608,31.290,37.185
61.810,27.893,31.119,37.084
60.462,28.270,30.909,36.810
58.148,28.640,30.958,36.330
57.014,29.896,30.556,36.122
59.287,29.970,30.435,35.952
59.770,30.564,30.603,35.517
60.002,31.023,30.586,35.111
61.275,32.068,30.533,34.657
60.910,32.139,30.624,34.298
61.741,33.197,30.834,33.916
58.099,34.447,30.770,33.386
55.028,34.516,31.001,32.964
55.555,36.228,31.316,32.548
55.467,35.211,31.600,32.402
55.635,33.540,31.667,32.331
57.929,34.571,31.961,32.187
57.367,31.945,31.839,32.383
56.763,26.862,31.687,32.363
56.164,25.192,31.557,32.369
54.177,23.394,31.438,32.360
51.777,21.376,31.030,32.387
48.406,20.091,30.695,32.568
47.471,20.002,30.174,32.735
45.735,22.085,29.619,33.000
44.108,25.993,29.298,32.854
41.998,26.344,29.209,33.014
39.353,27.699,29.327,33.093
36.751,27.976,29.440,33.000
35.694,29.650,29.622,32.917
36.942,30.800,30.003,33.020
38.136,31.219,30.584,33.337
40.703,32.378,30.941,33.546
42.898,33.151,31.380,33.593
43.120,33.939,31.879,33.485
42.535,34.585,32.567,33.494
43.314,34.587,32.914,33.658
42.715,33.838,33.122,34.031
45.758,29.475,32.839,34.962
49.098,26.761,32.654,35.418
52.761,25.663,32.352,35.578
55.341,25.539,32.364,35.621
56.840,25.831,32.015,35.732
57.081,24.975,31.906,35.796
58.497,25.819,32.002,35.697
58.104,24.052,31.996,35.866
58.044,23.990,31.930,35.921
57.721,23.434,32.150,35.909
56.646,22.940,32.375,35.922
54.228,21.682,32.589,36.002
49.333,19.489,32.825,36.159
46.137,18.973,32.495,36.474
42.357,18.739,32.431,36.599
36.242,17.408,32.615,36.517
31.087,21.527,32.563,36.461
26.962,19.805,32.901,36.692
26.221,18.979,33.197,36.924
26.559,18.870,33.196,37.100
28.333,19.541,33.411,37.722
29.264,20.973,33.603,37.752
29.607,23.325,33.619,37.758
28.840,21.353,33.677,37.944
28.081,21.783,33.727,38.041
32.174,21.931,34.090,38.576
34.099,21.071,34.666,39.252
34.819,20.109,35.223,39.879
36.558,20.177,35.655,40.250
36.718,19.294,35.830,40.614
36.755,16.815,35.782,40.752
35.346,17.955,35.445,40.634
38.504,16.744,35.244,40.622
40.135,19.301,34.802,40.104
39.265,23.409,34.422,40.291
40.011,23.701,34.151,40.311
40.114,25.167,33.830,39.912
42.040,26.655,33.540,40.047
42.379,26.305,33.307,40.094
45.445,27.195,33.242,40.003
45.486,27.529,33.444,39.861
49.517,28.195,33.266,40.057
50.388,27.277,33.131,40.159
52.875,27.832,32.908,40.092
53.187,26.135,32.741,40.246
56.307,26.825,32.855,40.137
56.648,24.868,33.196,40.172
61.255,24.343,33.662,40.332
62.514,23.441,34.241,40.440
66.731,20.423,34.898,40.670
66.958,18.115,36.122,40.696
64.095,13.827,37.020,40.758
59.193,8.729,37.240,40.747
55.579,3.773,37.597,41.079
52.793,3.719,37.595,41.433
51.249,10.511,37.790,41.578
50.672,22.130,37.512,41.913
49.810,34.391,37.190,42.039
49.706,40.320,36.956,41.988
49.108,40.757,36.546,41.495
48.555,41.048,36.440,40.946
50.854,39.363,36.185,40.655
52.529,34.879,36.050,40.971
52.201,33.185,35.885,40.674
52.973,28.756,35.945,40.825
50.717,28.459,35.604,40.610
49.666,27.163,35.220,40.393
49.164,27.595,34.983,39.907
47.458,25.869,34.843,39.749
47.605,28.051,34.272,39.103
48.085,27.716,33.946,38.784
47.046,28.642,33.780,38.302
47.324,29.191,33.477,38.387
46.695,29.024,33.294,38.146
47.136,29.921,33.029,38.236
47.387,28.618,32.896,38.008
46.649,29.551,32.559,37.723
47.303,29.801,32.316,37.345
46.009,29.710,32.100,36.781
46.640,30.268,31.754,36.424
46.377,30.187,31.682,35.991
46.344,30.788,31.733,35.546
45.590,30.672,31.313,35.328
47.191,30.756,31.204,35.134
46.686,30.630,31.001,34.986
46.781,30.920,30.876,34.774
46.799,31.001,30.562,34.738
45.928,29.885,30.369,34.612
47.178,30.183,30.308,34.726
46.788,29.422,30.348,34.638
48.270,29.923,29.915,34.572
48.433,29.128,29.427,34.574
49.034,30.046,29.319,34.345
48.284,30.058,29.091,34.133
48.833,28.584,29.258,33.885
48.562,29.669,29.374,33.497
48.437,29.718,30.176,33.164
46.812,28.492,30.801,32.844
49.114,28.328,30.673,32.834
47.750,29.348,31.511,32.171
48.938,28.812,31.409,31.997
47.196,29.238,31.922,31.512
46.348,29.405,32.818,31.315
45.623,28.643,33.924,31.298
45.535,27.988,34.745,31.468
44.876,28.372,35.355,31.549
44.364,27.505,35.502,31.549
44.572,27.631,35.322,31.538
45.412,28.526,34.819,31.703
46.959,28.714,33.859,32.707
46.920,29.610,33.376,33.599
47.376,28.768,33.008,34.116
47.723,29.141,32.836,34.542
46.765,27.763,32.490,34.855
46.864,28.296,32.372,35.195
47.406,28.375,32.352,35.478
47.113,28.748,32.447,35.578
47.920,28.190,32.768,35.674
47.179,27.538,33.185,35.870
47.295,27.337,33.133,35.667
47.329,27.032,33.467,34.906
47.139,26.698,33.752,34.248
46.416,27.346,34.413,33.713
46.513,27.767,35.430,33.584
45.756,28.291,36.278,33.733
46.682,27.819,36.448,34.036
45.997,29.101,36.673,34.138
44.726,29.983,37.467,34.096
43.986,30.354,38.508,34.032
43.165,30.434,39.264,34.145
42.477,30.644,40.129,34.347
41.833,30.083,40.671,34.882
42.450,29.423,40.971,35.351
44.174,27.848,40.731,36.066
46.169,28.104,39.555,37.312
49.069,27.383,38.314,38.259
49.975,27.435,37.146,38.683
49.423,27.570,36.126,39.242
50.284,27.629,35.635,39.338
50.061,27.532,35.289,39.133
50.535,27.842,35.215,39.096
50.640,27.773,34.890,39.056
51.093,27.116,35.006,38.970
50.679,28.343,34.941,39.036
51.161,28.273,34.912,38.909
50.077,27.190,34.895,38.763
50.259,28.122,34.906,38.687
50.371,27.472,34.970,38.582
50.099,28.030,34.758,38.612
50.517,27.223,34.808,38.703
49.628,28.183,34.926,38.547
49.767,27.824,35.080,38.468
50.006,28.377,35.285,38.437
48.574,27.412,35.334,38.455
49.774,28.753,35.403,38.643
49.224,28.082,35.101,38.828
49.128,27.945,35.295,38.713
49.535,27.844,35.253,38.777
49.497,27.707,35.461,38.807
48.737,27.834,35.448,38.775
49.033,27.402,35.592,38.946
49.286,28.708,35.689,39.132
50.225,28.013,35.667,39.151
50.347,27.297,35.558,39.366
50.897,27.509,35.341,39.504
50.736,27.978,35.283,39.634
51.150,27.093,35.049,39.787
50.536,27.611,35.076,39.755
