294.000,135.000,44.000,171.000
293.141,137.163,47.916,166.237
291.414,137.481,50.563,162.781
292.838,138.626,52.390,160.015
292.630,141.691,53.707,158.472
292.829,141.678,54.481,157.837
293.508,142.667,54.791,158.016
292.547,142.561,54.965,158.206
292.891,145.525,54.881,157.521
293.228,145.076,54.851,157.186
293.155,143.051,54.930,156.888
292.502,143.539,54.783,156.664
290.138,143.805,54.689,156.506
287.296,143.577,54.214,157.081
285.136,142.682,53.810,157.310
282.844,143.550,53.635,156.896
281.012,143.133,53.524,156.741
278.820,144.811,53.508,156.179
276.215,147.411,53.764,154.976
275.346,148.382,54.105,153.596
273.183,146.859,54.217,152.977
271.393,148.939,54.588,152.489
269.824,148.073,55.074,151.864
269.249,150.335,55.180,150.615
268.114,149.312,55.080,150.372
269.777,152.961,54.935,150.344
268.049,150.794,54.697,149.974
268.498,151.009,54.421,150.751
268.161,151.895,54.135,151.247
267.350,154.629,54.133,151.236
265.701,156.146,53.832,150.681
264.704,156.736,53.351,150.647
263.621,157.770,53.138,150.154
262.525,160.370,52.891,149.511
260.087,158.561,52.338,148.488
258.679,158.823,52.557,147.871
255.633,159.614,53.149,146.351
255.219,157.788,53.631,146.131
254.289,156.728,53.765,146.162
252.697,156.155,53.045,147.145
250.626,156.705,52.326,148.078
249.062,158.228,52.004,148.275
248.908,158.942,51.645,147.377
248.607,158.763,51.244,146.646
249.200,161.786,50.875,146.893
249.110,161.128,50.901,146.126
248.812,163.162,51.089,145.154
247.867,162.350,51.484,144.419
247.951,166.804,51.932,143.354
247.691,173.189,52.165,142.621
246.593,165.683,52.604,142.084
245.344,163.180,52.845,142.069
243.954,160.254,52.874,142.413
243.073,157.336,52.920,142.863
241.617,157.403,53.180,143.060
240.649,154.538,53.367,144.092
240.176,149.678,53.764,145.982
237.967,144.729,54.614,148.404
236.624,143.164,55.489,152.740
235.705,139.024,57.120,155.073
237.242,134.524,58.431,158.341
240.983,137.839,59.629,160.918
242.086,127.538,60.217,162.506
242.326,135.267,61.740,163.227
243.274,129.728,62.703,163.077
244.293,126.041,63.688,162.940
246.696,131.373,64.138,161.955
261.821,124.407,64.923,161.530
264.055,130.142,65.175,161.871
265.005,126.330,66.002,161.694
279.764,126.411,66.992,161.387
283.343,128.348,66.902,162.047
298.693,124.713,66.772,162.348
302.684,127.066,66.876,163.750
307.901,125.808,67.153,163.837
313.421,122.250,67.398,164.135
318.519,125.529,67.447,164.250
323.368,123.016,67.492,164.311
328.241,120.532,67.804,164.331
333.375,122.786,67.988,164.270
337.543,119.930,68.237,164.420
341.911,122.645,68.725,163.813
345.091,121.822,69.208,163.538
348.411,123.673,69.851,163.149
352.868,121.650,70.406,163.012
357.066,125.593,71.060,162.757
362.133,120.291,71.101,162.611
365.855,121.592,71.801,161.880
370.577,119.069,72.237,161.590
375.591,121.009,72.200,160.671
380.303,116.585,72.413,160.615
385.565,119.969,71.989,160.543
389.860,117.476,72.184,160.607
395.273,120.366,71.988,160.739
398.772,116.475,72.099,160.926
403.335,119.574,71.896,161.077
408.823,116.831,71.931,161.860
412.684,117.344,72.369,161.307
416.538,115.368,72.750,161.215
421.565,117.553,72.674,160.588
425.306,116.088,72.886,160.454
430.000,120.034,72.571,159.905
434.193,116.502,72.730,159.969
439.126,120.496,72.241,159.741
442.820,119.548,72.398,159.879
446.759,121.789,72.544,159.733
450.803,119.436,72.646,159.909
454.623,121.717,72.660,159.796
456.130,121.995,72.807,159.363
457.675,122.603,72.764,159.077
458.549,123.455,72.811,159.328
459.983,125.006,72.912,159.742
461.299,125.935,72.863,159.703
461.617,129.083,73.228,159.285
461.369,122.949,73.560,159.367
462.410,128.566,72.834,160.066
462.455,124.931,73.271,160.792
464.799,127.527,73.052,160.403
465.837,126.010,73.050,160.342
467.579,127.014,73.248,160.250
468.560,125.366,72.859,160.769
469.382,124.258,72.973,160.994
471.703,123.297,72.535,161.462
472.692,120.904,72.210,161.353
472.504,121.829,72.020,161.329
473.549,121.038,71.868,161.222
474.288,120.515,70.570,162.415
474.521,118.028,69.467,163.634
474.208,119.960,68.228,165.357
473.965,118.112,67.295,166.295
475.194,117.369,65.788,168.319
474.210,116.837,65.495,168.112
473.454,110.821,64.457,169.866
470.943,111.283,63.388,172.254
469.255,106.303,63.236,172.850
467.155,107.732,63.104,173.777
465.050,107.893,62.829,175.501
463.268,106.509,63.346,175.692
463.687,104.056,64.361,174.081
465.209,103.223,65.003,172.321
466.409,104.571,64.520,171.557
467.584,101.888,64.631,170.683
468.716,112.344,63.902,172.214
479.006,120.858,62.176,173.719
477.356,112.937,61.700,174.272
457.391,90.829,65.201,170.846
452.790,88.822,68.864,167.272
450.852,79.747,68.495,169.431
451.181,72.677,68.487,172.659
453.562,70.999,68.891,174.438
454.412,71.348,70.308,175.387
456.055,72.678,71.364,176.618
458.378,72.648,74.277,174.711
458.925,79.150,77.985,172.014
459.225,81.463,80.169,171.623
478.117,62.437,77.392,175.519
482.342,67.390,77.545,177.091
486.798,64.472,74.682,180.756
489.654,67.153,73.142,182.570
494.133,67.218,71.589,184.451
496.933,61.505,70.390,185.633
501.920,55.266,69.887,186.919
503.671,65.370,70.261,186.392
504.164,64.210,69.960,186.778
506.981,65.644,69.844,186.634
510.549,64.740,69.679,185.706
514.706,74.470,70.280,182.631
517.184,80.200,71.241,180.615
518.671,86.815,72.077,179.032
523.342,90.102,71.976,178.968
526.653,90.105,72.076,180.095
531.369,87.523,71.811,181.276
534.330,85.362,71.920,180.749
537.626,85.480,71.989,178.504
541.564,81.299,71.807,177.355
543.777,79.043,71.661,175.274
546.712,78.329,71.328,174.023
547.343,76.906,71.504,173.311
548.613,76.531,71.624,172.884
551.654,79.596,71.361,172.156
555.357,73.611,71.682,172.309
557.346,74.624,72.185,172.047
560.742,76.580,72.442,171.960
564.136,77.565,72.911,172.190
567.484,75.529,73.772,172.366
568.158,78.372,73.852,173.269
568.149,81.805,73.706,174.832
570.681,84.365,72.990,175.566
572.965,76.561,72.092,177.844
574.945,72.298,71.139,180.025
575.355,77.111,71.041,179.417
578.105,81.386,70.553,180.106
579.656,79.314,69.451,182.288
580.680,80.304,69.086,182.383
582.845,85.622,68.165,181.735
584.284,88.096,67.103,182.275
584.874,93.331,66.301,182.904
585.210,92.999,65.670,183.069
585.256,97.159,64.952,183.708
588.467,102.454,63.734,184.440
590.018,102.668,62.888,185.330
591.431,103.517,61.724,186.074
592.877,107.088,60.887,185.724
594.019,106.317,59.880,185.620
594.422,107.458,59.075,185.137
595.390,108.754,58.405,184.868
596.695,111.699,58.177,184.073
574.526,196.214,64.544,175.090
572.227,202.708,70.609,166.458
571.437,207.407,74.146,160.723
569.045,208.528,76.040,157.237
573.634,207.271,75.388,156.553
572.648,197.851,75.778,154.881
575.414,194.923,76.821,151.114
576.012,191.876,76.855,148.636
578.734,184.862,75.972,147.655
579.888,181.917,74.871,146.614
581.364,176.012,72.654,147.823
582.926,172.870,70.771,148.955
584.400,170.898,69.521,148.562
586.269,169.783,68.489,146.856
588.243,164.439,66.655,146.964
590.947,167.169,64.919,145.884
593.633,163.141,63.038,144.919
594.305,165.765,62.021,141.619
595.556,167.166,60.535,139.849
597.757,165.237,58.632,139.032
600.010,166.339,57.177,138.133
601.184,159.390,54.382,139.502
601.056,153.963,52.488,141.475
600.595,150.147,51.032,143.005
589.980,97.357,51.333,142.547
591.233,97.807,51.191,142.587
589.914,97.987,50.966,143.259
589.520,96.265,50.996,143.962
589.680,97.986,51.056,144.242
589.009,99.845,51.166,144.518
588.916,102.478,51.402,144.855
588.249,99.694,51.594,144.833
587.248,101.564,51.806,144.953
586.850,102.823,51.922,145.096
577.501,101.975,52.276,144.954
588.336,52.393,52.653,143.654
585.557,44.162,54.602,140.052
582.917,45.798,55.817,137.870
580.652,49.159,57.436,135.296
591.457,52.194,55.457,136.747
590.409,52.179,53.326,138.174
589.764,54.358,51.908,138.900
588.966,57.453,51.175,138.666
587.811,58.292,51.103,138.286
576.887,57.162,52.478,136.391
576.570,58.487,54.814,132.968
576.990,60.333,55.773,131.326
576.977,60.800,56.553,129.565
577.549,60.907,57.052,128.467
577.461,68.804,57.705,127.250
577.975,67.562,57.892,126.722
562.705,42.612,60.673,123.032
559.630,41.677,64.550,117.941
558.483,41.349,68.882,111.992
557.059,42.352,71.987,107.407
554.770,44.288,74.760,103.046
552.180,45.413,77.019,99.245
549.359,46.650,78.668,96.222
539.876,47.411,79.815,94.494
542.240,48.842,80.679,92.139
541.367,50.834,81.337,89.746
532.634,50.963,81.657,88.617
532.466,51.183,82.002,86.922
532.302,52.472,81.950,85.672
530.383,52.034,81.905,84.317
526.812,51.988,81.384,83.347
524.599,52.416,80.871,82.214
524.085,51.636,80.208,81.071
521.547,51.615,79.508,79.756
519.751,50.934,78.607,78.501
518.840,50.307,77.673,77.246
518.223,50.487,76.571,76.074
517.451,51.179,75.642,74.786
515.373,50.890,74.721,73.444
512.810,51.195,73.963,72.234
509.567,51.710,73.423,70.884
507.107,52.508,72.605,70.048
504.297,53.379,72.094,68.877
501.321,54.005,70.972,68.132
498.100,53.952,70.167,67.233
495.491,54.654,69.102,66.816
492.239,54.891,67.987,66.476
489.318,54.476,67.005,65.894
486.230,54.859,65.900,65.590
478.052,56.961,65.873,64.230
475.631,55.935,64.811,63.887
473.206,55.965,63.440,63.739
463.758,57.439,62.957,62.970
462.038,56.937,61.701,62.535
459.753,56.092,59.933,62.804
452.019,57.466,59.025,62.508
448.214,55.279,57.793,62.079
440.490,56.150,57.016,61.711
436.007,55.772,55.965,61.330
425.790,56.665,55.052,60.965
417.562,55.991,54.271,60.707
411.072,56.376,53.996,59.828
404.808,57.447,53.657,59.081
398.997,57.295,53.406,57.849
395.503,55.926,52.289,57.927
388.401,56.890,51.894,57.418
385.212,55.780,50.746,57.754
381.603,55.523,50.023,57.744
378.575,55.163,49.210,57.910
375.109,54.655,48.523,57.679
372.334,54.806,48.002,57.462
369.204,54.583,47.357,57.385
365.684,54.624,47.015,56.968
362.114,54.420,46.705,56.587
358.268,53.656,46.263,56.166
355.611,53.802,45.903,55.725
351.646,54.210,45.408,55.401
348.173,54.223,45.244,54.700
344.187,54.471,44.881,54.580
340.324,54.781,44.456,54.507
335.418,55.148,44.024,54.239
331.650,55.275,43.818,53.813
326.854,54.642,43.362,53.879
322.251,54.691,43.069,53.797
317.033,54.238,42.964,53.259
310.456,55.006,43.474,51.990
307.509,54.634,43.792,51.031
301.441,54.758,43.700,50.039
313.246,57.382,49.534,44.922
304.837,58.497,53.842,41.254
310.494,54.138,57.310,38.445
304.540,55.606,59.865,36.446
299.193,56.266,61.584,35.250
294.442,56.869,62.222,34.716
284.205,32.789,65.332,32.144
276.184,33.821,68.344,29.603
279.239,31.199,67.455,29.814
268.419,30.383,68.438,29.219
255.879,36.404,71.381,27.452
239.295,35.705,73.560,26.275
221.973,35.204,75.077,25.498
205.302,33.511,74.283,26.176
188.535,31.309,73.548,26.853
188.964,30.315,73.499,26.903
180.847,29.561,73.377,27.046
177.385,35.564,73.780,26.865
177.829,34.006,73.786,26.864
178.242,32.628,74.222,26.675
189.572,27.128,75.791,25.551
180.647,27.270,77.262,24.667
163.937,26.556,78.360,23.785
168.649,51.567,77.358,24.500
152.502,51.278,76.092,25.222
136.168,55.296,74.449,26.094
115.318,54.983,73.834,26.371
106.476,59.782,72.421,27.371
97.474,58.136,71.117,28.580
102.683,51.635,65.446,32.979
103.088,49.559,59.869,37.776
101.290,46.588,55.206,41.675
93.626,45.104,51.760,44.752
89.989,43.782,49.112,46.641
81.569,42.399,47.452,47.708
77.459,41.857,45.926,48.648
72.760,40.874,44.931,48.859
67.222,39.978,44.096,48.855
59.196,38.618,43.631,48.551
55.560,38.167,42.907,48.561
51.086,36.728,42.514,48.271
46.929,35.201,41.785,48.544
42.734,35.180,41.393,48.411
37.619,35.380,41.004,48.037
32.778,35.040,40.699,47.839
27.800,34.968,40.342,47.493
22.963,35.029,40.165,46.934
15.493,35.340,39.996,46.651
11.412,35.027,39.752,46.353
6.059,35.903,39.737,45.810
0.902,36.119,39.595,45.676
-2.434,35.748,39.104,46.272
-3.922,33.876,37.058,48.367
-4.591,32.705,34.454,51.183
-5.462,29.915,31.745,54.051
-5.679,27.359,28.903,57.292
-5.689,25.527,26.636,59.724
-4.657,2.168,25.398,61.592
-4.001,-2.779,24.359,62.450
-4.048,-2.099,24.211,62.612
1.563,-3.297,24.154,62.955
1.314,-4.506,24.139,63.017
0.358,-6.694,24.060,63.198
-1.011,-7.560,23.827,63.555
-6.104,-8.386,23.202,64.370
-6.207,-5.814,23.067,64.487
-0.592,-7.181,23.017,64.607
0.178,-8.409,22.990,64.734
-0.917,-6.525,22.964,64.837
-1.500,-7.112,22.898,65.187
-1.530,-6.725,22.590,65.958
-1.456,-5.247,22.457,66.414
14.987,-3.593,22.212,67.213
9.466,-3.767,21.954,68.875
3.067,-5.472,21.694,71.277
-2.248,-4.964,21.567,73.239
-2.317,-4.643,21.400,74.198
33.642,-5.601,21.595,75.104
32.462,-5.655,21.780,75.487
26.506,-4.979,21.867,75.884
20.843,-4.564,21.917,76.610
19.246,-5.374,22.163,77.342
17.706,-5.332,22.523,77.637
16.624,-5.958,22.851,77.947
14.890,-6.059,22.998,78.677
8.220,-5.952,23.647,79.217
7.489,-6.946,24.119,79.812
1.576,-7.233,24.477,80.910
1.803,-7.206,24.801,81.699
2.030,-7.449,25.109,83.042
0.873,-6.431,25.345,83.850
0.719,-6.943,25.172,85.239
0.446,-7.370,25.283,86.102
-0.712,-7.669,25.583,86.922
-0.552,-7.127,25.513,87.822
-0.799,-6.799,25.724,88.594
-1.189,-8.829,26.577,87.735
-1.731,-7.670,27.135,88.516
-2.730,-7.155,27.747,88.755
-2.847,-6.051,28.233,89.268
-2.097,-7.100,28.616,89.955
-1.397,-8.045,28.656,91.076
-0.883,-6.996,28.588,92.014
-0.547,-6.025,28.483,92.714
-0.390,-7.693,28.418,93.077
-0.680,-5.105,28.480,93.260
-7.040,-6.059,28.427,93.645
-6.277,-7.853,28.494,93.707
-5.677,-7.124,28.626,93.670
-5.520,-7.683,28.756,94.146
-5.691,-8.652,28.848,94.440
-5.460,-10.277,29.039,94.802
-5.556,-4.892,28.962,95.516
-5.383,-7.566,28.925,96.116
-5.342,-8.729,28.969,96.339
-5.204,-3.160,28.926,96.877
-4.748,-5.735,28.920,97.210
4.064,-9.942,29.669,96.341
5.011,-6.976,30.496,95.563
5.432,-8.392,31.646,93.957
-9.458,-6.963,31.401,94.203
5.502,-4.124,32.541,92.916
4.521,-0.928,34.007,91.494
2.831,-1.696,35.359,90.042
0.978,0.130,36.708,89.143
-0.009,1.479,37.456,89.033
-0.908,-1.059,38.180,88.468
-1.513,4.017,38.516,88.452
-1.914,8.149,37.619,90.447
-1.709,10.113,36.454,92.593
-1.527,12.419,35.712,93.879
-1.716,15.733,34.960,95.037
-2.137,18.413,34.175,96.453
-2.497,20.183,33.780,97.730
-3.240,19.930,33.322,99.487
-4.295,20.655,33.049,100.283
-5.640,21.690,32.791,100.946
-6.334,22.426,32.503,101.805
-6.369,23.383,32.051,102.778
-6.177,24.965,31.652,103.228
-6.665,27.126,31.258,103.996
-6.757,27.971,30.885,104.829
-6.921,30.276,30.644,105.277
-7.597,31.902,30.367,105.681
-7.271,27.223,30.343,105.469
-7.215,28.963,30.288,105.577
-7.443,31.524,30.241,105.765
-7.662,33.138,30.095,106.430
-7.791,42.047,29.938,107.180
-8.271,33.646,29.824,108.283
-9.180,31.506,29.858,109.281
-9.221,31.582,30.118,109.697
-9.343,31.062,30.494,109.857
-9.494,31.377,30.531,110.239
-2.614,33.801,31.004,109.460
-3.067,35.284,31.019,109.521
-3.374,37.219,30.884,109.631
-2.890,37.447,30.685,109.616
-2.517,36.745,30.517,109.497
-1.701,36.409,30.317,109.823
-10.642,36.453,30.243,110.351
-2.300,29.132,30.455,109.918
-1.401,32.233,30.464,109.626
6.080,66.986,32.324,107.506
4.819,70.150,33.934,104.028
3.165,67.789,35.277,102.105
1.609,70.614,36.483,99.789
1.075,68.993,36.853,99.427
1.009,72.514,37.268,97.982
0.845,70.244,37.531,97.446
0.295,68.840,37.846,97.153
-0.105,64.722,37.594,97.860
-0.043,63.158,37.206,98.755
-0.435,64.227,37.004,99.251
-0.675,62.478,36.688,100.077
-0.143,60.302,36.504,100.532
-0.267,63.149,36.283,100.768
-0.472,61.767,36.163,100.954
0.004,60.910,36.075,101.174
-0.009,62.660,35.958,101.267
0.189,61.322,35.900,101.444
0.323,63.676,35.829,101.548
0.399,61.583,35.785,101.698
0.251,60.876,35.712,101.913
0.040,58.097,35.690,102.052
0.495,61.985,36.027,101.346
0.242,56.019,35.988,101.502
0.372,60.698,36.339,101.082
-0.001,58.234,36.308,101.149
0.808,62.425,36.557,100.595
0.100,58.091,36.527,100.714
0.238,59.896,36.437,100.879
0.497,57.789,36.324,101.205
0.782,61.265,36.250,101.253
0.431,60.632,36.229,101.605
1.084,59.724,36.238,101.991
0.800,57.085,36.255,102.417
0.155,61.915,36.973,101.553
0.197,59.026,36.921,101.995
-0.314,56.014,37.030,102.600
-0.219,59.942,37.473,101.968
-1.263,56.920,37.656,102.155
-1.399,52.506,37.586,102.560
-1.635,55.827,37.533,102.610
-0.987,53.665,37.419,102.751
-1.102,53.110,37.390,102.876
-1.163,58.303,37.532,102.610
-0.439,54.946,37.548,102.638
0.187,58.373,37.700,102.355
0.732,56.180,38.186,101.758
0.646,53.517,38.128,101.981
0.631,55.669,38.428,101.440
0.269,51.823,38.389,101.716
0.795,53.331,38.512,101.592
0.786,53.589,38.729,101.291
-0.177,52.143,38.708,101.349
-0.867,51.449,38.679,101.386
-0.435,54.481,38.757,101.300
-0.368,51.797,38.702,101.377
-0.623,51.288,38.648,101.458
-0.708,49.284,38.538,101.552
15.752,67.739,41.713,97.707
14.800,67.024,44.338,94.491
12.323,67.510,47.873,90.204
11.199,67.061,50.168,87.520
9.281,65.656,52.263,85.042
8.565,64.154,54.120,82.916
7.638,62.818,55.596,81.150
6.871,61.433,57.087,79.394
5.642,59.761,57.887,78.419
4.660,67.628,59.736,75.976
2.391,65.815,61.242,73.998
3.225,65.394,62.116,73.005
3.420,64.304,62.494,72.587
3.024,71.423,63.271,71.290
1.949,69.560,64.124,69.861
2.781,67.535,64.803,68.908
2.801,65.152,64.538,68.961
2.587,62.494,64.117,69.283
0.970,67.242,63.981,69.056
0.811,73.752,64.476,67.899
-0.011,72.375,64.681,67.186
0.022,72.056,64.740,66.707
0.200,70.530,64.510,66.624
1.298,68.501,64.193,66.697
1.840,66.418,63.827,67.049
2.045,64.211,63.368,67.463
1.872,70.994,63.581,66.751
1.849,69.909,63.575,66.649
0.934,76.050,64.154,65.364
0.954,75.812,64.749,64.269
-0.335,74.934,64.610,63.943
-13.552,56.958,59.188,70.236
-10.801,56.780,56.842,72.846
5.689,63.656,57.439,72.152
4.692,70.451,58.970,70.169
4.016,69.496,59.754,69.130
4.429,76.112,60.281,68.263
3.245,74.408,61.113,67.014
4.404,71.646,61.508,66.534
-9.536,64.471,58.955,69.412
-14.972,60.446,56.944,71.767
-12.588,59.416,54.687,74.510
-10.356,58.594,51.129,79.000
-7.994,58.954,48.474,82.136
-6.259,58.546,46.194,84.758
-5.025,58.446,44.983,86.078
12.303,67.744,47.791,82.719
9.589,76.322,51.253,78.702
-5.128,61.912,49.131,81.186
-4.062,63.167,47.835,82.632
-9.259,58.936,45.498,85.364
-6.335,58.293,42.592,88.713
-4.691,59.568,40.533,91.420
-3.817,60.317,39.011,93.509
-2.946,60.022,37.748,95.221
-2.553,60.246,36.897,96.582
-1.728,61.965,36.190,97.607
-1.176,64.118,35.963,98.034
-0.968,66.702,35.992,98.052
-0.756,68.704,35.901,98.330
-0.696,73.053,35.848,99.015
-0.886,77.618,35.807,99.551
-0.201,80.299,35.897,99.812
0.943,83.959,36.531,99.540
1.358,87.123,37.018,99.201
1.401,91.048,37.627,98.526
1.805,95.042,38.090,98.094
1.718,97.259,38.465,97.364
0.885,100.382,39.049,96.195
0.601,104.521,39.472,95.277
-0.197,106.455,40.466,93.697
0.634,109.813,40.823,92.896
7.367,113.716,41.702,90.992
6.832,112.537,42.023,91.054
6.343,116.759,42.433,90.072
6.071,115.470,42.660,89.705
-8.002,111.551,40.047,93.217
-6.967,110.494,37.952,96.745
-7.154,109.940,36.482,99.584
-7.572,106.160,35.378,101.970
-7.733,103.551,34.677,104.060
-7.410,106.729,34.541,105.195
-6.637,102.765,34.543,105.975
-5.862,104.477,34.696,106.980
-4.672,103.656,34.467,107.681
-3.859,72.006,33.785,110.015
-2.728,69.489,33.273,111.915
-1.130,71.647,33.240,112.406
-1.328,71.688,33.382,113.570
-1.094,71.859,33.693,114.415
-1.658,69.931,34.456,115.092
-0.403,66.506,35.281,116.263
0.119,63.199,36.141,117.542
0.828,62.430,37.024,118.519
1.492,62.177,37.975,119.023
6.580,63.803,38.822,118.956
3.898,61.225,39.868,119.352
3.327,53.830,42.460,116.652
4.283,52.100,44.315,113.993
4.385,49.598,45.919,111.348
3.628,54.604,47.228,109.871
3.640,52.356,48.850,108.085
3.145,48.755,49.946,106.464
2.628,54.194,50.800,105.550
2.441,50.039,52.291,104.025
-3.778,52.335,52.260,103.491
-2.639,47.989,52.615,102.564
-1.831,52.547,53.131,101.625
-0.374,54.631,53.605,100.971
-0.391,52.635,54.168,100.081
-7.062,53.018,53.534,100.299
-4.341,50.736,53.015,99.935
-2.526,54.661,52.865,100.140
-1.072,56.503,52.993,100.202
-1.060,50.725,53.317,99.817
-0.671,55.202,53.747,99.372
5.629,57.136,55.538,97.024
-2.740,57.896,55.285,97.283
-1.125,54.183,55.020,97.294
-0.458,56.601,54.879,97.423
0.257,59.873,54.535,97.961
0.413,57.581,54.524,98.445
-0.415,56.107,54.119,98.597
5.751,62.772,53.354,99.097
1.909,57.723,52.825,99.593
-0.416,57.636,51.964,101.089
-1.243,59.615,50.827,102.970
-2.397,53.984,50.624,103.335
-3.271,55.178,49.788,104.432
-3.636,56.113,49.028,105.880
-3.326,55.251,48.049,107.527
-3.436,56.714,47.439,108.036
-3.739,58.848,45.850,110.295
-3.886,61.391,44.324,112.286
-4.259,64.187,43.022,113.954
-4.358,68.714,41.502,116.390
-3.959,71.122,39.869,119.295
-5.221,70.319,38.838,122.737
-6.515,67.627,38.505,125.344
-7.289,68.058,38.467,126.933
-7.934,66.692,38.356,128.873
-8.047,67.605,38.371,130.392
-7.664,65.242,38.617,131.317
-7.833,66.815,38.801,132.530
-8.751,64.974,39.064,133.765
-8.314,67.668,39.233,134.767
-8.066,66.758,39.337,135.951
-8.594,64.964,39.518,137.632
-8.246,66.229,39.900,138.751
-8.426,66.367,40.078,140.116
-8.320,66.614,40.189,141.384
-9.564,67.401,40.670,142.892
-9.979,66.643,41.173,143.900
-10.471,64.573,41.797,144.485
-11.461,63.048,42.460,144.600
-12.283,64.188,42.875,144.694
-13.011,64.981,43.338,144.149
-13.458,64.656,43.497,144.291
-14.105,66.033,43.491,144.450
-15.136,67.206,43.613,144.033
-14.750,69.228,43.677,143.832
-3.711,76.856,45.448,141.195
-3.213,72.838,45.846,140.417
-15.007,72.464,45.370,140.195
-15.279,71.339,45.019,140.589
-14.708,69.550,44.679,141.309
-14.364,67.947,44.515,141.705
-13.940,66.785,44.290,141.925
-14.252,66.553,43.999,142.229
-2.450,64.015,44.481,141.191
-14.115,62.147,44.190,141.056
-1.788,59.728,44.407,140.581
-12.924,59.162,43.999,140.647
-12.164,58.226,43.726,140.445
-11.705,56.838,43.650,140.006
-11.481,54.462,43.408,139.246
-11.624,52.708,43.017,138.829
-11.367,51.407,42.430,138.707
-10.661,50.092,41.954,138.830
-9.916,50.145,41.505,139.225
-9.737,49.989,41.154,139.669
-9.492,49.658,40.832,140.276
-9.275,47.588,40.678,140.114
-9.231,47.207,40.603,140.015
-9.084,46.282,40.410,140.365
-8.945,47.861,40.433,140.544
-8.660,48.995,40.395,140.514
-8.813,49.283,40.465,140.174
-9.873,39.551,40.755,139.693
-11.044,39.776,40.945,140.486
-11.960,52.787,41.058,141.017
-12.050,53.876,40.998,140.885
-12.215,46.565,40.598,142.149
-11.651,50.774,40.465,143.253
-10.545,50.544,40.456,143.298
-10.459,49.653,40.760,143.194
-9.299,47.146,41.048,143.489
-9.543,46.220,41.506,144.323
-8.860,46.404,42.104,145.254
-8.234,46.579,42.666,145.487
-9.046,45.809,43.229,145.841
-9.072,43.745,43.659,147.293
-9.853,42.012,44.201,148.116
-10.378,41.805,44.766,148.083
-9.915,40.488,45.145,148.508
-9.061,39.301,45.293,149.391
-8.600,41.244,45.267,149.508
-9.308,40.442,45.349,149.354
-8.548,42.457,45.316,148.736
-8.690,42.771,45.360,148.644
-7.907,42.295,45.431,148.550
-7.636,43.964,45.431,147.546
-7.492,43.761,45.183,148.374
-6.843,43.396,45.066,149.175
-7.113,42.710,45.783,149.453
-7.397,45.197,46.325,149.452
-7.119,43.266,46.798,149.575
-6.905,42.268,47.007,150.259
-6.661,41.611,47.292,150.754
-6.341,42.410,47.593,150.828
-7.209,41.916,47.981,151.370
-7.197,38.668,48.364,152.009
-6.971,38.719,48.772,151.878
-6.918,39.010,49.055,151.850
-6.979,37.188,49.171,152.493
-5.986,34.230,49.541,152.734
-5.679,34.742,49.958,152.994
-5.493,34.091,50.224,153.382
-5.506,32.605,50.734,153.759
-5.936,32.483,51.392,153.786
-5.062,30.869,52.053,154.251
-5.445,29.981,52.476,154.940
-5.238,28.204,53.123,154.934
-5.468,25.719,53.771,155.345
-5.212,25.107,54.362,155.300
-5.882,24.955,55.414,155.083
-6.582,24.923,56.373,154.857
-5.317,23.189,56.597,155.537
-6.070,22.923,57.638,155.368
-6.240,21.200,58.423,155.771
-4.886,18.610,58.809,156.678
-5.857,17.821,59.520,156.401
-5.533,14.183,59.833,157.159
-5.182,14.331,59.723,157.422
-4.428,14.123,59.596,157.817
-4.043,13.078,59.739,157.627
-4.165,11.638,60.356,157.123
-4.365,11.661,60.728,157.683
-5.169,11.279,61.398,158.112
-5.629,10.169,61.738,158.827
-4.745,11.876,62.359,158.728
-4.801,9.362,63.973,157.933
-5.042,9.453,65.109,157.813
-5.568,9.173,66.401,157.743
-7.035,5.969,66.775,158.617
-5.592,10.134,66.674,159.254
-4.313,11.853,68.248,158.354
-6.238,8.209,69.455,159.399
-5.020,11.464,70.490,158.948
-5.003,9.212,71.331,160.174
-6.146,7.841,72.398,161.082
-5.950,9.952,73.585,161.007
-6.502,12.177,74.622,161.000
-5.820,12.670,75.737,160.942
-6.259,14.062,76.699,161.030
-6.066,14.309,77.395,161.475
-5.895,16.010,77.324,162.469
-4.974,15.878,77.293,163.427
-3.824,15.195,77.317,164.355
-3.629,15.144,77.585,165.236
-3.390,14.386,78.416,165.955
-3.905,15.411,79.159,166.469
-3.147,13.605,79.821,166.809
-2.589,16.274,80.677,166.832
-2.518,16.241,81.604,166.503
-1.903,16.380,82.621,166.442
-1.179,15.783,83.256,166.759
-1.495,16.184,83.948,166.668
-1.133,19.652,84.779,165.712
0.364,19.448,84.294,166.066
2.565,20.882,84.202,166.441
3.844,20.404,83.785,167.592
3.935,19.452,84.042,167.951
4.017,18.272,84.969,167.433
4.792,20.531,86.229,165.887
6.060,19.959,86.402,165.792
6.825,20.315,86.462,165.457
7.042,23.411,86.876,165.058
9.272,27.969,87.212,164.258
11.362,29.978,86.412,164.233
14.494,28.112,85.980,163.866
18.091,26.721,85.782,163.365
19.732,27.625,85.407,162.628
20.809,26.421,85.068,162.467
21.725,24.778,84.857,162.245
23.722,25.840,85.522,161.090
26.215,26.675,85.115,161.149
27.141,25.753,84.827,161.094
30.034,26.911,84.812,160.807
30.005,24.077,84.594,160.774
32.267,22.840,84.710,160.522
34.233,24.955,84.841,159.824
37.390,23.655,84.584,159.700
39.311,23.455,84.273,159.793
41.495,24.035,84.304,159.427
43.779,23.908,83.729,160.206
46.328,23.561,83.033,161.110
48.026,20.064,82.736,160.962
48.858,21.345,82.854,160.719
50.189,20.013,83.141,159.963
50.179,21.106,83.198,159.803
52.154,20.137,83.309,159.256
53.200,21.746,83.170,159.152
52.457,25.591,83.558,158.207
54.515,22.204,83.032,158.441
54.226,24.623,83.574,157.279
56.189,23.358,83.230,157.541
57.636,26.312,83.067,157.032
58.482,26.222,82.591,157.063
59.189,26.076,82.226,157.434
58.847,26.019,81.987,157.849
59.181,26.281,82.087,157.603
59.220,25.411,81.814,158.093
59.437,24.694,81.227,158.860
59.826,22.323,80.566,160.040
58.463,19.587,80.985,159.311
57.115,17.745,80.808,159.447
56.741,21.089,80.678,158.742
55.450,18.884,80.600,158.832
55.401,20.376,80.672,157.952
54.333,19.768,80.879,157.154
53.228,20.625,81.029,155.712
51.167,21.321,81.121,154.855
48.514,21.156,81.158,154.313
47.035,20.012,81.097,154.218
46.377,23.277,80.978,153.772
43.788,22.633,81.133,154.074
42.174,24.239,80.791,154.313
42.635,25.730,80.978,154.028
42.471,27.933,80.825,154.317
42.717,30.660,80.640,154.974
41.203,25.040,80.794,152.973
41.236,28.477,80.387,152.823
41.710,30.268,80.269,152.976
41.176,29.018,79.407,154.419
40.111,27.766,77.498,157.093
40.811,28.364,78.144,156.617
41.272,29.785,78.585,156.490
42.185,29.337,78.627,156.567
42.487,30.943,78.534,156.687
41.172,24.577,79.043,154.609
41.007,25.704,79.406,153.825
41.246,27.320,79.600,153.165
42.136,27.968,79.811,153.045
42.417,30.235,80.042,152.507
41.012,27.290,80.637,150.455
41.230,28.126,80.588,150.129
39.800,25.385,80.862,148.841
39.785,30.032,80.942,148.442
40.418,30.860,80.999,148.237
38.742,28.100,80.500,149.271
37.330,24.976,80.574,148.051
36.240,24.544,80.024,148.175
35.023,25.762,79.632,148.299
33.807,22.990,79.129,149.015
31.867,24.248,79.175,148.994
29.871,25.056,79.103,148.847
28.916,27.174,78.925,149.070
17.949,29.269,79.044,148.469
19.396,29.912,79.721,148.475
17.759,30.074,80.208,148.411
14.990,26.611,80.617,148.568
11.748,29.216,81.557,147.905
8.507,28.193,81.927,148.576
6.920,28.339,82.040,149.157
1.924,29.899,82.677,149.266
1.142,31.889,82.102,150.511
-2.165,32.278,82.811,151.467
-4.472,33.342,82.944,152.204
-5.022,35.449,82.068,153.889
-7.911,35.108,81.924,155.276
-8.201,38.623,81.141,156.316
-9.018,38.690,81.112,157.330
-10.363,40.098,80.332,158.051
-10.228,41.046,79.202,157.957
-9.244,50.595,77.221,159.583
-7.564,51.585,76.260,159.332
-7.106,50.389,75.378,159.632
-7.286,53.115,73.906,159.123
-6.250,55.655,73.107,158.768
-6.783,57.232,72.676,158.595
-7.586,57.341,72.751,157.812
-8.918,56.698,72.529,157.768
-10.389,64.685,72.175,157.098
-10.457,65.226,71.784,156.789
-11.619,66.060,71.331,156.529
-12.624,67.625,70.793,156.145
-12.444,67.692,70.139,155.991
-12.083,68.269,69.576,154.681
-10.627,70.871,68.617,153.493
-11.949,70.201,66.329,154.692
-13.735,69.686,64.622,155.536
-11.491,69.359,62.711,157.318
-11.029,69.779,61.873,157.422
-10.925,70.393,60.754,158.020
-9.683,70.023,59.724,159.457
-9.448,72.104,58.933,159.934
-8.647,71.207,58.471,160.250
-8.864,70.690,58.605,159.739
-9.091,72.640,58.658,158.488
-9.154,74.572,58.473,157.645
-10.168,76.870,58.108,156.868
-10.279,78.982,57.380,156.976
-10.110,84.352,56.258,156.531
-9.016,87.580,55.079,155.788
-8.770,86.424,54.185,156.525
-9.810,87.899,54.091,155.957
-11.400,89.820,54.118,155.228
-13.028,90.672,54.214,154.984
-13.876,91.738,54.037,154.600
-14.576,97.181,53.546,154.891
-15.746,99.449,53.349,154.558
-16.879,101.211,53.168,154.287
-17.631,104.976,52.812,153.948
-2.784,117.001,54.821,150.503
-0.910,116.913,56.203,148.392
1.726,117.281,57.562,145.949
3.835,117.644,58.615,144.131
3.939,118.454,59.818,142.293
22.758,137.987,70.888,130.432
18.134,143.015,79.042,121.911
13.237,145.776,85.150,115.766
11.637,148.028,89.560,111.123
9.792,149.176,93.069,107.359
9.776,150.799,95.504,104.912
8.575,152.232,96.267,103.752
5.299,154.036,96.589,102.906
6.191,152.952,97.704,101.489
4.640,153.141,98.314,100.476
5.902,153.303,98.481,99.925
5.900,154.035,98.388,99.531
5.499,161.388,97.848,99.118
4.264,158.384,97.495,98.783
4.521,154.885,95.578,99.846
3.961,151.940,94.423,100.085
3.818,152.099,93.004,101.167
3.821,152.321,92.023,101.991
2.922,151.692,90.760,102.709
1.491,148.653,86.947,106.868
-0.585,146.121,83.831,110.337
5.322,156.014,85.714,107.372
-2.522,148.010,82.284,112.299
0.421,144.186,79.602,115.975
0.573,141.415,77.765,118.686
0.689,138.763,76.250,121.412
1.187,144.310,74.541,123.469
-0.690,140.456,72.826,126.183
-0.142,140.180,71.176,129.393
-0.295,140.892,69.279,132.309
-0.356,140.694,67.691,135.186
-3.930,136.979,66.300,137.020
-3.410,137.545,63.462,140.500
-3.366,137.104,61.475,143.006
-3.751,133.875,59.877,145.042
-4.522,131.984,57.898,147.073
-6.352,133.528,56.363,148.335
-6.969,133.714,54.601,150.238
-6.932,134.986,52.684,151.801
-9.341,133.017,51.114,152.078
-9.827,134.714,49.608,152.538
-10.978,135.327,48.129,153.673
-11.255,137.667,46.875,153.777
-10.973,139.692,46.092,153.052
-11.072,139.877,45.242,152.252
-10.591,148.926,44.800,151.790
5.218,148.911,46.750,149.060
3.712,140.474,49.081,146.028
3.598,131.784,49.698,145.877
3.005,135.743,50.660,145.193
54.042,150.523,54.949,138.851
53.764,150.068,57.292,135.586
51.421,152.667,59.396,133.191
48.756,151.538,60.623,131.970
46.805,152.909,60.855,131.783
42.902,154.910,61.439,131.312
39.046,155.832,61.604,131.968
33.149,153.448,61.986,132.031
18.967,156.086,63.137,131.606
16.086,155.950,63.986,132.065
12.969,155.564,64.059,133.591
9.774,156.123,64.589,134.724
5.781,153.846,65.013,135.573
3.219,150.027,64.662,136.485
-6.885,148.902,61.512,140.761
-5.750,148.647,58.479,143.566
-5.068,147.948,56.281,146.215
-14.623,148.927,53.233,149.400
-12.416,147.862,51.194,151.071
-10.597,148.062,50.209,151.834
3.464,143.812,52.669,150.248
2.331,140.186,53.959,150.714
2.144,137.169,55.041,152.294
2.734,133.571,55.210,156.055
2.329,129.227,55.404,159.218
0.898,111.995,55.903,161.090
0.607,107.882,58.195,159.512
-0.123,104.108,58.843,159.570
-1.534,103.303,60.750,158.307
-0.576,102.866,62.804,157.128
0.958,102.114,64.348,156.771
2.353,101.237,66.577,156.545
2.092,102.938,68.843,156.777
-0.014,121.549,70.090,157.562
-1.688,125.598,70.104,159.075
-1.857,140.727,70.198,160.428
-1.300,143.307,69.990,162.402
-3.227,144.640,69.593,164.695
-3.814,142.778,68.924,167.105
-3.376,141.326,69.218,167.212
-4.146,143.829,68.845,166.757
-4.901,144.116,68.637,166.409
-4.841,146.444,67.300,166.112
-4.114,144.839,66.855,165.727
-4.418,144.137,65.097,166.358
-5.266,142.345,63.504,167.222
-6.881,138.700,62.706,167.886
-8.206,139.166,61.423,168.606
-8.152,133.236,60.317,168.784
-9.171,128.845,59.771,168.783
-9.397,125.977,59.502,168.766
-9.112,129.664,59.259,168.634
-8.698,127.487,58.996,168.279
-8.413,132.499,58.676,167.893
-8.189,129.785,58.609,167.500
-6.364,129.921,59.181,166.211
-7.355,138.338,59.106,166.155
-7.361,136.401,59.543,165.230
-8.262,144.382,59.429,165.215
-6.406,143.604,60.503,163.218
-6.411,143.266,61.589,161.571
-6.243,143.751,62.445,160.320
-6.855,144.195,63.511,158.857
-7.464,148.476,64.425,157.409
-17.454,165.896,61.810,160.780
-14.510,174.545,60.250,161.846
-12.377,163.726,58.604,163.908
-11.096,156.284,57.609,164.560
-8.075,159.860,56.555,165.426
-6.889,155.362,56.448,165.769
-5.735,159.177,56.118,166.445
-3.919,162.135,55.851,166.738
-3.920,155.221,56.326,166.672
-2.982,157.874,56.365,167.025
-2.984,153.623,56.986,167.102
-2.854,159.914,57.130,167.066
-2.754,155.470,57.659,166.834
-2.943,162.313,57.953,166.394
-2.838,158.258,58.288,166.168
-2.403,164.079,58.566,165.953
-2.783,159.599,59.091,165.629
-2.237,166.371,58.934,165.465
-0.561,161.117,58.838,166.364
-0.266,162.848,58.169,166.985
1.260,159.334,57.958,167.191
-0.199,163.917,57.617,167.306
1.492,159.900,58.195,166.930
2.537,155.002,58.360,167.552
4.689,143.117,58.979,167.069
6.996,140.035,59.616,166.622
9.367,143.789,60.345,166.001
9.269,139.009,62.110,164.115
9.715,143.623,63.213,162.550
8.371,138.172,64.342,161.602
8.579,142.085,64.284,162.350
7.317,136.430,64.184,163.096
7.811,139.304,63.716,164.189
8.566,131.116,64.577,164.064
6.301,133.919,64.353,165.481
5.292,121.394,64.758,167.521
4.418,133.913,63.805,167.885
2.243,132.721,63.175,167.956
0.035,132.496,63.267,168.010
-4.125,146.654,63.463,168.156
-4.034,142.501,63.122,168.245
-4.885,137.770,62.569,169.091
-4.699,140.838,61.788,170.021
-3.544,133.544,61.630,169.806
-2.964,137.480,60.948,170.351
-2.494,130.369,60.758,170.518
-2.504,127.578,60.431,170.690
-1.244,123.745,60.138,170.720
-0.430,120.084,59.719,170.555
0.883,118.921,59.679,170.288
2.281,106.870,59.938,170.388
3.309,109.555,60.274,170.469
3.626,111.098,60.704,170.391
5.481,99.935,60.998,170.714
7.038,104.242,61.148,170.194
7.157,106.578,61.582,169.668
6.140,114.991,61.765,169.157
5.072,113.819,61.805,168.280
5.146,112.268,61.782,167.625
5.224,110.400,61.679,167.506
4.330,110.912,61.809,167.384
3.181,110.187,61.355,167.172
3.371,109.375,60.881,166.881
3.502,108.001,60.286,166.609
3.623,106.303,59.908,166.487
4.746,106.636,59.553,166.312
4.107,107.951,59.494,166.189
4.461,109.822,59.288,166.021
4.383,109.036,59.380,166.024
4.979,109.539,59.417,165.807
5.615,109.682,59.351,165.350
5.559,108.257,59.790,165.492
5.692,104.869,60.002,165.554
6.763,103.133,60.376,165.949
7.506,103.788,60.588,165.817
7.302,92.603,61.032,165.582
6.317,91.834,61.565,165.744
6.308,92.806,61.897,165.922
6.795,94.811,62.222,166.471
6.726,96.458,62.658,167.070
5.751,95.783,63.117,167.296
5.779,96.453,63.526,167.743
5.568,97.502,63.726,168.308
5.178,100.454,63.952,168.929
4.521,99.886,64.122,169.411
4.464,103.273,64.245,170.033
4.281,107.894,64.385,170.282
2.896,110.747,65.429,169.521
1.768,113.724,66.385,168.776
0.046,114.145,67.667,168.185
0.591,117.191,68.554,167.824
1.240,120.109,69.448,167.227
3.403,122.230,70.563,166.856
4.487,119.487,69.970,169.033
5.381,125.817,69.466,170.595
4.326,123.527,69.057,171.976
6.220,123.905,68.666,173.483
7.296,124.636,67.899,175.446
6.324,125.410,67.775,177.730
6.055,129.000,67.450,179.524
6.227,132.093,67.371,181.163
5.316,130.516,67.246,182.105
6.846,132.195,67.156,182.717
6.305,131.362,67.501,183.414
6.359,134.005,67.872,183.216
5.901,135.042,68.190,183.646
4.979,134.713,68.708,182.630
4.909,91.445,67.779,188.209
2.912,82.625,67.468,194.422
1.008,74.414,67.381,199.664
-0.625,70.582,66.975,202.956
-0.639,72.644,67.568,205.667
-0.933,76.556,67.296,208.398
-1.846,88.579,68.561,209.768
-2.248,86.024,69.039,211.320
-2.306,83.749,69.738,212.284
-2.259,86.095,70.366,213.370
-1.230,82.585,70.690,215.357
-16.807,24.745,69.193,215.982
-16.162,9.259,67.786,215.992
-16.340,-6.525,67.191,215.291
-16.906,-13.467,66.720,212.288
-18.937,-6.533,66.073,210.549
-21.227,-2.497,65.190,209.470
-22.210,-7.226,64.314,206.889
-23.722,-3.516,63.534,205.653
-24.046,-7.103,62.410,203.801
-24.003,-7.794,61.307,202.494
-22.754,-7.346,60.268,201.444
-22.769,-7.372,59.417,200.133
-23.093,-0.473,58.846,199.175
-22.015,-2.677,58.216,197.163
-22.148,-4.633,57.560,195.777
-21.478,-6.969,56.890,194.731
-21.854,-1.053,56.262,194.134
-21.029,-2.121,55.776,192.621
-21.524,-4.036,55.326,191.297
-20.196,-5.182,54.547,190.710
-20.330,0.047,54.032,190.215
-19.628,-3.173,53.633,189.027
-19.910,1.892,53.207,188.444
-19.499,-2.511,52.848,187.361
-18.990,4.431,52.534,186.823
-18.527,-1.968,52.020,186.457
-18.406,2.437,51.772,185.619
-18.028,-3.202,51.517,184.478
-17.533,1.371,51.106,183.840
-17.130,5.340,50.749,183.867
-17.198,9.675,50.465,183.740
-16.698,12.199,50.051,183.808
-16.579,13.585,49.860,183.504
-15.488,2.748,49.803,182.556
-14.714,6.286,49.602,181.943
-14.849,9.929,49.456,181.255
-14.547,13.858,49.328,180.419
-14.258,16.838,49.120,179.999
-13.711,6.737,49.223,178.198
-12.884,10.874,49.101,177.015
-12.064,16.113,48.820,176.062
-11.064,17.541,48.317,175.661
-10.295,15.770,47.758,175.678
-9.734,15.195,47.268,175.587
-9.030,15.419,46.935,175.244
-8.983,16.050,46.840,174.716
-8.904,16.647,46.607,174.278
-9.796,16.180,46.463,173.846
-10.085,15.555,46.194,173.607
-10.570,15.524,46.022,173.205
-11.288,16.634,46.057,172.582
-12.106,17.411,46.028,172.082
-13.066,18.714,46.076,171.680
-14.424,17.039,46.146,171.179
-14.710,18.952,46.129,170.848
-14.277,10.423,46.334,169.491
-14.968,15.768,46.523,168.529
-14.423,9.135,46.451,167.477
-15.134,15.224,46.457,166.360
-15.200,8.748,46.226,165.474
-16.549,12.063,45.991,165.191
-16.742,6.461,45.669,164.638
-16.985,1.865,45.299,164.496
-17.571,-2.402,45.024,164.477
-16.963,6.319,44.799,163.532
-16.687,1.136,44.537,163.083
-16.856,-3.232,44.371,162.620
-16.857,-4.950,44.220,161.940
-17.425,-7.150,44.151,160.956
-17.731,-7.029,44.021,160.186
-18.020,-8.945,43.869,159.391
-17.874,-5.155,43.621,159.210
-18.408,-8.663,43.566,158.496
-18.331,-5.066,43.449,158.133
-18.799,-8.222,43.346,157.306
-18.490,-3.084,43.198,156.952
-18.974,-7.893,43.078,155.976
-8.189,-3.111,43.423,155.654
-8.728,-10.405,43.681,154.194
-9.773,-6.177,43.787,153.626
-10.757,-1.300,43.555,153.968
-10.696,-8.350,43.458,152.832
-11.248,-4.456,43.228,152.674
-11.045,-10.152,43.161,150.984
-11.277,-6.635,42.910,150.471
-11.340,-10.034,42.935,148.794
-11.607,-6.432,42.705,148.293
-12.323,-3.284,42.360,148.479
-13.004,-7.382,42.332,147.063
-13.119,-4.002,41.905,147.314
-12.971,-7.710,41.757,146.239
-13.355,-5.696,41.493,146.553
-13.390,-9.317,41.487,145.713
-13.375,-7.568,41.366,145.788
-13.185,-11.492,41.449,145.075
-12.844,-6.859,41.439,144.812
-12.665,-11.942,41.430,144.545
-12.769,-8.776,41.422,144.502
-12.947,-8.901,41.409,144.552
-13.103,-8.980,41.401,144.569
-13.370,-8.389,41.392,144.585
-13.486,-8.164,41.381,144.600
-13.197,-6.959,41.353,144.619
-13.059,-11.741,41.376,144.094
-13.212,-7.885,41.326,143.901
-13.279,-11.407,41.271,143.173
-14.044,-5.602,40.985,142.381
-14.865,-0.571,40.545,142.229
-15.045,3.249,39.987,143.030
-13.893,6.915,39.627,144.237
-12.605,2.028,39.521,144.001
-12.170,5.954,39.867,143.611
-11.606,8.524,39.932,143.774
-10.850,10.011,40.126,143.898
-9.829,10.855,40.333,144.103
-8.528,14.577,40.689,143.741
-7.438,17.853,40.836,143.489
-6.912,19.344,40.879,143.283
-6.439,20.286,41.289,142.813
-5.051,21.747,41.601,142.305
-2.232,24.198,41.927,141.105
-2.088,24.142,42.610,139.879
-1.428,25.988,43.938,138.071
-1.165,30.397,45.470,136.141
-0.403,29.761,47.089,134.658
1.130,30.808,48.712,133.346
1.748,34.332,51.193,131.150
1.292,40.553,53.235,130.924
3.585,41.457,55.764,130.397
2.907,31.264,59.591,127.458
3.218,31.860,62.925,125.008
2.021,34.446,65.964,123.257
1.877,37.890,68.195,122.373
2.180,39.249,69.711,121.840
2.380,38.621,71.313,121.106
1.945,37.923,72.284,121.216
1.706,38.331,72.898,121.107
1.861,37.576,73.487,121.276
1.118,37.015,73.888,121.122
1.855,36.387,74.562,120.850
1.614,36.602,75.129,120.415
5.294,31.814,75.087,120.037
6.827,33.078,75.711,118.345
6.838,32.963,76.251,116.433
7.386,34.032,76.824,114.540
7.075,34.424,77.089,113.024
6.980,32.096,77.357,111.794
8.300,34.123,77.678,110.760
7.944,31.056,77.795,109.926
8.657,30.900,78.148,109.105
8.952,28.654,78.553,108.542
9.652,27.999,78.846,108.074
9.754,25.587,79.102,107.881
10.247,24.421,79.263,107.790
10.838,22.077,79.360,107.632
11.674,20.760,79.479,107.246
11.905,18.131,79.585,107.143
12.665,15.141,79.625,107.118
14.059,13.793,79.586,106.926
15.617,10.049,79.568,106.591
16.687,9.473,79.767,105.928
16.313,8.780,80.174,105.093
15.984,6.014,80.465,104.434
17.368,3.800,80.514,104.105
17.374,1.601,80.855,103.490
16.659,0.332,81.123,102.900
17.804,-1.669,81.178,102.600
18.090,-3.379,81.541,101.860
18.250,-4.746,81.745,101.124
19.149,-4.733,82.169,100.237
19.975,-4.326,82.416,99.270
21.072,-6.574,82.351,98.963
21.755,-6.021,82.744,97.753
21.364,-5.548,83.179,96.557
21.529,-5.944,83.605,95.286
20.888,-5.552,83.807,94.014
21.521,-7.722,83.812,93.203
21.880,-7.205,84.443,91.650
22.831,-6.818,84.699,90.367
24.746,-7.004,84.313,89.567
26.295,-5.929,84.275,88.491
27.072,-6.284,83.782,87.970
29.012,-6.153,83.440,87.287
30.806,-6.659,83.054,86.667
29.725,-6.557,82.652,85.973
33.030,-6.448,82.410,85.319
33.209,-7.638,81.901,84.537
33.400,-8.117,81.697,83.440
34.921,-7.406,81.463,82.366
33.007,-7.781,81.096,81.159
33.466,-7.325,81.016,80.029
32.975,-5.418,80.980,78.627
32.239,-5.526,80.732,77.905
33.395,-4.463,80.928,76.948
33.817,-4.679,80.624,76.320
33.675,-4.662,80.546,75.483
35.528,-3.806,80.678,74.560
35.726,-3.609,80.845,73.635
38.516,-4.032,80.581,73.248
38.610,-1.768,80.860,72.818
40.148,-1.650,81.271,72.354
40.767,-1.759,81.417,72.331
41.417,-1.098,81.300,72.417
43.683,0.629,81.005,72.768
45.617,0.873,80.173,73.413
46.592,1.608,79.363,74.427
47.997,1.318,78.437,75.668
51.214,1.358,77.661,77.029
50.705,2.302,76.860,78.194
54.494,1.706,76.065,79.612
53.059,3.091,75.980,80.125
54.385,1.794,75.461,81.407
52.426,1.934,75.485,82.037
54.441,0.734,75.394,82.774
53.941,2.272,75.888,82.719
55.006,3.567,76.239,82.834
55.849,5.076,76.272,83.233
57.072,4.932,76.378,83.572
55.778,6.099,76.391,83.799
59.204,7.358,76.342,84.279
57.499,8.458,76.508,84.370
59.596,8.200,76.759,84.439
58.340,8.309,76.748,84.487
60.958,8.977,76.616,84.643
60.978,9.298,76.686,84.785
63.010,9.590,76.631,85.052
61.834,11.143,76.500,85.209
64.197,10.348,76.506,85.386
64.281,10.347,76.438,85.622
65.070,11.316,76.397,85.821
66.177,10.977,76.480,86.183
64.135,10.517,76.214,86.748
65.680,10.226,76.298,87.012
66.873,10.006,76.333,87.314
68.657,12.644,76.496,87.327
67.714,12.606,76.580,87.590
69.471,12.665,76.340,87.975
68.452,13.709,76.536,87.832
69.859,15.014,76.312,88.016
70.815,15.522,76.228,88.307
69.314,14.340,76.086,88.771
71.388,14.696,76.209,88.814
70.064,14.544,76.401,88.723
72.660,16.071,76.661,88.724
74.157,16.530,76.427,88.916
74.961,18.791,76.356,88.996
75.745,19.353,76.370,89.037
74.656,19.121,76.292,89.084
76.573,20.023,76.172,89.214
77.618,19.808,76.022,89.508
77.290,19.280,75.956,89.553
78.916,20.696,76.041,89.388
77.863,19.935,75.989,89.589
78.494,20.180,75.902,89.518
78.506,20.801,75.906,89.440
77.567,22.239,76.002,89.393
76.748,21.943,76.291,89.245
76.521,22.605,76.413,89.379
76.240,21.366,76.289,90.346
74.997,19.463,76.211,91.362
74.855,19.107,76.367,91.661
74.445,18.935,76.632,91.916
73.773,18.894,76.849,92.124
73.792,19.420,77.074,92.298
75.301,17.813,76.850,93.106
73.704,17.413,76.924,93.418
75.634,17.308,77.062,93.866
73.956,17.300,77.237,94.063
76.780,17.872,77.284,94.348
76.849,16.972,77.028,94.829
77.331,18.913,77.027,94.884
79.152,19.481,77.125,94.943
79.174,20.279,76.873,95.234
80.169,20.482,76.887,95.498
79.371,21.066,76.913,95.520
80.828,21.620,76.666,95.909
81.322,22.307,76.434,96.107
81.191,24.576,76.332,96.039
83.167,25.162,76.096,96.240
83.542,25.076,75.707,96.535
84.407,26.094,75.650,96.515
85.431,26.788,75.453,96.682
85.738,27.179,75.360,96.634
87.089,27.336,75.131,96.841
87.578,26.318,75.068,96.856
86.731,25.380,75.026,96.862
86.675,24.611,74.946,96.857
86.649,23.050,74.736,97.293
