167.000,69.000,24.000,127.000
164.280,72.217,27.833,122.568
162.260,73.525,30.763,119.836
163.062,74.497,32.666,118.017
165.486,79.905,33.537,117.961
166.935,77.667,33.922,117.790
167.685,79.811,34.577,117.087
168.872,77.852,34.753,117.546
169.536,78.449,35.169,117.581
170.739,78.209,35.366,117.489
171.235,79.652,35.699,117.174
171.781,79.722,35.896,116.912
172.050,79.874,36.022,117.035
172.979,79.212,36.119,117.368
173.745,80.430,36.230,117.446
174.599,79.999,36.320,117.560
174.290,80.079,36.427,117.758
174.445,80.375,36.322,118.480
173.351,80.958,36.413,119.002
172.825,81.827,36.684,119.308
171.707,83.288,36.992,119.239
171.506,84.279,37.276,118.807
169.825,93.334,37.885,118.114
169.163,92.399,38.259,117.434
178.251,78.730,38.190,117.398
178.222,85.143,38.149,117.172
179.063,83.859,37.927,117.329
180.315,83.557,37.727,117.411
181.109,75.116,37.813,116.958
180.654,77.560,38.068,116.141
178.807,76.073,38.363,116.117
178.173,71.944,38.466,116.361
177.741,70.706,38.758,116.036
177.639,72.220,39.027,115.696
178.349,70.678,38.925,115.981
179.763,71.884,38.787,116.484
179.282,72.103,38.976,117.127
180.747,71.463,39.059,117.756
180.668,71.588,39.195,118.295
181.757,71.377,39.233,118.929
182.113,69.982,39.320,120.175
182.347,69.814,39.493,120.985
183.051,70.395,39.655,121.523
183.668,70.738,39.808,121.969
184.199,69.819,39.972,122.401
184.114,70.684,40.447,122.513
185.015,70.530,40.706,122.486
184.988,71.089,40.751,122.790
185.602,70.735,40.627,123.210
185.342,70.321,40.737,123.647
186.308,70.467,40.802,123.885
185.485,71.075,41.208,123.332
185.240,70.046,41.323,123.391
184.498,68.892,41.589,123.166
184.639,70.097,41.870,122.800
185.252,69.505,41.854,122.866
186.645,72.158,41.324,124.063
186.842,75.544,40.694,124.922
187.807,72.092,40.708,124.825
189.393,70.190,40.581,125.340
190.451,73.002,40.489,125.710
190.627,72.568,40.506,125.404
189.319,75.864,40.524,125.183
188.573,79.633,40.504,124.795
187.272,80.733,40.544,123.630
185.804,83.222,40.444,122.549
184.095,79.680,40.208,122.037
183.048,81.442,39.925,121.395
181.653,82.303,39.755,120.901
179.635,77.804,39.666,120.191
177.552,80.943,39.442,120.084
176.552,82.781,39.301,119.467
175.655,81.887,39.043,119.425
175.610,82.160,38.540,119.851
175.414,83.008,38.192,120.553
174.824,90.934,38.229,119.486
174.279,89.643,38.148,118.936
174.975,89.053,38.064,119.078
175.671,88.395,38.409,118.681
175.991,86.912,38.355,118.321
176.497,92.469,38.575,116.343
176.455,88.780,38.408,115.366
176.478,84.700,37.972,115.356
176.748,81.780,37.786,114.992
176.713,77.891,37.688,114.636
177.675,75.040,37.679,113.788
179.371,71.544,37.612,113.088
180.312,69.302,37.818,112.151
182.008,68.791,37.607,111.520
183.031,68.284,37.520,110.680
183.700,66.242,37.090,110.589
183.684,66.349,36.710,110.571
184.441,65.769,36.233,111.041
184.972,63.759,35.678,111.753
185.399,60.978,35.311,112.247
185.547,62.756,35.215,111.687
185.455,63.585,35.084,111.343
185.982,65.173,35.029,111.056
186.791,66.412,34.933,111.223
186.283,67.160,34.901,111.355
187.352,69.722,34.849,111.029
187.335,70.339,34.868,110.985
187.263,70.889,35.028,110.769
186.424,69.380,35.194,110.563
184.968,68.819,35.449,110.161
184.996,70.139,35.476,109.529
184.589,71.882,35.569,109.316
184.185,72.093,35.639,108.954
183.602,70.410,35.673,108.714
182.604,70.712,35.700,108.010
182.757,71.525,35.395,107.786
182.708,72.378,35.196,107.968
182.690,71.843,34.903,108.103
183.253,72.844,34.764,108.049
183.788,74.008,34.873,107.560
183.571,73.192,34.609,108.032
183.585,72.030,34.573,108.004
183.406,71.566,34.461,107.791
183.728,71.344,34.322,107.453
184.425,71.874,34.157,107.159
184.457,73.443,34.107,107.096
184.107,74.718,34.005,106.801
183.970,72.684,33.687,106.753
184.743,72.114,33.662,106.295
184.892,72.782,33.589,105.987
185.489,73.273,33.673,105.644
186.131,74.452,33.703,105.643
186.073,75.279,33.711,105.567
185.829,76.057,33.811,105.388
185.608,76.048,34.007,105.266
184.977,74.968,34.217,105.431
184.283,74.015,34.430,105.727
184.332,74.260,34.605,105.440
184.225,74.155,34.505,106.084
184.539,73.274,34.585,106.041
183.320,76.607,35.085,105.429
183.083,74.655,35.224,105.412
182.615,73.136,35.389,105.662
183.072,72.296,35.524,105.783
182.827,72.151,35.919,105.505
189.224,74.173,35.760,105.554
187.477,72.245,35.580,106.138
186.432,69.970,35.796,106.410
193.885,71.402,35.434,106.275
192.500,69.879,35.282,106.359
189.972,70.740,36.146,104.900
175.838,66.323,41.741,97.920
165.615,70.248,48.025,89.715
165.072,75.198,51.347,85.766
192.299,75.345,47.735,89.393
193.455,75.685,45.609,91.473
195.054,83.278,43.057,93.986
196.848,81.517,40.762,96.015
198.078,79.006,39.181,96.930
199.728,83.520,37.740,98.382
201.068,81.508,36.472,99.352
201.999,79.176,35.702,99.629
198.726,79.840,37.175,97.050
189.722,82.146,39.630,93.771
189.543,82.873,41.501,91.506
186.543,86.122,45.737,87.099
184.737,88.792,49.210,83.102
183.363,90.713,50.922,81.021
182.314,91.768,53.628,77.981
181.373,93.468,56.372,75.109
180.480,96.125,59.317,72.344
179.487,98.288,62.096,69.714
173.592,100.559,62.780,67.685
173.175,101.706,63.473,65.884
173.464,98.147,64.220,64.181
174.581,94.565,64.439,63.196
174.484,91.311,65.007,62.004
173.340,87.688,65.351,61.239
198.175,114.789,60.891,64.734
198.821,113.433,56.694,68.359
199.652,107.594,52.261,72.377
202.782,105.452,47.508,77.073
205.903,95.449,43.535,81.579
208.405,93.518,40.457,85.380
211.870,90.748,38.007,88.595
214.461,87.974,36.201,90.867
216.514,86.351,34.608,93.223
218.196,85.916,33.640,94.555
218.971,85.498,32.883,95.688
219.931,83.850,32.249,96.699
220.363,82.778,31.944,97.239
220.477,81.640,31.692,97.857
220.698,81.158,31.752,97.774
221.095,78.861,32.011,97.697
220.837,77.371,32.227,97.394
220.266,76.819,32.642,96.701
219.773,76.186,33.126,95.447
218.990,75.479,33.691,93.469
217.899,82.520,33.976,91.808
216.653,82.374,34.063,90.506
215.239,82.216,34.127,89.263
213.504,83.729,34.335,88.402
213.145,83.456,34.091,88.021
212.209,85.487,34.116,87.323
211.850,86.050,33.995,87.028
211.247,87.020,33.926,86.542
210.846,89.741,34.577,84.842
210.645,91.843,34.839,83.566
210.278,87.092,34.168,84.113
210.141,88.801,33.476,84.458
210.377,91.971,32.827,84.933
209.845,92.913,31.951,85.656
208.994,92.663,31.187,86.293
208.469,93.450,30.676,86.406
207.290,94.385,30.228,86.806
206.762,94.851,29.707,87.640
205.724,90.017,29.513,87.918
203.907,90.903,29.279,88.213
202.180,91.971,29.115,88.716
200.469,86.570,29.106,89.400
200.022,87.640,29.074,89.764
198.609,89.206,29.021,90.485
197.759,91.080,28.956,90.946
196.170,85.398,29.142,91.317
195.705,86.927,29.334,91.596
195.034,86.911,29.435,91.902
194.872,88.138,29.569,92.089
193.517,90.327,29.762,92.125
192.720,90.523,29.763,92.663
192.110,91.216,29.906,93.209
190.514,85.833,30.400,92.997
189.381,86.248,30.529,93.693
189.089,85.483,30.861,94.357
188.454,85.241,31.235,94.573
187.927,85.533,31.724,94.857
187.100,87.820,32.149,95.114
186.675,88.606,32.421,95.650
187.604,88.935,32.466,96.615
186.727,88.661,32.654,96.241
187.022,89.744,32.807,96.546
188.052,88.652,32.621,97.245
188.243,88.241,32.559,98.000
189.115,88.126,32.743,98.293
189.684,88.311,32.843,99.044
190.470,87.883,33.244,99.002
190.720,87.631,33.662,99.002
192.055,86.746,34.037,99.173
192.799,87.457,34.499,99.128
193.642,88.014,34.800,99.310
194.145,90.017,35.257,99.666
195.502,87.004,35.575,100.323
195.290,89.768,35.999,101.286
195.951,90.576,35.536,103.909
197.251,90.211,35.080,105.607
198.282,91.257,34.764,106.706
199.339,87.906,34.091,107.478
199.220,87.259,33.731,107.893
200.284,86.651,33.384,108.152
201.403,81.087,33.567,107.533
202.454,75.813,33.839,107.141
202.058,79.200,34.214,106.738
201.800,81.676,34.399,106.286
202.174,79.434,34.421,106.435
201.998,79.172,34.329,106.558
203.046,79.271,34.145,107.034
203.585,79.490,34.023,107.481
203.562,79.689,33.990,108.058
203.293,78.775,34.013,108.690
203.480,79.735,34.009,108.908
202.813,78.003,33.837,109.209
202.755,78.634,33.880,108.958
202.603,78.764,33.840,108.872
202.974,79.448,33.789,109.070
202.389,79.528,33.852,109.075
201.257,80.671,34.121,108.552
201.285,81.960,34.164,108.484
200.857,83.941,34.185,108.245
200.067,84.478,34.253,107.859
199.678,86.248,34.524,106.977
199.170,87.458,34.642,107.205
199.095,86.815,34.517,107.706
198.940,84.842,34.454,108.573
198.386,81.926,34.348,109.769
197.286,80.947,34.509,110.398
196.860,81.987,34.728,110.867
196.801,82.748,35.166,111.393
197.310,81.128,35.752,111.765
197.070,79.085,36.115,112.481
195.800,79.054,36.598,112.609
195.615,76.868,36.683,113.019
195.597,77.395,36.916,112.972
195.314,77.449,36.787,113.013
196.234,77.766,36.505,113.546
196.300,77.429,36.373,113.915
196.132,75.756,36.179,114.506
196.913,75.631,36.035,115.522
197.347,73.667,35.848,116.240
197.243,72.567,35.834,116.252
197.476,74.109,36.076,115.836
198.359,72.587,36.229,115.818
199.027,73.724,36.478,115.687
200.022,73.954,36.933,115.076
201.041,74.177,37.340,114.565
201.729,73.941,37.773,114.029
201.911,74.167,38.052,113.796
202.788,74.239,38.157,114.087
203.391,73.335,38.182,114.162
203.945,71.958,38.108,114.335
204.501,72.343,38.116,114.133
204.209,75.143,38.188,113.752
206.439,73.196,37.686,114.961
206.373,74.650,37.509,116.106
206.451,74.105,37.421,116.782
205.927,76.515,37.590,116.872
206.521,79.065,37.578,117.101
206.942,81.174,37.447,116.999
208.338,82.090,37.017,117.166
209.343,83.576,36.870,117.031
209.088,83.176,37.080,115.724
209.637,84.247,36.997,115.338
210.643,84.818,37.337,114.143
211.616,84.182,37.773,113.010
212.181,83.733,37.886,112.874
213.441,82.130,37.694,112.781
216.114,82.858,37.680,112.535
217.956,80.307,37.299,112.907
218.959,78.200,37.206,112.475
220.152,77.911,36.775,113.354
219.490,74.976,36.554,113.754
218.284,72.531,36.331,114.566
218.475,68.861,36.278,114.756
221.492,68.719,36.133,114.865
223.097,68.564,36.448,114.094
223.865,68.298,36.862,112.492
223.413,69.890,37.271,111.228
223.500,68.148,37.484,110.246
224.562,66.241,37.638,107.781
225.052,72.150,37.716,106.161
226.498,69.891,37.644,104.441
227.260,72.720,37.558,103.650
227.801,74.907,37.364,102.907
227.977,76.748,37.319,101.362
227.104,80.194,37.623,100.406
227.516,78.187,37.749,100.581
228.909,77.441,37.915,99.896
232.012,77.352,37.864,99.087
233.557,80.994,37.834,98.024
235.835,81.686,37.726,97.664
237.615,82.111,36.893,98.614
239.013,84.027,36.564,99.353
240.193,87.143,36.497,99.538
240.246,87.545,36.529,100.018
241.136,87.827,36.595,99.936
241.792,87.670,38.646,97.126
241.886,90.430,40.442,94.265
241.988,93.058,41.495,92.384
241.975,93.829,42.307,91.292
241.854,94.567,42.977,90.479
240.322,87.999,43.714,88.450
238.971,90.956,44.077,87.079
237.276,93.792,43.837,86.642
236.088,95.996,43.374,86.553
234.524,91.468,42.731,86.922
233.472,94.917,42.341,86.612
233.271,90.579,42.122,86.112
233.036,94.246,42.211,85.357
232.451,95.304,41.367,85.960
232.106,96.910,40.666,86.657
230.624,96.039,39.441,88.052
229.184,93.228,37.581,91.126
228.214,86.573,36.277,92.525
226.440,85.833,35.075,94.043
224.717,83.861,34.249,95.429
218.820,83.576,33.972,96.168
217.829,81.537,33.536,97.299
217.255,79.877,33.065,97.960
215.287,79.844,33.121,97.562
209.760,78.644,32.612,98.765
209.791,77.424,32.741,98.952
208.379,78.068,33.032,98.665
206.307,79.541,33.271,98.627
204.806,78.054,33.352,99.112
203.159,79.630,33.690,98.601
201.398,79.222,34.033,98.471
199.963,79.757,34.535,97.466
197.676,80.004,34.947,96.323
195.944,82.868,35.437,94.849
195.510,84.163,35.556,93.976
193.777,83.555,35.753,93.045
192.668,82.571,35.727,92.264
191.301,81.988,35.731,91.221
189.490,83.221,35.599,90.329
187.549,83.284,35.216,90.077
186.353,83.787,34.714,90.517
184.240,84.088,34.783,90.302
183.524,83.506,34.521,90.757
175.777,87.539,34.389,91.894
174.917,88.937,34.026,93.991
173.275,88.668,33.876,96.016
170.935,87.591,34.228,96.641
172.232,87.517,34.010,97.568
173.199,88.010,33.533,98.779
173.353,89.494,33.073,100.480
172.328,90.372,33.344,101.536
172.541,91.036,33.671,102.411
170.526,90.796,34.255,102.825
170.314,93.300,34.989,102.917
170.647,93.912,35.334,103.821
169.916,95.980,35.625,104.027
169.697,94.445,35.735,104.308
170.208,95.090,35.976,104.416
169.709,94.228,36.032,104.574
169.840,92.863,36.247,104.747
170.177,91.766,36.327,105.477
170.752,92.734,36.439,106.077
171.207,93.727,36.540,106.661
173.116,94.495,36.416,106.870
173.444,94.530,36.393,107.098
173.560,90.865,36.186,107.470
175.164,88.919,35.800,107.851
176.058,87.617,35.609,108.490
176.630,85.827,35.291,109.473
176.817,83.583,34.991,110.776
176.461,82.311,34.790,111.460
177.665,81.323,34.891,111.598
177.750,81.061,35.060,111.687
177.738,81.262,35.231,111.656
177.945,82.184,35.451,112.030
177.729,82.936,35.692,112.480
177.777,82.573,35.765,112.984
178.137,82.231,36.033,112.975
178.249,81.189,36.271,112.946
179.354,81.612,36.424,112.878
179.752,80.605,36.449,113.237
179.774,80.952,36.371,113.445
180.014,80.181,36.323,113.458
180.893,80.257,36.224,113.080
181.160,79.953,36.073,113.247
181.821,78.149,35.805,113.170
182.605,76.520,35.622,113.320
183.348,75.839,35.526,112.618
184.143,76.282,35.599,111.482
184.922,78.481,35.708,111.056
186.007,81.664,35.831,110.838
186.353,83.918,35.802,111.465
187.346,85.015,35.799,112.222
186.399,85.749,35.848,112.194
186.548,86.800,35.638,111.709
187.065,86.917,35.401,111.358
187.137,88.728,35.252,110.707
187.937,89.112,35.084,110.265
187.613,89.606,35.041,109.648
187.814,88.438,34.740,109.660
189.162,87.439,34.406,109.505
188.643,86.539,34.317,108.880
189.489,85.779,34.006,108.717
190.260,84.036,33.669,108.745
191.328,85.263,33.532,108.903
192.007,86.040,33.420,108.850
192.678,87.568,33.403,108.694
193.114,88.174,33.373,108.403
194.364,89.057,33.217,108.749
195.283,89.994,33.101,109.137
196.595,89.365,32.981,109.274
197.043,89.062,32.991,109.521
198.335,87.582,32.959,109.776
199.378,86.842,32.822,109.994
200.230,88.544,32.825,109.908
200.688,88.787,32.766,110.047
201.705,88.967,32.891,109.761
202.505,89.756,32.858,109.860
202.647,90.130,32.839,109.864
203.172,89.546,32.855,109.882
203.487,89.323,32.782,109.913
204.514,88.454,32.792,110.001
205.286,90.116,32.736,110.217
205.347,89.776,32.796,110.238
205.809,88.965,32.805,110.170
206.857,89.568,32.871,110.161
206.688,89.245,32.986,109.969
207.973,90.407,32.962,110.201
207.870,89.957,33.109,109.836
208.413,89.134,33.019,109.862
209.084,89.901,32.880,110.356
209.532,89.347,32.914,110.107
210.167,90.593,32.947,110.148
210.389,89.636,33.018,109.905
210.824,91.050,32.994,109.927
210.681,90.378,32.975,109.741
211.207,92.220,33.048,109.474
211.465,91.925,32.862,109.579
211.257,92.061,32.690,109.524
210.715,89.180,32.691,108.762
210.304,87.931,32.543,108.717
210.148,85.415,32.828,108.158
209.686,83.289,33.144,107.750
209.051,79.973,33.457,107.185
209.758,77.470,33.886,106.161
210.912,75.668,33.984,105.085
212.513,74.536,33.808,104.548
212.691,75.224,33.629,104.306
213.086,75.396,33.284,104.455
213.376,77.352,33.066,104.359
212.897,77.622,33.004,104.510
212.733,77.427,32.971,104.412
212.435,76.438,33.084,104.042
211.320,76.943,33.365,103.079
210.674,76.000,33.505,102.729
210.002,74.966,33.753,102.333
209.778,72.733,33.901,102.125
210.059,70.868,33.956,101.754
210.941,69.319,33.837,101.841
211.554,70.580,33.512,102.257
212.513,71.381,33.231,102.655
212.659,71.345,32.937,102.872
212.737,70.854,32.831,102.963
213.139,71.144,32.705,103.215
213.144,70.277,32.623,103.393
213.338,70.451,32.587,103.566
212.863,70.260,32.711,103.281
213.703,71.390,32.784,103.363
213.453,71.326,32.896,103.045
213.552,71.808,32.988,102.539
213.513,72.564,33.001,102.180
213.708,74.031,33.210,101.394
213.522,74.235,33.275,100.717
213.794,73.993,33.327,100.271
213.755,74.169,33.350,99.972
213.122,74.781,33.343,99.666
213.420,75.236,33.410,99.155
212.646,74.453,33.493,98.963
212.479,74.567,33.446,98.853
212.068,72.797,33.504,98.777
212.228,72.509,33.456,99.265
212.386,72.452,33.593,99.371
212.162,74.457,33.770,99.126
212.294,75.938,33.872,99.133
211.790,76.582,34.004,99.026
212.281,76.996,34.015,99.001
211.789,77.778,34.191,99.033
211.645,79.264,34.399,98.667
211.791,80.070,34.335,98.602
212.365,80.321,34.360,98.429
212.124,80.392,34.458,98.369
211.982,80.799,34.370,98.682
211.368,79.838,34.273,99.132
211.459,81.941,34.219,99.311
210.622,80.749,34.086,100.265
210.943,79.436,33.813,101.311
211.241,77.508,33.662,101.900
211.247,76.237,33.585,102.221
211.018,76.746,33.788,101.891
210.544,76.090,33.759,102.234
210.761,76.834,33.878,101.921
210.273,76.309,33.957,101.858
210.527,76.327,33.951,101.715
210.640,76.398,34.007,101.622
210.050,75.483,34.123,101.493
209.995,75.724,33.952,101.661
210.234,74.928,33.833,101.728
210.511,74.470,33.647,102.083
210.745,73.038,33.394,102.095
210.439,73.019,33.106,101.873
210.888,71.419,32.871,102.052
211.604,70.178,32.667,102.047
212.161,71.832,32.584,101.828
212.320,71.370,32.342,102.447
212.404,69.790,32.249,102.266
212.019,69.199,32.139,102.080
212.248,68.711,32.299,101.575
211.859,70.100,32.311,101.221
211.845,69.552,32.493,101.193
211.509,70.568,32.837,100.627
210.842,74.138,33.238,99.806
210.557,74.387,33.238,99.742
210.222,75.094,33.420,99.703
210.084,73.716,33.259,99.623
209.870,74.333,33.348,99.332
209.894,76.200,33.437,99.066
210.228,77.386,33.344,99.218
210.044,78.194,33.469,98.889
209.840,79.471,33.350,99.046
209.960,81.265,33.192,99.797
210.691,81.618,33.090,100.302
210.184,82.682,33.062,100.545
210.222,81.163,32.892,101.201
210.476,80.883,32.713,101.639
210.763,81.031,32.703,102.326
210.831,80.177,32.675,102.972
210.366,79.230,32.600,103.495
210.650,77.231,32.651,103.917
210.791,74.329,32.599,104.148
210.399,72.018,32.706,103.891
210.843,71.242,32.797,103.288
210.947,70.404,32.672,103.299
211.419,69.825,32.725,103.349
210.923,69.275,32.746,103.245
210.863,69.977,32.704,103.495
210.757,70.571,32.692,103.564
210.619,70.367,32.792,102.825
210.417,69.963,32.860,102.464
210.341,69.400,32.695,102.509
209.840,70.404,32.675,102.572
210.126,72.092,32.826,102.528
210.515,73.413,32.945,102.428
210.916,73.224,33.166,102.349
210.867,74.229,33.575,101.862
211.130,74.352,33.913,101.286
210.411,75.303,34.019,101.042
210.639,76.301,34.301,100.507
210.938,77.708,34.489,100.036
211.444,77.561,34.457,99.840
211.274,80.224,34.552,99.088
211.312,80.866,34.486,98.861
211.805,81.081,34.393,98.882
211.830,80.644,34.189,99.138
211.974,80.608,34.119,99.118
212.070,80.509,33.943,99.540
211.912,79.548,33.844,99.833
211.627,79.318,33.905,99.913
211.056,79.042,33.733,99.960
210.647,79.325,33.718,99.746
210.347,80.512,33.780,99.353
209.781,80.242,33.739,99.591
209.670,80.773,33.878,99.486
209.254,83.265,33.928,99.288
208.714,83.904,33.909,99.988
208.321,83.988,33.836,100.993
207.330,84.148,33.950,101.929
207.089,85.842,34.391,102.003
206.755,90.525,34.509,102.724
205.744,90.501,35.068,102.927
204.360,89.406,35.558,103.043
202.797,89.792,35.822,103.068
201.601,91.648,35.897,103.060
201.412,97.141,35.894,101.872
201.237,98.970,35.887,101.106
201.444,99.767,35.962,100.787
201.673,99.898,36.065,100.632
201.733,100.253,36.023,100.886
201.617,99.925,36.100,100.743
201.749,102.222,37.188,98.591
201.528,103.276,38.171,96.796
201.145,104.210,38.797,95.507
201.040,105.010,39.137,94.551
200.987,103.960,39.418,93.718
200.511,104.125,39.333,93.563
200.397,103.886,39.211,93.240
200.167,102.844,38.828,93.309
199.922,102.720,37.652,94.094
199.905,101.066,36.672,94.930
200.721,100.341,35.798,95.728
200.803,100.560,35.265,96.253
201.072,98.974,34.907,96.950
202.387,97.185,34.593,97.416
203.577,95.400,34.619,97.530
204.372,95.205,34.654,97.739
204.308,93.550,34.780,97.958
204.858,91.372,34.600,98.625
205.212,88.880,34.508,99.186
205.826,88.383,34.460,99.831
206.484,87.120,34.222,100.273
207.222,86.633,33.918,100.931
207.933,83.650,33.760,101.213
207.634,82.169,33.647,101.260
207.962,81.664,33.506,101.603
209.311,80.599,33.293,101.628
209.144,78.720,33.200,101.538
208.632,77.811,33.337,101.016
207.599,77.551,33.520,100.296
206.458,77.743,33.648,99.921
204.926,77.948,33.827,99.057
197.740,78.303,34.320,97.950
198.859,78.823,34.597,96.879
198.199,79.198,34.575,96.537
197.527,78.811,34.483,96.587
195.586,78.583,34.583,96.439
189.240,79.543,34.829,95.650
189.252,80.372,34.902,95.074
182.847,81.631,35.179,94.340
183.005,80.898,35.144,93.735
176.627,80.106,35.147,93.551
177.013,80.132,35.222,93.189
174.957,81.981,35.139,92.933
172.952,82.845,34.892,93.551
171.002,83.343,34.568,94.224
169.952,83.404,34.016,94.966
169.207,84.040,33.850,95.601
168.751,83.931,33.923,95.857
176.080,77.349,36.094,91.282
174.932,80.473,37.030,88.469
173.788,81.258,37.036,86.934
174.418,81.140,35.713,87.268
173.359,82.035,35.955,85.670
173.612,82.353,36.014,84.506
174.859,85.888,34.984,85.762
175.847,85.843,34.335,86.145
176.448,87.770,33.879,86.613
176.294,89.465,33.732,87.007
176.595,89.155,33.335,87.583
176.811,86.951,32.877,88.296
177.060,84.585,32.352,89.302
177.645,83.383,31.891,89.951
178.538,80.167,31.341,90.879
178.887,79.672,31.213,91.612
180.084,76.620,30.926,92.962
180.767,75.012,30.871,93.872
181.609,74.643,30.800,94.704
182.162,74.229,30.756,95.691
183.102,73.259,30.696,96.502
183.709,74.600,30.756,97.392
184.907,73.502,30.866,98.198
186.179,74.010,30.935,98.854
186.913,74.889,31.001,99.272
188.102,74.150,31.109,99.407
189.513,74.649,31.250,99.470
190.564,75.466,31.589,98.776
192.440,76.100,31.828,98.492
193.036,76.592,32.257,97.820
193.424,77.403,32.378,97.781
194.675,77.131,32.385,98.121
194.760,78.015,32.597,98.301
195.637,78.446,32.781,98.258
196.015,77.973,33.073,98.175
197.038,76.552,32.914,99.205
197.974,76.926,32.966,99.627
198.318,77.165,33.068,99.893
198.656,76.093,33.013,100.485
199.212,74.449,33.102,100.478
199.194,74.188,33.195,100.049
200.458,74.697,33.188,99.785
200.587,76.454,33.580,98.554
200.990,77.030,33.514,98.074
200.602,77.481,33.587,97.848
202.071,77.795,33.905,97.216
202.989,78.952,34.028,96.716
202.976,79.703,34.008,97.021
202.425,78.148,33.886,97.094
202.256,77.088,33.744,97.287
201.984,78.603,33.553,97.832
202.038,81.160,33.569,97.845
203.014,82.414,33.250,98.533
204.576,82.153,32.767,99.858
204.294,82.528,32.686,100.820
205.655,83.300,32.457,102.409
205.593,84.628,32.417,103.548
205.803,86.767,32.568,103.808
205.787,88.421,32.609,104.167
205.610,90.524,32.639,104.352
205.841,92.193,32.522,105.176
207.271,91.533,32.514,105.625
207.973,92.355,32.551,106.112
207.962,93.835,32.639,106.505
207.827,94.572,32.899,106.581
207.928,93.858,32.839,106.915
207.798,86.693,33.244,106.209
206.718,83.357,33.882,104.812
206.855,86.430,33.865,105.132
206.821,88.626,33.854,105.324
206.351,84.419,33.917,105.575
205.856,86.141,33.937,106.326
206.037,87.730,33.889,107.128
206.101,88.239,33.680,108.292
205.832,89.127,33.754,108.961
205.203,89.293,33.773,109.439
205.318,89.014,33.786,109.984
205.537,88.074,33.762,110.620
204.535,87.936,33.819,111.478
204.211,88.564,34.038,111.447
204.432,90.066,34.218,111.556
204.171,89.544,34.234,111.734
203.470,88.512,34.328,112.183
