340.000,358.000,18.000,55.000
339.174,355.737,17.907,55.796
338.293,357.852,18.117,55.922
337.543,357.834,18.341,55.819
335.813,359.018,18.554,55.426
335.064,358.783,18.763,55.202
334.285,359.766,18.944,55.085
331.994,360.113,19.182,55.093
327.130,358.064,19.396,55.378
325.055,356.400,19.833,55.174
322.778,357.756,20.614,54.398
320.476,359.174,21.345,53.628
317.969,359.764,21.805,53.369
312.553,359.867,21.022,54.400
311.562,361.153,20.456,54.901
311.654,361.468,19.912,55.332
310.086,362.701,19.596,56.024
307.888,363.500,19.432,56.543
305.186,365.306,19.466,56.752
303.777,365.230,19.486,57.459
303.336,364.868,19.745,57.669
303.234,364.912,19.787,57.800
302.751,366.682,19.960,57.565
302.642,367.733,20.024,57.686
302.000,368.984,20.043,57.632
300.629,369.935,20.024,57.561
298.631,370.340,20.167,57.295
297.228,372.349,20.019,57.226
295.751,373.707,19.820,57.376
295.353,374.778,19.611,57.611
295.313,374.869,19.411,57.991
294.772,374.305,19.273,57.998
294.139,376.209,19.088,58.013
294.277,376.725,18.959,58.173
294.873,377.762,19.026,58.168
295.647,378.686,19.309,58.023
295.448,378.032,19.482,57.781
295.697,378.374,19.807,57.371
295.871,379.092,20.028,57.093
296.025,380.038,20.322,56.879
295.531,378.283,20.432,57.200
293.768,377.039,20.635,57.519
292.893,376.942,20.603,57.639
291.604,376.527,20.532,57.528
291.019,376.312,20.219,57.519
289.936,374.920,19.904,57.646
290.013,375.138,19.534,57.802
289.546,374.264,19.227,57.850
289.397,373.656,18.999,57.948
289.561,374.973,18.819,57.921
290.241,374.264,18.895,57.866
289.851,372.793,19.023,57.743
289.945,375.966,19.227,57.666
289.737,375.209,19.436,57.907
289.078,374.798,19.776,57.571
288.779,375.300,20.135,57.086
287.967,376.168,20.210,56.746
287.252,377.311,20.445,56.335
286.074,378.304,20.513,55.816
283.996,378.380,20.503,55.600
282.105,380.574,20.428,55.340
281.178,384.307,20.171,55.285
279.035,384.410,20.181,55.223
278.114,385.799,19.852,55.718
276.972,387.244,19.656,55.779
275.589,386.163,19.340,56.323
274.527,384.841,19.169,56.695
273.266,383.495,18.957,57.321
271.935,382.730,18.996,57.707
271.498,381.836,19.247,57.475
270.136,380.110,19.453,57.369
269.748,379.175,19.954,56.733
270.347,378.505,20.315,56.207
269.924,375.844,20.569,55.850
268.891,374.990,20.662,55.651
267.031,373.455,20.712,55.443
265.453,371.130,20.586,55.468
264.394,369.550,20.283,55.705
263.456,368.864,20.064,55.867
263.402,369.211,19.904,55.724
263.486,370.253,19.866,55.501
263.839,371.267,19.648,55.423
263.889,372.223,19.292,55.538
263.907,373.614,19.064,55.777
262.793,372.842,18.988,56.034
261.690,372.226,18.929,56.508
259.531,370.407,19.174,56.791
258.820,368.983,19.497,56.523
257.181,367.199,19.779,56.372
256.509,366.297,20.014,56.302
254.877,367.773,20.295,55.829
252.470,368.679,20.451,55.707
251.635,368.020,20.471,55.912
250.727,367.418,20.629,55.901
249.707,366.243,20.569,56.000
247.749,364.719,20.560,56.219
247.148,366.162,20.312,56.442
247.113,364.572,20.274,56.315
246.905,362.619,20.100,56.440
246.591,362.223,19.814,56.784
246.838,363.421,19.477,57.449
246.211,363.089,19.351,57.670
245.704,362.898,19.221,58.017
244.466,361.171,19.327,57.770
243.740,360.569,19.362,57.625
243.071,361.693,19.316,57.559
242.252,363.649,19.371,57.231
240.810,362.994,19.493,57.083
239.738,362.843,19.482,57.204
238.664,363.771,19.359,57.120
237.657,364.202,19.316,56.866
237.559,361.485,19.222,56.756
238.188,361.094,19.279,56.485
239.814,360.286,19.305,56.242
244.992,358.468,19.209,56.063
247.456,351.613,19.197,55.952
249.702,348.473,19.162,55.926
249.540,347.458,18.835,56.163
248.788,348.397,18.471,56.685
248.869,349.124,18.361,56.883
249.295,346.388,18.540,56.554
251.007,347.392,18.656,56.540
252.426,349.295,18.794,56.280
253.638,350.851,19.029,55.810
257.357,350.074,19.164,55.727
257.673,349.755,19.248,55.540
259.363,349.873,19.508,55.157
259.938,349.632,19.615,55.058
260.309,349.249,19.743,55.121
260.098,349.854,19.740,55.198
258.761,350.292,19.817,55.102
258.988,350.591,19.712,55.129
259.614,350.456,19.602,55.148
260.397,351.494,19.498,55.160
261.190,351.727,19.439,54.935
261.754,349.592,19.270,54.961
260.976,347.060,18.967,54.932
261.299,347.401,18.700,54.937
260.996,345.640,18.587,55.110
261.550,345.825,18.584,55.056
261.995,345.290,18.653,55.103
261.678,344.944,18.795,55.155
260.159,346.095,18.872,54.901
258.994,346.581,18.896,54.894
258.384,347.353,19.016,54.721
258.568,346.270,19.122,54.832
259.598,346.497,19.316,54.740
259.623,347.195,19.226,54.798
258.764,350.618,18.996,54.947
257.118,353.196,18.804,55.008
254.986,354.980,18.803,55.017
250.432,355.244,18.595,54.982
248.252,356.488,18.594,54.791
243.916,358.054,18.461,54.379
242.609,357.821,18.444,54.117
242.239,357.487,18.376,54.011
241.869,357.374,18.162,54.542
241.803,357.149,18.031,54.971
240.955,356.104,18.196,54.880
239.818,357.059,18.190,55.553
238.609,359.302,18.228,56.185
237.725,359.557,18.543,56.256
235.921,360.760,18.745,56.443
235.608,360.940,19.044,56.568
234.484,360.829,19.408,56.757
233.445,361.766,19.745,57.014
231.516,362.680,19.996,57.398
229.849,361.569,20.315,57.926
228.240,360.094,20.740,58.098
225.906,358.737,20.984,58.350
224.462,358.255,20.961,58.917
223.232,356.023,20.966,59.648
222.324,353.418,20.890,60.408
220.596,348.784,20.924,60.999
219.458,346.267,20.861,61.785
218.088,347.821,20.788,62.710
216.123,349.099,20.702,63.833
213.699,347.088,20.950,64.707
215.040,347.454,21.264,65.624
214.580,346.094,21.566,66.646
213.035,346.289,22.047,66.993
210.807,348.308,22.470,66.989
210.162,349.089,22.814,67.130
209.414,350.146,23.056,67.568
208.355,350.947,23.280,68.280
206.325,351.578,23.657,68.694
204.414,352.140,23.847,69.121
202.555,354.453,23.871,69.942
200.516,353.412,23.893,70.793
198.246,352.073,24.006,71.465
195.552,351.687,24.248,72.053
192.749,353.120,24.325,72.730
189.635,354.087,24.559,73.448
187.602,355.181,24.517,74.983
186.101,355.770,24.467,77.209
183.910,358.751,24.797,78.643
181.750,359.470,25.410,79.254
180.106,359.755,25.961,80.211
178.543,359.771,26.530,80.710
176.018,359.910,27.261,80.839
173.754,354.037,27.742,80.235
171.910,353.553,27.756,80.036
170.220,354.395,27.652,79.854
164.306,355.706,27.561,79.581
164.010,358.883,27.645,79.145
164.190,360.234,27.577,79.218
164.202,363.692,27.674,78.846
163.335,365.021,27.912,78.080
162.130,367.974,27.961,77.825
160.953,373.127,28.132,78.110
157.151,374.737,29.345,76.789
151.204,376.006,29.564,78.048
151.360,371.471,29.848,78.722
150.418,372.110,29.992,79.463
148.533,372.559,29.788,80.454
141.248,366.438,29.912,81.534
139.499,361.466,31.688,80.005
137.279,362.397,33.229,78.415
136.428,359.233,33.847,77.644
136.555,352.123,33.068,78.997
142.817,349.919,32.534,79.669
144.468,353.094,32.285,80.848
152.832,349.436,32.005,81.369
162.149,341.846,32.908,80.121
175.852,339.717,32.051,81.691
184.573,331.049,31.640,82.191
192.389,326.018,31.355,82.485
200.736,331.494,30.877,83.342
208.696,335.514,30.577,84.029
215.585,341.964,30.624,84.422
216.798,344.903,30.372,85.382
223.998,348.979,30.469,85.912
224.757,351.185,30.658,86.601
225.676,353.096,31.017,87.131
226.588,357.684,31.523,87.461
227.753,362.737,31.716,88.240
228.073,366.001,32.277,88.526
234.368,370.298,33.869,87.730
235.021,373.727,33.820,88.894
242.895,375.676,34.290,89.249
249.930,376.521,34.493,90.058
257.282,373.644,34.538,91.138
256.143,364.770,35.218,91.571
255.493,362.644,35.665,92.536
247.038,353.441,35.669,94.364
245.761,342.935,36.109,95.078
237.707,334.371,36.544,96.486
237.487,324.700,36.942,97.885
244.254,316.145,38.398,97.569
242.476,307.779,39.458,97.493
242.583,311.545,39.693,98.660
243.127,311.082,39.400,100.870
245.067,298.318,39.001,102.598
253.128,302.148,39.546,102.835
254.695,303.012,39.510,103.549
257.498,304.165,39.514,104.062
266.594,301.333,39.240,105.775
275.489,302.274,39.298,106.803
276.613,303.201,39.214,107.902
279.092,303.463,39.230,108.897
281.071,295.179,39.376,110.057
282.009,296.165,39.580,111.270
282.478,302.568,39.737,112.839
281.170,305.956,40.391,113.272
277.684,307.615,40.698,113.829
274.437,307.631,41.188,114.080
266.365,306.629,41.622,114.351
263.650,305.034,41.786,115.246
261.221,302.276,42.088,116.142
251.494,300.513,42.427,117.368
251.548,301.771,42.565,118.933
254.087,304.264,42.191,121.404
265.902,305.278,41.989,123.037
275.441,304.859,41.451,126.552
277.991,293.140,41.235,129.018
280.629,294.199,41.195,131.635
288.163,282.686,41.815,133.680
297.109,283.714,42.409,137.012
296.716,284.128,43.161,140.146
296.968,272.335,44.485,141.721
296.140,275.763,45.673,142.213
298.107,278.514,46.780,142.402
307.136,281.555,47.778,143.159
306.544,287.058,48.434,144.598
306.394,290.004,48.683,147.060
304.817,291.166,48.978,150.090
305.406,286.798,49.019,152.894
305.768,282.927,49.028,155.507
301.851,279.046,49.238,156.999
294.478,282.541,50.234,156.944
287.677,283.937,50.840,157.971
282.400,287.761,50.807,160.674
280.231,287.366,50.889,165.695
277.157,284.578,51.341,170.255
275.359,277.612,52.370,173.575
269.020,276.044,53.629,176.222
262.894,278.200,54.893,177.489
260.045,277.601,56.426,178.403
256.703,275.778,57.634,179.197
253.001,278.788,58.644,179.322
250.696,276.758,59.936,179.310
250.457,273.629,60.093,180.666
248.237,278.320,59.975,181.861
247.375,277.420,59.921,183.075
245.610,268.109,59.607,184.998
241.036,267.968,59.110,185.902
234.862,258.892,59.012,186.948
236.375,262.290,59.439,187.908
239.438,268.914,59.995,188.916
253.390,272.717,59.960,190.708
255.925,279.181,60.796,190.552
260.691,281.344,61.747,189.792
264.812,283.915,62.625,188.620
278.852,291.305,62.800,187.819
281.595,305.394,62.787,185.098
283.053,318.685,62.587,184.244
287.491,323.108,62.421,185.154
290.046,328.119,61.878,186.330
292.080,336.730,61.681,187.599
294.090,339.668,61.599,188.806
296.328,341.856,61.667,189.505
297.278,347.919,61.982,188.939
298.184,344.026,62.156,189.772
298.626,353.885,62.542,191.110
300.018,359.482,62.578,193.396
298.021,365.120,63.188,195.831
296.480,364.829,64.036,197.746
291.282,361.660,65.077,199.035
290.977,368.807,66.753,197.397
288.474,370.847,67.629,196.347
285.647,378.458,68.605,193.532
270.917,389.802,72.073,187.903
271.099,397.878,72.071,188.109
271.543,381.963,71.425,189.697
270.119,392.972,71.710,188.348
268.089,378.259,71.177,189.237
265.234,373.022,70.193,189.032
263.898,369.533,68.805,189.458
264.146,364.653,67.202,189.626
265.825,353.563,65.604,190.850
268.828,347.241,64.248,191.847
272.756,342.334,63.383,192.867
274.371,341.854,63.109,194.256
275.630,341.644,62.939,195.875
274.372,345.505,63.523,196.855
275.648,345.905,64.647,197.289
275.704,349.088,65.373,198.097
275.031,353.133,66.289,199.854
273.820,356.016,67.372,200.429
273.108,354.361,68.252,201.181
240.309,358.602,68.650,202.294
239.598,359.469,68.787,202.898
241.394,355.878,68.735,203.190
243.097,352.948,68.496,203.313
244.131,348.598,68.105,203.355
247.251,346.546,67.457,203.507
249.220,342.682,66.452,204.716
249.618,340.276,65.622,205.828
254.026,340.485,64.925,207.634
264.664,336.521,65.247,207.185
265.171,328.370,66.102,206.295
278.949,324.425,66.780,205.954
291.474,318.388,67.806,205.449
292.643,312.565,68.417,206.154
308.880,313.586,69.410,206.178
323.847,316.846,71.189,205.843
324.510,323.111,72.842,204.931
338.983,328.172,74.199,204.478
343.127,322.542,73.318,204.139
361.681,331.073,71.565,205.582
379.493,338.395,70.365,207.317
386.368,337.388,70.295,206.326
395.422,335.226,70.256,204.265
412.802,334.343,69.543,205.564
426.347,329.477,67.549,208.404
428.772,316.237,66.237,208.573
440.195,322.570,65.170,208.373
437.522,326.358,64.138,207.572
435.147,328.941,63.805,207.394
432.714,345.586,63.751,206.920
431.564,356.871,63.685,206.494
431.915,353.734,63.621,206.246
433.026,337.599,63.067,206.351
431.627,338.381,62.822,205.520
428.192,337.837,63.053,205.598
423.442,339.659,63.888,206.119
404.197,349.004,65.537,205.169
384.848,344.170,65.733,203.076
369.477,341.591,65.116,201.720
356.871,343.896,64.144,200.897
347.907,347.239,64.057,200.004
337.141,348.379,64.026,200.163
328.877,346.972,64.262,200.268
320.591,353.499,65.052,199.059
316.232,350.971,65.367,199.828
311.297,349.991,66.416,198.836
304.849,352.764,67.354,196.499
297.950,357.469,68.945,193.639
293.223,352.743,69.652,193.224
286.116,350.258,69.974,191.920
278.275,355.216,69.691,190.357
273.942,360.563,69.464,190.136
273.400,362.631,67.797,192.178
270.853,363.966,66.437,192.534
271.822,362.008,64.619,194.213
270.840,364.953,62.874,195.662
272.970,366.486,61.573,196.852
275.824,368.732,60.820,197.457
275.429,368.693,60.561,198.274
276.865,369.187,60.723,198.940
277.855,367.320,61.471,197.837
279.121,373.421,62.009,195.684
281.034,371.364,63.226,194.315
282.742,362.772,63.835,194.055
282.100,359.741,64.254,193.195
281.639,354.966,64.524,192.776
279.496,355.807,64.377,191.952
278.069,349.109,63.727,191.719
278.511,346.770,62.534,192.449
277.783,340.205,61.680,193.426
276.764,342.576,61.022,194.029
275.633,341.365,60.191,195.171
272.504,337.578,60.212,196.410
270.201,334.474,60.188,198.862
271.141,338.405,60.247,201.526
269.229,343.094,60.662,202.610
266.486,345.943,61.584,202.899
265.553,352.021,62.360,203.308
262.325,355.969,62.896,203.893
259.709,354.850,63.662,204.752
257.258,357.594,64.870,204.150
256.440,350.493,65.365,205.227
257.516,346.759,66.037,206.197
258.774,339.341,66.666,206.220
256.848,341.133,67.465,205.559
253.833,339.382,67.985,205.304
252.084,336.258,68.628,205.105
247.826,338.419,69.198,205.450
244.119,338.902,69.795,205.138
228.183,332.244,69.827,204.403
226.939,336.548,70.007,203.759
225.189,338.801,70.418,203.168
221.958,332.551,71.151,201.854
217.397,318.976,71.526,200.192
217.647,309.510,71.968,198.522
223.096,293.906,71.714,196.820
237.432,290.934,71.283,196.520
250.538,277.096,71.022,195.946
254.889,259.862,70.718,194.745
271.593,245.694,70.184,195.514
284.908,237.506,69.613,194.467
290.508,239.857,68.799,193.803
292.762,241.173,67.783,193.155
296.992,244.155,67.097,191.813
299.278,249.058,66.209,191.095
300.315,256.190,65.407,190.997
299.659,252.982,64.722,193.536
299.474,264.375,64.330,194.266
297.677,276.249,64.113,193.999
294.283,283.690,64.417,193.364
293.459,282.141,65.782,191.505
293.364,280.644,66.851,189.995
296.419,283.539,67.567,188.191
298.963,277.801,68.341,187.220
300.304,273.939,68.672,186.403
298.894,272.789,68.880,185.774
300.290,278.129,68.852,184.541
301.314,274.629,68.258,183.754
304.603,281.200,68.063,182.471
309.063,288.498,67.825,181.594
316.691,283.725,68.335,180.709
333.060,281.044,67.315,182.381
339.271,282.850,67.141,182.038
353.908,283.749,66.497,182.946
357.574,286.283,66.753,182.113
362.056,287.886,67.643,181.128
373.437,283.588,68.029,180.778
375.526,288.240,68.155,180.606
379.337,299.243,68.314,179.398
379.469,296.814,68.141,179.703
374.132,300.610,68.054,180.210
369.531,308.476,67.205,180.151
369.274,307.217,65.495,181.163
373.531,309.666,64.483,181.435
379.453,316.206,63.906,179.476
392.756,318.088,63.368,178.107
394.395,316.865,62.543,177.761
397.522,317.769,61.635,177.679
402.916,328.384,61.063,177.240
407.239,332.923,61.179,177.562
408.368,326.413,61.971,177.937
406.285,323.363,63.177,177.941
393.747,324.235,63.950,177.518
375.338,318.197,64.256,177.305
357.031,324.106,64.348,176.157
340.892,328.974,64.144,174.902
312.888,328.423,64.198,174.606
307.740,325.984,64.187,174.291
291.495,324.269,63.181,174.427
277.065,324.558,61.948,174.355
266.789,339.776,60.771,174.655
265.591,342.168,59.246,175.364
261.609,345.244,58.267,175.071
260.024,350.405,57.440,174.031
247.736,361.349,57.278,172.942
249.626,370.598,57.614,171.803
253.785,374.198,58.231,169.660
254.645,373.434,59.241,168.526
266.744,368.358,59.940,167.769
267.842,348.256,60.976,167.647
264.393,336.238,61.181,167.132
250.940,325.232,61.851,165.242
233.815,326.731,61.687,164.389
208.368,325.478,61.352,164.224
210.376,320.622,60.011,165.125
211.945,306.931,58.924,165.904
223.218,294.684,58.067,165.092
223.625,292.719,57.603,164.371
225.419,293.762,57.979,163.169
239.121,284.387,58.184,162.476
253.589,281.802,59.004,161.720
266.582,273.308,59.613,162.314
278.319,268.794,60.583,161.844
281.460,254.835,60.455,162.118
296.211,259.943,60.507,161.307
305.681,251.848,60.060,160.494
308.963,253.868,59.994,159.722
320.472,263.016,59.347,158.502
317.979,271.545,59.032,156.894
315.499,277.139,59.215,154.667
315.750,288.199,59.043,153.365
315.043,288.467,58.638,153.203
313.023,288.858,58.112,153.113
312.267,291.289,57.033,153.495
322.145,296.039,56.403,154.399
333.582,284.904,55.692,155.008
344.928,270.082,55.021,155.386
356.396,283.937,54.365,156.291
368.811,288.834,54.142,157.023
379.058,297.478,54.416,157.362
389.826,305.003,54.862,157.392
400.509,298.541,56.114,157.135
414.025,298.533,57.035,156.960
427.910,296.321,56.945,158.017
427.364,282.320,56.667,157.687
412.653,267.195,59.537,153.539
424.128,278.965,59.008,153.709
423.783,275.438,58.487,153.573
424.371,271.320,58.010,152.682
426.721,270.265,57.332,151.487
427.845,272.080,56.240,150.913
429.992,279.461,55.309,149.768
430.096,287.685,54.832,149.761
429.951,290.688,54.573,150.769
428.537,295.355,55.614,150.379
414.553,292.669,58.664,148.218
410.535,296.873,62.462,144.075
401.624,302.043,69.496,135.619
395.171,307.243,77.474,127.087
384.321,318.330,85.404,118.764
368.202,325.295,96.234,108.062
359.445,332.895,105.211,99.227
350.940,339.728,113.417,91.666
345.414,346.380,119.900,85.548
345.615,352.160,124.019,81.184
348.116,357.706,126.664,77.939
347.073,363.330,128.663,75.238
349.885,369.067,129.680,73.484
344.445,373.865,131.703,71.246
344.838,374.967,134.044,68.978
341.919,372.598,136.032,67.252
345.558,373.041,137.118,65.870
349.647,362.019,137.144,65.461
351.546,360.633,135.942,65.680
349.420,358.742,135.074,65.624
351.375,358.266,134.480,65.321
350.712,359.175,134.078,65.026
349.990,356.616,133.616,65.012
346.994,355.167,133.561,64.627
345.054,356.881,133.682,64.238
334.832,359.204,134.511,63.914
328.731,361.842,136.052,63.168
320.149,363.746,136.461,63.241
310.094,362.430,137.085,62.940
305.424,361.630,136.722,62.926
296.142,363.776,137.249,62.946
283.488,362.027,137.997,62.572
277.179,356.780,139.473,62.041
278.770,356.857,138.481,62.463
266.618,357.952,138.887,62.048
260.135,356.143,139.258,61.916
257.266,356.446,138.865,62.012
252.297,356.093,139.030,61.945
249.619,354.418,139.155,61.629
247.150,352.814,139.005,61.724
239.730,351.970,138.710,61.849
241.343,350.901,137.381,62.449
242.603,349.336,136.596,62.678
240.192,348.450,136.565,62.781
244.452,348.529,135.978,62.833
246.514,351.682,135.130,63.228
254.971,354.546,133.738,64.196
258.366,357.730,132.956,64.483
265.681,361.447,132.380,64.442
272.010,365.421,131.643,64.445
283.377,368.244,131.520,64.254
292.060,370.140,131.416,64.220
299.557,370.560,130.998,64.095
310.827,371.361,130.653,63.864
318.532,371.571,130.528,63.760
326.923,371.896,130.351,63.509
335.710,370.746,130.367,62.960
341.141,369.367,130.789,62.254
346.642,370.109,131.076,61.588
353.199,369.681,131.249,61.136
353.284,369.107,131.028,61.400
354.596,369.218,130.334,61.551
358.644,368.262,129.548,61.853
362.286,367.815,127.666,62.490
369.643,356.189,121.854,67.605
375.391,357.178,116.571,72.231
381.549,356.497,110.920,76.822
391.229,355.612,105.556,80.854
394.158,354.781,99.789,85.934
398.746,355.370,95.357,89.504
405.570,352.188,88.467,95.572
413.299,349.353,82.095,101.431
419.657,346.430,76.495,106.195
425.581,342.398,69.660,112.168
431.449,340.346,64.074,116.927
436.201,345.142,59.975,120.852
438.781,342.060,58.122,122.602
440.894,348.592,56.764,123.843
439.801,356.687,56.366,124.078
439.357,353.701,56.220,124.196
438.829,347.773,56.112,124.290
439.120,342.721,56.056,124.345
439.126,337.546,56.013,124.389
438.935,332.439,55.975,124.431
438.717,323.911,55.909,124.492
438.281,316.787,55.821,124.576
437.880,313.557,55.697,124.724
436.902,311.790,55.624,124.818
435.229,309.428,55.539,124.933
434.039,303.377,55.396,125.143
432.630,294.792,54.923,125.822
433.501,289.094,54.579,126.328
434.874,289.585,54.193,126.871
411.364,280.143,53.555,127.346
357.714,310.019,51.259,128.836
368.511,306.011,49.376,130.330
378.899,311.502,48.054,131.030
379.870,320.367,46.988,130.743
389.473,317.948,46.152,130.347
392.003,319.610,45.818,129.242
393.927,316.086,44.882,129.274
402.985,324.547,44.447,128.565
403.043,329.084,44.073,127.287
404.288,326.526,43.448,126.557
413.160,324.246,43.552,125.353
412.870,327.633,43.229,124.545
413.301,324.891,42.852,123.804
414.806,318.775,42.275,123.529
416.110,324.587,41.654,123.428
416.884,329.676,41.295,122.925
426.019,326.178,42.155,121.701
427.052,329.897,42.622,120.819
437.334,332.778,42.831,121.183
446.636,331.603,41.480,123.671
447.598,335.086,40.564,124.968
447.959,338.979,40.034,125.610
448.654,332.502,40.017,125.629
449.261,328.132,39.996,125.659
449.078,323.878,39.986,125.673
449.467,322.229,39.979,125.681
448.985,320.616,39.972,125.690
448.250,319.936,39.964,125.701
448.428,318.665,39.955,125.715
448.313,319.046,39.947,125.721
448.500,319.363,39.937,125.733
448.332,319.863,39.926,125.739
448.283,320.967,39.914,125.745
448.575,322.108,39.905,125.751
448.950,323.363,39.895,125.755
448.985,324.997,39.887,125.760
448.617,324.614,39.879,125.766
448.681,324.198,39.869,125.779
448.927,323.151,39.857,125.793
449.237,320.239,39.841,125.823
449.116,317.185,39.832,125.836
448.823,315.534,39.824,125.847
448.497,314.487,39.815,125.860
448.970,312.037,39.802,125.879
449.286,310.798,39.793,125.892
449.204,311.357,39.787,125.896
448.810,310.846,39.782,125.900
449.331,310.660,39.773,125.904
449.111,310.956,39.766,125.904
448.830,309.752,39.760,125.903
448.567,309.514,39.752,125.894
448.294,307.489,39.744,125.886
447.256,305.282,39.733,125.890
445.886,300.883,39.721,125.916
444.721,297.629,39.704,125.966
444.443,294.519,39.695,125.991
434.853,249.008,39.956,126.073
443.125,249.033,39.917,126.671
441.950,245.624,39.791,127.663
442.240,244.559,39.805,128.533
442.903,244.972,39.697,129.361
442.967,241.141,39.616,130.188
443.648,238.701,39.554,130.735
445.199,239.006,39.478,131.432
446.275,232.897,39.401,132.135
455.100,228.075,39.103,132.878
445.601,228.762,39.052,133.284
455.225,230.244,38.876,133.805
431.895,238.589,39.298,133.444
430.941,238.122,40.330,132.511
438.897,227.503,40.374,133.317
436.842,183.646,40.542,134.243
436.366,183.606,41.209,134.837
435.336,177.034,41.934,135.404
442.218,168.414,41.962,136.283
444.081,158.293,41.599,138.580
445.277,159.032,41.273,140.709
445.460,162.607,40.956,143.020
446.196,161.595,40.567,145.341
447.261,151.097,40.173,148.343
447.953,141.132,40.090,149.598
449.185,142.408,40.021,150.593
449.043,142.831,40.029,151.035
426.299,152.593,40.643,150.660
427.924,154.450,41.116,150.273
441.170,155.574,41.305,150.291
440.569,152.623,41.798,151.215
428.766,152.422,42.054,151.479
449.606,168.150,41.458,153.889
447.346,174.278,41.705,155.150
446.220,173.738,41.704,157.130
442.565,171.567,42.613,157.795
431.083,173.630,44.031,157.943
428.428,175.875,45.416,158.028
426.749,180.913,46.666,158.409
414.837,182.785,47.498,159.646
412.851,180.656,48.396,159.693
397.358,181.167,48.993,159.038
395.545,189.361,49.689,159.506
382.235,185.141,50.353,159.875
381.371,175.466,50.247,160.740
393.374,172.547,50.775,160.427
392.141,172.257,51.195,160.130
390.803,164.120,51.646,160.561
431.098,153.610,51.085,162.178
431.269,148.432,50.890,162.668
403.549,155.681,51.667,163.123
403.658,153.601,52.167,163.235
405.109,152.607,52.714,163.163
405.551,144.969,52.953,164.390
407.186,144.174,53.134,164.594
419.034,142.891,54.181,164.143
418.115,146.385,54.513,164.878
417.834,151.009,54.914,165.613
419.726,160.623,54.846,167.232
420.450,157.827,55.434,167.298
420.955,157.457,55.326,169.068
422.406,159.970,55.242,170.516
421.864,165.705,55.075,172.175
420.763,165.404,55.404,173.645
421.000,171.546,56.031,173.600
419.717,174.457,56.114,174.847
421.073,176.736,56.337,175.438
422.870,184.529,56.387,175.870
422.554,188.995,56.223,177.093
423.240,195.061,56.612,177.715
423.225,193.850,56.524,179.301
424.234,194.143,56.109,181.137
425.029,194.910,56.189,182.391
425.958,193.464,56.198,184.222
426.483,192.754,56.065,186.132
428.851,186.880,55.878,186.502
430.806,183.656,55.772,187.470
432.085,177.597,55.651,188.706
433.634,176.207,55.661,189.615
433.687,174.841,55.801,190.143
434.707,174.995,55.872,190.794
435.141,171.556,56.010,191.350
435.392,167.284,56.142,191.777
435.640,163.188,56.269,192.594
435.087,160.914,56.488,192.926
418.686,151.663,57.005,192.317
417.951,149.495,57.291,192.066
