110.000,101.000,30.000,91.000
110.488,101.691,31.048,90.039
111.177,100.297,31.723,89.336
112.888,101.233,31.779,89.449
113.768,100.623,31.892,89.803
114.339,105.526,31.860,90.088
114.470,106.866,32.039,89.342
114.998,108.302,33.315,87.238
115.103,106.246,34.628,84.885
115.903,105.402,34.614,84.447
117.076,106.917,35.182,83.271
121.494,106.381,35.694,81.822
121.800,106.723,35.798,81.467
122.596,106.434,35.679,81.350
123.609,106.666,35.626,81.050
124.895,104.099,34.499,81.928
126.024,105.625,33.432,82.712
125.778,103.106,32.918,82.512
126.314,102.147,32.300,82.501
127.297,102.802,31.739,82.465
129.185,103.788,31.582,81.294
130.187,102.643,31.389,79.920
131.314,104.197,31.182,78.727
132.285,104.669,31.473,77.095
133.420,105.568,31.679,75.819
138.707,104.879,30.945,76.327
139.183,104.401,30.022,76.936
140.081,104.907,29.401,77.221
141.119,105.212,29.126,76.996
142.455,104.177,28.974,76.635
144.395,96.981,28.777,76.635
146.066,92.816,28.449,76.740
146.292,94.085,28.531,76.372
147.227,94.168,28.558,76.186
147.599,89.652,28.324,76.239
148.263,90.156,28.111,76.318
148.275,90.438,28.644,75.461
149.090,95.387,28.373,75.422
148.800,96.861,28.098,74.832
148.771,97.653,27.644,74.700
148.373,90.995,27.344,74.529
154.466,97.434,26.848,74.722
153.739,95.839,26.463,74.659
154.109,98.442,26.061,74.855
155.772,98.945,25.675,74.549
157.205,99.997,25.397,74.221
157.932,98.613,25.214,74.140
160.394,97.011,24.928,74.027
161.570,96.640,24.564,74.186
163.660,96.533,24.290,74.205
165.062,99.909,24.275,73.851
170.634,99.090,24.307,73.427
171.687,103.242,24.143,72.944
173.123,102.747,24.106,72.634
174.195,99.940,23.961,72.594
175.222,97.498,23.878,72.150
175.921,94.382,23.760,72.084
176.662,92.588,23.393,72.524
177.938,91.527,23.135,72.627
178.081,90.539,23.136,72.620
178.013,89.744,23.122,72.515
179.534,94.143,23.279,71.993
180.232,93.662,23.337,71.626
181.242,96.326,23.721,70.967
182.851,95.652,23.707,70.778
183.761,98.824,23.886,70.547
184.144,95.024,24.016,70.353
184.357,94.119,24.029,70.189
183.612,93.432,24.023,70.081
182.593,93.248,24.493,69.061
182.341,93.169,24.515,68.685
181.516,93.198,25.104,67.320
182.827,93.707,25.079,67.082
183.741,94.205,25.051,66.939
184.470,94.921,25.031,66.905
185.027,94.566,25.432,66.257
186.095,95.100,25.758,65.612
191.097,97.204,25.174,66.113
190.588,96.129,24.836,66.339
189.975,96.961,25.286,65.437
190.290,96.237,25.020,65.682
190.524,96.829,24.802,65.912
190.485,96.215,24.996,65.478
191.485,100.013,24.893,65.471
197.052,99.044,24.640,65.694
197.373,98.615,24.344,66.011
198.021,99.671,24.078,66.349
198.316,98.149,23.823,66.536
198.725,98.483,23.617,66.805
198.423,97.128,23.442,66.861
197.957,96.608,23.288,66.909
198.033,96.852,23.132,66.951
198.671,97.057,22.924,67.185
199.407,97.376,22.717,67.230
200.478,96.158,22.641,67.174
201.238,96.457,22.701,66.998
201.643,97.429,22.789,66.567
201.449,97.923,22.895,65.878
201.442,99.655,22.748,65.288
200.755,97.212,22.660,64.603
200.189,97.789,22.461,64.259
200.638,98.268,22.463,63.560
201.271,98.237,22.373,63.130
202.012,99.460,22.297,62.659
202.892,98.393,22.157,62.533
206.660,98.530,21.793,62.347
206.161,99.831,21.532,61.951
206.945,102.961,21.466,61.264
207.816,101.291,21.433,60.760
208.660,100.999,21.244,60.308
208.319,98.415,20.924,60.346
207.947,100.074,20.586,60.439
207.399,99.625,20.419,60.356
206.517,99.460,20.193,60.147
205.807,98.257,19.967,60.161
205.453,97.360,19.859,59.934
205.156,96.158,19.878,59.464
204.797,94.528,19.763,59.306
204.578,94.367,19.689,59.072
205.078,95.892,19.642,58.567
205.126,94.133,19.616,58.282
205.422,95.420,19.495,57.770
206.315,97.964,19.363,57.195
207.719,98.130,19.554,56.689
208.418,96.946,19.598,56.386
209.883,97.558,19.610,56.093
211.450,99.156,19.502,55.756
213.081,100.583,19.437,55.304
