110.000,111.000,37.000,116.000
113.562,107.745,38.386,114.664
113.688,107.517,38.911,114.384
114.944,109.829,39.247,113.852
114.573,103.567,39.702,113.289
113.744,109.674,39.602,113.658
111.979,108.997,39.936,112.853
112.450,109.962,40.226,112.255
111.653,107.826,40.315,111.668
114.001,110.243,40.045,111.845
114.888,108.043,40.338,111.077
116.934,111.979,40.181,110.697
118.901,118.376,39.937,110.045
121.632,111.887,39.926,109.391
122.809,113.725,39.238,109.889
123.199,115.084,38.577,110.015
123.064,112.620,38.200,109.804
121.637,115.294,37.881,109.415
120.753,113.950,37.957,107.483
118.329,115.936,37.530,106.947
114.340,115.107,37.230,106.026
111.494,115.209,37.067,105.413
108.425,114.969,36.778,105.020
106.299,115.071,36.329,105.160
105.651,113.246,36.068,104.641
104.107,114.091,35.921,104.124
103.863,113.274,35.335,104.252
103.479,113.951,34.696,104.424
101.863,111.833,34.509,103.767
100.728,108.890,34.252,103.209
99.969,104.424,33.886,102.420
98.550,103.795,33.785,101.501
97.103,103.791,33.656,100.693
94.332,102.081,33.626,100.178
94.986,100.971,33.609,99.588
97.449,100.447,33.653,98.901
97.231,99.504,33.545,97.925
96.967,96.265,33.187,96.601
95.080,92.298,32.813,95.899
94.879,90.974,32.664,95.522
86.459,93.165,32.659,94.754
77.887,93.555,32.604,94.358
74.309,92.481,32.668,93.094
73.893,92.097,32.583,92.153
74.383,95.854,32.068,92.891
73.597,100.700,31.618,93.053
62.639,101.535,32.088,91.591
70.481,101.243,32.100,89.849
69.747,92.300,32.056,88.148
70.447,82.445,31.579,87.005
69.985,77.882,31.364,86.127
72.719,76.660,31.010,86.163
81.672,80.181,30.084,87.119
84.014,88.939,28.998,89.263
92.971,103.555,28.582,89.490
107.241,112.627,28.495,89.637
108.036,117.272,28.490,89.353
111.381,114.518,28.798,87.872
120.216,101.429,30.451,84.607
130.162,93.428,30.280,83.837
131.539,97.816,29.785,84.341
130.902,108.580,29.431,84.082
131.578,110.287,29.043,84.374
122.528,120.963,30.321,82.101
100.714,124.911,30.152,82.811
102.653,128.288,29.484,83.626
94.988,110.970,29.054,82.447
92.839,106.242,29.139,81.426
91.638,108.092,29.068,81.526
89.993,111.651,28.918,81.696
91.470,120.889,28.613,81.970
106.137,124.308,28.134,82.699
108.904,122.056,28.330,81.672
123.186,106.481,28.403,79.766
131.589,99.254,28.684,78.027
139.461,88.740,28.385,77.019
138.090,88.579,28.329,76.865
135.343,97.573,28.133,77.172
129.378,109.336,27.594,78.361
122.269,118.764,27.596,78.202
99.071,120.503,27.482,78.790
99.297,111.750,27.525,77.579
89.383,104.965,27.977,75.810
91.125,106.174,27.760,76.022
94.112,111.562,26.889,77.822
94.215,115.575,26.396,78.584
109.945,120.996,26.338,78.366
120.211,121.939,26.193,78.830
123.036,118.902,26.902,77.306
131.894,111.213,27.338,75.635
139.071,105.290,27.259,74.952
140.083,104.752,26.857,76.009
139.385,113.570,26.309,77.776
140.795,126.085,26.037,78.632
137.180,134.900,26.261,78.162
125.539,132.462,27.266,76.538
123.413,125.698,27.357,74.485
119.576,122.633,27.593,73.276
117.142,118.713,27.393,72.810
114.469,118.057,27.176,73.335
113.462,121.340,26.581,74.296
115.890,122.241,26.337,74.781
122.587,127.875,25.705,76.185
121.071,130.413,25.716,76.441
115.591,129.822,25.831,75.612
114.210,114.984,25.888,74.098
116.573,113.741,26.063,73.213
115.267,113.686,25.891,72.865
113.296,116.530,25.681,73.190
115.378,121.194,25.155,74.067
107.850,124.720,25.167,74.137
92.470,117.827,25.665,72.701
98.320,104.071,25.663,71.228
78.379,87.561,25.963,70.069
71.276,82.775,25.819,69.727
68.483,83.402,25.669,70.339
67.176,94.367,25.301,71.425
78.329,102.501,25.298,71.552
105.515,112.719,25.213,72.105
119.586,114.517,24.930,73.144
131.716,107.630,25.309,71.240
162.241,96.683,25.242,69.982
181.679,100.249,24.573,71.835
183.367,104.847,24.233,73.066
189.457,116.201,24.247,74.019
187.215,125.390,24.610,74.524
181.145,129.837,24.949,74.569
167.999,129.233,24.971,74.450
147.240,127.141,25.295,74.024
138.253,117.831,26.436,72.298
130.339,117.256,27.059,71.302
122.316,117.805,26.855,71.395
116.253,119.187,26.452,71.960
118.887,121.522,25.906,73.148
126.534,126.714,25.585,73.785
128.546,128.617,25.236,74.732
136.032,114.060,25.401,73.480
136.550,106.007,25.417,72.222
149.537,92.486,25.577,70.645
150.928,87.729,25.199,70.606
151.504,89.559,24.888,71.539
151.112,93.738,24.989,72.126
144.984,108.539,25.948,71.626
131.826,109.266,26.950,70.295
117.555,103.909,26.945,70.056
115.596,90.979,26.837,69.759
109.661,86.363,26.475,69.741
118.274,88.252,25.608,71.760
124.755,92.634,25.611,72.444
126.802,95.679,25.223,73.159
135.643,98.114,25.046,73.785
142.771,102.363,24.646,75.005
145.596,111.860,24.679,75.181
153.124,99.807,24.865,74.006
159.115,91.321,24.924,73.203
157.247,90.716,25.396,72.902
151.860,95.721,25.178,73.941
146.930,107.800,24.680,74.798
138.704,117.253,25.593,73.754
118.121,120.021,26.062,73.680
116.002,108.174,26.333,72.616
107.693,100.112,26.400,72.175
105.814,92.345,26.257,71.949
119.142,93.730,25.728,73.053
125.835,95.953,25.382,74.103
140.563,105.537,25.210,74.212
149.072,108.469,24.804,74.736
158.266,116.749,24.521,75.191
165.433,104.629,24.478,74.479
178.514,91.485,24.550,73.131
186.254,85.962,24.361,72.914
179.918,89.669,24.588,72.923
178.208,95.566,25.057,72.986
175.953,104.353,25.663,72.626
163.177,110.839,26.820,71.777
156.180,110.708,27.374,71.297
142.943,98.061,27.952,70.238
123.628,91.165,28.408,69.705
115.934,89.787,27.930,70.269
115.036,94.837,27.241,71.805
120.844,102.864,26.892,72.332
133.524,112.090,26.793,72.407
152.551,119.630,26.643,72.346
159.932,110.719,26.318,71.890
166.939,102.959,26.092,70.972
181.840,92.813,25.663,70.586
181.243,94.772,25.447,71.328
173.185,97.872,25.567,70.936
169.423,108.067,25.250,71.768
157.624,118.075,25.223,71.641
139.582,119.120,25.102,71.670
138.753,117.832,26.143,71.088
120.235,98.351,27.100,70.627
114.132,85.501,26.555,71.961
114.104,86.813,26.207,73.422
113.860,91.125,27.194,72.555
105.738,88.199,27.012,72.498
114.334,99.976,26.503,73.640
125.093,94.087,26.548,73.073
138.119,83.797,26.220,73.087
150.396,70.846,25.868,72.645
157.716,67.899,25.953,71.798
158.168,66.168,25.604,72.003
153.412,69.428,25.320,72.920
146.328,83.683,25.166,73.345
128.765,101.073,25.262,73.037
105.062,111.936,25.165,72.837
102.830,108.940,25.067,72.422
89.082,99.332,25.240,71.930
74.489,95.009,25.425,71.710
77.746,97.940,24.982,72.643
78.256,100.634,24.821,73.076
90.776,104.872,24.969,72.289
94.017,105.278,24.915,72.318
100.049,103.449,24.950,71.991
114.365,90.019,24.888,71.597
134.004,71.759,24.877,70.662
148.183,66.506,24.561,70.585
147.795,73.939,24.373,70.984
149.221,79.492,24.160,71.392
141.636,94.269,24.285,71.529
116.434,97.327,24.408,71.258
103.279,96.961,24.448,70.974
84.743,87.344,24.544,70.299
73.871,83.615,24.326,69.644
66.069,82.577,24.410,69.684
64.723,85.808,24.254,70.278
66.375,95.645,24.007,70.516
85.227,99.729,23.622,71.007
97.679,96.862,23.509,70.609
103.681,96.448,23.355,70.146
126.953,88.921,23.693,68.927
146.302,78.443,23.775,68.259
152.106,74.950,23.300,68.390
145.929,84.614,22.819,69.280
134.419,99.449,22.813,69.130
123.538,107.570,22.682,69.094
112.218,123.804,23.018,69.491
107.125,119.063,23.296,69.871
95.466,108.244,23.620,70.673
94.166,101.036,23.741,70.943
87.865,91.955,23.443,71.243
90.338,89.690,23.465,70.673
98.528,94.051,23.356,70.178
117.021,97.506,22.849,70.400
117.583,93.485,22.461,70.598
122.617,91.144,22.443,70.514
134.012,74.767,22.531,69.878
139.192,67.726,22.567,69.272
140.226,62.188,22.337,69.344
