99.000,237.000,27.000,82.000
99.704,242.494,27.468,81.365
100.716,244.110,28.130,80.548
105.676,242.891,28.728,80.193
106.244,245.605,29.216,79.940
111.925,243.775,29.666,79.713
111.751,243.570,29.911,79.771
111.029,247.531,31.152,78.243
117.219,244.704,31.054,78.375
116.581,241.424,30.863,78.471
116.413,240.219,30.578,78.750
115.998,239.284,30.150,79.312
116.693,238.610,29.931,79.547
116.778,236.086,29.790,79.483
117.570,232.344,29.573,79.630
119.004,230.191,29.223,80.028
119.921,228.453,29.121,80.355
120.734,228.644,29.232,80.645
120.973,229.211,29.565,80.745
126.415,227.943,30.228,80.608
125.732,226.825,30.852,80.748
125.357,226.749,31.227,80.814
125.647,224.902,31.526,81.073
126.018,225.218,32.509,80.200
132.110,224.472,32.207,80.661
132.276,226.393,31.980,80.867
132.739,227.437,31.908,80.787
133.483,227.447,31.938,80.816
134.301,225.510,31.761,80.879
135.143,225.562,31.447,81.137
140.812,227.190,31.092,81.663
141.579,224.000,30.732,81.983
146.895,222.216,30.631,82.354
146.150,222.427,30.584,82.859
145.872,223.015,30.828,83.244
145.349,223.639,31.063,83.244
137.308,226.694,32.320,81.335
136.896,225.580,32.173,81.652
136.441,225.379,31.843,82.287
128.757,228.008,33.252,80.238
129.276,226.142,32.879,80.478
129.108,226.575,32.379,81.011
121.890,231.044,33.288,79.357
123.044,225.631,32.610,79.758
123.441,226.115,31.845,80.478
123.294,228.162,30.965,81.696
122.763,225.169,30.611,82.165
122.614,226.954,30.900,82.230
122.947,227.484,31.360,82.131
122.055,229.984,32.251,80.904
120.592,229.592,32.130,81.416
119.103,229.380,32.075,81.880
119.560,228.346,32.306,82.165
119.186,231.669,33.338,81.249
118.502,234.857,34.284,79.821
118.919,232.291,34.879,78.717
119.986,225.681,35.511,77.720
121.322,225.174,35.764,77.287
123.868,229.199,34.644,78.933
127.063,229.881,33.966,79.845
132.726,230.182,33.037,81.083
131.835,227.991,32.394,81.742
132.402,228.463,32.217,81.880
133.583,226.298,32.322,81.780
133.099,228.313,33.192,80.448
139.303,226.778,33.098,80.767
140.511,226.584,33.209,80.906
141.750,228.123,32.985,80.971
147.520,225.992,32.412,81.445
148.253,228.221,32.011,81.661
148.412,228.935,31.357,82.156
148.757,229.353,31.029,82.231
148.901,229.658,30.692,81.825
154.284,232.788,30.427,81.819
154.281,228.603,30.420,81.729
155.085,225.647,30.772,81.465
155.520,225.849,30.981,81.515
155.009,223.509,30.863,82.214
155.231,221.998,30.856,82.648
156.179,220.976,30.852,83.098
157.013,219.658,30.938,83.267
158.254,218.636,31.087,83.160
159.565,221.882,31.380,82.671
161.798,221.844,31.332,82.582
163.895,221.702,31.081,82.192
165.232,224.269,30.656,82.252
166.757,226.396,30.458,81.983
167.336,228.317,30.150,82.366
166.021,226.897,30.053,82.342
166.218,225.890,30.181,82.608
167.729,228.357,30.535,82.448
169.604,226.985,31.102,81.995
174.825,226.057,31.020,82.177
175.063,227.881,30.887,82.209
177.525,226.960,30.695,82.335
183.808,227.873,30.568,82.254
182.893,228.252,30.230,82.583
183.156,228.428,30.256,82.304
188.490,221.780,30.413,82.199
189.381,224.900,30.763,81.491
190.907,223.295,30.769,82.015
192.675,221.943,31.114,82.118
193.729,223.049,31.381,81.607
193.892,224.864,31.292,81.583
194.072,225.179,31.035,81.646
193.921,226.347,30.812,81.595
193.258,226.529,30.727,81.624
193.012,226.969,30.596,81.783
193.562,225.702,30.616,82.068
193.219,227.236,30.657,82.419
192.097,225.028,30.825,82.666
191.777,226.868,30.902,82.824
191.035,228.687,31.216,82.653
190.074,229.075,31.320,82.539
189.287,229.688,31.305,82.575
188.458,230.625,31.101,82.412
187.485,232.857,31.168,81.808
186.941,233.820,30.813,81.830
187.558,236.029,30.431,81.857
187.950,234.447,30.287,82.187
189.090,234.012,30.205,82.210
189.795,233.149,30.413,81.753
190.894,234.412,30.721,81.636
191.447,235.368,31.101,81.260
192.413,233.836,31.395,80.754
199.343,232.932,31.559,81.046
206.096,231.955,31.422,81.303
205.723,231.640,31.400,81.077
199.858,233.293,31.121,80.525
200.112,228.594,31.010,80.095
200.972,227.034,30.618,80.235
201.212,230.937,30.370,79.567
200.931,225.212,30.646,78.685
199.873,225.188,30.898,78.387
199.869,228.174,31.872,76.730
200.136,229.939,32.858,74.942
200.535,232.096,33.361,73.876
207.049,232.470,32.574,74.435
207.624,232.788,31.865,74.915
208.609,231.149,31.110,75.653
210.244,230.139,30.565,76.414
216.168,227.174,30.069,76.875
218.281,228.306,29.636,77.499
218.982,224.776,29.580,77.602
219.484,225.115,29.735,77.056
225.844,226.618,29.766,76.627
226.388,228.298,29.681,76.245
232.331,229.502,29.479,76.353
223.482,230.502,31.319,74.112
222.366,233.008,33.710,71.243
220.847,241.521,35.775,68.942
219.756,247.888,38.870,65.522
219.430,247.126,41.078,63.096
213.871,246.623,38.793,65.594
215.211,245.005,37.127,67.307
215.771,247.388,34.714,70.155
217.197,245.727,33.407,71.511
218.943,244.385,32.517,72.754
219.121,247.047,32.497,72.402
225.529,241.215,31.823,73.255
225.798,244.285,32.023,72.643
226.729,243.191,32.050,72.346
232.380,240.240,31.444,73.133
232.303,240.889,30.793,73.951
233.350,238.473,30.322,74.640
233.941,239.999,29.732,75.376
234.367,239.619,29.251,75.793
234.872,237.295,28.749,76.398
234.896,235.982,28.654,76.380
234.957,234.882,28.714,76.387
233.103,257.544,33.367,70.758
230.419,259.657,37.547,65.797
227.927,261.923,40.681,62.026
234.539,244.286,38.652,64.208
240.418,241.152,37.604,65.392
239.486,241.625,35.936,67.333
239.435,240.532,33.842,69.809
240.058,241.700,32.461,71.360
241.874,241.495,31.281,72.616
243.299,240.139,30.393,73.614
244.128,238.672,29.504,74.537
249.221,235.965,28.928,75.640
248.561,237.639,28.425,76.293
248.028,240.205,28.195,76.538
246.635,242.240,27.980,76.758
246.369,235.886,27.758,76.638
246.574,235.620,27.571,76.430
246.932,236.012,27.198,75.714
247.093,237.652,26.658,75.840
246.529,237.255,26.205,76.340
246.276,232.756,26.194,75.962
245.240,237.202,26.385,76.341
243.889,236.698,26.297,77.238
242.099,236.872,26.386,77.594
240.134,235.597,26.500,77.888
237.985,234.455,26.608,77.590
236.249,234.661,26.610,77.028
236.535,235.567,26.582,76.316
236.297,235.180,26.525,75.590
234.954,236.141,26.381,74.846
234.084,237.074,26.020,74.454
233.246,238.522,25.942,74.049
232.358,239.344,26.049,73.940
232.606,238.595,26.135,74.070
233.353,240.232,26.256,73.747
233.516,239.915,26.268,73.822
234.035,240.269,26.030,73.824
234.412,240.767,25.903,73.647
233.862,240.313,25.676,73.292
232.767,240.276,25.408,72.998
232.180,239.965,25.280,72.589
231.270,242.117,25.502,71.686
231.422,240.823,25.468,71.463
230.871,239.586,25.581,71.081
230.724,240.646,26.062,70.100
230.758,240.073,26.133,70.228
230.050,245.417,27.350,68.434
226.269,258.150,31.454,63.140
231.161,249.013,31.268,62.747
230.747,247.757,30.848,62.916
231.499,245.694,29.655,64.085
231.464,242.781,28.692,64.736
232.031,234.503,27.617,66.006
232.830,223.500,26.559,67.488
232.913,219.472,25.785,68.803
231.186,217.994,25.543,69.561
229.648,218.442,25.546,69.722
228.217,217.664,25.784,69.556
221.733,209.322,25.712,69.234
220.710,208.353,25.513,69.180
218.947,207.938,25.329,69.106
213.813,207.954,24.952,69.185
208.389,208.997,24.675,68.933
201.337,216.945,25.708,66.842
195.052,218.461,26.740,64.837
189.204,223.740,28.094,62.513
183.434,223.594,28.936,60.706
182.267,220.471,29.353,59.479
176.324,219.819,29.483,59.077
175.789,218.886,29.365,58.971
175.083,217.733,28.878,59.460
174.421,216.866,28.242,60.147
173.938,216.989,27.823,60.354
172.081,216.983,27.825,60.108
170.213,216.909,28.098,59.702
169.269,217.146,27.982,59.729
169.419,217.963,28.177,59.496
169.219,218.915,28.601,58.766
168.621,219.868,29.338,57.701
162.635,219.966,29.357,57.277
162.152,219.363,29.239,57.120
157.381,220.167,28.609,57.498
156.340,220.164,28.169,57.863
154.944,219.636,27.563,58.572
153.336,218.725,27.245,58.628
151.640,218.446,27.090,58.414
146.599,223.057,26.726,58.410
144.554,222.073,26.468,58.275
142.847,221.068,26.053,58.383
140.755,220.111,25.610,58.551
139.815,219.397,25.344,58.585
137.975,219.159,25.282,58.126
132.482,220.006,25.224,58.022
131.603,219.972,25.002,58.429
131.332,220.071,24.737,58.841
130.697,220.317,24.697,59.038
130.083,220.689,24.710,58.835
129.386,221.404,24.772,58.511
127.602,221.052,24.815,58.183
126.850,219.774,23.830,59.360
125.862,218.748,23.212,60.080
120.450,224.626,23.847,58.857
119.404,222.576,23.409,58.927
113.792,223.393,23.913,57.975
112.722,221.706,23.300,58.622
107.355,227.229,23.626,57.999
105.763,226.633,23.940,57.273
100.307,227.739,24.196,56.633
98.654,227.136,24.329,56.081
93.898,228.299,24.563,55.327
92.485,228.523,24.642,55.038
90.780,228.226,24.540,54.828
85.486,233.686,24.488,54.719
80.777,234.246,24.387,54.619
79.421,234.564,24.355,54.139
74.821,235.530,24.278,54.039
73.327,235.550,24.178,53.901
71.065,235.836,24.197,53.403
66.240,236.430,24.123,53.376
65.145,237.237,24.261,52.996
63.583,238.049,24.332,52.451
58.521,238.717,24.469,51.917
54.447,239.706,24.371,51.851
53.554,239.559,24.242,51.936
52.364,239.614,24.139,51.971
50.767,239.621,23.968,52.126
49.197,240.257,23.829,52.072
48.031,240.268,23.611,52.314
46.624,240.760,23.435,52.316
44.640,241.506,23.465,52.144
43.021,241.257,23.358,52.126
38.694,241.198,23.304,52.253
34.647,242.338,23.089,52.479
34.060,242.219,22.941,52.797
33.521,242.333,22.906,52.863
32.808,242.160,22.886,53.005
31.372,241.942,23.004,52.871
30.385,241.511,23.024,52.937
28.262,241.335,23.133,52.833
27.058,241.111,23.151,53.052
26.354,240.661,23.070,53.269
25.064,240.407,23.268,52.869
20.780,240.944,23.222,52.994
20.232,241.092,23.023,53.388
19.302,240.413,22.883,53.569
18.385,239.498,23.089,53.278
14.107,240.153,23.188,53.130
12.314,239.803,23.208,53.161
10.264,240.070,23.386,52.836
5.995,240.944,23.539,52.797
3.718,240.671,23.759,52.522
-0.025,241.067,22.884,53.608
-1.040,240.816,22.099,54.242
-1.607,244.368,21.773,54.630
-1.615,243.769,21.575,54.817
-1.635,243.331,21.433,54.940
-1.992,243.259,21.378,54.986
17.016,235.997,27.107,49.550
12.715,239.262,32.766,44.357
8.928,241.918,37.950,39.680
5.889,244.021,41.526,36.487
4.349,247.028,45.021,33.556
2.658,253.431,47.849,31.199
1.695,254.821,49.966,29.449
0.027,255.745,51.584,28.170
-0.696,256.558,52.588,27.296
5.837,257.037,54.008,26.173
5.704,257.611,55.373,25.173
4.205,257.809,56.751,24.261
1.327,258.721,58.286,23.310
0.768,259.195,59.339,22.620
0.443,259.961,60.785,21.711
-1.361,261.172,62.111,20.915
-2.047,261.856,63.100,20.305
-3.344,262.861,64.076,19.712
-4.822,263.444,64.930,19.232
-3.029,264.243,65.433,18.920
-5.599,265.226,66.114,18.624
-3.312,265.997,66.430,18.419
-4.316,266.506,66.976,18.163
-3.219,267.459,67.280,17.938
-6.348,268.294,67.651,17.772
-4.207,269.167,67.859,17.666
-6.909,269.911,68.472,17.455
-6.480,270.588,68.635,17.417
-5.770,270.861,68.890,17.369
-7.159,271.374,69.125,17.336
-7.039,272.177,69.271,17.331
-7.060,272.911,69.474,17.320
-6.304,273.480,69.715,17.316
-5.564,274.112,69.869,17.311
-5.820,274.443,70.079,17.293
-5.585,274.719,70.301,17.280
-6.208,275.200,70.407,17.271
-5.964,275.318,70.530,17.267
-6.000,275.389,70.680,17.258
-5.328,275.174,70.842,17.257
-4.380,275.328,70.973,17.233
-4.313,275.396,71.211,17.179
-3.939,275.598,71.410,17.131
-3.918,275.944,71.632,17.076
-3.960,276.532,71.722,17.053
-4.215,277.306,71.792,17.040
4.819,277.484,72.013,16.985
2.009,277.904,72.302,16.897
-0.180,278.279,72.698,16.794
-0.736,278.678,73.074,16.710
-2.353,278.768,73.455,16.640
-4.970,278.557,73.877,16.626
-4.845,278.421,74.312,16.602
-7.099,278.402,74.593,16.671
-6.796,278.134,74.786,16.737
-8.791,278.216,74.788,16.833
-8.301,278.787,74.730,16.915
-9.190,279.143,74.702,16.961
-10.919,279.638,74.635,17.000
-11.449,279.990,74.545,17.034
-10.636,280.340,74.585,17.025
-11.172,280.480,74.487,17.064
-10.427,280.669,74.418,17.078
-9.941,280.676,74.407,17.086
-8.620,280.512,74.498,17.057
-7.399,280.020,74.592,17.033
-5.980,279.764,74.780,16.998
-9.681,279.549,74.790,17.013
-7.274,279.493,74.904,16.989
-9.204,279.636,74.955,16.995
-7.460,279.716,75.058,16.965
-9.284,279.784,74.996,16.987
-11.360,280.405,74.936,17.010
-9.908,280.395,74.985,17.024
-8.209,280.422,75.087,17.012
-9.894,280.570,74.978,17.069
-7.480,280.927,75.070,17.043
-5.218,281.277,75.241,16.978
-7.488,281.207,75.392,16.963
-8.242,281.217,75.412,16.989
-5.398,281.523,75.707,16.896
-7.311,281.829,75.832,16.883
-4.236,282.021,76.200,16.792
-6.060,282.739,76.412,16.747
-8.622,283.833,76.543,16.730
-3.979,284.159,76.828,16.686
-5.067,284.543,77.125,16.629
-4.011,284.564,77.416,16.620
-3.054,284.743,77.515,16.675
-2.086,284.234,77.692,16.696
-3.842,284.269,77.827,16.735
-5.170,283.475,77.990,16.727
-7.218,282.915,78.088,16.746
-8.926,282.450,78.247,16.756
2.244,276.314,78.493,16.715
9.498,270.978,78.481,16.816
7.306,270.363,78.634,16.797
4.512,269.637,78.649,16.824
0.959,269.261,78.954,16.809
-2.042,268.793,78.872,16.917
-2.284,268.590,78.262,17.341
-4.193,268.678,77.462,17.779
-2.230,274.224,77.643,17.635
-3.870,273.876,77.927,17.574
-4.765,273.518,77.911,17.572
-5.227,273.323,77.377,17.894
-5.328,272.927,76.984,18.130
-6.292,273.015,76.396,18.441
-5.917,273.178,75.871,18.690
-8.493,279.028,76.267,18.433
-7.620,278.970,76.381,18.302
-9.208,279.200,76.430,18.246
-8.369,279.520,76.274,18.262
-11.099,280.236,75.966,18.397
-13.207,280.889,75.838,18.456
-15.330,281.679,75.642,18.512
-14.011,282.227,75.525,18.522
-14.838,283.037,75.437,18.506
-14.803,283.368,75.413,18.449
-17.866,283.997,75.343,18.436
-17.407,284.298,75.266,18.419
-18.037,284.913,75.188,18.403
-18.094,285.283,75.144,18.396
-8.157,291.204,75.174,18.397
-9.807,291.259,75.176,18.395
-10.809,291.634,75.176,18.392
-9.330,297.330,75.243,18.396
-10.235,297.334,75.524,18.310
-10.628,297.665,75.610,18.269
-10.653,298.364,75.636,18.257
-9.962,298.854,75.676,18.216
-3.984,299.003,75.721,18.194
-3.857,304.775,75.754,18.291
-3.290,304.390,75.828,18.335
-3.424,304.268,76.037,18.324
-4.447,304.141,76.193,18.319
-5.368,304.554,76.462,18.304
-5.549,304.771,76.617,18.316
-5.482,304.739,76.756,18.298
7.524,303.891,76.973,18.288
9.558,303.312,77.375,18.230
7.124,302.746,77.758,18.199
3.740,301.983,78.083,18.162
-0.357,301.312,78.234,18.265
-1.494,300.575,78.632,18.335
-3.575,300.169,78.839,18.425
-4.929,300.043,78.836,18.505
-6.563,299.938,78.379,18.865
-5.959,304.836,78.677,18.908
-6.092,304.573,78.794,19.045
-5.724,304.340,78.731,19.151
-4.573,309.477,79.142,19.176
-5.271,308.547,79.556,19.192
-6.333,307.690,79.852,19.249
-5.734,307.530,79.956,19.352
-4.394,307.318,80.071,19.409
-5.719,307.233,80.268,19.419
-4.659,306.920,80.111,19.549
-2.190,311.652,80.378,19.605
-3.524,310.907,81.170,19.473
-6.173,310.030,81.853,19.398
-8.091,309.675,82.145,19.466
-8.950,309.093,82.117,19.572
-5.124,303.511,82.195,19.561
-7.411,303.205,82.311,19.552
-7.768,302.870,82.565,19.493
-4.342,302.534,83.014,19.381
-1.054,296.113,82.439,19.696
-13.596,279.198,74.886,25.945
-16.427,274.515,66.434,33.529
-14.792,270.551,61.328,38.282
-16.364,259.705,54.765,45.328
-14.039,261.991,50.595,49.784
-12.690,258.172,47.816,53.064
3.604,230.230,43.123,59.029
0.430,228.229,39.313,64.203
2.809,227.296,36.302,67.970
3.010,226.772,33.763,71.432
2.950,227.361,31.846,74.104
2.440,226.031,30.247,77.090
1.356,227.972,29.059,79.375
0.544,225.457,28.299,80.284
-0.264,225.615,27.569,81.924
-2.165,224.648,27.317,82.343
-1.701,225.824,26.693,83.611
-7.133,226.358,25.910,84.873
-5.665,227.536,25.380,85.997
8.523,226.641,25.862,85.749
7.972,221.940,26.647,84.661
8.123,225.501,27.007,84.303
2.816,227.783,28.132,82.971
3.957,233.131,28.060,83.658
5.246,228.412,28.870,82.633
5.861,233.941,28.727,83.128
0.854,229.730,29.427,82.153
2.163,231.603,29.403,82.675
2.601,227.301,29.731,82.139
2.903,230.490,29.553,82.728
2.776,229.991,29.131,83.628
2.905,229.291,28.728,84.738
2.302,228.452,28.429,85.694
1.880,222.721,28.147,86.596
0.999,219.676,27.998,86.761
-4.625,220.469,27.698,87.467
-3.963,221.020,27.288,88.336
-4.247,221.051,27.153,88.622
-4.549,220.543,26.980,88.982
-4.945,221.192,26.897,89.151
-5.016,218.629,26.890,89.169
36.277,225.966,27.668,88.222
35.350,224.903,28.359,87.235
26.791,233.209,29.766,85.169
18.817,238.814,30.907,83.725
17.372,239.646,30.982,83.679
10.288,241.098,31.021,83.587
8.402,233.840,31.790,82.324
1.911,235.287,31.138,83.056
2.324,235.736,30.810,83.207
2.898,235.178,30.679,83.216
2.827,235.209,30.478,83.470
2.558,235.973,30.436,83.564
2.248,235.486,30.294,83.803
1.928,235.758,30.273,83.977
1.814,228.714,30.222,83.905
1.737,229.280,30.225,83.719
1.485,229.953,30.103,83.766
1.017,237.998,29.951,83.904
1.744,238.479,29.712,84.169
2.069,239.278,29.700,84.234
3.491,240.484,29.651,83.939
4.913,234.120,29.543,83.879
6.232,235.324,30.682,82.122
7.416,237.209,30.648,81.942
9.107,238.062,31.302,80.731
10.171,239.641,31.820,79.511
9.873,239.857,31.395,79.846
15.335,240.918,30.989,80.398
14.767,241.892,30.708,80.538
13.634,243.180,31.434,79.266
12.698,243.003,31.948,78.498
13.401,242.918,32.312,77.849
14.144,242.426,32.491,77.364
20.262,241.435,31.609,78.612
19.468,243.995,31.016,79.231
19.287,243.973,30.519,79.778
19.738,242.875,30.938,79.037
20.778,242.880,31.222,78.484
20.749,241.680,30.540,79.471
20.881,241.694,30.919,78.776
21.309,239.998,30.533,79.233
22.595,239.057,30.876,78.775
22.944,238.847,30.315,79.591
24.310,238.323,30.703,79.130
29.918,243.307,31.269,78.340
30.140,242.129,30.888,78.946
36.291,240.849,30.455,79.462
35.982,241.572,30.189,79.773
36.402,241.181,30.729,78.905
42.402,240.278,30.355,79.553
42.101,240.623,30.010,79.908
42.306,240.633,29.844,80.226
43.035,241.066,29.578,80.403
43.551,240.945,29.429,80.632
49.384,241.199,29.358,80.930
49.053,240.559,29.199,81.224
48.415,239.456,29.221,81.261
47.817,239.053,29.231,81.566
47.829,239.944,29.169,81.692
47.879,238.803,29.148,81.448
47.492,239.458,29.136,81.241
47.067,239.226,29.120,81.359
47.221,238.852,29.234,81.193
47.250,238.447,29.210,81.056
47.995,237.622,30.000,79.948
48.681,237.046,29.787,80.092
49.141,237.349,29.510,80.301
49.602,237.695,29.328,80.529
49.667,236.994,29.197,80.448
50.409,237.230,29.832,79.399
50.916,237.387,29.534,79.919
56.770,237.422,29.401,80.179
56.166,235.905,29.256,80.522
55.621,234.600,29.193,80.644
55.246,235.265,29.074,80.581
54.595,234.338,29.045,80.720
53.776,233.215,28.933,80.938
53.069,239.026,28.836,80.773
52.690,238.719,28.757,80.674
52.230,238.650,28.841,80.599
52.328,238.904,28.772,80.635
51.784,237.974,28.757,80.851
50.965,238.390,28.784,80.769
50.700,237.613,28.698,80.957
49.952,243.668,28.795,80.990
49.591,242.758,28.793,81.010
49.374,241.769,28.884,81.157
48.663,241.775,28.934,81.244
48.563,243.652,28.899,81.239
48.275,244.272,28.884,81.208
48.088,244.079,29.050,80.908
48.106,243.429,29.183,80.918
48.668,243.190,29.142,80.805
54.765,242.153,29.162,80.930
54.076,241.429,29.030,81.096
53.855,243.206,28.900,81.153
54.160,243.634,28.790,81.391
54.227,243.633,28.906,81.532
54.348,243.143,28.961,81.716
54.272,243.181,28.872,81.925
53.949,243.063,28.893,81.994
53.613,243.909,28.846,82.047
53.311,245.032,28.759,82.071
53.252,244.523,28.636,82.338
53.184,244.767,28.637,82.252
52.431,243.916,28.662,82.118
51.952,248.511,28.684,81.938
52.041,247.221,28.607,81.836
51.540,246.534,28.550,81.923
51.999,246.516,28.417,82.071
52.161,247.023,28.337,81.960
52.393,246.809,28.210,81.971
52.631,246.170,28.323,81.657
52.765,252.475,28.407,81.456
52.853,252.402,28.492,81.202
54.120,251.015,29.294,80.051
54.481,250.187,29.187,80.307
54.803,249.965,29.147,80.459
54.946,249.555,28.971,80.655
55.111,248.844,28.904,80.847
55.343,247.635,28.684,81.229
55.551,247.474,28.639,81.521
55.703,246.935,28.600,81.670
55.290,246.582,28.594,81.824
55.075,246.717,28.783,81.830
55.234,245.716,28.810,81.962
55.234,244.601,28.759,82.109
55.277,243.676,28.792,82.125
55.262,244.247,28.737,82.151
55.149,243.478,28.679,82.259
54.933,241.600,28.688,82.211
