180.000,79.000,37.000,114.000
180.041,78.530,37.693,113.071
179.099,84.202,38.024,111.768
179.129,87.659,38.093,111.185
179.551,90.130,38.090,110.801
178.887,90.783,37.736,110.923
177.760,90.358,37.593,111.367
176.486,91.617,37.340,112.316
174.191,91.456,37.392,113.045
172.320,89.826,37.652,113.346
168.387,92.536,38.158,112.387
164.385,97.402,38.822,111.165
162.138,99.977,38.966,110.709
158.877,100.527,39.642,110.062
156.992,98.306,40.436,109.500
156.299,95.516,41.006,108.672
156.489,94.789,41.209,108.863
155.978,91.322,41.592,109.142
156.909,91.463,41.877,109.163
157.891,90.477,41.649,109.349
159.848,92.707,41.902,108.207
161.529,90.406,41.950,106.681
164.010,93.312,41.467,105.884
165.740,93.786,40.814,105.395
165.529,90.645,40.229,105.356
167.780,88.962,39.212,106.172
168.980,90.031,38.589,106.645
170.875,89.453,37.681,108.336
172.813,90.127,37.381,109.072
173.392,88.869,37.026,109.164
172.774,86.939,36.798,109.251
171.276,86.814,37.163,108.080
169.595,89.340,37.355,106.695
168.505,88.253,37.577,105.746
168.770,88.709,37.865,105.109
168.876,87.466,37.772,105.325
168.597,86.724,38.048,105.687
169.429,84.599,38.319,106.466
168.538,84.706,38.679,106.739
168.676,87.321,38.861,107.331
168.834,87.781,39.207,108.631
167.205,87.252,38.910,111.412
165.673,85.658,38.714,114.269
163.681,84.368,38.409,117.333
162.424,81.385,38.415,120.147
161.549,76.896,39.094,122.917
153.784,79.698,39.229,124.402
153.909,80.193,40.608,126.251
147.431,79.622,41.090,127.128
147.473,79.556,41.635,128.629
145.780,80.064,41.758,130.426
144.499,87.325,41.893,130.704
142.940,86.133,42.213,130.842
142.214,85.908,42.172,131.297
140.473,84.822,42.585,130.863
140.012,84.799,42.857,131.015
140.744,86.358,43.114,131.459
93.570,85.775,46.076,127.086
91.278,81.353,46.360,125.834
91.783,83.949,45.880,124.978
93.248,84.255,45.605,122.403
94.561,88.332,45.330,119.795
95.180,87.246,45.025,116.955
96.826,87.317,44.548,115.013
99.711,86.075,43.653,114.387
103.161,85.554,42.350,114.441
104.424,84.380,40.796,115.059
105.764,87.284,39.629,115.400
106.557,87.501,38.888,115.515
107.308,87.955,38.671,114.848
107.986,86.551,38.499,114.539
108.989,81.098,38.518,114.436
109.935,72.481,38.524,114.514
102.338,80.830,39.686,112.602
104.005,79.613,39.656,112.722
104.183,77.720,39.858,112.828
102.395,78.849,40.485,112.916
94.245,81.178,41.941,111.488
84.058,84.888,43.045,110.605
95.142,93.181,42.023,111.317
98.168,91.136,40.782,112.354
97.234,89.576,39.912,113.157
95.965,86.808,39.122,114.500
95.185,83.782,38.876,115.083
96.795,82.285,38.700,115.884
98.097,79.993,39.104,115.617
100.101,77.603,39.790,114.963
102.295,76.396,40.221,114.029
105.150,78.448,40.381,113.342
107.808,79.434,40.137,112.269
111.106,81.014,39.788,111.791
115.754,80.678,39.672,111.752
119.235,79.594,38.974,112.523
120.258,80.556,38.749,112.514
121.469,80.914,38.635,112.179
123.424,84.007,38.353,111.944
122.938,86.332,38.115,111.506
121.778,90.002,38.254,110.375
122.033,90.558,38.148,110.092
120.747,88.056,37.953,110.226
120.617,84.974,37.289,110.963
118.582,80.995,36.882,111.557
117.769,77.043,36.573,111.680
116.799,73.225,36.431,111.081
117.598,75.781,36.576,110.012
116.719,77.023,36.560,109.136
118.336,76.615,36.394,108.664
115.616,74.998,36.265,108.349
114.064,70.938,35.862,109.043
113.571,69.148,35.514,110.021
111.266,66.599,35.441,110.650
107.833,63.982,35.571,110.681
103.942,61.332,35.595,110.868
100.584,59.256,35.636,110.763
96.330,64.301,36.023,109.650
95.079,72.314,36.183,108.749
94.719,73.716,36.310,108.463
92.750,78.861,36.045,108.602
89.623,81.440,36.065,108.130
87.822,80.751,35.769,108.338
90.519,80.979,35.692,107.891
94.421,81.029,35.775,106.968
96.984,82.154,35.720,106.201
99.861,85.059,35.736,105.286
103.046,87.656,35.657,104.774
106.477,86.478,35.530,104.828
109.906,89.769,35.422,104.677
112.478,90.917,35.287,105.298
114.474,89.908,35.292,105.945
116.239,87.681,35.619,105.752
117.246,90.992,35.841,105.699
119.466,94.868,36.407,105.179
119.326,95.368,36.167,105.234
121.108,98.123,36.245,105.035
122.711,104.719,35.917,105.547
123.168,105.765,35.322,106.891
124.857,109.613,35.420,106.687
125.368,104.977,35.025,107.743
124.534,103.220,35.106,107.330
122.808,103.385,35.169,106.706
121.865,111.564,35.118,106.363
122.140,108.650,34.861,107.040
122.778,111.114,34.843,107.085
123.081,108.793,34.852,107.381
124.356,110.787,35.107,107.794
124.623,111.064,35.182,108.300
123.304,108.916,35.225,109.195
124.399,106.873,35.460,110.091
125.751,105.103,35.626,110.398
125.814,102.890,35.780,110.211
126.390,103.519,36.016,110.146
127.729,99.588,36.249,110.610
129.243,94.776,36.100,111.693
127.701,91.489,35.807,112.478
126.016,88.227,35.422,113.446
124.374,84.966,35.165,113.423
123.761,81.129,35.091,113.129
123.236,79.000,35.163,112.331
121.563,81.335,35.387,111.496
120.489,86.375,35.363,111.404
123.418,89.531,35.548,110.824
127.788,86.234,36.016,110.620
132.094,88.863,36.338,110.709
133.543,86.495,36.219,111.336
133.532,85.460,36.224,111.110
133.231,87.181,36.529,110.414
133.369,89.107,36.835,109.603
134.940,89.968,36.869,108.954
135.322,91.963,36.673,108.814
136.094,95.344,36.469,108.498
134.795,98.439,36.084,109.036
133.091,96.932,35.869,109.808
132.550,94.488,35.776,110.333
129.390,90.549,35.853,110.113
126.228,91.821,36.095,108.547
124.412,96.104,36.160,107.719
126.852,100.766,36.282,107.152
125.573,100.310,35.806,108.404
124.077,99.415,35.888,108.677
124.710,102.275,35.972,109.054
125.952,100.852,36.053,109.676
125.831,98.999,36.021,110.184
126.308,98.526,36.170,110.321
123.449,96.710,36.476,109.525
113.969,99.862,36.771,108.212
115.757,103.614,37.205,107.413
111.519,99.974,37.179,107.767
109.732,95.361,36.675,109.001
106.983,93.881,36.444,109.821
105.711,90.669,36.286,110.580
107.289,88.544,36.659,110.789
111.130,85.702,36.982,110.575
115.119,83.950,37.119,110.502
115.225,87.896,37.262,109.376
118.015,93.131,37.162,108.697
122.288,93.188,36.776,109.397
126.182,91.799,36.555,110.400
130.048,91.001,36.516,111.341
130.921,89.815,36.197,112.044
129.417,87.197,36.163,111.868
128.632,86.131,36.338,111.491
130.007,90.252,37.062,110.286
133.944,93.157,37.564,109.402
138.007,96.374,37.823,108.650
138.478,99.959,37.574,108.371
140.221,99.249,37.195,108.997
139.976,98.651,36.815,109.794
138.373,96.367,36.418,110.223
138.950,100.836,36.492,109.359
140.661,103.709,36.171,108.928
141.722,103.566,35.875,108.868
144.884,104.936,35.828,109.349
141.133,110.742,35.681,109.598
140.697,111.887,35.444,110.736
139.988,113.463,35.384,111.364
135.639,115.279,35.708,110.696
132.143,117.652,35.978,110.113
130.045,118.952,36.284,109.530
125.165,120.248,36.625,109.181
124.743,126.167,36.664,109.263
124.080,129.141,36.625,110.019
124.407,127.650,36.531,110.994
123.512,124.237,36.303,112.094
121.386,122.313,35.949,113.737
118.711,115.444,35.645,114.670
118.787,110.759,35.693,115.257
115.946,103.345,35.658,115.714
111.679,97.255,35.874,114.922
110.920,104.617,36.080,114.306
110.111,103.151,35.999,114.411
109.444,104.944,35.770,114.725
106.221,102.462,35.643,115.433
107.469,104.239,35.637,116.229
109.059,101.645,35.709,116.929
108.297,100.367,36.129,117.156
104.923,95.976,36.201,117.478
99.576,90.424,36.243,117.454
95.800,85.352,36.123,118.247
98.403,82.413,36.758,117.680
103.687,87.017,37.642,116.378
107.394,90.742,37.793,116.740
112.581,90.914,38.058,116.804
116.075,90.731,38.366,116.434
116.244,86.533,38.251,116.553
115.491,84.828,38.076,116.527
114.825,86.528,38.200,115.904
114.666,89.358,38.024,116.215
115.767,93.232,37.710,116.469
116.604,94.742,37.241,117.701
119.860,101.434,37.368,117.952
122.258,102.390,37.521,118.286
123.539,102.786,38.153,117.730
126.874,104.851,38.652,117.578
128.236,105.721,39.137,116.822
128.825,108.353,39.566,115.903
126.590,107.054,39.609,115.237
128.001,112.010,39.148,115.637
128.899,111.255,38.692,116.367
130.549,112.012,38.428,116.561
132.791,111.960,38.324,116.701
134.534,114.774,38.184,116.520
134.953,115.086,37.917,116.258
135.219,114.483,37.710,115.922
131.680,116.500,37.854,115.335
121.553,124.799,38.178,114.506
117.726,126.381,37.815,114.749
117.730,128.238,37.243,115.391
117.878,127.244,36.893,116.533
118.501,125.093,37.065,117.044
118.122,122.262,37.500,116.755
116.544,120.040,38.193,116.226
114.868,117.562,38.782,115.644
114.701,118.631,39.353,114.901
114.358,117.459,39.322,114.928
113.705,115.678,39.238,115.608
109.824,113.252,39.413,116.516
109.185,113.351,39.449,117.768
107.783,112.912,39.623,118.438
106.361,111.421,39.820,118.668
104.784,109.951,39.976,118.589
103.605,111.899,40.063,118.873
102.655,114.932,40.257,119.073
102.711,118.554,40.582,118.538
103.251,120.802,40.786,118.692
104.682,122.940,41.155,119.220
105.522,124.352,41.971,118.760
105.060,127.302,43.381,117.584
104.357,129.365,44.127,117.441
103.214,127.519,44.232,116.867
102.872,125.330,43.903,117.665
104.934,126.873,43.358,119.041
106.432,130.009,43.120,119.400
107.228,130.515,42.493,120.307
106.655,126.678,41.850,120.867
105.322,125.083,41.612,121.079
103.287,123.743,41.635,120.853
103.153,128.191,41.647,120.589
104.827,128.126,41.112,121.064
105.592,128.033,40.938,121.115
105.914,129.371,41.389,120.770
105.712,130.666,41.874,121.198
105.153,126.405,42.134,122.095
104.199,123.197,42.224,123.536
102.891,120.906,42.594,124.256
94.211,121.323,42.310,124.993
93.107,119.356,42.599,125.245
84.640,117.966,42.783,124.554
