40.000,199.000,61.000,103.000
41.464,197.489,60.727,103.845
40.262,198.052,60.480,104.447
41.342,196.833,59.931,105.809
40.791,195.294,59.527,106.485
40.002,194.342,59.205,107.339
40.655,192.750,58.967,108.211
40.161,192.833,58.750,109.047
40.258,191.985,58.740,109.514
39.552,190.697,58.680,110.114
40.277,189.240,58.739,110.729
39.470,188.473,58.593,111.620
39.588,184.402,57.855,112.902
39.834,179.391,57.248,113.578
40.583,174.011,56.989,113.631
41.112,168.419,56.929,113.446
41.455,161.278,56.984,113.468
41.822,154.951,57.195,113.951
42.647,148.432,57.326,114.752
43.987,141.153,57.480,115.598
46.171,132.512,57.915,116.340
48.370,124.718,58.460,117.296
51.011,117.729,58.956,118.270
54.748,110.856,59.682,119.234
57.300,105.010,60.837,119.739
60.553,99.628,61.990,119.804
66.054,94.221,63.360,119.352
72.282,88.975,64.387,119.842
77.818,84.354,65.334,120.725
83.761,80.765,66.356,121.539
88.713,77.123,67.299,122.834
94.861,72.867,67.449,124.713
102.238,67.739,67.488,126.382
114.330,63.404,67.142,128.620
123.237,59.932,67.214,130.154
132.387,54.303,68.434,130.779
142.221,50.847,68.915,132.022
149.679,47.485,69.661,132.502
158.454,46.694,69.825,134.252
169.866,44.250,70.535,134.751
176.858,40.578,70.849,135.299
184.154,39.672,71.604,134.789
195.660,41.430,72.754,134.561
206.380,41.820,73.121,134.557
214.589,38.733,72.094,135.339
222.520,34.719,71.645,136.485
228.983,37.047,72.046,135.915
235.696,39.105,71.323,136.214
243.054,40.229,70.211,137.241
249.110,43.041,69.033,138.715
256.235,41.991,67.731,141.264
258.624,42.132,67.910,142.330
264.116,43.143,68.670,142.133
267.136,44.987,68.815,142.588
269.720,47.841,68.931,142.938
274.093,48.544,68.797,143.436
277.909,50.841,68.801,143.746
281.911,54.841,69.070,143.417
286.293,60.148,68.538,143.698
289.866,61.552,68.411,143.433
293.036,66.920,68.215,143.169
295.303,72.066,68.813,141.756
297.641,79.116,69.857,140.404
302.155,83.025,71.435,139.111
306.410,87.981,72.883,137.429
311.367,93.127,73.306,137.480
317.386,96.419,72.672,138.298
321.527,103.725,72.437,138.459
325.517,107.351,71.968,138.491
331.375,112.873,71.671,138.126
336.970,118.083,70.799,138.486
340.596,123.910,70.171,138.020
345.638,130.399,70.002,136.818
349.397,139.409,69.549,135.437
354.348,143.293,68.840,134.829
356.944,148.910,68.617,134.100
359.624,155.431,68.454,133.454
361.789,163.561,67.996,132.462
363.307,171.668,67.718,130.856
364.895,176.536,67.529,129.688
365.487,182.140,67.174,128.415
365.390,186.605,66.782,127.087
365.270,191.194,66.188,125.924
364.664,193.274,65.819,124.805
363.638,195.827,65.546,123.261
362.880,197.510,65.157,122.058
363.200,197.627,64.423,121.237
362.987,197.440,63.626,120.406
362.786,197.756,62.911,119.594
363.809,194.963,61.994,119.374
363.427,194.151,61.350,118.749
364.033,191.840,60.583,118.651
365.265,188.245,59.956,118.900
367.180,185.291,59.555,118.899
367.587,182.576,59.614,118.732
368.853,179.503,59.527,118.930
370.209,174.527,59.503,119.375
371.097,170.768,59.850,119.595
372.020,166.835,59.940,120.031
372.974,161.754,60.114,120.878
373.199,155.458,60.536,121.939
373.112,149.156,61.183,122.964
372.274,144.300,62.061,124.285
370.254,139.062,63.139,125.306
368.734,135.010,64.136,126.000
365.730,130.679,64.835,127.141
362.510,126.270,65.576,127.925
358.193,121.868,66.094,128.809
353.159,121.000,66.901,129.505
348.665,118.335,67.384,130.043
342.577,117.135,67.755,130.876
337.026,117.675,68.246,131.443
331.211,116.480,68.657,132.335
324.264,115.403,69.311,132.953
317.805,117.050,69.769,133.627
310.201,117.129,69.772,134.416
301.318,117.377,69.881,134.918
292.277,116.432,70.493,135.453
286.015,117.761,71.204,136.017
280.214,116.091,71.143,137.308
273.883,115.891,71.358,138.660
266.693,117.753,72.314,139.562
260.683,117.772,72.372,141.226
255.705,116.684,72.804,142.696
249.843,118.552,73.379,144.653
244.348,120.698,74.275,146.137
239.292,119.934,75.133,147.151
234.519,122.180,76.039,148.495
230.792,124.225,77.002,149.615
227.072,125.487,77.858,151.147
226.603,124.574,78.293,152.306
222.442,129.517,78.543,154.130
222.308,129.276,79.048,155.735
221.038,130.162,79.273,157.833
219.376,132.272,79.971,159.324
220.965,134.702,80.317,160.885
220.490,138.641,81.126,162.459
223.942,139.476,80.997,163.692
226.418,142.481,80.982,164.280
231.459,145.007,80.816,164.110
235.103,146.889,80.930,163.637
239.974,145.698,80.011,163.156
246.781,147.131,79.008,162.593
253.901,145.006,77.722,162.548
258.415,144.730,77.504,160.920
263.934,145.363,77.410,158.818
264.596,147.592,76.785,158.274
273.793,145.607,76.487,156.334
276.430,143.986,75.657,156.629
281.035,142.418,75.823,155.477
286.437,144.067,75.494,154.377
291.736,144.672,75.285,152.077
295.834,146.427,75.462,149.794
299.720,149.529,75.482,147.391
302.924,152.301,74.886,145.341
307.882,155.687,74.307,142.847
311.842,158.575,73.445,140.060
315.358,162.512,72.517,137.534
319.553,163.679,71.691,135.454
321.501,166.042,71.148,133.527
323.429,167.614,70.541,131.527
325.436,168.983,69.958,129.469
326.872,169.231,69.663,127.320
328.328,168.809,69.205,125.795
329.342,169.113,68.769,124.503
331.305,169.206,67.991,123.725
333.171,167.534,67.245,123.155
334.864,167.059,66.703,122.442
337.519,166.931,65.894,122.474
340.993,165.534,65.072,122.822
344.438,163.696,64.398,122.828
348.023,162.982,64.014,122.633
351.822,162.212,63.390,122.462
356.834,160.271,62.540,122.481
360.713,159.642,62.154,122.211
365.857,158.774,61.441,122.012
370.287,159.451,61.299,121.694
374.323,159.346,61.766,121.249
377.892,159.046,62.294,120.671
382.441,157.159,62.280,120.726
387.968,157.267,62.157,121.321
391.143,156.167,62.623,121.387
394.575,155.861,62.871,121.353
399.312,151.139,62.376,122.263
401.987,148.266,62.378,122.578
406.228,145.028,62.205,122.973
410.208,143.140,62.155,123.074
413.471,144.090,62.047,122.842
418.435,141.784,62.292,122.951
422.308,141.679,62.282,123.177
425.478,140.104,61.907,123.320
428.987,137.586,61.539,123.307
432.084,135.883,61.235,123.226
434.309,134.004,60.837,123.357
435.565,132.407,60.708,123.270
438.260,131.952,60.296,123.573
440.116,132.716,60.414,123.309
443.136,135.103,60.290,123.177
446.020,137.508,60.101,122.798
449.302,137.914,59.873,123.188
451.885,137.307,59.421,123.524
451.983,138.531,59.633,123.125
454.519,137.262,59.305,123.295
455.125,137.736,59.695,122.621
457.488,136.427,59.529,122.923
458.482,134.405,59.644,122.776
458.796,130.373,60.147,122.235
459.046,127.002,60.782,121.779
459.032,121.188,61.218,121.566
456.820,116.675,62.130,120.625
454.869,112.019,62.773,120.468
453.264,107.487,62.846,121.019
450.622,102.753,62.814,122.049
447.447,98.647,63.107,122.340
443.845,93.037,63.816,122.266
438.845,87.790,64.588,122.078
426.660,78.030,64.557,123.696
420.837,72.399,64.899,125.050
408.247,64.524,64.888,126.647
398.913,61.303,65.634,127.436
384.836,53.450,64.721,129.913
370.959,45.445,64.677,130.967
354.971,42.762,64.706,131.497
339.217,38.688,65.213,131.770
323.219,40.607,65.110,132.110
304.198,42.090,66.759,130.132
289.610,44.394,66.595,129.825
272.468,43.790,66.303,131.115
257.976,42.404,65.477,132.907
243.382,40.301,63.478,135.282
225.284,33.756,62.259,137.203
208.866,25.349,61.651,139.017
192.352,26.305,61.685,140.191
177.071,16.026,62.183,141.238
163.759,13.360,62.281,142.782
148.558,6.616,65.136,139.624
136.508,9.534,67.236,136.877
125.622,10.553,67.711,135.957
119.273,15.028,68.259,135.564
105.672,13.433,68.350,135.733
91.723,15.562,68.905,135.166
82.343,21.727,68.905,136.177
73.697,26.755,69.538,137.218
68.675,28.272,70.218,137.846
60.516,33.605,71.068,137.121
54.466,37.545,71.942,136.636
46.019,42.072,72.368,136.765
40.676,45.990,73.237,136.937
35.799,51.754,73.223,137.851
32.336,57.216,73.084,138.296
29.938,64.702,72.675,138.268
27.607,72.399,72.027,138.752
22.069,77.606,71.555,139.470
19.228,84.839,71.151,139.664
18.197,90.769,70.820,139.447
15.467,95.166,70.953,139.007
12.977,98.155,70.546,138.887
11.743,103.285,69.673,139.275
10.191,109.311,69.526,138.415
8.523,116.637,69.420,136.549
7.939,123.712,69.365,134.230
7.219,128.061,69.379,132.605
8.069,131.867,68.839,131.410
8.212,133.684,68.272,130.584
8.247,136.862,67.919,129.349
9.484,139.420,67.515,128.161
11.315,142.029,66.946,127.992
12.805,143.945,66.255,127.836
14.528,145.690,65.809,127.335
15.510,147.558,65.643,126.517
18.009,153.275,64.596,126.863
21.134,158.760,63.979,126.420
22.240,165.604,63.882,125.596
26.055,171.275,63.666,124.669
28.031,177.718,63.281,123.898
30.953,184.846,63.353,122.084
33.990,190.178,63.142,120.251
37.324,195.158,62.631,118.502
39.627,196.678,62.700,116.358
40.631,199.755,62.896,114.688
42.874,203.208,62.856,113.238
44.873,204.428,62.936,112.424
45.161,205.300,62.752,111.784
45.572,205.438,62.613,110.983
47.036,206.752,62.444,110.271
46.674,207.314,62.363,109.538
47.225,209.732,62.167,108.697
48.110,212.810,61.828,108.360
49.079,214.674,61.420,108.178
50.337,194.426,66.389,103.336
51.389,194.731,70.086,99.538
50.982,195.709,72.657,97.228
51.207,197.118,74.846,95.317
50.736,197.384,76.485,93.985
50.181,197.536,78.170,92.797
49.409,198.280,79.388,92.218
49.087,198.158,80.388,91.865
48.486,198.629,81.353,91.906
48.433,199.173,82.051,92.088
48.030,198.704,83.090,92.001
47.633,198.829,83.792,92.195
47.916,198.825,84.395,92.560
47.721,198.437,84.952,92.945
47.118,197.925,85.423,93.330
47.110,196.914,85.952,93.450
46.626,195.736,86.636,93.364
45.979,195.624,86.737,93.364
45.275,195.032,86.781,93.485
45.050,201.048,87.442,94.037
35.290,197.704,87.217,93.841
36.281,196.179,86.934,93.437
36.755,196.734,86.859,92.620
37.120,198.691,86.905,91.665
36.790,199.068,86.937,90.784
36.317,199.189,87.062,89.693
35.472,200.511,87.345,88.376
34.679,201.783,87.673,87.145
34.304,201.372,87.542,86.124
34.563,202.076,87.223,85.091
34.890,201.529,86.516,84.275
35.101,202.533,85.947,83.448
35.470,202.384,85.410,82.432
35.429,202.837,84.897,81.441
35.548,202.690,84.016,80.791
36.177,202.693,83.248,80.098
36.864,202.123,82.866,79.100
37.107,203.189,82.927,78.043
36.344,203.391,82.721,77.114
35.643,204.090,82.330,76.508
35.920,204.838,81.989,76.024
35.646,205.381,81.440,75.491
35.768,204.647,80.975,74.943
36.190,205.288,80.660,74.388
36.905,206.305,80.793,73.414
37.103,206.438,81.025,72.546
37.410,206.746,81.059,71.797
37.382,206.917,81.077,71.100
36.936,207.242,80.988,70.428
36.765,207.213,80.892,69.787
37.170,207.579,80.712,69.258
37.165,207.351,80.657,68.737
36.810,207.677,80.555,68.267
37.351,207.437,80.273,67.865
37.471,207.521,79.886,67.667
37.979,207.865,79.446,67.544
38.102,207.932,79.325,67.150
37.990,207.814,78.853,66.881
37.762,208.177,78.526,66.679
38.552,207.947,78.207,66.402
38.118,208.371,78.301,65.987
37.848,207.882,78.172,65.682
38.501,208.901,78.134,65.440
38.279,208.041,78.005,65.206
38.475,208.816,77.892,65.048
38.294,208.929,77.758,64.951
38.436,209.162,77.675,64.936
38.663,209.132,77.625,64.854
38.765,209.118,77.618,64.743
39.113,209.472,77.698,64.608
39.330,209.760,77.685,64.523
39.223,209.912,77.722,64.574
39.164,209.816,77.478,64.860
38.897,209.194,76.808,65.451
38.465,208.343,75.974,66.236
39.226,207.826,75.089,66.788
39.949,207.695,74.573,67.133
39.962,208.241,74.424,66.979
39.585,207.432,74.221,67.077
38.571,206.998,73.820,67.316
38.759,206.802,73.063,67.892
39.033,206.667,72.333,68.719
38.917,205.352,71.323,70.299
40.317,205.545,70.593,71.486
41.851,205.944,70.101,72.352
44.952,207.716,69.949,72.825
48.041,208.503,69.428,73.091
50.716,209.480,68.799,73.616
52.908,206.612,68.007,75.281
55.882,202.768,67.044,77.632
57.102,197.410,66.659,79.910
57.760,192.795,66.570,82.089
58.780,188.944,66.584,83.840
61.019,185.701,66.302,85.382
63.186,182.829,66.357,85.894
66.248,180.630,66.391,86.350
70.635,174.372,63.207,89.946
73.131,158.967,60.852,93.455
74.110,142.645,59.556,96.483
79.504,134.589,59.140,98.615
84.252,126.442,59.524,100.069
89.412,119.794,60.028,101.424
94.491,113.005,61.279,102.123
99.328,109.976,62.237,102.932
107.972,108.590,61.738,105.254
118.446,106.810,61.280,107.270
129.069,104.831,61.128,109.236
138.497,102.307,60.888,111.279
149.746,101.870,60.385,112.564
162.462,100.953,59.717,113.512
176.435,100.065,59.388,113.510
186.426,100.756,59.680,113.474
197.009,102.720,60.037,113.627
210.915,102.027,60.378,114.155
223.777,103.157,60.380,114.714
236.645,105.552,60.631,115.395
248.276,110.966,60.837,117.104
258.535,113.579,61.065,119.192
266.650,114.296,61.474,120.559
274.127,118.628,61.922,121.330
283.995,123.974,62.273,122.036
287.826,129.510,62.941,122.666
291.770,132.011,64.292,123.253
293.342,140.528,65.253,123.434
297.043,145.556,65.585,124.116
299.615,151.995,65.415,124.661
300.868,157.878,65.518,125.008
302.033,161.164,65.571,125.125
301.681,164.283,66.097,123.981
299.558,166.952,66.463,123.010
296.640,170.128,66.862,122.358
293.613,173.774,66.851,121.742
291.190,176.577,66.482,121.655
289.184,178.478,66.222,121.215
287.583,179.646,65.453,120.511
285.100,179.318,64.712,119.973
281.410,179.780,64.302,119.078
277.838,181.265,63.938,118.157
274.588,182.777,63.599,117.608
271.744,183.052,63.393,117.362
269.582,183.333,63.005,117.860
265.989,183.030,62.801,118.036
265.152,184.526,62.139,118.012
264.240,184.513,61.443,117.763
263.998,187.063,60.886,117.290
263.364,188.592,60.360,116.325
262.309,190.706,60.059,114.871
261.398,192.226,59.656,113.536
260.664,194.947,59.341,112.032
260.384,195.923,59.030,110.657
260.076,197.982,58.489,109.372
259.399,200.687,58.163,107.681
258.945,203.970,57.923,105.495
258.145,204.825,57.736,103.653
258.152,207.023,57.116,102.062
257.625,209.828,56.325,100.662
257.212,210.428,55.762,99.109
256.803,211.907,55.016,97.621
256.905,214.337,54.227,95.730
256.487,215.497,53.546,93.874
255.812,216.756,52.750,91.982
255.673,218.324,52.043,90.312
254.701,218.634,51.493,88.472
253.662,218.389,51.057,86.741
252.442,216.452,50.909,85.030
250.534,213.645,50.594,83.572
248.567,210.794,50.151,83.305
247.037,207.975,49.977,83.793
246.642,205.193,50.135,84.468
245.484,201.795,49.779,86.453
245.783,198.663,49.249,88.372
246.978,196.061,48.250,89.391
247.411,184.625,47.377,91.293
247.871,182.250,45.615,94.564
250.090,180.881,44.024,97.975
252.945,171.615,42.660,100.431
253.979,163.038,42.024,102.502
255.024,153.487,41.984,103.815
257.233,142.771,41.999,105.355
259.458,132.949,42.370,106.444
262.186,132.626,42.563,107.947
267.515,132.283,43.960,108.139
271.188,121.346,46.290,107.217
274.582,120.279,48.712,106.583
278.753,118.460,50.680,106.315
281.755,115.772,52.677,106.403
285.497,114.636,54.502,106.959
288.732,114.968,56.499,107.902
291.598,115.153,58.398,109.471
294.197,116.877,60.613,110.983
295.413,119.759,62.817,113.091
295.648,124.135,64.477,115.415
294.573,128.801,65.829,117.906
293.045,134.864,67.096,120.560
291.077,143.097,68.391,122.913
286.587,151.724,69.751,125.152
280.947,156.497,70.367,127.652
274.903,162.920,71.079,128.022
266.672,174.107,72.314,125.861
260.351,182.710,72.148,124.964
246.983,196.001,73.195,123.137
240.407,202.612,73.192,122.584
226.244,222.221,73.540,124.108
220.097,231.935,74.094,125.798
213.179,237.293,74.288,127.917
206.963,239.096,74.656,129.520
204.622,235.261,74.959,130.198
199.953,230.806,75.239,131.183
194.156,214.339,75.289,132.809
189.926,209.486,76.246,133.370
187.998,200.805,75.822,135.455
189.485,188.991,75.422,137.943
192.966,174.261,75.392,138.330
195.959,166.493,75.239,139.194
199.794,159.345,75.434,140.202
204.330,154.663,75.554,141.647
208.500,148.751,75.600,142.103
214.458,141.945,75.167,143.478
218.996,136.970,75.127,144.467
226.648,131.459,75.310,144.747
233.873,129.519,76.195,145.264
241.407,131.648,76.972,145.696
251.865,134.939,77.186,146.405
261.879,138.212,77.335,148.134
270.709,140.624,78.681,148.532
279.945,142.058,79.430,149.671
290.223,141.953,80.513,150.028
298.069,146.085,81.922,150.063
315.564,156.228,81.160,151.146
328.585,156.566,79.592,152.311
344.588,160.058,79.336,152.650
355.832,159.259,78.369,153.045
369.983,161.237,77.757,153.879
384.380,158.193,77.619,153.359
393.523,155.988,76.672,153.675
402.861,155.476,75.819,153.052
412.187,154.023,74.815,152.693
418.600,151.771,74.564,151.410
424.829,148.907,74.198,150.330
427.561,144.612,73.852,150.076
429.969,139.395,73.592,149.665
430.395,135.149,74.073,148.996
428.298,133.544,75.257,146.538
424.346,129.838,76.240,144.525
419.718,128.954,76.889,143.025
404.352,124.839,76.926,143.324
389.636,120.715,75.995,145.088
374.769,122.387,76.318,144.747
359.104,119.985,76.935,144.294
340.699,121.582,77.133,143.690
318.948,124.220,76.968,143.551
290.312,126.831,77.164,143.069
265.843,119.766,77.561,142.862
241.724,125.980,77.477,143.509
207.906,116.972,79.585,142.102
175.870,122.526,81.342,141.283
143.189,123.552,82.259,141.877
112.352,123.420,84.434,141.838
82.511,121.818,90.288,137.328
63.058,134.394,89.630,139.508
33.128,133.479,94.224,137.743
12.490,132.408,92.788,141.732
-4.069,129.640,89.548,147.272
-10.487,123.737,84.682,155.025
-10.358,116.517,79.702,161.359
-10.497,110.700,75.384,167.056
-9.538,88.293,72.313,171.719
-6.779,84.095,69.875,175.228
-2.762,79.617,69.026,177.057
1.871,74.929,69.104,178.047
11.910,57.714,71.162,177.001
15.258,43.559,72.108,177.435
30.894,30.635,73.829,175.983
44.188,29.007,78.554,168.557
63.613,27.745,81.529,164.690
79.073,24.829,81.919,163.085
93.126,16.478,82.946,159.446
108.561,15.156,83.232,156.091
124.401,13.174,83.537,153.397
139.094,10.674,83.326,150.952
153.779,15.841,82.518,151.105
168.426,15.990,79.471,155.380
182.832,15.381,76.736,159.555
200.957,15.238,77.314,158.714
211.159,18.662,77.364,158.386
221.922,19.647,78.214,156.852
236.788,24.525,76.875,156.875
248.606,27.548,75.187,158.340
260.085,27.775,73.929,159.695
269.514,31.207,73.988,159.680
273.696,35.791,74.464,159.247
280.694,42.096,73.777,159.671
283.918,47.836,73.814,159.104
287.441,55.444,74.038,158.431
289.942,65.815,74.486,157.420
290.389,75.738,74.755,156.387
289.814,87.864,74.902,155.423
288.920,99.324,75.248,154.500
287.852,108.647,75.447,153.721
287.800,117.573,75.471,152.483
285.230,128.007,75.612,150.729
284.524,134.226,75.348,149.905
282.388,142.364,75.339,148.759
282.568,146.651,74.235,149.291
282.490,151.858,73.296,149.893
281.640,160.580,72.419,150.018
279.869,170.520,72.668,148.083
280.549,176.603,73.067,145.620
281.831,183.172,72.807,143.723
283.034,189.256,72.666,141.213
286.280,190.695,72.615,139.056
288.433,192.711,72.656,137.193
289.742,193.284,73.099,135.292
292.851,192.681,73.290,133.237
294.079,190.893,73.641,131.740
296.673,189.026,73.880,131.144
299.921,188.003,73.773,130.720
302.589,184.987,73.291,130.978
304.969,184.393,73.438,130.408
307.478,181.590,73.107,130.389
309.615,180.484,72.915,130.955
311.470,179.873,73.113,131.558
312.144,178.472,73.188,132.617
312.947,178.310,73.328,134.186
312.587,178.350,73.660,135.885
312.354,178.934,74.421,137.334
309.965,180.782,75.586,139.054
306.542,182.431,76.630,140.957
301.350,185.156,78.292,142.211
295.222,187.715,80.253,143.081
288.585,188.917,81.711,144.176
281.016,190.548,83.426,144.610
271.673,190.268,84.434,145.441
261.987,194.093,85.004,147.742
251.763,194.858,85.712,149.091
240.917,195.433,86.300,150.697
229.308,197.058,86.523,152.585
218.124,198.170,86.306,155.103
208.533,198.525,86.206,158.487
199.476,197.641,87.301,161.025
187.441,192.956,89.104,162.913
174.384,194.754,91.112,163.734
164.805,198.655,92.387,163.410
157.916,197.472,92.691,163.012
149.394,200.779,92.698,162.099
143.952,203.171,91.809,163.016
138.871,204.622,90.592,163.858
137.719,207.051,88.378,165.313
134.774,210.096,86.587,166.229
135.679,214.045,85.252,166.599
135.921,221.593,83.742,165.989
135.383,224.716,83.109,165.346
137.501,229.831,82.196,164.536
141.874,235.587,80.909,163.080
144.518,235.946,80.691,161.058
147.082,239.560,80.690,158.413
151.815,241.111,80.490,155.924
153.262,245.355,80.503,152.698
157.726,250.198,80.592,149.468
160.575,251.288,79.839,147.784
163.013,253.892,79.602,146.100
165.988,252.862,78.808,145.605
167.838,252.300,79.145,144.283
170.161,252.062,79.823,142.576
172.060,252.721,80.786,140.722
174.918,251.572,81.334,139.447
177.447,250.176,82.124,138.046
181.570,252.744,82.684,136.765
185.996,254.543,83.497,136.229
193.225,254.279,83.755,136.384
200.242,254.320,84.311,136.674
208.706,254.697,84.271,137.854
216.839,254.390,83.794,139.301
225.610,250.095,83.165,141.289
235.238,247.294,83.062,142.380
245.924,245.186,83.032,143.349
257.036,242.309,82.333,144.725
269.097,244.998,81.465,145.848
281.268,243.421,80.667,147.123
292.185,244.299,79.560,147.723
308.152,247.386,79.695,146.530
322.431,250.154,79.675,145.583
337.362,250.051,78.902,145.499
353.246,250.252,78.803,145.262
370.233,246.389,78.522,144.867
384.798,244.821,78.629,144.082
397.870,240.415,78.433,143.474
411.236,235.619,79.283,142.343
425.742,230.529,80.372,141.174
431.512,228.621,79.902,140.989
446.073,225.665,79.568,141.147
451.800,225.587,78.561,141.667
458.149,221.173,77.476,142.536
461.813,219.123,77.315,142.651
466.570,217.324,76.380,143.029
471.300,211.525,75.688,143.392
474.064,205.562,76.085,143.213
474.889,197.279,76.888,143.338
474.255,176.937,78.053,144.922
471.796,169.454,79.641,145.158
462.337,161.541,78.677,147.532
460.666,157.615,78.916,148.840
443.935,132.954,79.790,150.946
429.015,120.497,79.792,151.334
411.659,101.202,81.507,153.422
395.202,77.487,82.406,156.628
377.665,72.963,82.760,159.589
358.243,69.366,83.159,160.124
336.619,52.886,83.405,161.319
313.117,50.338,85.616,159.689
289.929,37.400,86.250,159.368
271.001,35.550,85.605,160.760
251.553,34.912,84.551,161.471
230.988,35.090,84.955,160.491
210.872,31.635,84.885,161.967
188.230,35.105,86.602,162.103
168.381,38.814,87.250,164.001
150.878,47.251,88.576,166.265
140.135,53.047,88.976,169.002
132.595,58.761,88.647,171.976
127.399,69.133,87.728,174.502
124.894,91.015,87.367,176.750
122.496,102.835,87.726,176.912
122.795,112.535,87.751,176.674
127.520,133.439,89.102,175.343
132.484,140.694,89.953,174.801
138.454,150.627,90.192,173.443
147.957,160.882,90.210,172.892
153.854,166.938,90.422,173.355
163.420,179.002,91.364,171.423
171.733,181.021,91.856,170.171
180.920,183.713,92.992,168.621
187.314,187.729,95.318,165.908
194.613,194.104,96.685,163.629
211.388,202.544,94.255,163.935
220.551,205.257,92.744,163.434
230.499,202.851,90.884,164.495
254.582,198.429,87.496,164.897
266.498,191.912,85.247,165.191
276.604,188.822,84.818,163.809
288.079,192.034,84.895,162.068
300.404,190.708,85.431,158.792
306.857,192.243,85.693,155.390
316.695,191.792,84.655,153.694
325.445,188.639,83.258,152.228
332.305,187.688,82.105,150.845
337.339,185.004,81.498,149.448
340.798,183.362,80.804,148.274
342.682,181.428,79.911,147.849
343.456,178.734,79.097,147.712
342.789,174.758,78.186,147.900
339.908,172.498,77.562,147.859
337.354,169.351,76.866,147.946
331.290,170.140,76.705,146.790
327.296,168.701,76.101,146.151
321.307,170.130,75.902,144.772
314.463,168.678,75.206,143.788
307.136,168.517,74.918,142.011
298.775,168.045,74.700,140.116
290.307,165.218,74.370,138.404
284.441,160.710,73.116,137.943
278.766,156.861,71.608,137.808
270.903,153.128,70.959,137.872
265.933,148.805,70.298,137.561
262.222,145.692,68.498,139.461
259.424,141.309,66.983,141.017
253.573,136.321,66.078,143.633
248.896,130.378,65.573,145.706
245.285,126.533,64.889,147.193
239.523,123.014,64.862,147.168
230.838,112.094,66.712,144.929
225.499,108.941,67.338,144.025
217.384,105.323,68.343,144.226
209.889,102.371,68.834,144.511
200.293,100.072,69.705,144.395
193.270,96.844,69.808,144.300
185.315,93.102,69.716,143.859
178.124,88.437,67.865,146.110
164.073,79.235,70.489,144.173
153.236,81.417,71.800,143.802
143.009,82.819,72.844,143.309
132.732,85.988,73.826,143.857
122.574,89.352,74.990,144.329
113.290,94.185,75.957,144.348
103.041,98.312,77.190,143.910
94.315,102.336,77.406,144.739
83.788,107.244,77.109,146.141
74.064,114.434,77.541,146.065
65.618,122.852,78.063,145.135
58.449,122.902,77.444,145.650
49.289,127.303,77.281,145.737
42.962,126.050,76.768,146.164
33.385,129.792,77.546,145.263
24.803,131.600,77.623,144.703
18.129,131.912,77.407,144.309
14.088,131.722,76.652,143.821
10.153,135.648,75.783,143.614
9.191,140.222,74.882,144.096
8.516,153.030,74.605,144.594
9.441,155.766,74.313,144.681
10.946,168.857,74.508,143.300
14.961,173.185,74.537,141.796
18.020,178.232,74.339,140.098
21.200,184.833,73.594,137.666
24.124,192.743,73.401,135.043
26.974,196.564,73.385,131.663
30.068,199.789,73.532,128.101
34.809,201.366,73.112,125.738
39.717,200.535,72.113,123.804
43.720,202.501,70.890,122.671
46.277,201.469,69.592,121.712
47.963,201.232,68.709,120.597
48.813,201.961,68.016,119.521
50.628,202.890,67.396,118.405
50.559,204.054,66.583,117.643
51.086,203.592,65.695,116.981
51.671,205.007,64.998,116.038
52.702,206.729,64.364,115.314
53.920,207.581,63.529,114.867
53.347,209.420,63.096,114.684
53.066,211.919,62.857,114.414
51.876,212.902,62.574,114.204
50.506,213.211,62.422,113.907
49.570,216.099,61.883,114.010
48.446,219.186,61.659,113.689
47.352,222.561,61.228,112.746
44.204,226.205,61.031,112.184
42.052,227.164,60.820,111.365
40.573,226.789,60.617,110.762
38.491,226.220,60.753,109.714
36.649,224.495,60.761,108.388
35.150,223.784,60.548,107.549
32.797,223.296,60.552,106.328
31.251,224.369,60.791,105.096
28.931,225.274,60.795,104.261
27.401,226.535,60.649,103.592
25.819,226.066,60.483,102.872
23.775,226.687,60.048,102.693
21.986,226.002,59.814,102.483
20.707,226.018,59.507,102.386
19.031,225.275,58.908,102.651
18.007,225.325,58.284,103.031
16.312,223.665,57.919,102.716
14.217,223.389,57.586,102.285
12.675,223.280,57.533,101.224
11.169,224.652,57.693,100.350
9.187,225.704,57.634,100.131
7.237,226.773,57.839,99.643
5.797,229.500,58.059,99.424
4.518,231.052,58.023,100.032
3.897,231.630,57.971,100.219
3.512,234.921,58.200,100.376
2.732,236.133,58.486,101.290
2.849,236.959,58.950,101.870
3.046,239.085,59.538,102.408
2.552,241.206,60.058,103.278
2.821,243.917,60.496,104.239
2.885,244.470,60.752,105.568
3.080,245.115,61.178,106.640
4.394,246.159,61.888,107.095
5.838,247.170,62.687,107.671
6.272,248.303,63.368,108.585
7.588,250.040,63.932,109.541
9.051,251.268,64.412,110.198
10.498,251.615,64.659,110.919
11.391,253.543,64.564,112.001
12.538,255.466,64.775,113.023
12.525,256.928,65.207,113.808
14.230,256.482,65.486,114.433
14.419,256.535,65.899,114.603
15.747,257.935,65.874,115.184
15.437,259.713,65.661,116.260
16.535,259.367,65.759,117.004
16.449,260.003,66.007,117.320
16.870,262.336,66.345,117.241
17.097,264.600,66.791,117.120
16.889,266.037,67.172,117.076
16.836,267.196,67.368,117.144
17.020,269.084,67.725,117.134
17.907,269.466,68.172,117.277
19.185,268.220,68.608,117.529
20.733,268.934,68.795,117.332
22.762,270.308,68.685,117.266
23.454,270.853,68.867,116.702
25.175,270.592,68.947,116.236
27.333,270.638,68.964,115.971
29.333,270.773,69.401,115.772
37.261,273.666,68.624,116.775
38.811,272.154,68.441,117.623
41.441,271.461,68.330,118.271
44.249,270.453,68.216,119.006
46.491,269.297,67.998,119.944
49.285,268.196,67.554,121.372
53.049,266.972,67.581,122.509
55.614,264.669,67.629,123.606
58.207,262.086,67.612,124.689
61.127,257.921,67.807,125.541
63.389,254.308,68.113,126.253
63.228,244.724,69.240,124.043
64.505,238.894,70.008,122.152
73.628,244.361,70.251,121.741
72.955,240.015,71.141,120.936
82.184,244.353,70.380,122.165
81.407,236.612,70.772,121.878
81.161,227.306,74.338,116.788
81.564,230.259,76.661,112.401
84.739,230.830,78.660,108.865
89.854,232.771,80.265,106.886
92.336,233.043,82.492,103.915
99.896,232.000,82.989,102.834
103.180,229.345,82.756,102.878
110.180,230.880,82.968,102.246
112.776,233.705,84.190,100.677
121.279,234.841,83.423,100.994
126.187,237.691,83.618,100.159
132.455,239.658,84.098,99.344
139.367,241.490,84.647,98.673
145.788,240.535,84.794,99.916
150.726,241.989,85.381,100.625
154.197,234.043,85.477,100.838
158.829,236.689,86.253,100.957
166.245,238.378,87.882,101.398
169.769,229.490,88.962,101.775
172.016,221.764,90.298,100.720
172.625,223.118,91.137,100.324
174.379,222.660,92.152,100.163
187.670,230.700,92.322,101.818
203.229,221.075,87.348,108.762
202.212,215.357,87.741,110.518
211.698,211.442,83.250,118.045
216.331,208.225,81.243,122.444
222.370,203.377,79.903,126.518
228.163,198.558,78.979,129.815
230.540,196.662,78.825,132.946
235.048,195.596,78.441,135.590
240.727,195.237,78.174,137.699
246.592,193.601,77.704,140.171
249.355,192.843,77.738,142.199
252.651,190.166,77.279,143.457
255.865,187.795,77.198,143.926
257.378,187.878,76.915,144.318
259.752,186.678,76.522,144.620
259.686,185.643,76.383,143.914
261.456,185.484,76.273,143.342
262.394,183.072,76.116,142.825
262.445,181.297,76.437,141.502
261.864,181.378,76.566,140.161
262.052,181.078,76.937,139.235
262.535,180.826,77.205,138.084
262.466,180.546,77.153,136.890
263.167,180.589,77.051,136.043
263.070,178.956,76.365,135.905
263.424,176.350,76.018,135.666
263.127,174.212,75.697,135.733
262.739,170.774,75.850,135.648
261.364,167.964,76.101,135.978
260.923,165.469,76.436,136.186
260.118,162.125,76.737,136.406
259.990,160.176,77.267,136.324
260.755,158.229,77.649,136.636
261.927,157.278,77.770,137.512
263.511,154.574,77.789,138.629
265.332,150.458,77.753,140.163
267.210,148.138,78.042,141.871
267.973,143.104,78.294,143.332
269.149,142.223,78.724,144.146
271.282,139.048,78.966,144.871
272.564,136.708,79.191,145.463
283.976,138.741,78.836,145.759
281.847,136.868,78.994,145.621
279.960,135.166,79.099,145.808
278.633,134.919,79.401,145.473
279.159,134.701,79.391,145.533
280.708,133.202,79.188,146.301
281.811,132.805,79.168,146.748
282.184,131.777,79.222,147.071
283.499,130.395,79.398,147.097
285.174,129.616,79.238,147.474
286.399,129.775,79.186,146.811
289.006,128.210,79.104,146.644
300.683,129.503,79.394,145.822
298.663,127.398,79.745,145.333
298.095,126.303,80.101,144.637
298.636,126.865,80.187,144.274
310.517,128.185,79.352,145.271
310.330,128.172,78.635,146.782
310.382,127.176,77.759,148.350
309.674,115.165,77.490,147.923
309.549,116.891,77.517,147.761
309.488,117.654,77.576,148.046
310.059,118.690,77.349,148.820
310.636,121.205,77.055,149.400
310.126,108.407,77.102,148.794
310.092,110.137,77.081,148.468
310.054,112.117,77.099,148.145
309.693,114.335,77.212,147.848
309.864,115.764,76.889,148.325
309.885,117.462,76.231,148.968
310.721,119.684,75.634,149.348
309.669,106.873,75.679,148.561
308.838,108.779,75.632,147.941
307.880,110.571,75.733,147.699
307.093,112.211,75.630,147.829
306.205,113.923,75.662,147.931
305.406,114.648,75.431,148.324
302.634,102.216,75.609,146.931
298.639,103.401,76.216,146.065
295.049,103.244,76.997,145.413
292.291,102.698,77.902,144.943
290.692,104.041,78.897,144.141
288.807,103.154,79.910,144.421
299.168,103.450,80.057,143.770
296.202,104.687,80.328,143.782
294.772,103.221,80.798,144.095
294.406,102.323,81.922,143.628
304.409,102.244,81.724,143.144
302.503,102.383,81.665,142.358
300.593,103.070,82.010,141.517
300.971,108.808,82.321,141.088
301.425,113.937,82.702,140.493
301.097,117.952,82.283,140.822
301.933,123.526,82.177,140.631
304.045,128.901,81.775,140.980
304.379,132.701,81.054,141.959
303.665,136.812,80.579,142.852
303.446,142.819,80.536,143.389
304.391,147.287,80.189,144.184
305.040,151.619,79.738,144.756
307.692,151.784,78.804,145.935
309.614,152.761,78.235,146.822
312.060,157.997,77.865,147.289
315.829,161.504,77.474,147.303
319.780,165.733,77.297,147.230
323.073,166.683,76.895,147.276
327.248,166.673,76.115,147.830
331.246,163.670,75.268,148.746
335.023,166.076,74.833,148.091
339.299,166.307,74.155,147.939
353.163,166.172,75.117,146.842
356.770,167.221,74.937,146.233
372.629,165.610,75.327,146.205
376.638,166.368,75.002,146.550
403.227,155.623,81.387,138.749
416.633,157.010,86.550,131.378
429.800,157.651,90.148,126.077
433.291,149.230,92.189,121.687
441.611,151.410,93.073,118.809
444.987,152.899,94.083,116.660
451.274,153.906,94.194,115.741
456.896,151.925,94.488,114.626
460.928,148.142,94.109,114.014
463.563,145.700,93.673,113.016
463.957,141.542,92.613,112.635
467.672,146.742,87.155,116.696
469.460,143.424,82.168,120.959
454.122,140.428,84.223,119.347
457.899,139.929,80.870,122.355
460.242,135.566,78.391,124.217
458.332,131.498,77.161,124.844
442.222,120.797,81.152,118.939
437.185,122.641,83.993,114.883
435.754,122.690,86.460,111.432
423.050,123.083,88.171,108.777
387.588,127.441,83.088,112.893
379.295,122.210,79.491,117.580
370.420,117.382,77.057,120.647
357.997,105.834,79.334,117.133
358.424,112.091,76.549,118.836
346.372,97.826,78.813,115.400
347.762,104.689,75.907,116.695
338.754,92.996,78.237,112.479
339.091,91.733,80.017,108.958
337.017,90.906,81.069,106.411
337.312,88.803,81.925,104.175
335.972,87.126,82.478,102.163
336.537,86.235,82.811,100.219
335.461,86.873,83.193,98.772
334.141,87.749,83.495,97.396
335.785,88.903,83.564,96.393
335.794,90.439,83.982,95.143
334.845,93.355,84.766,93.934
332.831,96.382,85.789,93.194
329.971,100.204,86.846,92.710
325.371,105.201,87.971,92.261
320.391,111.506,88.077,92.446
315.618,116.329,88.247,92.365
312.507,124.333,88.904,91.736
312.074,134.672,88.614,92.018
313.347,144.858,87.343,92.250
302.249,151.292,87.053,91.225
291.854,157.313,86.074,91.240
282.627,162.863,85.793,90.952
275.540,166.259,84.827,90.902
267.662,168.976,84.104,91.286
260.405,170.373,83.409,91.933
253.159,162.364,82.903,92.738
248.736,152.876,82.219,93.648
247.580,144.447,81.701,94.111
242.591,134.834,81.143,94.865
239.343,125.829,81.118,94.893
237.122,117.402,81.613,93.985
235.002,113.163,81.586,94.262
234.887,103.116,82.184,93.089
234.792,100.156,82.637,93.100
235.725,90.395,83.232,92.686
234.696,86.724,83.987,93.623
235.556,81.949,84.639,95.239
237.497,76.942,85.193,97.198
239.028,73.151,86.351,98.624
240.126,58.770,87.293,98.414
241.667,56.839,87.894,97.984
243.636,55.944,88.211,97.278
244.291,54.609,87.792,97.275
244.099,54.304,86.404,97.395
242.580,55.067,84.974,97.285
240.069,55.276,83.711,97.202
234.148,56.696,82.985,96.438
226.899,57.403,82.799,95.313
213.988,59.087,82.692,94.234
203.060,60.400,82.000,94.112
198.405,62.079,80.725,93.733
187.703,64.161,80.549,93.216
183.345,65.228,79.837,92.934
173.538,64.753,79.404,91.873
171.130,63.243,78.383,91.553
168.114,62.907,77.323,91.216
164.900,62.281,76.487,90.885
162.822,60.966,75.790,90.686
154.027,59.983,75.340,89.583
153.758,59.134,75.002,88.851
152.408,58.425,74.867,88.182
149.698,58.186,74.570,87.761
148.375,56.786,74.244,87.525
146.959,55.397,73.649,87.792
147.113,55.510,72.861,87.981
146.418,54.145,72.452,87.699
146.664,53.044,71.830,87.737
145.825,51.836,70.950,88.207
144.823,51.336,70.440,88.050
145.835,50.881,70.291,87.610
147.230,50.619,70.545,87.202
147.868,50.336,69.997,87.202
149.195,50.876,69.749,87.195
150.319,51.201,69.357,87.105
150.816,50.801,68.978,86.937
151.121,51.007,68.890,86.515
152.176,51.903,68.795,86.015
152.309,52.648,69.029,85.132
152.000,53.284,69.053,84.566
150.762,54.084,69.292,83.643
149.643,55.374,69.613,82.357
149.204,56.276,69.898,81.250
148.121,56.588,70.232,80.314
147.768,57.337,70.245,79.307
146.911,57.368,70.326,78.252
145.583,57.415,70.312,77.567
145.314,57.934,70.330,76.660
144.683,58.844,70.185,75.643
144.485,60.866,70.060,74.740
144.128,61.468,70.145,73.654
143.092,63.163,69.943,72.704
142.151,67.098,70.157,71.788
141.066,69.976,69.986,70.942
140.607,72.492,69.502,70.262
139.697,74.629,69.029,69.719
139.014,76.511,68.650,69.286
137.743,77.858,68.286,69.072
136.511,77.831,68.270,68.874
135.148,77.567,68.572,68.602
133.487,78.360,68.925,68.613
131.714,78.705,69.201,68.517
130.545,79.732,69.631,68.309
129.619,80.491,69.916,68.340
130.189,78.425,69.274,69.088
129.530,77.919,69.008,69.603
129.903,77.098,68.559,69.824
129.667,77.237,68.110,70.101
129.693,76.460,67.422,70.102
130.895,77.016,66.903,70.040
130.193,75.150,66.398,70.053
131.947,75.725,66.423,69.162
131.829,74.851,66.238,68.651
132.364,73.415,66.208,67.981
133.390,72.741,65.986,67.379
134.926,72.570,66.038,66.717
137.055,71.059,65.544,66.604
137.883,71.077,65.538,66.091
138.674,71.483,65.470,65.759
139.777,71.727,65.303,65.291
139.715,72.127,65.059,64.908
141.748,72.569,64.857,64.352
143.630,71.886,64.662,63.844
144.947,70.879,64.558,63.391
146.003,69.965,64.261,63.352
149.346,69.297,64.098,62.974
151.403,70.586,63.723,62.875
154.041,69.359,63.230,62.963
156.827,68.322,63.024,62.855
159.522,68.336,62.581,62.886
160.469,67.584,62.793,62.665
163.420,66.565,62.417,62.926
167.397,65.177,62.044,62.976
170.477,64.531,61.395,63.128
173.494,63.204,61.018,63.194
174.405,62.035,60.300,63.591
175.675,61.094,60.144,63.579
177.688,59.796,59.847,63.706
179.144,58.195,59.495,64.184
179.738,57.362,59.448,64.273
180.555,56.024,59.321,64.406
182.044,55.578,58.908,64.628
182.260,54.665,58.421,64.803
182.629,54.278,57.985,64.997
183.359,53.565,57.764,64.893
184.308,51.742,57.300,64.920
183.912,50.628,56.902,64.791
184.751,49.781,56.413,64.610
185.057,49.393,55.873,64.580
186.364,48.476,55.421,64.445
187.712,48.036,55.135,64.238
188.201,47.688,54.838,64.213
190.241,47.328,54.537,64.126
191.324,47.076,54.290,63.987
193.304,47.000,54.168,63.792
195.087,45.974,53.792,63.822
197.513,46.131,53.593,63.525
199.468,46.438,53.293,63.100
201.381,47.000,53.109,62.737
202.375,47.547,52.785,62.343
204.430,48.897,52.437,61.810
206.017,50.238,51.910,61.375
207.273,51.606,51.385,61.077
208.153,52.186,51.020,60.645
209.243,52.746,50.790,60.195
210.965,53.150,50.460,59.791
211.552,53.656,50.114,59.505
212.490,54.134,49.789,58.977
213.945,53.849,49.545,58.771
214.924,54.025,49.166,58.851
216.667,54.858,48.832,58.888
216.881,55.318,48.731,58.938
217.242,55.498,48.647,59.349
217.081,55.978,48.727,59.677
216.674,56.553,49.130,60.016
216.730,56.901,49.214,60.589
217.584,57.616,49.424,61.177
217.159,57.237,49.606,62.047
217.093,56.850,49.724,62.899
216.864,57.030,49.931,63.520
216.524,57.044,50.107,64.186
215.775,51.221,50.221,63.830
215.251,52.586,50.307,63.183
214.583,53.461,50.248,63.041
213.599,53.880,50.389,63.054
212.636,53.950,50.100,63.322
212.446,54.549,50.102,63.241
211.771,54.913,50.030,63.501
211.048,55.145,49.696,63.822
210.810,55.342,49.839,64.021
210.958,55.650,49.889,64.117
211.812,56.119,49.944,64.440
212.159,56.017,50.095,65.086
212.453,55.677,50.178,65.989
213.498,55.823,50.460,66.576
213.923,56.384,50.732,67.124
214.644,56.504,51.083,67.924
215.086,55.806,51.674,68.997
215.368,55.329,52.183,70.438
217.008,55.025,52.691,71.790
217.713,55.238,53.568,73.188
218.602,55.116,54.084,74.986
220.462,55.323,54.605,76.721
220.849,55.908,55.297,78.475
221.297,56.179,56.420,79.805
222.973,56.732,57.458,80.957
224.080,57.563,56.600,85.258
225.774,57.396,55.884,88.984
227.748,56.062,55.374,91.997
228.409,54.478,55.388,94.776
230.427,53.735,55.455,97.079
232.175,52.330,55.870,98.875
233.805,50.627,56.612,101.076
235.426,49.847,57.101,103.565
236.846,49.299,57.488,105.917
238.473,50.401,58.108,107.861
239.893,50.729,58.607,109.792
241.743,52.918,59.057,111.861
243.009,55.194,59.634,114.037
245.308,57.375,59.924,116.518
248.542,59.607,60.401,118.789
252.462,61.696,60.823,120.944
254.789,63.466,61.626,122.902
258.208,65.704,62.489,124.767
261.662,67.441,63.586,126.173
265.073,70.834,64.570,127.233
269.540,74.308,65.506,128.624
273.113,77.750,66.672,129.936
278.370,81.939,67.591,130.830
282.806,89.015,68.507,131.501
289.104,95.947,69.505,132.264
290.379,101.346,71.509,132.665
293.254,106.321,72.420,134.226
295.199,113.111,73.284,135.620
298.962,121.350,73.817,136.664
303.764,130.245,73.730,137.519
309.139,134.631,73.842,138.834
311.870,142.702,74.248,139.114
315.313,144.749,73.994,139.946
316.426,148.514,74.762,139.954
318.547,152.599,75.254,140.375
320.060,154.692,75.395,141.051
319.927,157.005,76.064,140.880
319.809,159.295,76.089,141.175
318.813,160.764,76.119,141.568
318.291,162.762,76.111,141.526
318.860,164.831,75.778,141.325
317.496,167.941,76.101,140.384
315.968,171.444,76.397,139.425
314.299,173.934,76.223,139.089
312.587,177.310,76.140,138.458
312.519,181.598,75.679,138.025
312.003,184.776,75.423,137.720
312.931,186.543,75.126,137.187
312.166,190.263,75.151,136.332
313.346,192.767,74.845,135.597
314.671,195.131,74.536,134.961
316.508,197.690,74.297,134.720
318.381,201.073,74.573,133.833
320.102,202.508,74.825,133.026
323.531,205.320,74.723,132.682
325.365,208.276,74.678,132.705
327.867,207.970,74.705,132.853
330.926,209.685,74.880,132.765
333.434,211.465,75.070,132.306
336.408,212.031,75.181,131.988
339.162,213.410,75.247,131.487
341.661,213.125,75.119,131.348
342.398,215.147,75.261,131.032
344.482,214.577,75.341,131.202
345.921,214.324,75.240,131.781
347.134,215.189,75.484,131.766
346.863,215.944,75.588,131.418
346.842,214.412,75.331,131.634
346.893,216.312,75.570,131.126
346.023,215.485,75.272,131.287
344.922,215.610,75.068,130.839
343.641,217.174,75.169,130.072
