256.000,152.000,73.000,210.000
254.453,150.338,72.768,208.931
255.397,147.150,72.619,207.266
255.474,149.418,72.265,206.641
255.699,150.609,72.089,205.815
255.537,151.999,71.750,204.947
255.679,151.934,71.323,204.000
256.221,151.991,70.726,203.752
256.495,153.265,70.293,203.339
255.885,153.950,70.016,202.911
254.767,153.867,70.222,201.693
255.991,154.913,70.182,200.974
254.967,155.574,70.177,200.381
255.904,156.796,70.290,199.618
255.341,153.061,70.304,199.147
255.247,156.993,69.918,199.189
255.745,156.537,70.241,198.025
255.912,158.452,70.189,197.588
254.852,157.349,70.186,197.066
255.765,158.632,70.121,196.839
255.986,157.153,69.987,196.339
255.338,159.212,69.798,196.027
256.298,158.728,69.932,195.493
255.955,158.888,69.481,195.848
256.214,157.111,69.510,195.474
256.058,161.183,69.367,195.342
255.560,159.943,69.810,194.254
255.756,159.179,69.687,194.388
255.618,160.052,69.434,194.512
256.083,158.142,69.451,194.238
256.115,161.053,69.085,194.648
256.065,159.657,69.416,193.773
255.056,160.625,69.266,193.595
256.255,161.494,69.293,193.145
256.039,160.753,69.179,192.983
256.013,162.488,69.216,193.065
256.021,163.194,69.712,192.149
256.317,161.379,69.900,191.978
255.547,160.879,69.405,192.174
255.912,161.853,69.241,192.163
256.021,161.707,69.327,191.732
255.851,162.837,69.255,191.750
255.483,163.909,69.424,190.995
256.252,162.387,69.407,191.393
255.956,161.446,69.242,191.123
256.247,162.026,69.024,191.352
256.098,161.497,68.903,191.235
256.086,163.098,68.763,191.466
255.974,161.559,69.032,190.988
256.066,162.332,68.901,191.169
256.079,163.109,69.031,190.877
255.671,164.200,69.309,189.987
256.515,163.002,69.212,190.104
256.285,163.550,69.036,190.272
256.150,162.292,68.954,190.396
255.771,163.331,68.998,190.205
256.229,165.828,68.891,190.153
255.881,160.856,69.217,189.809
256.158,162.975,68.985,190.183
255.934,164.455,68.925,190.320
256.871,162.786,68.990,190.843
256.210,161.406,68.935,190.332
256.197,161.592,68.521,190.885
256.353,163.216,68.437,190.839
256.198,161.413,68.529,190.630
256.274,163.065,68.440,190.678
256.180,164.005,68.775,189.883
256.318,164.809,68.980,189.296
256.224,163.094,69.195,189.169
256.047,163.608,68.918,189.564
255.987,164.306,69.082,189.133
256.151,163.045,69.186,188.896
255.886,164.336,69.020,189.176
256.564,163.280,68.971,189.301
256.304,165.360,68.990,189.120
255.890,163.145,69.354,188.699
255.779,163.433,69.049,189.059
256.358,164.905,69.010,188.987
256.139,163.631,68.976,188.869
256.228,165.588,68.912,188.828
256.342,163.409,69.146,188.866
255.930,165.158,69.002,188.797
256.495,162.348,68.920,188.902
256.488,162.394,68.471,189.333
256.419,163.340,68.346,189.341
256.110,165.979,68.375,188.686
256.711,164.403,68.597,188.623
256.550,164.312,68.574,188.493
256.642,164.026,68.532,188.496
256.205,166.828,68.534,188.198
256.215,162.779,68.662,188.530
256.316,164.305,68.467,188.509
256.668,165.007,68.426,188.418
256.317,164.561,68.540,188.242
256.507,165.656,68.486,188.221
256.449,164.594,68.565,188.081
256.814,165.647,68.463,187.929
256.771,164.448,68.672,187.581
256.226,166.530,68.489,187.397
256.133,164.900,68.567,187.457
256.872,163.771,68.469,187.706
255.877,165.391,68.395,187.366
256.583,164.142,68.311,187.497
255.948,165.417,68.233,187.156
256.326,163.598,68.098,187.282
255.910,165.114,67.877,187.024
255.977,164.732,67.872,186.799
256.098,164.826,67.866,186.521
256.097,165.519,67.878,186.089
256.868,163.315,67.566,186.460
256.704,165.179,66.984,186.760
257.134,166.844,66.949,186.183
257.533,165.247,66.832,185.793
258.488,167.449,66.701,185.040
258.925,167.331,66.308,184.905
258.893,164.939,65.952,184.644
257.826,168.062,65.938,183.697
258.665,168.008,65.841,183.319
258.952,166.497,65.642,183.358
257.737,166.861,65.631,182.797
258.441,168.910,65.581,182.623
259.377,168.094,65.540,182.494
258.499,169.202,65.611,181.892
258.095,166.499,65.536,182.144
257.466,169.732,65.618,181.376
258.895,168.408,65.804,181.290
258.834,170.219,65.664,181.311
258.205,169.704,65.848,181.074
259.730,171.624,65.931,181.199
259.636,167.468,66.088,181.063
258.865,169.091,66.143,180.933
258.910,169.710,66.184,180.995
258.768,169.470,66.292,181.252
258.600,168.924,66.421,181.269
258.663,169.371,66.378,181.165
258.579,168.355,66.444,181.401
258.106,169.537,66.494,181.277
259.599,169.976,66.565,181.400
258.255,166.185,66.646,181.835
257.633,170.764,66.641,181.411
258.300,166.928,66.867,181.723
257.535,168.163,66.844,181.224
258.151,171.876,66.884,181.135
258.282,165.333,66.818,181.967
257.662,169.694,66.510,182.077
258.411,170.439,66.579,182.239
257.860,164.983,66.903,182.265
257.641,169.685,66.589,182.469
258.652,167.675,66.600,182.726
258.457,168.283,66.616,182.393
258.405,169.652,66.716,182.076
258.059,167.805,66.720,182.326
258.302,169.655,66.610,182.236
257.920,167.556,66.716,182.490
257.971,169.668,66.801,182.404
258.403,168.588,66.802,182.536
259.080,169.581,66.734,182.517
258.678,167.930,66.710,182.705
258.656,169.288,66.748,182.481
258.389,169.228,66.772,182.754
258.440,169.275,66.812,182.929
258.194,167.059,67.003,182.956
257.655,167.286,66.862,183.176
259.075,168.953,66.632,183.279
258.949,166.833,66.766,183.473
258.319,167.891,66.806,183.253
258.476,168.939,66.864,183.121
258.343,167.409,66.887,183.483
258.886,169.313,66.774,183.635
258.551,164.765,66.984,183.639
257.917,167.718,66.771,183.341
259.216,168.629,66.738,183.502
258.695,165.950,66.763,183.790
257.879,168.088,66.592,183.177
259.225,168.975,66.516,183.273
258.840,166.983,66.598,183.302
258.479,167.015,66.670,183.249
258.137,167.128,66.683,183.199
258.392,168.836,66.707,183.083
258.292,166.861,66.677,183.480
258.321,168.431,66.682,183.469
258.826,168.786,66.609,183.716
258.467,167.979,66.805,183.796
258.485,166.874,66.806,184.188
258.126,165.793,66.846,184.095
257.623,168.191,66.934,183.527
258.064,170.340,66.960,183.087
258.124,165.466,67.161,183.229
257.345,170.018,67.079,182.388
258.127,166.161,67.124,182.542
257.306,168.207,66.947,181.818
258.848,169.554,66.671,182.172
258.491,167.727,66.713,182.438
258.425,168.785,66.563,182.349
258.555,167.811,66.381,182.622
258.383,169.249,66.409,182.474
258.097,169.776,66.426,182.727
258.398,169.425,66.476,182.750
258.701,169.919,66.569,182.874
257.899,167.006,66.952,182.659
258.089,169.718,66.913,182.683
258.386,168.814,66.967,182.908
258.731,167.965,66.729,183.338
259.205,167.319,66.574,183.480
258.593,167.334,66.567,183.437
258.868,167.081,66.463,183.502
258.881,166.214,66.374,183.581
258.237,168.226,66.395,183.105
258.923,168.011,66.140,183.207
258.751,167.404,66.111,182.855
258.686,166.342,66.004,182.729
258.377,168.177,65.908,182.284
259.229,168.735,65.760,182.382
259.296,168.315,65.752,182.137
259.109,170.818,65.795,181.812
258.881,167.226,65.933,181.625
258.800,168.993,65.946,181.182
259.030,170.398,65.918,181.207
258.592,168.442,66.003,181.464
259.473,169.559,65.967,181.474
259.589,167.234,65.782,182.067
259.124,168.271,65.574,182.201
258.825,170.435,65.505,181.916
258.685,171.533,65.991,180.685
258.364,166.153,65.778,181.112
258.880,171.418,65.437,180.973
259.362,165.314,65.237,181.605
259.000,168.272,64.767,182.119
259.517,166.624,64.703,182.353
258.799,167.263,64.593,182.161
258.486,167.830,64.585,182.075
258.550,169.919,64.691,181.719
259.157,170.048,64.887,181.946
258.418,167.218,64.978,182.247
258.798,170.703,65.137,181.636
258.539,165.360,64.938,182.203
258.380,172.054,64.790,182.048
258.660,165.516,64.911,182.253
258.607,171.380,64.766,181.905
258.878,166.692,64.870,182.278
258.729,172.718,65.062,181.627
258.210,166.660,64.909,181.794
258.213,170.064,64.663,181.899
258.948,165.246,64.386,182.969
258.182,172.554,64.544,182.488
258.369,166.146,64.793,181.997
258.328,171.753,64.657,182.231
258.456,167.196,64.840,182.698
258.324,171.194,64.888,183.214
258.358,165.318,64.854,184.120
258.513,170.838,64.907,183.768
258.787,165.297,65.007,184.838
257.464,169.608,64.974,184.406
258.564,162.702,65.085,184.959
258.520,167.865,64.863,186.098
259.141,167.165,64.943,186.152
258.875,166.465,64.989,186.406
259.196,166.430,64.854,186.805
258.702,165.206,64.890,187.048
257.799,165.517,64.963,187.017
258.611,166.399,64.800,187.162
259.169,165.770,64.717,187.456
258.815,165.948,64.836,187.502
259.325,166.854,64.834,187.659
258.737,164.261,65.163,187.788
257.888,165.957,65.177,187.621
258.951,165.878,64.941,187.722
259.375,165.719,64.878,187.908
258.902,165.464,64.882,188.540
258.477,165.947,64.986,188.748
258.859,164.394,65.097,188.563
258.858,164.763,65.179,188.595
258.470,164.942,65.204,188.590
258.882,165.517,65.219,188.805
259.210,164.624,65.294,188.625
258.384,164.482,65.420,188.135
258.593,163.633,65.285,188.345
258.761,166.055,64.953,188.427
258.095,165.527,65.157,188.118
258.320,164.768,64.977,188.266
257.762,166.532,64.945,187.979
257.177,165.489,65.009,187.556
257.279,163.972,64.779,187.886
257.448,166.468,64.618,188.191
257.196,166.359,64.928,187.886
258.099,167.040,65.072,187.732
257.547,163.978,65.162,187.885
256.925,167.559,65.210,187.775
257.774,162.813,65.367,188.270
256.997,165.332,65.291,188.172
256.655,162.643,65.282,188.510
257.550,164.662,65.301,188.022
257.582,164.869,65.421,187.659
257.519,165.720,65.370,187.701
257.982,163.886,65.190,188.054
258.106,165.721,65.133,188.310
257.675,163.672,65.088,188.520
257.685,166.408,65.027,188.743
257.728,162.863,65.184,189.291
257.925,167.839,64.943,189.388
258.473,161.752,65.248,189.313
258.313,169.653,65.312,188.601
257.923,162.979,65.488,188.505
258.523,170.171,65.347,188.246
258.149,163.482,65.478,188.339
258.712,168.821,65.352,188.246
258.579,160.914,65.705,188.054
258.544,167.672,65.591,187.245
258.468,162.798,65.508,187.068
259.547,166.498,65.160,187.403
259.676,158.950,65.169,188.197
257.424,160.709,64.628,189.055
257.733,163.909,64.838,188.951
257.245,156.640,64.844,189.588
255.916,159.147,64.591,190.011
255.944,156.972,64.888,190.144
255.552,151.835,64.501,191.232
255.707,151.625,64.214,192.256
257.192,148.023,64.056,193.166
256.265,145.428,64.098,193.552
256.432,140.815,63.999,194.331
258.171,138.162,63.462,195.169
256.301,134.999,63.225,195.875
256.750,132.995,63.617,195.504
254.787,128.647,63.895,194.976
254.208,126.732,64.058,194.615
252.365,126.316,64.473,193.771
250.553,125.147,64.653,193.549
248.611,119.811,64.197,193.841
247.851,115.020,63.558,194.952
245.597,106.651,63.627,194.983
243.385,107.904,64.263,194.417
241.002,100.104,64.943,192.933
238.503,98.787,66.184,191.245
235.440,93.972,67.189,190.519
230.307,89.914,67.398,190.457
227.350,90.401,67.641,190.665
214.474,83.381,67.716,190.559
214.142,84.328,67.508,190.562
211.130,76.520,67.112,190.856
195.596,75.489,69.888,187.861
197.915,76.092,69.347,188.202
196.749,74.938,68.971,188.737
182.818,70.487,71.223,185.819
185.849,66.183,71.151,185.755
185.439,64.523,70.790,186.570
183.360,62.085,70.379,187.341
181.451,59.022,69.739,187.772
167.651,61.289,72.126,184.799
168.371,68.622,71.408,185.427
167.790,59.044,70.453,186.435
152.932,70.579,72.716,183.469
153.457,63.782,74.203,181.380
153.095,57.588,76.231,178.305
148.410,66.998,78.105,175.735
144.303,62.240,79.522,173.778
141.310,61.995,80.966,171.395
138.098,70.793,81.630,169.863
134.520,71.506,82.494,167.510
120.960,69.349,80.553,167.490
120.006,67.275,80.006,166.783
118.086,72.086,77.329,169.869
106.168,69.515,77.569,168.209
105.357,72.125,78.096,167.253
104.600,92.065,85.049,159.775
100.146,97.499,91.406,152.950
97.281,101.915,97.245,146.744
98.570,106.781,100.538,143.183
68.965,87.644,97.504,145.609
67.483,86.954,94.567,148.052
62.879,83.338,90.641,151.697
59.301,84.638,87.378,154.439
56.706,81.140,84.958,157.539
53.124,81.165,82.995,160.312
39.051,82.472,83.852,159.906
34.732,87.330,83.777,160.634
27.905,85.243,83.493,162.124
21.626,84.035,83.973,163.735
17.015,90.011,84.768,164.831
11.906,83.917,85.735,166.640
6.757,82.064,86.173,169.031
1.330,83.061,85.666,172.647
-1.073,79.325,82.164,178.503
-2.050,78.776,77.867,184.830
-1.541,80.023,73.941,190.630
-2.278,80.400,71.156,195.049
-0.336,82.146,69.261,197.141
-1.365,81.709,67.897,198.418
-2.487,81.473,66.589,199.983
-3.475,77.885,65.480,201.926
-4.530,91.096,64.823,204.557
-5.022,88.883,63.888,207.549
-4.351,88.273,63.028,208.971
-3.745,89.042,62.285,210.656
-3.504,90.368,62.202,211.742
-2.369,93.732,62.021,212.810
-2.496,97.575,62.294,213.823
-1.935,101.664,62.560,215.211
-1.290,107.203,62.721,215.927
-0.081,113.803,63.473,216.529
0.687,117.180,64.418,217.690
2.123,122.390,65.487,217.722
2.412,125.537,66.835,216.976
3.063,129.253,68.280,217.028
4.586,130.360,70.114,217.431
6.838,134.643,72.034,217.780
7.386,136.554,74.300,217.453
6.602,137.464,77.360,217.385
8.935,140.286,81.258,216.156
9.043,144.626,85.741,214.758
11.718,143.038,89.349,215.054
17.122,159.374,92.781,213.505
22.985,155.881,96.554,212.211
34.597,158.454,100.085,211.931
34.675,153.341,103.272,212.937
40.485,171.893,104.235,215.134
44.601,196.893,105.368,212.341
49.960,197.251,106.163,209.066
67.742,194.766,108.020,205.471
71.030,196.978,109.070,202.817
89.795,197.503,110.017,200.638
91.395,199.065,109.648,199.134
99.967,177.173,107.645,203.617
108.123,177.687,106.219,206.549
117.524,175.864,104.896,207.807
128.375,173.913,103.767,209.567
135.447,169.294,103.412,211.301
144.282,166.429,103.028,213.319
147.949,160.675,104.490,213.680
150.565,166.444,107.376,211.642
145.232,181.052,115.148,203.005
146.426,191.919,122.196,193.711
143.660,199.708,127.679,185.301
139.743,203.450,133.233,176.992
133.727,205.496,137.699,170.338
131.105,206.715,139.856,165.869
129.949,206.835,140.843,163.271
128.173,205.694,140.317,162.589
123.260,206.612,138.559,163.088
123.048,201.060,135.984,164.298
113.615,195.082,124.471,171.069
118.590,188.262,115.692,175.768
121.577,185.099,109.611,178.207
123.196,186.504,104.253,179.937
125.900,186.928,100.334,179.957
126.440,188.854,97.393,179.188
127.737,190.533,94.684,178.249
129.341,192.500,92.624,176.775
129.273,192.794,90.600,175.778
129.304,194.989,89.498,173.667
130.432,195.807,87.811,172.681
131.565,198.054,86.466,171.058
132.077,200.009,85.551,169.600
132.465,201.562,84.681,168.325
133.972,202.619,83.896,166.963
133.540,201.422,83.310,165.811
132.664,203.490,82.602,164.677
133.983,203.686,82.264,163.306
134.036,203.821,81.540,162.358
134.979,203.584,81.176,161.071
134.895,205.115,80.640,160.432
134.631,205.567,80.343,159.452
135.509,205.489,80.294,158.327
135.722,205.193,79.994,157.638
136.146,204.153,79.562,157.008
136.320,205.175,79.001,156.454
136.168,205.042,78.720,156.013
136.838,205.613,78.317,155.212
137.093,205.591,78.010,154.418
137.216,203.991,77.689,153.832
137.888,205.991,77.018,153.905
137.229,205.596,77.014,153.214
137.277,207.637,76.907,152.617
137.555,207.847,77.153,151.447
136.756,207.411,77.141,150.974
138.025,207.741,76.819,150.847
137.253,206.940,76.655,150.762
137.826,207.599,76.341,150.525
138.365,206.583,75.931,150.762
139.448,208.352,75.891,150.192
140.199,207.610,75.645,149.855
140.753,208.165,75.477,149.683
140.457,206.369,75.317,149.832
140.761,206.136,75.174,149.669
138.736,208.639,74.622,150.122
138.146,207.782,74.760,149.966
136.591,207.117,74.883,149.814
134.978,207.188,74.400,150.384
132.331,206.474,74.086,151.011
130.758,204.859,74.006,152.037
129.649,203.775,73.965,152.789
129.845,201.196,74.534,152.812
130.551,202.694,75.396,151.932
130.440,202.731,76.442,151.323
130.954,201.710,77.011,151.197
131.668,201.764,78.296,150.293
134.627,200.201,79.095,149.619
139.362,197.976,79.949,148.653
150.880,194.542,80.808,148.866
161.540,188.143,81.123,150.147
174.158,201.684,80.480,152.258
188.802,214.595,81.213,149.688
202.324,211.880,81.760,147.436
215.522,207.981,82.826,145.290
221.985,202.975,81.901,146.141
239.663,197.870,80.901,148.074
257.137,194.179,79.646,150.479
262.228,201.149,79.459,149.200
278.232,221.818,87.586,140.183
291.158,242.504,104.103,125.491
324.760,225.540,106.020,121.874
343.934,202.474,99.420,128.792
359.861,195.508,95.500,134.968
367.144,211.796,98.843,131.452
373.694,213.655,103.254,126.941
376.038,218.955,107.659,122.467
362.297,219.450,107.481,122.113
349.947,205.286,98.198,130.024
351.987,203.373,90.643,137.673
353.951,203.888,85.303,142.404
355.935,204.666,81.758,144.568
356.716,202.171,78.853,145.725
358.473,205.710,76.762,146.486
358.572,204.377,75.558,145.363
359.787,204.639,74.335,145.333
359.861,203.694,73.529,144.785
360.597,204.204,72.730,144.565
360.667,204.259,72.168,144.318
361.336,205.337,71.719,143.751
361.563,203.942,71.422,142.725
362.077,204.404,70.845,142.534
362.267,203.369,70.222,142.408
362.563,203.827,69.760,142.255
362.277,203.680,69.486,141.811
362.810,203.918,69.193,141.455
362.439,204.947,69.144,140.998
362.639,205.712,69.000,140.287
362.591,207.142,69.142,139.333
362.396,207.956,69.095,138.559
363.060,208.472,69.258,137.355
362.391,209.021,69.329,136.188
362.662,209.922,69.408,135.196
361.783,211.195,69.570,134.224
361.815,212.213,69.636,133.353
362.625,212.669,69.674,132.412
362.473,212.156,69.306,132.122
362.006,212.798,69.100,131.950
362.540,213.046,69.110,131.552
362.210,213.122,69.199,131.098
363.100,213.201,69.106,130.941
362.728,213.084,69.054,130.781
363.174,213.366,68.887,130.940
362.428,213.645,68.739,130.756
362.173,213.882,68.966,130.298
361.985,213.955,69.114,130.031
362.026,213.680,69.246,129.859
362.311,214.605,69.023,130.079
362.252,214.288,69.417,129.432
362.335,213.870,69.548,129.101
362.771,213.531,69.351,129.386
362.418,214.139,69.081,129.610
362.475,213.698,69.247,129.391
362.702,214.153,69.263,129.187
363.738,213.748,68.937,129.279
363.136,213.694,68.374,129.345
364.061,214.142,67.987,129.679
363.608,213.557,67.855,129.785
363.465,214.306,67.521,130.298
363.170,213.874,68.017,129.540
363.279,214.770,68.824,128.110
362.749,217.649,69.257,127.106
361.918,216.937,69.608,125.717
361.269,217.022,69.579,125.249
361.856,216.803,69.380,125.558
362.059,215.695,69.272,125.593
362.955,215.758,68.544,126.301
363.255,216.689,68.104,126.810
362.270,216.163,68.607,125.791
362.413,216.382,68.674,125.701
362.308,217.194,68.889,125.299
361.943,217.068,69.141,124.596
362.786,217.494,69.266,124.197
363.221,218.184,68.940,124.247
362.433,218.538,68.901,124.236
361.967,217.515,69.091,123.612
362.663,217.260,68.856,123.673
363.479,217.202,68.375,124.016
363.485,218.044,68.162,124.255
362.741,218.551,68.310,123.674
361.925,218.911,68.631,122.903
361.518,218.073,68.802,122.587
362.392,218.459,68.805,122.593
362.245,218.498,68.769,122.285
362.230,218.129,68.716,122.376
362.536,218.572,68.681,122.662
362.499,219.204,68.669,122.632
362.005,219.733,68.932,122.051
361.489,218.168,68.966,121.670
363.025,218.463,68.697,122.022
363.006,219.953,68.479,122.135
362.152,220.267,68.983,121.122
361.810,219.784,68.998,120.771
362.522,222.694,69.624,119.920
361.837,223.774,70.163,118.519
361.329,222.113,70.321,117.489
361.461,221.570,69.995,117.577
361.765,221.516,69.639,117.945
362.052,220.791,69.222,118.370
362.383,220.488,68.959,118.853
362.146,221.104,68.891,118.952
362.549,220.068,68.240,119.587
362.763,219.283,68.049,120.039
362.813,220.662,68.015,120.323
361.928,221.199,68.011,119.946
361.931,221.079,67.965,119.857
362.177,221.516,68.008,119.704
361.865,222.113,68.049,119.302
362.047,223.056,68.358,118.981
361.919,222.846,68.233,118.618
362.297,223.209,68.401,118.217
362.170,223.170,68.480,117.656
362.091,224.227,68.283,117.543
361.933,223.956,68.391,117.023
361.301,224.784,68.537,116.540
361.135,225.022,68.801,115.871
361.352,225.742,68.970,115.359
361.812,225.389,68.811,115.044
362.063,225.405,68.994,114.504
362.335,226.252,68.696,114.628
362.608,225.616,68.580,114.534
362.827,225.258,68.419,114.514
362.696,225.746,68.362,114.490
362.927,225.330,68.142,114.648
362.651,224.900,68.091,114.675
362.763,225.521,67.875,114.908
362.334,225.423,68.092,114.549
362.047,225.369,68.417,114.330
362.207,225.832,68.751,113.880
362.104,225.925,68.697,114.011
362.230,226.043,68.862,113.883
361.889,225.731,68.620,114.059
361.842,226.022,69.038,113.581
361.725,225.961,69.471,113.219
361.432,225.845,69.545,113.515
361.295,225.516,69.531,113.839
361.549,225.043,69.591,114.039
361.724,223.942,69.441,114.606
361.399,223.877,69.470,115.164
361.529,223.078,69.322,115.662
362.192,223.378,69.160,116.105
362.211,223.478,69.298,116.370
361.879,223.340,69.228,116.644
361.625,223.326,69.437,116.688
361.736,223.139,69.517,117.054
361.862,223.962,69.757,117.031
361.250,223.556,70.041,116.810
361.282,223.280,70.124,116.916
361.414,222.712,70.147,117.252
361.606,222.527,70.098,117.484
361.922,222.408,69.675,118.206
361.351,221.712,69.761,118.243
361.983,221.562,69.335,118.885
362.303,222.049,68.979,119.511
362.143,221.317,69.080,119.567
362.524,220.559,69.030,119.828
362.282,220.483,69.006,120.023
361.985,219.619,69.214,120.124
362.862,220.216,69.127,120.749
362.136,221.347,69.293,120.658
361.747,220.990,69.712,120.020
361.477,219.492,69.542,120.417
362.066,220.268,69.595,120.575
361.521,221.050,69.668,120.675
361.367,219.512,69.566,120.867
361.721,219.498,69.392,121.315
361.804,219.864,69.467,121.652
361.362,218.236,69.341,121.680
362.153,218.932,68.977,122.398
362.329,218.715,69.013,122.360
361.903,219.058,68.907,122.373
361.695,218.978,69.068,122.180
362.161,219.381,69.078,122.031
361.812,220.433,69.052,122.032
361.903,219.581,69.044,121.770
361.479,219.357,69.276,121.301
361.497,219.212,69.331,121.292
361.922,220.253,69.179,121.450
361.319,219.077,69.196,121.330
362.317,220.298,69.138,121.376
361.834,219.300,69.032,121.108
362.260,219.466,68.953,120.993
361.992,220.400,69.080,120.766
361.571,219.480,69.081,120.586
362.414,221.008,68.878,120.865
361.513,220.452,69.053,120.199
361.436,220.353,69.252,119.869
361.707,220.777,69.271,119.789
361.447,220.523,69.084,119.779
361.927,220.068,68.904,119.682
362.178,220.693,68.938,119.824
362.593,220.815,68.750,119.890
362.343,221.498,68.698,119.722
362.290,220.630,68.588,119.494
362.861,221.303,68.427,119.771
362.576,220.476,68.638,119.246
362.503,221.761,68.857,119.011
362.146,221.483,68.907,118.724
362.507,220.581,68.742,118.948
362.749,221.016,68.990,118.863
362.783,221.079,69.019,118.687
362.350,222.764,69.314,118.345
362.067,221.686,70.067,117.330
362.283,221.039,70.070,117.463
361.891,222.074,70.131,118.282
360.387,218.086,68.459,120.572
357.147,217.548,65.207,124.810
348.058,219.200,61.388,126.967
347.992,225.423,58.593,128.372
378.712,285.354,64.384,122.882
360.570,295.173,69.349,117.993
342.179,305.830,73.394,114.065
326.854,307.056,76.929,111.005
311.121,307.987,78.738,109.486
295.475,306.724,80.143,108.585
280.943,302.922,81.122,108.185
269.456,298.741,81.333,108.803
263.817,295.338,82.154,108.425
252.019,284.965,79.438,111.588
248.579,286.742,76.854,113.931
238.802,300.025,79.338,111.107
232.154,299.406,81.796,108.357
218.844,297.512,82.595,107.729
204.999,297.442,83.445,106.696
197.996,296.531,83.889,106.361
186.832,294.820,82.370,107.821
182.153,303.763,82.989,107.340
170.549,299.800,82.034,108.330
160.143,296.945,81.629,108.711
150.243,305.549,82.525,107.230
145.146,303.866,83.752,106.075
132.960,300.280,83.840,106.320
122.855,289.973,80.614,109.741
121.619,293.493,77.792,112.660
109.658,282.912,76.214,114.804
107.747,287.079,74.413,116.551
96.114,277.983,73.671,117.171
95.056,278.947,72.528,118.648
91.897,268.746,71.939,118.786
88.178,263.775,71.620,119.154
87.037,259.593,71.708,119.030
86.778,266.753,71.986,118.638
87.396,265.198,72.344,118.648
88.641,264.064,72.369,118.805
98.538,265.899,71.564,119.088
97.679,262.423,71.454,119.304
108.297,276.208,70.784,119.871
108.662,268.763,71.059,119.686
119.396,268.552,70.742,120.360
129.026,269.606,70.382,121.004
138.947,272.404,70.308,121.087
142.668,282.728,73.111,117.949
145.728,273.744,72.382,118.656
157.364,276.697,72.280,118.612
166.888,281.244,72.310,118.276
168.921,271.925,71.403,119.007
179.728,274.388,71.517,118.859
189.370,277.464,71.728,118.954
192.568,287.659,75.020,114.814
200.758,287.467,77.683,111.872
212.036,297.807,80.918,107.786
227.099,288.925,77.666,110.325
238.604,299.874,80.382,106.740
248.204,297.966,81.586,104.878
259.741,295.441,81.956,104.103
269.375,292.637,81.852,104.301
279.967,289.677,81.573,104.686
291.966,299.995,82.824,102.689
303.393,309.557,85.080,98.905
313.680,307.129,86.072,96.956
326.363,303.418,85.371,96.730
339.505,301.436,84.216,97.345
351.406,297.512,83.081,98.097
362.714,292.175,82.251,99.065
374.601,289.039,82.146,99.483
386.904,287.674,82.398,98.928
399.206,295.207,83.923,96.130
422.220,289.623,83.706,94.860
434.445,284.544,82.832,94.604
449.116,270.126,77.426,99.146
461.817,277.441,77.670,97.743
471.254,274.116,78.376,96.537
482.828,268.233,79.147,95.484
506.522,247.582,74.993,99.365
518.575,241.967,72.246,102.012
530.884,237.889,70.225,103.719
542.292,233.985,68.760,105.104
551.987,235.414,68.093,106.052
561.235,230.440,67.259,107.183
561.080,236.063,67.518,107.011
569.707,229.650,67.277,107.964
570.541,225.220,67.121,107.569
572.938,223.820,66.064,107.497
573.671,221.440,65.152,107.614
574.420,218.924,64.146,107.997
574.107,217.050,63.324,108.552
570.877,224.862,63.824,107.628
569.013,221.502,63.816,107.171
568.251,219.499,63.473,106.986
565.710,226.519,63.578,106.576
564.509,222.683,62.835,107.073
561.662,229.299,62.365,106.961
559.493,228.501,61.999,106.610
557.450,227.348,61.808,106.137
556.051,226.453,61.766,105.882
553.391,233.774,62.366,104.905
551.408,232.855,62.631,104.133
550.405,231.584,62.629,103.781
549.400,230.246,62.275,103.703
548.078,236.453,62.888,102.700
547.878,234.053,62.727,102.312
547.966,232.791,62.477,102.006
546.171,237.903,62.818,100.925
545.826,236.860,62.605,100.629
546.304,234.934,62.206,100.402
544.889,239.635,62.820,99.193
544.961,238.806,62.412,99.078
545.109,237.809,62.123,98.843
545.200,237.746,61.840,98.504
543.829,246.013,63.346,96.609
544.217,242.694,62.930,96.626
544.713,241.187,62.299,96.823
545.052,240.799,61.854,96.866
545.079,240.091,61.492,96.873
545.364,238.798,61.090,96.769
546.023,237.505,60.543,96.686
545.142,243.942,60.251,96.736
544.810,241.425,60.086,96.472
545.319,240.867,59.965,96.206
545.455,240.372,59.990,95.792
545.605,240.096,59.885,95.471
545.951,239.479,59.657,95.229
546.191,239.410,59.498,94.882
546.006,239.165,59.344,94.531
546.455,239.122,59.125,94.225
545.060,248.409,60.658,92.575
545.323,245.119,60.244,92.767
545.066,243.018,59.992,92.708
545.473,242.222,59.838,92.592
546.007,241.564,59.490,92.761
546.111,241.494,59.175,92.608
546.588,240.746,58.707,92.693
546.544,240.465,58.365,92.464
547.168,240.140,57.990,92.301
545.702,248.572,59.499,90.917
545.543,246.457,59.326,90.906
545.449,244.550,59.004,91.148
545.486,243.442,58.989,90.999
545.977,242.722,58.684,91.039
546.290,241.945,58.545,90.844
547.036,241.766,58.187,90.616
546.937,241.384,57.990,90.300
547.320,241.619,57.638,90.083
547.290,242.011,57.538,89.490
547.624,242.345,57.434,89.058
547.358,242.089,57.216,88.669
547.757,241.744,57.145,88.202
547.907,241.350,57.145,87.743
546.597,249.634,58.464,86.637
545.001,250.188,59.564,85.823
544.258,251.176,60.348,85.142
544.485,251.420,61.030,84.698
544.019,250.764,61.509,84.445
543.503,250.093,61.673,84.360
542.938,249.919,61.913,84.107
542.466,249.188,62.193,83.963
542.656,248.570,62.563,83.544
543.894,245.808,60.649,85.181
545.619,244.702,58.930,85.976
547.107,243.136,57.772,86.194
548.328,242.241,56.977,85.935
546.630,249.576,58.008,84.260
546.632,248.058,58.991,82.598
546.492,247.868,59.598,81.063
547.732,247.951,59.989,79.677
546.321,247.288,60.430,78.391
547.353,247.394,60.842,77.120
546.461,254.772,60.589,76.782
547.131,252.744,60.610,76.387
546.363,251.651,60.695,75.517
549.187,256.277,58.460,77.319
549.225,255.607,58.532,76.705
548.744,254.761,58.721,76.119
548.682,259.762,58.294,76.017
549.527,258.391,58.053,75.723
548.443,257.690,57.753,75.540
549.340,257.011,57.549,75.157
549.086,261.436,57.288,74.690
550.912,257.989,55.392,76.286
550.164,257.483,55.937,75.427
549.319,261.830,56.044,74.537
551.122,258.030,54.284,76.272
549.994,257.934,54.924,75.194
549.589,263.436,55.238,74.220
549.656,261.463,55.254,73.837
552.059,259.056,53.392,75.506
551.121,258.568,54.015,74.489
550.676,263.227,54.340,73.471
552.409,259.630,52.653,74.941
551.102,264.686,53.585,73.299
551.321,262.469,53.840,72.710
550.654,260.351,54.094,72.396
550.948,259.735,54.370,71.593
550.774,265.143,54.598,70.885
551.136,263.318,54.603,70.548
551.049,261.935,54.543,70.333
550.972,261.145,54.716,69.772
550.507,265.800,54.683,69.359
550.668,264.163,54.659,69.357
551.307,262.002,54.440,69.278
550.940,261.178,54.378,69.129
550.864,265.447,54.146,69.064
550.926,263.663,54.080,68.818
550.092,268.202,54.010,68.221
549.620,265.703,53.907,68.115
552.414,262.608,51.727,70.202
552.112,267.960,52.170,69.113
550.911,265.779,52.428,68.648
553.116,262.787,50.537,70.437
552.798,261.878,51.170,69.567
552.653,267.442,51.632,68.602
553.200,265.273,51.887,68.150
553.616,263.868,52.087,67.697
552.969,268.438,52.109,67.263
553.012,266.433,52.255,66.952
552.722,265.510,52.340,66.655
551.972,271.167,52.484,65.785
552.583,268.540,52.245,65.747
552.902,266.592,52.173,65.652
553.223,264.807,52.209,65.563
552.649,263.372,52.376,65.212
552.203,268.045,52.297,65.224
552.894,265.875,52.033,65.279
552.648,264.082,52.019,65.054
552.116,268.774,52.023,64.923
552.687,267.867,52.028,64.790
553.395,266.179,51.955,64.740
553.190,263.911,51.745,64.796
553.099,269.177,51.742,64.703
553.513,268.146,51.699,64.398
553.071,267.600,51.733,64.172
552.771,266.301,51.692,64.201
552.902,271.347,51.528,64.042
553.035,270.066,51.516,63.915
553.017,267.775,51.561,63.808
553.214,272.781,51.592,63.310
553.218,270.091,51.399,63.310
553.353,267.955,51.271,63.263
552.997,273.568,51.369,62.607
553.383,271.541,51.105,62.485
553.395,269.017,51.088,62.608
553.148,273.836,51.239,62.090
553.094,271.575,51.141,62.024
553.352,269.501,51.010,62.122
554.123,267.644,50.981,62.013
553.238,272.667,50.804,61.853
552.949,270.864,50.865,61.721
553.613,268.944,50.813,61.716
553.504,274.312,50.965,61.199
554.580,273.221,51.118,60.860
553.632,271.408,50.931,61.089
554.242,269.586,50.617,61.104
553.400,275.129,50.557,60.781
553.917,273.989,50.406,60.643
553.838,271.744,50.601,60.442
553.328,269.889,50.532,60.319
553.858,275.608,50.652,59.869
553.620,273.701,50.439,59.861
554.322,271.956,50.457,59.820
553.309,269.822,50.374,59.801
553.289,275.300,50.515,59.343
554.221,273.341,50.422,59.282
555.123,270.970,50.315,59.433
554.533,276.631,50.285,59.095
554.030,274.662,50.179,59.177
553.745,272.925,50.209,59.137
553.297,278.170,50.259,58.710
553.730,277.091,50.425,58.400
553.947,275.810,50.279,58.469
554.179,274.713,50.339,58.276
554.301,272.833,50.326,58.355
554.593,278.476,50.450,57.732
554.423,276.885,50.386,57.502
553.717,275.632,50.510,57.388
553.734,273.954,50.552,57.482
553.509,272.279,50.523,57.514
553.852,278.353,50.683,57.067
553.881,276.777,50.492,57.218
553.719,275.051,50.572,57.199
553.664,273.612,50.713,57.146
553.656,272.472,50.860,57.051
553.714,277.711,50.650,56.864
553.839,275.784,50.417,57.012
553.600,273.264,50.227,57.236
552.548,278.236,49.751,57.607
550.234,284.283,49.920,56.950
546.841,275.130,50.074,56.458
545.003,264.800,49.990,56.406
497.212,208.078,49.916,56.382
495.837,211.041,49.941,55.900
495.232,214.875,50.122,55.281
495.174,213.461,50.116,54.541
495.484,213.050,50.447,53.597
495.299,216.671,50.565,53.009
494.854,214.857,50.453,52.387
495.423,213.283,50.138,52.139
495.659,212.585,50.034,51.849
495.663,216.101,49.800,51.681
496.246,213.605,49.543,51.547
495.584,212.865,49.577,51.129
496.372,216.677,49.665,50.763
496.317,215.060,49.490,50.623
495.205,213.991,49.102,50.481
496.018,217.853,48.941,50.334
496.014,215.093,48.661,50.282
495.925,213.653,48.500,50.102
497.214,216.813,48.413,49.838
496.885,214.680,48.161,49.568
496.651,214.551,48.358,49.089
496.759,218.362,48.288,48.897
496.855,216.588,48.056,48.631
496.172,216.012,47.972,48.325
496.615,219.317,47.980,48.074
497.103,217.274,47.610,48.184
497.026,215.860,47.632,47.867
496.681,215.156,47.508,47.643
497.461,218.640,47.436,47.632
496.500,216.340,47.194,47.557
496.871,219.691,47.024,47.401
497.355,217.788,46.886,47.104
498.240,216.494,46.777,46.896
496.732,216.070,46.634,46.626
497.586,218.752,46.366,46.540
498.304,218.117,46.069,46.501
497.826,217.057,46.063,46.234
497.334,217.293,46.083,45.858
498.106,220.475,46.087,45.761
498.272,219.490,46.028,45.802
497.508,218.463,46.283,45.397
497.395,217.987,46.201,45.134
498.061,221.161,46.263,44.817
497.586,220.184,46.127,44.712
497.629,219.095,46.119,44.559
497.745,222.192,46.024,44.490
497.960,221.012,45.915,44.344
498.190,219.942,45.890,44.287
497.480,219.269,45.775,44.149
497.750,218.644,45.752,44.119
498.019,221.624,45.612,44.217
498.150,219.694,45.115,44.502
497.500,218.670,44.994,44.422
498.291,218.166,44.948,44.446
498.427,221.078,44.887,44.375
498.697,220.400,45.002,44.197
497.601,219.587,44.988,44.106
497.804,219.389,45.026,43.938
497.900,219.420,45.203,43.585
498.132,222.201,45.317,43.243
497.722,220.879,45.315,43.130
496.940,220.824,45.166,43.098
496.823,220.799,45.128,42.942
496.921,220.811,44.991,42.953
497.018,220.910,45.054,42.888
497.453,220.771,44.989,42.904
497.508,220.732,44.943,42.797
497.712,220.590,44.686,42.977
497.554,220.298,44.713,42.907
498.075,219.686,44.736,42.965
498.799,222.124,44.498,43.188
498.439,221.054,44.181,43.575
498.324,219.010,44.344,43.577
497.635,222.463,44.310,43.759
498.292,222.804,44.837,43.341
498.509,225.659,45.006,43.390
497.810,230.660,44.774,43.356
491.346,234.806,44.753,43.240
484.943,235.289,44.749,43.089
482.969,239.059,44.789,42.931
475.459,238.757,44.738,42.870
463.538,242.582,44.552,42.876
450.539,241.937,44.432,42.855
413.191,289.056,48.173,39.291
380.684,290.688,50.699,36.574
352.468,287.765,49.294,37.649
326.146,281.117,48.359,38.120
298.813,267.489,46.467,39.445
282.206,257.185,45.159,40.567
269.512,238.704,44.086,41.256
263.001,226.019,43.377,41.553
259.003,215.383,42.792,41.766
259.579,209.360,42.437,41.756
260.686,207.439,42.174,41.800
260.751,208.977,41.593,42.168
260.657,211.276,41.565,42.027
255.860,215.868,41.315,41.910
252.254,216.527,41.045,41.818
254.324,211.608,40.759,41.792
260.015,209.175,40.805,41.584
266.453,208.997,43.176,39.669
261.486,208.455,45.373,37.918
258.916,208.185,47.200,36.583
258.191,208.652,48.853,35.337
257.628,209.067,50.546,34.257
256.721,208.788,51.844,33.537
257.278,208.383,52.635,33.131
256.847,208.203,53.437,32.725
256.551,207.817,54.196,32.257
255.547,207.481,54.729,31.980
253.774,210.864,55.415,31.815
254.846,209.910,55.958,31.877
254.052,209.409,56.373,31.963
253.891,208.948,56.643,32.092
253.825,208.369,57.022,32.148
252.640,207.989,57.437,32.133
252.548,208.018,57.714,32.165
252.183,208.274,58.006,32.098
251.952,208.413,58.262,32.179
252.898,208.394,58.383,32.351
253.385,208.130,58.705,32.495
253.133,208.134,58.943,32.574
253.176,207.794,58.929,32.807
253.710,207.823,58.926,32.984
252.900,207.310,59.086,33.125
253.815,207.260,59.310,33.241
253.157,206.988,59.497,33.284
253.627,206.359,59.583,33.373
254.344,206.713,59.637,33.274
253.899,206.718,59.792,33.265
252.858,206.915,59.993,33.217
253.539,206.277,59.878,33.443
253.288,205.984,59.982,33.500
252.029,205.408,60.018,33.583
252.431,209.905,59.987,33.729
254.204,206.043,58.853,35.568
253.841,205.779,59.236,35.584
254.651,206.427,59.551,35.510
253.520,206.418,59.716,35.483
253.598,206.038,59.992,35.449
253.699,205.953,60.232,35.414
253.610,205.946,60.545,35.311
253.823,205.592,60.619,35.384
253.500,205.612,60.753,35.359
253.560,205.696,60.883,35.295
252.769,205.619,60.880,35.334
253.575,205.373,60.782,35.410
253.052,205.502,61.003,35.282
252.804,205.712,61.011,35.301
253.220,205.807,60.941,35.334
253.404,205.411,60.813,35.499
252.351,205.262,61.043,35.440
252.830,205.736,61.133,35.335
253.307,205.986,61.086,35.352
252.876,205.347,61.089,35.485
253.263,205.631,61.004,35.546
252.947,205.470,61.056,35.519
253.010,205.322,60.991,35.561
252.843,205.494,61.042,35.418
252.788,205.688,61.114,35.273
252.491,205.862,61.254,35.133
252.722,205.712,61.049,35.276
252.894,205.375,60.997,35.319
252.024,205.601,61.179,35.101
252.627,205.224,61.177,35.139
252.909,204.963,61.179,35.187
252.186,205.212,61.075,35.247
252.634,204.898,60.949,35.428
253.298,204.856,60.842,35.528
252.275,204.773,60.922,35.557
252.128,204.974,61.051,35.451
251.975,205.005,61.094,35.422
252.873,204.690,60.951,35.577
252.689,204.465,60.998,35.616
248.818,208.672,58.032,38.284
256.339,209.030,59.456,37.297
254.666,214.829,58.916,38.105
269.871,207.948,54.598,42.103
263.764,206.627,53.761,43.084
261.410,178.416,53.245,44.143
262.490,168.868,51.907,45.911
262.521,165.518,51.120,47.260
263.389,168.365,50.653,48.366
264.058,164.565,50.291,49.365
264.309,167.640,50.318,49.912
265.299,164.203,49.978,50.757
264.900,162.240,49.657,51.755
264.082,161.280,49.407,52.581
264.536,164.507,49.533,53.211
264.803,161.495,49.595,53.917
264.601,165.407,49.874,54.281
264.546,162.638,50.184,54.572
264.619,161.159,50.197,55.134
264.760,166.105,50.307,55.652
264.372,162.485,50.478,56.088
264.261,160.092,50.447,56.554
263.850,164.166,50.782,56.973
263.912,160.783,51.486,56.927
263.276,164.880,51.561,57.785
262.645,162.121,51.664,58.620
263.625,159.887,51.787,59.332
262.979,164.845,52.208,59.863
262.467,162.730,52.707,60.334
262.375,159.695,52.910,61.149
262.549,164.764,53.196,61.797
262.080,162.998,53.622,62.408
261.849,160.184,53.913,63.028
262.832,157.488,54.088,63.867
261.228,162.130,54.129,64.860
259.260,167.470,54.731,65.339
260.351,164.548,54.809,66.670
258.715,170.951,55.483,67.237
258.310,168.652,55.945,68.189
258.543,167.013,56.473,69.111
258.703,164.658,56.725,70.061
258.613,159.133,55.417,72.788
259.185,166.054,56.512,73.149
259.297,165.088,57.293,73.694
258.168,159.646,56.180,76.309
259.380,139.706,54.723,78.861
259.884,137.328,53.341,81.137
260.236,136.102,52.287,82.888
260.649,134.918,51.636,84.289
260.960,134.826,51.155,85.362
260.610,141.480,50.749,86.442
260.917,139.305,50.382,87.360
261.417,137.205,50.376,87.826
261.365,134.424,50.411,88.362
269.897,131.924,49.816,89.051
332.279,180.951,48.598,90.485
404.802,234.372,51.428,86.645
421.948,226.899,48.444,89.938
420.779,225.257,48.419,89.949
395.014,221.827,44.808,92.795
406.682,223.111,45.177,92.250
414.969,222.788,46.153,92.442
414.658,221.696,46.825,92.915
414.667,221.312,47.441,93.468
413.940,221.171,48.143,94.071
414.012,221.161,48.641,94.516
413.763,221.313,49.211,94.713
412.965,220.664,49.913,94.850
412.347,219.607,50.395,95.401
411.845,219.067,50.399,96.357
411.346,218.046,50.525,97.051
411.508,217.413,51.217,97.154
411.497,217.871,51.683,97.687
411.046,217.561,52.191,98.032
410.900,216.883,52.546,98.476
410.742,215.796,52.753,99.335
410.457,215.144,53.174,99.894
410.221,214.199,53.657,100.499
409.988,213.248,54.136,101.406
410.319,211.427,54.501,102.481
409.845,211.222,54.936,103.412
409.667,211.149,55.429,103.822
409.965,210.370,55.662,104.581
408.985,210.571,56.650,104.631
409.567,211.391,56.960,104.698
409.572,209.350,56.392,105.825
410.284,209.486,56.328,106.495
410.988,210.474,56.473,106.624
412.952,212.210,56.485,106.244
414.013,212.168,56.297,106.549
414.611,211.291,55.954,107.330
414.641,211.283,55.830,107.995
414.304,211.288,55.961,108.519
414.448,212.561,56.560,108.394
414.135,213.631,56.887,109.064
413.501,215.086,57.298,108.828
412.782,213.531,57.242,108.923
409.506,212.446,57.867,108.937
398.917,213.120,58.655,107.920
388.545,211.363,59.193,105.993
385.501,209.714,59.832,105.236
368.236,224.080,62.601,101.699
349.716,241.113,65.865,98.230
328.894,256.466,68.755,95.143
311.467,276.329,70.275,92.509
271.748,294.800,72.523,88.767
232.658,302.938,75.225,85.574
205.019,307.436,77.056,82.952
176.813,308.027,77.839,82.382
150.601,304.229,78.596,81.404
135.641,299.897,78.615,80.936
122.968,293.747,78.966,80.386
118.685,290.426,79.561,79.305
106.005,284.805,79.393,78.904
96.337,277.957,78.132,79.611
98.046,269.382,77.267,80.018
97.560,262.265,76.469,80.281
95.730,246.054,74.117,83.361
94.226,240.275,73.123,85.245
94.424,234.869,72.090,88.044
93.821,232.396,71.781,89.768
95.017,230.970,71.440,91.884
96.186,229.184,71.504,93.608
95.162,226.455,71.598,95.244
95.003,225.410,72.308,96.481
94.603,224.426,73.121,97.649
93.626,223.633,74.182,98.901
94.114,221.434,74.851,100.497
94.319,219.573,75.666,102.225
94.095,218.751,76.571,103.905
92.703,219.618,77.735,104.959
92.856,218.454,78.408,106.659
93.525,217.221,79.251,107.879
92.857,218.446,80.191,108.952
91.242,217.007,80.201,111.277
90.799,215.244,80.047,113.483
91.621,213.708,80.654,115.320
90.871,214.153,81.685,116.096
90.259,213.049,82.527,117.220
88.969,213.004,83.423,117.955
88.450,212.171,83.880,119.305
88.389,211.510,84.555,120.347
88.240,210.815,85.274,121.382
87.215,210.275,85.738,122.496
87.413,210.414,86.336,123.428
87.574,209.554,86.972,124.338
86.389,210.405,87.778,124.791
87.361,209.695,88.567,125.132
86.828,208.389,89.256,125.590
85.920,207.986,89.548,126.446
85.279,207.882,89.881,127.075
86.434,207.330,90.001,127.947
85.828,207.097,90.416,128.240
85.128,206.826,90.770,128.426
85.312,206.856,91.109,128.748
85.207,206.507,91.382,129.185
85.564,206.490,91.985,129.374
85.189,205.729,92.310,129.771
85.901,205.127,92.451,130.509
85.641,205.413,92.335,131.329
86.144,205.350,92.749,131.646
84.350,205.510,93.098,131.788
85.878,205.550,93.226,132.315
84.283,205.350,93.528,132.333
86.083,204.354,93.747,132.495
85.403,204.658,93.738,132.982
85.199,204.957,93.975,133.137
85.847,204.299,94.188,133.296
85.883,204.672,94.113,133.656
84.133,204.516,94.234,133.522
86.332,203.412,94.268,134.024
86.389,203.845,94.326,134.194
86.094,204.196,94.310,134.400
84.930,204.014,94.520,133.956
85.206,205.117,94.817,133.692
84.231,204.891,94.886,133.512
85.127,204.164,94.511,133.957
84.434,203.223,94.349,133.884
86.100,203.163,94.318,133.923
86.376,202.230,94.263,134.249
86.325,201.223,94.225,134.647
85.923,201.432,94.470,134.333
86.048,201.655,94.850,133.748
86.537,201.942,94.819,133.969
87.142,203.369,95.246,133.745
86.554,204.247,95.975,133.038
86.377,202.695,95.972,133.182
86.369,203.089,96.225,133.108
86.060,203.892,96.237,133.211
86.760,203.515,96.573,132.902
86.368,204.437,96.940,132.678
86.093,203.732,97.027,132.637
87.689,204.077,97.232,132.417
86.901,204.004,97.376,132.658
86.296,203.048,97.511,132.681
85.979,204.642,97.448,132.757
86.807,204.159,97.398,132.679
86.303,203.673,97.608,132.549
86.108,204.035,97.799,132.399
87.012,204.003,97.738,132.489
86.814,203.368,97.760,132.475
86.522,203.808,98.136,132.388
85.810,203.835,98.544,132.181
86.876,205.006,98.617,132.136
86.296,203.232,98.305,132.632
85.032,204.083,98.541,132.674
86.070,204.564,98.399,132.676
85.959,203.858,98.188,132.925
86.635,204.393,98.163,133.077
86.530,204.012,98.236,133.287
86.171,203.571,98.277,133.353
87.379,204.181,98.205,133.441
86.487,203.823,98.137,133.737
86.910,203.542,97.943,133.988
86.796,203.784,97.896,134.323
87.964,203.346,97.658,134.402
86.100,203.221,97.561,135.085
87.729,202.537,97.557,135.171
85.930,203.558,97.835,135.231
87.616,203.240,97.669,135.339
86.925,203.148,97.721,135.364
87.035,202.282,97.830,135.252
86.873,203.320,98.221,134.951
86.309,202.969,98.377,135.021
86.899,203.181,98.324,135.207
86.669,202.468,98.371,135.371
86.147,203.798,98.686,135.267
87.232,202.721,98.775,135.242
85.644,202.932,99.099,135.251
87.142,203.702,99.031,135.113
87.414,203.602,99.221,134.995
86.132,202.081,99.181,135.372
87.475,203.651,99.341,135.092
86.391,202.183,99.171,135.625
86.726,203.735,99.410,135.454
87.130,203.443,99.718,135.256
85.978,202.923,99.548,135.570
87.673,203.017,99.471,135.528
86.814,202.538,99.606,135.631
85.761,203.307,99.878,135.425
87.954,202.240,99.865,135.370
86.360,203.731,100.005,135.619
87.008,202.169,99.809,135.724
85.583,204.149,100.031,135.720
86.544,202.708,99.898,135.794
85.780,202.122,100.054,135.779
85.778,203.592,100.367,135.302
87.188,203.346,100.223,135.424
85.936,203.463,100.162,135.705
87.094,202.874,99.976,135.763
85.998,202.945,100.046,135.739
86.646,202.626,100.002,135.564
85.923,203.481,100.065,135.368
87.236,203.387,100.079,135.363
86.656,202.620,100.061,135.633
85.873,204.718,100.238,135.615
87.490,202.637,100.386,135.548
86.289,203.397,100.331,135.724
86.364,202.784,100.529,135.569
85.830,203.830,100.648,135.505
85.362,203.283,100.751,135.414
86.926,202.785,100.468,135.491
85.249,203.627,100.575,135.632
86.943,201.996,100.376,135.723
85.315,204.109,100.601,135.756
87.057,201.609,100.352,136.042
85.576,202.938,100.304,136.245
87.167,203.540,100.546,135.857
86.658,201.415,100.410,136.112
85.264,203.883,100.505,136.087
87.417,202.655,100.273,136.289
86.656,201.945,100.262,136.519
86.082,204.162,100.475,136.257
87.838,203.061,100.379,136.239
87.395,202.380,100.293,136.558
86.481,201.695,100.153,136.918
86.459,204.465,100.644,136.269
86.356,201.681,100.681,136.498
85.435,205.063,101.070,136.016
86.872,202.790,101.145,135.898
85.344,203.778,100.862,136.358
86.903,203.102,100.855,136.220
86.001,201.726,100.862,136.334
85.327,204.540,101.305,135.802
87.075,202.880,101.290,135.748
86.282,204.180,101.143,135.856
86.186,201.730,100.873,136.160
86.045,203.937,101.175,135.570
85.972,201.649,100.923,136.021
85.883,204.406,101.122,135.708
86.304,203.409,100.908,135.786
85.644,204.263,101.029,135.626
87.092,202.420,100.742,135.824
85.705,204.387,100.776,135.993
87.043,203.451,100.659,136.014
86.091,202.393,100.661,136.062
86.320,204.591,100.969,135.697
85.708,202.932,100.894,136.035
86.561,203.146,100.863,135.838
85.850,203.577,100.954,135.895
87.544,203.184,100.990,135.907
86.658,202.067,100.585,136.523
86.319,203.900,100.759,136.299
86.532,202.703,100.826,136.137
86.278,202.999,100.923,135.904
85.784,203.330,100.880,135.880
87.634,203.488,100.873,135.558
86.133,200.858,100.655,135.795
85.143,204.410,100.413,135.953
86.995,201.487,100.192,136.014
84.937,202.364,99.880,136.221
86.386,200.385,99.447,136.322
86.174,201.573,99.864,135.826
86.114,202.077,100.085,135.381
85.446,203.376,100.131,135.004
86.686,202.829,99.887,135.031
84.322,201.866,99.341,135.659
82.797,201.706,98.681,135.943
84.143,202.047,97.713,136.430
84.095,201.672,96.896,137.049
84.490,202.706,96.842,136.894
85.423,203.040,96.643,136.992
84.983,202.027,96.313,137.204
85.174,201.566,96.054,137.331
84.968,201.462,95.817,137.523
85.273,201.813,95.753,137.361
85.273,202.025,95.654,137.387
85.524,202.195,95.657,137.101
84.927,201.381,95.317,137.339
85.072,201.827,95.552,136.976
85.645,201.750,95.379,136.999
85.452,200.813,95.086,137.355
84.913,202.563,95.284,136.880
86.015,203.098,95.286,136.666
85.060,202.854,95.157,136.872
85.384,203.401,95.233,136.632
85.267,202.685,95.305,136.431
85.033,202.403,95.241,136.446
85.991,202.980,95.316,136.356
85.431,202.819,95.378,136.361
85.464,202.301,95.425,136.339
85.702,202.116,95.326,136.302
85.157,200.999,95.280,136.507
83.892,202.706,95.139,136.404
85.246,202.356,95.323,136.294
85.205,202.328,95.531,136.008
85.237,202.105,95.568,135.966
85.317,201.515,95.656,135.840
84.599,202.328,95.623,135.821
85.563,201.984,95.914,135.547
84.691,202.512,95.859,135.578
85.776,201.843,96.097,135.337
84.933,203.002,96.065,135.394
85.628,203.020,96.216,135.279
85.560,201.950,96.239,135.377
84.985,203.211,96.255,135.258
85.084,202.115,96.200,135.357
84.302,203.713,96.138,135.286
85.360,202.902,96.205,135.191
84.921,201.890,96.093,135.396
84.205,203.575,95.861,135.403
85.661,203.303,96.097,135.113
85.132,202.377,96.031,135.232
85.423,202.599,95.846,135.380
85.201,202.134,95.798,135.696
84.686,202.264,95.796,136.018
85.491,202.827,95.927,135.928
85.428,201.851,95.989,136.044
85.407,202.609,95.931,136.026
85.540,202.603,95.958,135.899
85.372,202.411,95.665,136.366
85.407,202.774,95.546,136.461
85.664,202.921,95.358,136.583
85.538,203.334,95.311,136.594
85.435,202.292,95.338,136.393
85.709,203.039,95.020,136.642
85.270,202.199,95.037,136.644
85.857,202.556,94.775,136.881
84.343,201.674,94.555,137.096
85.372,201.523,94.307,137.206
86.592,200.991,94.373,136.750
86.694,201.246,94.452,136.217
88.126,201.225,94.394,136.319
87.484,203.045,95.030,135.640
88.279,204.279,95.860,134.572
86.570,203.674,96.465,133.948
87.776,207.436,97.207,132.546
89.399,204.718,98.577,130.659
87.060,205.785,99.619,129.638
87.412,205.911,99.853,129.581
87.352,206.055,100.180,128.847
88.578,207.543,101.515,127.160
89.337,208.985,101.833,126.407
87.584,209.284,101.677,126.152
87.543,208.905,101.421,126.147
87.320,208.582,100.838,126.597
86.506,208.089,100.465,127.144
85.236,207.178,100.357,127.368
87.103,207.545,100.334,127.270
87.061,207.718,100.239,127.370
86.557,207.262,100.462,127.249
86.500,207.762,100.224,127.500
86.131,206.444,99.992,128.010
86.752,206.331,99.715,128.522
86.752,206.349,99.492,128.931
86.971,205.454,99.399,129.057
86.944,207.461,99.616,129.121
85.251,207.271,100.005,128.599
86.809,208.715,100.015,128.159
85.433,208.182,100.340,127.413
86.134,209.061,100.318,126.906
84.865,208.735,100.125,126.678
85.962,209.850,99.709,126.630
86.365,210.227,100.114,125.612
82.202,211.149,99.716,125.517
79.582,209.154,99.808,125.245
73.726,210.960,99.355,126.287
67.358,213.910,99.280,127.010
60.567,217.836,99.260,127.393
52.930,217.158,99.032,127.289
39.445,208.174,92.315,132.787
41.389,209.824,88.799,134.487
56.372,203.433,85.709,135.570
83.492,196.278,83.649,136.509
109.724,201.687,87.393,131.603
138.323,186.530,85.559,134.127
158.631,186.389,83.938,135.831
149.139,181.638,78.591,140.747
154.607,174.382,75.576,144.186
155.601,170.049,74.237,145.794
155.764,165.721,73.543,147.192
156.954,164.540,72.804,149.021
156.326,163.243,72.479,150.501
156.429,162.975,72.373,152.008
156.289,161.399,72.317,153.157
156.344,160.621,71.962,155.049
158.165,158.875,71.241,157.316
157.059,157.432,71.134,158.725
157.349,155.485,70.950,160.105
157.935,155.888,70.775,161.666
157.021,154.687,70.869,162.506
157.534,153.479,70.516,164.133
157.812,152.469,70.438,165.292
157.579,153.718,70.639,166.015
156.112,152.496,70.822,166.242
157.655,153.113,70.827,166.923
157.273,151.951,70.906,167.327
156.961,151.047,70.845,168.425
157.305,149.954,71.169,168.661
158.202,147.726,71.050,170.245
157.489,147.104,71.905,171.060
154.547,146.371,72.253,172.086
150.592,148.323,72.848,173.305
152.226,146.465,72.527,174.454
152.207,147.981,72.689,175.740
150.871,145.319,72.139,176.538
152.045,150.606,71.843,176.986
150.963,147.464,71.797,176.040
151.409,148.633,71.170,175.908
152.206,147.556,70.447,175.677
152.108,147.339,69.976,175.481
152.598,149.884,69.395,175.527
152.340,146.878,68.929,175.146
152.828,150.096,68.426,175.535
152.431,147.668,68.366,174.796
153.115,150.841,67.951,175.077
152.993,150.542,68.062,174.379
152.967,151.410,68.328,173.668
152.830,151.049,68.695,173.030
152.996,149.497,68.758,172.734
152.126,152.093,68.867,172.512
152.638,151.264,68.814,171.828
152.808,151.789,68.793,171.783
152.572,151.328,68.664,171.957
152.904,149.292,68.472,172.398
152.798,149.218,68.001,172.970
152.060,154.908,68.390,171.989
153.119,155.860,68.953,169.742
153.490,160.054,71.043,166.285
152.146,155.333,70.699,164.713
152.552,161.310,71.476,163.693
150.885,158.526,72.318,161.565
150.523,159.820,72.769,160.621
149.000,159.986,72.654,160.238
149.313,161.709,72.026,161.317
149.791,160.927,71.480,161.991
150.286,161.341,70.914,163.128
150.032,161.428,70.657,163.520
149.288,162.187,70.734,163.510
150.064,162.995,70.625,163.671
149.620,162.801,70.598,163.602
150.233,162.666,70.617,163.245
149.900,162.625,70.398,163.346
150.500,161.918,69.927,163.905
150.617,163.245,70.266,163.570
149.381,164.368,70.689,162.635
149.912,163.968,70.971,161.666
149.691,162.640,70.507,161.964
149.981,161.034,69.991,162.826
150.570,160.280,69.698,163.529
151.100,160.103,69.353,164.208
150.878,159.202,69.186,164.974
151.016,158.416,69.095,165.513
151.044,158.169,69.189,166.144
150.801,158.117,69.277,166.795
151.076,157.850,69.277,167.585
150.590,156.197,68.145,169.221
151.130,154.900,67.474,170.130
151.475,153.474,67.119,170.730
151.824,154.087,66.666,171.715
151.499,153.749,66.395,171.987
152.533,153.372,66.259,172.462
152.192,153.157,65.959,173.297
152.385,152.247,66.034,173.241
152.092,153.533,65.772,173.728
151.848,153.146,65.962,173.676
153.036,151.036,65.875,173.579
151.957,152.387,65.845,173.905
152.761,151.500,65.847,174.000
152.435,152.696,65.742,174.469
152.611,151.688,65.832,174.420
152.117,152.277,65.826,174.917
152.448,151.041,66.016,175.002
151.669,152.404,65.921,175.500
152.044,150.914,66.085,175.457
151.957,151.443,66.048,175.890
152.723,151.036,66.024,176.022
152.345,151.080,66.046,176.364
152.324,150.560,66.102,176.321
152.440,150.239,66.157,176.267
151.786,151.015,65.826,177.045
152.724,150.211,65.821,177.292
152.178,150.244,65.653,177.838
152.287,149.657,65.655,177.996
152.431,149.472,65.671,177.992
152.265,149.396,65.831,178.108
151.670,148.816,65.824,178.562
152.042,151.591,66.016,178.251
152.133,148.486,65.883,178.288
151.281,151.055,65.821,178.507
152.008,147.416,65.976,178.208
151.844,151.557,66.220,177.779
152.586,148.170,66.378,177.614
152.658,150.246,66.307,177.832
152.669,149.450,66.211,178.024
151.947,149.324,66.076,178.494
151.834,149.418,66.031,178.504
151.700,149.213,65.887,178.773
151.581,149.181,65.885,178.708
152.045,149.604,66.215,178.018
151.623,149.659,66.141,178.062
151.841,149.784,66.318,177.799
151.628,150.002,66.204,177.860
152.177,150.010,66.350,177.677
151.817,149.675,66.133,178.239
152.165,149.621,65.956,178.396
152.415,149.286,65.858,178.364
151.558,149.552,65.751,178.784
151.529,150.346,66.223,177.978
151.302,150.740,66.372,177.800
