319.000,185.000,67.000,56.000
316.298,184.199,67.734,54.998
314.020,182.537,67.822,54.413
312.302,182.996,68.354,53.924
311.635,180.206,68.382,53.624
309.319,179.296,67.944,53.494
307.335,178.124,68.016,53.325
305.229,177.115,68.006,53.305
302.035,176.235,68.286,52.873
301.976,174.211,68.425,52.753
299.675,172.856,68.150,53.201
298.806,171.295,68.251,53.263
296.681,169.775,67.301,53.787
296.299,169.408,66.832,54.215
294.877,167.185,66.443,54.420
293.662,165.063,65.533,55.133
293.610,163.616,64.508,55.984
291.255,162.314,63.713,56.784
291.708,159.386,63.386,57.610
289.619,157.701,63.144,58.293
287.797,157.147,63.168,58.579
286.629,156.071,63.369,58.678
285.250,154.256,63.259,58.962
283.580,153.088,62.682,59.278
283.041,152.396,62.326,59.270
280.804,151.885,61.883,59.373
279.205,150.567,62.109,58.972
277.591,148.521,62.460,58.459
276.882,147.615,62.575,58.362
274.941,145.967,62.544,58.588
272.539,144.860,63.268,57.936
271.086,143.271,64.059,57.386
268.970,142.473,65.855,56.568
269.911,141.547,66.281,56.764
269.968,139.730,65.927,57.367
269.390,137.494,65.322,58.251
267.976,136.116,65.550,58.190
268.151,134.339,66.052,57.854
268.767,132.638,66.236,57.994
270.042,123.694,66.901,57.517
268.960,121.757,66.815,57.124
269.964,120.015,67.029,57.032
269.864,118.475,66.724,56.927
270.744,117.026,66.455,56.680
272.771,115.478,65.916,56.606
273.319,113.582,64.947,56.760
274.771,112.006,64.127,57.069
276.235,110.430,63.180,57.454
276.984,108.619,62.380,57.613
276.882,106.681,61.588,58.123
282.335,104.598,59.973,58.979
281.368,102.185,59.103,59.580
287.302,94.001,58.434,59.556
286.908,93.294,58.136,59.313
286.048,92.335,58.103,58.958
285.747,92.957,58.272,58.354
285.298,92.844,58.730,57.737
291.563,92.095,57.588,57.565
297.467,86.872,56.840,56.831
296.139,93.974,56.205,56.232
295.734,94.837,55.453,55.805
296.913,95.650,54.701,55.690
296.861,96.644,53.972,55.659
296.959,97.047,53.556,55.590
296.338,95.844,53.450,55.290
295.330,95.560,53.883,54.906
295.868,95.110,54.104,54.768
296.249,95.499,55.058,54.188
296.725,95.511,55.922,53.818
297.268,93.306,56.570,54.191
297.658,93.278,57.262,53.964
297.370,92.444,57.406,54.044
298.960,91.108,57.420,54.164
298.901,89.777,57.093,54.481
298.882,89.602,56.310,54.780
299.537,89.144,55.877,54.959
300.746,89.039,55.686,54.880
301.495,89.220,55.380,55.053
302.706,87.997,55.649,54.555
304.260,87.423,55.410,54.243
305.185,85.917,55.229,54.056
306.318,84.749,54.908,53.925
307.188,85.209,54.414,53.757
308.265,85.451,54.014,53.630
308.457,84.279,53.639,53.158
309.017,83.496,53.442,52.720
310.895,82.396,52.944,52.789
311.768,81.428,52.321,53.141
313.072,81.055,52.050,53.115
315.360,79.428,52.285,52.873
317.774,78.844,52.765,52.247
319.116,78.097,52.565,51.933
319.200,77.941,52.179,51.491
320.047,77.971,51.335,51.316
319.475,77.455,50.514,51.319
319.140,78.182,49.557,51.386
318.804,78.075,48.650,51.337
319.976,78.216,48.329,51.204
320.482,77.907,47.919,51.135
321.081,77.061,47.410,51.063
320.652,76.811,46.889,50.775
320.336,77.361,46.551,50.636
320.838,76.917,45.954,50.568
321.565,76.807,45.256,50.613
321.862,75.983,44.763,50.569
322.673,75.807,44.436,50.505
322.461,76.277,44.081,50.352
322.371,77.133,43.873,50.376
321.459,77.912,43.593,50.262
320.866,78.739,43.770,49.502
319.842,79.389,43.942,48.892
320.445,79.730,44.103,48.463
320.935,80.154,44.507,47.948
320.931,81.155,44.811,47.589
320.353,80.796,45.078,47.276
320.759,79.912,44.977,47.194
321.950,79.449,44.787,47.259
322.638,79.511,44.810,46.654
323.202,79.556,44.541,46.392
323.653,80.443,44.459,45.893
324.640,80.688,44.415,45.714
324.197,80.672,44.144,45.630
324.106,80.317,44.207,45.460
324.135,80.271,44.046,45.108
323.027,80.687,43.542,44.878
322.339,86.349,43.375,45.367
321.246,85.945,43.127,45.701
320.331,85.746,42.739,46.139
319.772,85.701,43.100,45.836
319.127,86.163,43.346,45.517
318.780,86.490,43.201,45.343
319.016,87.411,43.485,44.916
319.052,88.147,43.783,44.620
319.341,89.022,43.693,44.763
318.588,89.260,43.241,45.030
317.630,89.686,42.722,45.357
316.196,89.941,42.557,45.363
316.796,89.400,42.544,45.108
317.476,88.836,42.335,44.900
317.376,89.096,42.243,44.218
315.714,89.259,42.043,43.690
314.435,90.135,41.847,43.393
313.650,91.014,41.574,43.200
314.179,91.215,41.251,43.054
313.830,92.387,40.930,42.646
313.319,93.501,40.809,42.014
311.484,94.264,40.648,41.740
310.977,94.312,40.919,41.405
310.387,93.946,41.656,40.881
310.904,94.710,41.899,40.737
310.722,94.858,41.936,40.725
310.189,94.894,41.792,40.926
310.478,95.473,41.307,41.168
310.462,95.578,40.912,41.419
309.376,96.118,40.725,41.357
309.272,96.386,40.630,41.457
309.370,97.140,40.475,41.599
307.577,97.096,40.208,41.897
307.016,98.328,40.974,41.455
307.330,99.863,41.143,41.518
306.839,101.082,40.921,41.731
306.438,101.805,40.725,41.867
305.737,102.769,40.268,42.047
305.326,104.166,39.917,42.168
304.743,105.149,40.135,41.729
304.755,105.835,40.282,41.485
304.414,106.951,40.151,41.466
303.566,107.162,40.271,41.291
303.733,108.441,40.044,41.464
302.932,109.577,39.844,41.584
302.296,110.772,39.643,41.450
301.143,111.839,39.815,41.180
300.665,112.669,40.108,40.857
300.711,113.164,40.055,40.648
300.061,114.443,40.061,40.368
300.118,115.279,39.971,40.183
299.249,115.835,40.175,39.830
299.243,116.979,40.545,39.374
299.141,117.437,40.944,39.212
298.801,117.824,41.333,39.115
297.811,118.381,41.442,39.102
296.950,119.042,41.664,39.217
296.304,120.634,42.114,38.931
295.390,121.442,42.056,38.789
295.258,121.794,42.318,38.435
294.912,122.444,42.472,38.590
293.570,123.408,42.649,38.814
292.893,124.790,42.789,39.057
292.401,125.643,42.906,39.151
292.012,126.411,42.981,39.201
290.654,127.979,43.120,39.252
289.574,129.054,43.166,39.377
290.118,129.869,43.112,39.517
289.796,130.858,43.417,39.401
289.579,131.563,43.582,39.536
288.468,132.857,43.452,39.904
287.298,137.834,43.633,39.892
285.644,137.336,43.282,40.456
285.059,138.185,42.899,40.783
284.255,139.492,42.841,40.955
283.551,141.498,42.986,40.864
283.440,145.742,42.927,41.153
282.592,147.199,42.997,41.305
281.795,148.678,43.114,41.041
280.993,149.819,43.009,40.989
281.749,154.574,42.924,41.121
282.294,155.057,42.810,41.291
280.909,156.267,42.601,41.537
281.449,157.007,42.302,41.947
282.781,157.216,42.118,42.703
281.812,163.195,42.628,42.758
280.949,164.100,42.913,42.819
280.350,165.392,43.096,43.054
280.340,171.841,43.777,42.943
279.174,172.895,44.875,42.663
277.975,175.075,45.987,42.431
277.941,176.672,47.037,42.100
278.617,178.603,48.417,41.766
278.477,179.223,50.107,41.460
277.565,180.273,51.443,41.468
276.087,181.293,52.475,41.612
275.086,181.901,53.220,41.855
274.130,182.121,53.844,42.207
273.276,181.980,54.143,42.878
271.459,181.738,54.665,43.530
268.945,181.760,55.514,44.134
266.994,182.067,56.318,44.890
266.146,182.152,56.755,45.839
