58.000,100.000,28.000,23.000
58.535,100.404,28.796,22.606
59.361,101.044,29.578,22.226
60.484,101.161,30.230,22.043
60.601,101.547,30.573,21.835
61.922,101.818,30.801,21.777
62.643,102.824,30.986,21.849
63.806,102.172,31.389,22.145
65.167,102.366,31.808,22.257
66.162,103.055,32.178,22.299
67.447,102.920,32.467,22.464
68.117,104.063,32.306,22.580
68.082,104.981,31.980,22.562
68.139,104.280,31.409,22.589
67.310,104.938,30.566,22.574
67.018,105.289,30.096,22.556
66.971,105.584,29.679,22.475
67.132,105.558,29.231,22.292
66.803,107.138,28.804,22.096
67.124,106.917,28.661,21.971
67.101,107.766,28.520,21.932
67.210,108.544,28.757,21.714
68.030,108.807,29.135,21.386
68.163,109.626,29.257,21.349
68.948,108.844,30.049,21.225
68.106,109.949,30.393,21.052
70.101,108.380,30.719,21.302
73.095,107.829,30.425,21.718
76.152,107.485,30.110,22.038
81.215,108.273,30.091,22.003
86.376,109.342,30.352,21.843
88.089,109.406,30.789,21.672
89.771,109.328,30.972,21.512
89.977,109.654,30.792,21.309
90.985,110.861,30.618,21.339
92.287,110.484,30.584,21.163
92.857,110.975,30.539,20.989
92.989,110.957,30.171,20.879
93.784,111.403,30.212,20.671
95.077,110.673,30.449,20.611
95.680,111.346,31.499,19.916
96.306,111.694,31.295,20.051
96.038,112.488,32.265,19.292
97.102,112.262,32.649,18.934
98.886,112.637,32.996,18.586
101.791,112.503,32.905,18.400
102.326,112.978,33.023,18.227
104.438,111.313,32.919,18.280
107.311,109.082,32.697,18.365
106.280,109.416,32.388,18.278
107.980,106.758,32.388,18.352
108.630,105.077,32.557,18.385
109.226,102.038,32.813,18.507
109.787,100.299,33.246,18.349
111.659,98.650,33.768,18.216
111.485,99.397,34.299,17.888
112.493,98.170,34.812,18.006
113.382,98.050,35.027,18.055
116.004,99.079,35.063,18.233
117.455,99.462,35.442,18.417
117.576,99.780,35.365,18.659
117.973,99.079,35.224,18.859
118.299,99.346,35.129,18.945
119.194,99.586,35.278,19.011
120.086,99.504,35.542,18.985
120.501,99.607,35.705,18.925
122.486,99.827,35.759,18.988
123.891,99.809,35.809,19.003
125.466,99.962,36.020,18.857
126.524,100.036,36.102,18.931
127.563,100.141,36.096,18.895
127.545,100.500,36.194,18.830
129.150,100.566,35.747,18.866
131.039,99.944,35.367,18.884
132.717,99.911,35.263,18.770
134.749,99.711,35.236,18.805
135.972,100.807,35.267,18.845
136.779,100.360,35.030,19.009
137.925,100.650,35.150,18.985
138.794,101.191,35.458,19.005
139.254,101.175,35.703,19.122
139.097,101.491,36.132,19.077
139.615,101.214,36.316,19.232
139.478,101.023,36.374,19.406
139.577,101.035,36.415,19.438
139.910,101.159,36.688,19.378
139.929,101.280,36.925,19.383
140.397,100.894,37.261,19.455
141.272,101.040,37.755,19.590
151.557,103.334,37.174,19.943
151.406,102.507,36.937,20.215
151.063,102.311,37.290,20.344
153.894,101.998,37.525,20.577
156.923,102.204,37.288,20.688
156.396,102.853,37.502,20.848
156.190,103.057,37.556,21.051
156.840,102.556,37.542,21.099
157.103,102.244,37.207,21.312
157.525,102.382,36.990,21.387
158.654,102.231,37.040,21.310
163.675,103.836,36.708,21.214
164.342,104.793,36.425,21.021
165.889,105.070,36.209,20.971
167.612,105.547,35.820,20.999
168.177,105.410,35.880,20.862
169.073,106.353,35.987,20.629
170.500,106.638,35.912,20.617
172.010,106.799,35.972,20.540
172.285,107.810,35.962,20.271
174.233,108.061,36.029,20.171
174.134,108.483,35.864,20.084
173.714,108.591,35.509,20.190
174.406,109.112,35.331,20.084
174.789,109.949,35.125,19.911
175.698,109.683,35.067,20.004
176.191,110.550,34.927,19.954
176.660,110.794,34.591,19.985
177.377,111.245,34.414,19.971
177.207,111.788,34.056,19.982
179.673,111.408,33.528,20.149
180.401,111.511,32.981,20.287
180.895,111.557,32.421,20.262
181.474,111.706,31.515,20.437
184.249,111.527,29.597,21.774
186.785,111.662,27.860,22.991
186.692,111.899,26.370,23.968
187.522,112.428,25.238,24.617
187.480,112.050,24.353,25.039
188.129,112.648,23.581,25.496
188.298,112.617,22.974,25.702
187.898,113.248,22.284,26.170
188.370,113.801,21.892,26.306
189.357,114.967,21.004,26.740
189.614,115.050,20.176,27.332
189.291,115.248,20.229,27.052
188.975,115.406,20.267,26.853
188.559,116.047,20.572,26.346
187.680,116.741,21.168,25.814
187.375,117.481,21.847,25.012
187.168,118.106,22.332,24.442
186.194,119.095,22.762,24.074
184.782,119.674,22.966,23.846
183.988,120.059,23.568,23.444
183.281,120.385,23.996,23.158
182.690,121.129,24.422,22.721
181.718,122.050,24.838,22.321
180.668,122.662,25.264,21.823
180.095,123.445,25.617,21.493
182.405,123.363,25.463,21.590
181.968,123.495,25.456,21.539
181.677,123.378,25.304,21.757
181.456,123.177,25.094,22.097
180.612,123.455,25.306,22.106
179.705,123.952,25.502,22.105
178.088,124.949,27.136,21.094
177.977,124.798,27.147,21.490
176.350,125.633,28.612,20.439
175.476,126.183,28.334,20.984
174.778,125.924,28.162,21.468
170.999,122.641,28.230,21.652
170.550,122.639,28.377,21.909
169.446,121.257,28.266,22.280
168.566,119.077,28.322,22.403
167.284,117.110,28.223,22.646
166.898,115.570,28.176,22.855
165.742,111.962,28.156,22.841
164.829,111.737,28.347,22.911
164.447,110.315,28.397,22.828
164.019,108.835,28.310,22.703
162.501,107.660,28.057,22.798
161.306,107.488,27.998,22.868
159.905,106.464,28.069,22.748
158.040,105.722,28.053,22.609
156.319,104.511,27.985,22.488
154.832,104.268,28.166,22.252
154.474,102.990,28.235,22.034
152.847,103.356,29.483,20.814
151.135,103.576,30.674,20.027
149.671,103.969,31.386,19.493
149.046,104.193,31.871,19.077
147.909,103.528,32.133,18.952
143.999,102.940,32.400,18.992
139.904,102.864,32.700,19.110
136.188,102.325,33.556,19.299
134.836,101.856,34.399,19.540
130.897,100.786,34.931,19.821
129.933,100.243,35.631,20.107
129.130,99.394,36.059,20.478
127.481,99.248,36.479,20.573
125.618,98.939,36.984,20.702
124.186,98.496,37.538,20.887
121.814,98.640,38.004,21.121
121.132,98.450,38.452,21.340
118.417,98.213,39.005,21.238
116.493,97.937,39.274,21.233
114.722,97.327,39.580,21.343
113.499,97.203,39.766,21.485
111.148,96.827,40.162,21.505
109.492,96.170,40.364,21.704
106.735,95.774,40.489,22.018
106.717,94.178,40.532,22.291
105.442,94.194,40.731,22.316
105.894,93.966,40.857,22.356
104.300,94.198,41.125,22.246
103.970,93.955,41.161,22.196
103.465,93.752,41.215,22.211
101.864,93.401,41.119,22.219
101.469,92.893,40.948,22.280
99.698,92.830,40.951,22.378
98.748,91.491,40.344,22.318
97.962,91.011,40.069,22.117
96.947,90.850,39.809,22.007
96.649,90.718,39.541,22.021
97.072,89.892,39.265,21.993
95.462,89.913,39.061,22.021
94.862,89.543,38.954,22.045
94.630,89.390,38.857,22.028
92.599,89.523,38.749,22.036
92.533,89.329,38.464,22.054
91.054,89.125,38.037,21.862
90.724,88.234,37.757,21.675
90.263,88.125,37.460,21.461
89.141,88.021,37.216,21.100
89.348,87.103,36.806,20.795
86.674,85.512,34.662,22.165
86.017,85.085,32.938,23.123
86.617,83.820,31.318,24.009
85.991,83.501,30.292,24.265
86.238,82.648,29.326,24.456
85.357,81.914,28.559,24.488
85.664,81.484,27.862,24.361
85.256,80.808,27.312,24.218
84.519,80.218,26.868,24.192
83.480,79.082,26.456,24.071
82.708,78.536,26.196,23.892
81.810,77.629,25.781,23.877
80.890,76.878,25.318,23.968
80.889,76.690,25.119,23.904
80.913,75.640,24.812,24.082
80.291,75.192,24.564,24.081
78.568,75.482,24.681,23.853
77.387,74.805,24.716,23.546
77.414,73.998,24.663,23.440
76.688,74.309,24.734,23.126
75.916,74.337,24.866,22.741
75.255,74.552,24.593,22.510
75.036,74.002,24.056,22.472
75.261,73.558,23.557,22.431
74.366,72.971,23.174,22.321
73.636,72.239,22.682,22.501
73.784,71.607,22.233,22.548
73.112,70.868,21.951,22.755
72.985,70.007,21.660,23.004
73.229,69.073,21.423,23.044
73.038,68.518,21.292,23.003
73.289,67.833,20.990,22.893
72.704,67.966,20.842,22.841
73.067,67.009,20.572,22.679
72.794,66.703,20.395,22.458
72.452,66.200,20.119,22.398
72.512,65.300,19.739,22.485
72.240,65.088,19.448,22.368
71.875,64.814,19.160,22.371
71.935,64.495,18.939,22.363
71.733,64.440,18.639,22.322
71.724,63.058,17.631,23.272
71.004,62.542,16.970,23.779
71.112,61.847,16.517,24.010
70.405,62.380,16.483,23.831
70.941,61.571,16.285,23.967
70.604,61.337,16.185,23.976
70.258,60.727,15.955,24.146
70.611,59.708,15.691,24.466
70.232,59.370,15.530,24.612
70.697,58.897,15.283,24.868
71.309,58.253,15.032,25.207
70.842,57.348,14.880,25.559
70.980,56.712,14.639,25.963
70.893,56.455,14.578,26.230
71.422,55.978,14.420,26.403
71.557,55.313,14.428,26.299
71.318,54.933,14.461,26.167
71.069,54.774,14.396,25.992
71.247,54.450,14.341,25.905
71.360,54.204,14.369,25.779
70.885,53.813,14.230,25.884
70.601,53.596,14.061,26.063
70.215,53.386,14.033,25.881
69.563,53.027,14.163,25.505
69.726,53.054,14.328,25.202
69.270,53.461,14.724,24.552
68.677,53.472,15.833,23.044
68.395,51.415,16.771,22.034
67.832,51.929,17.413,21.234
67.988,52.166,17.840,20.656
67.487,52.297,18.155,20.287
67.548,52.205,18.249,19.909
67.781,51.867,18.103,19.905
68.149,51.711,17.976,19.817
68.500,51.542,17.886,19.754
68.329,51.610,17.833,19.556
68.798,50.812,17.658,19.539
68.897,50.008,17.503,19.529
68.727,49.095,17.296,19.493
68.667,48.513,17.106,19.482
68.166,48.251,17.066,19.229
68.014,48.119,17.140,19.061
67.797,47.724,17.214,18.829
67.142,47.546,17.030,18.758
66.842,47.184,16.894,18.696
66.411,46.681,16.845,18.416
66.352,46.569,17.021,18.165
64.812,46.792,17.411,17.677
64.903,46.516,17.569,17.391
63.469,46.607,17.717,17.066
63.750,46.099,17.676,16.882
63.331,45.976,17.602,16.689
62.498,45.652,17.623,16.472
62.062,45.521,17.502,16.306
61.766,45.026,17.328,16.229
61.461,44.800,17.197,16.245
61.612,44.544,17.013,16.252
61.407,44.523,16.995,16.092
61.414,44.461,17.173,15.905
61.381,44.269,17.227,15.753
60.630,44.010,17.269,15.507
60.858,43.433,17.348,15.338
59.819,43.471,17.412,15.274
59.934,42.971,17.439,15.315
58.680,42.936,17.515,15.236
58.229,42.785,17.516,15.177
58.105,42.431,17.511,15.210
57.222,42.442,17.685,15.129
56.574,42.075,17.961,14.919
55.380,42.215,18.322,14.631
54.476,42.573,18.697,14.459
53.998,42.381,18.979,14.257
53.593,42.591,19.294,14.157
52.624,42.785,19.292,14.033
51.335,43.050,19.180,14.022
50.751,42.523,19.195,13.922
49.018,42.795,20.195,13.322
47.597,42.638,20.858,12.906
46.357,42.524,21.479,12.654
45.986,42.224,22.039,12.514
44.780,42.398,22.491,12.506
43.744,42.271,22.587,12.556
42.457,41.902,22.605,12.650
41.866,41.789,22.779,12.719
41.529,41.697,22.799,12.736
40.757,41.562,22.765,12.718
40.763,41.815,22.878,12.685
39.709,42.113,22.875,12.664
39.132,42.346,23.253,12.614
38.990,42.561,23.465,12.601
37.449,42.747,23.637,12.649
37.336,43.015,23.609,12.716
36.537,43.636,23.834,12.655
35.546,43.677,23.814,12.585
35.375,43.672,23.780,12.612
35.184,43.619,23.746,12.662
33.260,43.754,23.647,12.873
33.487,44.036,23.477,12.999
33.424,43.864,22.498,13.877
33.360,43.571,21.683,14.564
32.778,43.045,21.034,15.086
32.461,43.254,20.655,15.477
31.320,45.328,20.545,15.516
30.347,45.171,20.486,15.527
29.538,45.001,20.487,15.534
29.269,44.827,20.236,15.734
29.203,45.129,19.936,16.058
28.913,45.575,19.557,16.360
27.882,46.092,19.335,16.441
28.461,46.810,18.967,16.614
27.652,47.375,18.664,16.891
26.761,47.915,18.368,17.099
26.720,48.584,17.868,17.332
27.273,48.512,17.457,17.606
27.236,48.352,17.202,17.806
27.192,48.954,16.812,17.936
27.454,49.460,16.642,17.892
27.588,49.837,16.494,17.837
27.895,50.361,16.171,18.099
27.071,50.952,16.070,18.208
26.865,50.976,15.828,18.245
26.832,51.000,15.657,18.298
26.817,51.370,15.536,18.280
27.024,51.855,15.126,18.432
27.246,52.783,14.508,19.017
27.351,53.335,13.959,19.466
27.291,52.945,13.555,19.840
27.147,54.090,13.446,19.944
26.735,54.118,13.295,20.011
27.043,54.687,13.090,20.122
27.291,54.526,12.953,20.199
26.755,54.933,13.034,19.999
27.165,55.525,12.854,20.173
26.512,56.128,12.759,20.133
27.118,56.840,12.750,20.077
27.257,57.220,12.645,20.111
27.576,57.490,12.648,20.015
27.992,57.845,12.686,19.981
27.833,59.012,12.593,20.108
28.130,58.607,12.526,20.361
28.417,58.239,12.479,20.542
28.788,58.694,12.358,20.680
29.388,58.871,12.457,20.767
29.813,59.435,12.517,20.783
30.303,59.353,12.464,20.844
30.552,59.556,12.555,20.592
30.798,60.469,12.647,20.493
31.643,61.264,12.580,20.577
32.095,61.987,12.525,20.503
32.539,62.700,12.485,20.450
32.497,63.591,12.574,20.185
32.766,64.130,12.457,20.156
33.040,63.800,13.047,19.347
33.049,64.218,13.706,18.721
33.036,64.973,14.160,18.244
32.671,65.287,14.458,17.926
33.360,65.857,14.766,17.522
33.577,66.561,15.158,17.103
33.161,66.984,15.207,17.134
34.278,66.951,15.399,17.186
34.499,67.271,15.485,17.176
34.973,67.278,15.626,17.278
34.813,67.345,15.823,17.345
35.725,67.424,15.763,17.431
35.773,68.161,16.012,17.197
36.510,68.255,16.311,16.935
36.608,68.746,16.601,16.729
37.543,68.819,16.713,16.788
38.042,69.147,16.843,16.789
38.303,69.697,16.963,16.762
40.141,70.476,16.999,16.813
40.517,71.318,17.276,16.866
40.317,72.394,17.557,16.768
40.427,73.149,17.656,16.774
40.904,73.175,17.670,16.852
41.194,73.538,17.703,16.909
41.488,74.010,17.895,16.874
42.109,74.611,17.958,16.711
42.875,75.403,17.973,16.702
43.333,75.671,17.953,16.682
43.775,76.383,18.002,16.625
44.633,76.955,17.902,16.591
45.638,76.842,17.839,16.754
45.947,77.466,17.952,16.922
46.257,77.505,17.984,17.115
47.015,77.676,18.005,17.239
47.587,77.464,18.137,17.444
48.145,77.882,18.403,17.593
48.650,77.632,18.509,17.862
49.144,78.300,18.747,17.984
50.160,79.161,19.034,18.083
51.528,79.728,19.067,18.297
52.512,79.726,19.150,18.405
53.350,79.711,19.232,18.533
54.414,80.000,19.392,18.665
55.617,80.319,19.613,18.711
56.153,80.907,19.938,18.625
56.825,81.106,20.229,18.502
56.628,82.607,20.635,18.482
57.273,82.736,20.772,18.713
57.635,83.442,21.292,18.610
58.214,83.363,21.657,18.602
59.041,84.235,21.879,18.711
60.014,84.813,22.088,18.846
60.577,85.107,22.278,18.884
61.618,85.481,22.456,19.096
61.927,86.141,22.562,19.217
63.138,85.863,22.618,19.522
63.661,86.367,22.728,19.701
64.346,86.537,22.770,19.944
64.758,86.631,22.886,20.240
65.051,86.828,23.148,20.484
65.543,87.123,23.355,20.758
66.635,87.071,23.516,20.987
67.374,87.918,23.806,20.853
69.193,87.438,24.049,20.559
70.300,88.573,24.015,20.710
72.328,88.574,24.044,20.840
73.325,89.060,24.106,20.649
74.452,90.131,24.141,20.666
75.704,90.533,24.380,20.570
76.780,91.061,24.585,20.647
77.264,91.389,24.764,20.681
78.155,92.462,24.967,20.934
78.627,92.611,25.491,20.899
79.806,92.503,26.036,20.924
80.968,92.972,26.394,20.951
84.665,94.056,26.270,20.998
85.706,94.535,26.239,20.984
86.844,95.057,26.142,20.905
88.522,95.170,26.052,20.955
90.200,95.172,25.896,21.004
91.454,95.874,25.704,20.943
93.055,96.623,25.376,20.897
94.548,96.527,25.455,20.603
95.853,96.923,25.829,20.364
97.114,97.864,26.056,20.224
98.109,97.919,26.181,20.251
98.404,97.276,27.694,19.591
97.814,98.289,28.754,19.083
97.893,97.991,29.670,19.041
98.102,98.283,30.658,18.789
98.371,98.489,31.435,18.874
99.572,97.732,32.039,19.086
98.680,98.923,32.721,18.883
99.996,98.837,33.123,19.237
100.545,98.944,33.601,19.550
103.665,99.328,33.843,19.748
103.937,99.805,34.636,19.860
103.841,99.966,35.470,19.895
104.148,100.786,36.069,19.963
104.514,101.369,36.686,20.093
109.143,101.459,37.266,20.477
110.673,101.626,37.853,20.923
111.865,101.192,37.930,21.415
112.633,100.923,38.376,21.818
112.651,100.889,38.576,22.132
113.440,100.410,38.938,22.316
114.398,101.097,39.313,22.442
115.900,100.953,39.927,22.754
116.342,100.863,40.529,22.903
117.443,101.221,41.150,22.888
119.244,100.586,41.331,23.128
122.151,100.616,41.493,23.374
123.608,100.683,41.628,23.469
124.955,100.949,41.800,23.536
127.259,100.155,41.750,23.544
128.047,100.180,41.930,23.671
128.645,99.744,41.932,23.781
128.689,99.747,42.063,23.920
130.369,99.254,42.559,23.936
130.222,99.863,43.408,23.866
130.948,99.308,44.522,23.818
132.761,100.020,45.359,23.588
133.600,100.460,46.069,23.551
136.003,100.390,46.283,23.735
137.280,99.361,46.190,24.007
138.599,99.309,46.161,24.116
140.030,99.589,46.087,23.943
140.415,99.888,46.043,23.878
140.906,99.064,45.687,24.046
141.601,98.350,45.545,24.214
142.264,97.782,45.416,24.512
144.472,97.451,45.436,24.583
146.277,97.478,45.617,24.433
147.497,97.852,45.719,24.354
150.527,96.588,45.392,24.560
151.977,96.949,44.814,24.388
153.456,96.316,44.247,24.408
154.877,95.343,43.730,24.516
155.366,95.250,43.234,24.475
155.857,94.950,43.052,24.310
157.166,94.299,43.129,23.946
158.979,94.170,43.421,23.599
161.706,94.315,43.387,23.482
161.903,94.302,43.224,23.366
163.350,93.826,43.188,23.343
165.883,93.474,42.747,23.237
166.080,93.296,42.115,23.036
166.340,92.818,42.010,22.825
166.271,92.665,41.806,22.622
167.638,92.336,41.483,22.334
166.978,91.808,41.388,22.222
171.888,91.299,39.498,23.293
175.056,90.995,37.459,24.374
174.809,90.095,36.266,24.970
175.315,89.109,35.255,25.470
175.615,88.198,34.375,25.920
176.270,86.987,33.611,26.303
177.445,86.459,32.810,26.559
177.948,86.182,31.967,26.870
178.213,85.704,31.222,27.164
178.594,84.862,30.371,27.523
178.372,84.450,29.658,27.795
178.757,83.733,29.185,27.866
178.679,82.953,28.817,28.103
178.869,82.049,28.477,28.181
179.036,81.159,28.241,28.206
179.405,80.599,28.089,28.203
180.178,80.853,27.871,27.977
179.911,80.447,27.586,27.663
180.676,80.082,27.646,27.082
180.751,79.523,27.234,26.740
181.002,79.659,26.809,26.434
180.883,79.963,26.444,26.066
180.831,79.665,26.398,25.468
180.432,79.523,26.224,24.951
179.486,79.592,26.180,24.389
178.365,79.740,26.555,23.744
177.845,79.879,27.045,23.066
177.284,80.264,27.484,22.326
176.279,80.579,27.915,21.614
175.052,80.880,27.936,21.109
174.211,80.601,27.449,20.967
174.033,80.226,26.946,20.983
171.709,79.910,27.102,20.940
171.954,80.177,27.236,20.964
170.977,79.641,27.096,21.161
168.277,78.970,27.409,21.187
166.475,78.177,27.517,21.278
167.091,77.484,27.494,21.394
165.241,77.010,27.212,21.899
165.866,77.376,26.979,22.226
162.890,76.270,26.645,22.606
162.128,75.303,26.322,22.979
158.759,74.778,26.289,23.307
158.287,73.821,26.264,23.509
157.865,72.593,26.345,23.818
156.828,73.409,26.923,23.821
155.950,72.898,27.369,23.887
154.774,73.187,27.652,24.004
154.404,72.457,27.874,24.036
146.124,70.850,30.036,22.761
143.385,71.667,31.662,21.750
142.084,72.158,33.437,20.805
141.641,72.979,34.848,20.141
138.985,73.493,35.367,19.648
137.564,73.591,36.003,19.182
137.251,73.834,36.569,18.960
136.722,73.962,36.967,18.806
135.496,73.695,37.209,18.684
134.410,73.530,37.144,18.684
133.756,72.654,37.328,18.681
129.487,72.984,37.538,18.639
127.054,71.795,37.572,18.955
124.671,70.926,37.373,19.303
123.093,71.312,37.122,19.458
121.892,71.023,37.058,19.526
122.242,70.328,36.717,19.638
121.138,70.656,36.710,19.661
120.908,70.072,36.340,19.669
120.896,70.042,36.264,19.611
118.892,70.816,36.353,19.413
116.355,70.959,36.590,19.179
115.672,70.536,36.660,19.164
114.868,69.769,36.461,18.976
113.358,68.905,36.963,18.731
111.446,69.114,37.515,18.387
110.995,68.793,37.800,18.255
110.028,68.484,37.921,18.269
108.849,68.438,37.692,18.374
108.433,68.306,37.466,18.362
108.561,67.620,37.015,18.406
107.901,67.403,36.695,18.336
107.301,67.221,36.328,18.259
105.089,66.203,35.630,18.452
104.399,66.281,35.275,18.365
102.858,65.781,34.871,18.363
103.030,65.169,34.248,18.497
101.649,64.342,33.845,18.454
101.002,63.532,33.510,18.253
101.160,63.564,33.175,18.301
100.344,63.656,32.922,18.447
100.584,63.309,32.830,18.628
100.358,63.075,32.869,18.876
99.145,62.601,32.896,19.169
97.336,62.650,33.234,19.143
95.111,62.519,33.581,19.070
94.047,62.197,34.039,18.813
93.077,62.261,34.488,18.625
91.179,62.204,34.576,18.509
90.793,61.402,34.297,18.454
90.231,60.747,34.131,18.459
90.105,60.466,33.994,18.430
90.082,59.993,33.797,18.472
89.426,60.247,33.904,18.356
90.188,60.057,33.404,18.356
90.577,59.970,33.154,18.387
88.686,59.197,32.883,18.183
88.983,58.960,33.132,18.053
86.119,58.735,32.901,18.071
85.231,58.556,32.907,18.048
84.748,58.194,32.603,18.045
83.866,57.206,32.487,17.891
83.800,56.968,32.202,17.831
82.989,56.813,32.321,17.830
82.135,56.337,30.942,18.887
82.138,55.924,30.893,18.807
81.484,55.867,29.905,19.567
80.971,55.059,29.333,20.106
80.194,54.245,29.131,20.213
78.867,54.577,29.289,20.135
77.283,54.715,29.307,19.908
76.833,54.388,29.278,19.732
75.939,53.929,29.021,19.539
75.458,52.957,28.523,19.486
74.720,52.111,27.775,19.607
74.575,51.773,26.929,19.747
74.086,51.484,26.177,19.899
74.313,51.039,25.602,20.026
73.877,51.004,25.438,19.877
73.617,50.738,25.055,19.691
73.570,50.369,24.717,19.570
73.313,50.018,24.549,19.442
73.109,49.513,24.065,19.363
72.884,49.160,23.669,19.332
72.583,49.025,23.396,19.230
71.396,49.207,23.268,19.076
71.707,48.785,23.133,18.983
71.526,48.336,23.005,19.048
70.988,48.175,22.892,18.854
69.833,47.975,22.958,18.584
68.645,47.681,23.008,18.297
67.910,47.958,23.114,18.017
67.251,47.456,23.139,17.942
65.896,47.759,23.585,17.623
65.211,47.454,23.770,17.354
64.425,46.916,23.568,17.220
64.473,46.551,23.394,17.105
63.724,45.791,22.957,17.096
63.279,46.126,22.620,16.972
62.978,45.965,22.158,16.958
62.929,45.286,21.990,16.946
62.443,45.192,21.775,16.871
61.624,45.516,21.599,16.776
61.227,45.162,21.379,16.817
60.439,44.083,21.116,16.884
59.648,43.942,21.155,16.706
59.191,43.226,21.146,16.601
58.606,42.968,21.033,16.455
58.110,42.838,20.838,16.419
57.678,42.362,20.666,16.521
57.165,42.507,20.606,16.710
56.086,42.522,20.695,16.648
55.861,42.251,20.765,16.645
55.360,41.904,21.026,16.381
55.298,41.727,21.293,16.182
54.327,42.512,21.534,15.886
53.411,42.053,21.675,15.562
52.878,41.954,21.813,15.299
51.014,42.014,21.778,15.095
50.331,42.023,21.600,15.077
49.650,42.047,21.282,15.147
49.249,41.982,21.154,15.170
49.139,41.673,21.347,15.124
48.280,41.339,21.291,15.058
47.484,41.404,21.280,14.911
47.464,40.937,21.351,14.864
46.770,41.268,21.312,14.832
46.501,40.738,21.052,14.912
45.229,40.761,20.647,15.035
44.435,39.651,20.490,15.020
43.375,39.915,20.439,14.913
42.826,39.993,20.569,14.782
42.039,39.960,20.734,14.759
41.488,40.185,20.910,14.675
41.057,40.220,20.832,14.685
39.881,40.579,21.653,14.112
39.005,40.698,22.308,13.704
37.808,40.856,22.739,13.328
36.510,40.997,23.033,13.010
34.910,41.042,23.284,12.698
33.809,40.880,23.673,12.497
32.404,40.936,24.068,12.368
30.968,40.741,24.199,12.454
28.269,40.175,24.313,12.557
27.475,39.923,24.249,12.649
27.009,39.797,24.097,12.832
26.409,39.706,23.808,13.137
26.339,39.705,23.426,13.443
26.657,39.715,23.067,13.620
26.533,39.664,22.843,13.843
26.516,39.654,22.643,13.944
26.395,38.994,21.673,14.755
25.826,38.020,20.990,15.337
25.607,37.436,20.222,15.976
26.008,36.979,19.512,16.663
26.043,37.034,19.198,16.714
26.400,36.822,18.710,16.891
26.996,36.456,18.300,17.183
27.003,37.176,18.180,16.933
27.808,39.890,17.886,17.099
27.718,40.531,17.992,16.852
27.872,41.324,17.824,16.724
27.476,42.166,17.519,16.829
26.843,42.887,17.305,16.909
27.152,43.300,17.101,17.076
27.124,43.800,16.862,17.099
26.977,44.556,16.576,17.078
27.329,45.045,16.220,17.197
27.077,45.299,15.935,17.226
27.138,45.609,15.626,17.211
27.281,46.529,14.656,17.891
27.246,47.090,14.592,17.628
27.175,47.615,14.362,17.557
27.744,48.686,13.650,18.116
27.707,49.021,13.755,17.966
27.796,49.360,13.867,17.788
28.785,49.543,13.404,18.028
29.200,49.942,13.008,18.404
29.475,49.767,12.726,18.667
29.966,50.024,12.423,18.933
30.185,50.586,12.375,18.985
30.249,51.199,12.227,19.141
30.279,51.607,12.201,19.334
30.006,52.457,12.237,19.328
29.691,52.739,12.262,19.322
30.456,53.060,12.303,19.405
30.275,53.736,12.349,19.340
29.988,54.078,12.309,19.430
30.466,54.488,12.143,19.727
30.382,54.896,12.016,19.897
30.339,55.064,12.006,20.043
30.658,55.329,11.968,20.212
29.896,56.432,12.030,20.219
30.289,56.510,12.337,20.084
30.806,57.216,12.390,20.165
30.948,57.408,12.449,20.183
30.894,57.619,12.428,20.209
31.208,57.525,12.263,20.463
31.954,57.428,12.207,20.531
32.350,57.640,12.133,20.679
32.410,57.547,12.133,20.816
32.623,58.099,12.311,20.760
32.766,58.598,12.269,20.760
33.091,59.208,12.463,20.692
33.591,60.003,12.527,20.572
33.133,61.026,12.654,20.382
33.497,62.207,12.768,20.261
33.496,63.184,12.837,20.131
33.678,63.724,12.812,20.163
33.579,64.064,12.785,20.150
33.747,64.630,12.848,20.145
33.901,64.849,12.816,20.254
34.059,65.657,12.801,20.322
34.368,66.646,12.924,20.333
33.956,67.306,12.965,20.307
33.871,67.604,13.051,20.424
34.528,67.686,13.003,20.534
34.953,67.883,12.953,20.744
35.476,68.312,12.913,20.976
36.185,68.861,12.869,21.202
36.282,69.392,12.736,21.258
36.638,69.749,12.752,21.343
37.215,70.369,12.883,21.245
37.225,71.224,13.054,21.206
37.735,71.480,13.079,21.274
37.767,71.676,13.103,21.234
37.495,72.835,13.238,21.300
37.308,74.281,13.312,21.322
37.992,74.977,13.277,21.414
38.099,75.519,13.326,21.277
38.284,75.714,13.392,20.980
37.914,76.446,13.407,21.000
38.134,77.353,13.109,21.221
38.325,78.119,12.858,21.531
38.146,79.280,12.714,21.627
38.537,80.017,12.616,21.677
38.851,81.465,12.615,21.680
38.985,82.436,12.751,21.627
39.379,82.600,12.761,21.790
40.101,82.865,12.846,21.894
40.341,83.556,12.942,21.912
40.345,84.086,13.013,21.947
40.547,85.372,13.150,22.043
41.527,85.964,13.301,21.960
42.372,86.536,13.426,21.923
42.638,86.921,13.659,22.006
42.433,87.541,13.760,22.059
42.407,87.943,13.822,22.087
42.640,88.200,13.998,22.088
42.287,89.057,14.042,22.115
43.114,89.206,14.099,22.210
43.348,89.500,14.113,22.283
43.102,90.456,14.107,22.363
43.166,91.394,14.070,22.359
44.137,94.513,14.044,22.427
44.447,95.097,14.014,22.427
45.415,96.103,14.033,22.593
45.193,97.205,14.044,22.547
45.222,97.731,14.053,22.645
45.612,97.975,14.117,22.746
46.376,98.500,14.111,22.846
46.293,98.633,14.352,22.730
47.116,98.873,14.323,22.924
47.204,99.887,14.405,22.932
47.882,100.468,14.393,23.239
48.644,101.601,14.453,23.394
49.137,102.494,14.516,23.570
51.043,103.690,14.511,23.785
50.970,103.818,14.667,23.925
50.724,103.790,14.763,23.988
51.692,103.955,14.599,24.335
52.090,104.912,14.549,24.588
52.706,105.430,14.533,24.742
53.051,106.315,14.622,24.666
53.685,107.581,14.696,24.586
54.022,109.168,14.909,24.453
54.372,109.424,16.010,23.641
54.216,110.031,16.695,23.067
55.453,112.371,17.420,22.793
55.069,113.094,17.927,22.487
55.219,113.838,18.211,22.377
55.586,114.125,18.457,22.507
55.586,114.389,18.775,22.514
56.070,115.159,19.238,22.461
56.275,116.307,19.557,22.495
57.126,116.902,19.886,22.663
58.541,117.358,20.256,22.715
58.608,118.600,20.243,22.928
59.622,118.917,20.467,22.957
60.518,119.318,20.725,22.960
60.596,120.277,21.017,22.910
62.023,120.926,21.034,23.146
62.223,121.605,20.937,23.529
63.432,121.532,20.791,23.894
63.391,121.928,20.638,24.022
64.014,122.648,20.697,24.109
64.944,123.129,20.673,24.362
65.700,123.601,20.650,24.517
66.461,127.064,20.592,24.552
67.174,127.878,20.782,24.690
67.212,130.546,20.738,24.983
67.133,130.524,20.763,25.262
67.063,131.165,20.723,25.278
67.506,131.702,20.936,25.158
68.145,131.870,21.534,24.958
68.499,132.318,21.765,24.915
70.235,134.799,21.894,25.294
69.845,135.209,22.154,25.391
70.317,135.015,22.576,25.213
70.182,135.216,22.800,25.168
71.228,135.393,23.123,25.138
72.591,136.387,23.258,25.084
72.682,137.631,23.231,25.172
73.469,138.017,23.267,25.197
74.793,138.994,23.318,25.165
75.623,139.855,23.241,25.221
76.256,141.010,23.428,25.157
76.565,141.839,23.444,25.282
78.716,144.625,23.525,25.496
79.266,145.352,23.669,25.600
80.941,147.791,23.746,25.927
82.045,148.537,23.810,25.987
82.595,148.819,23.756,26.178
84.273,150.959,23.784,26.464
85.857,153.295,23.593,26.758
86.053,153.612,23.388,26.792
87.210,154.469,23.484,26.702
87.568,155.050,23.575,26.614
88.175,155.235,23.577,26.703
89.320,155.964,23.925,26.662
90.657,156.780,24.114,26.567
94.915,160.542,24.044,27.023
94.957,160.956,23.803,27.537
96.889,161.070,24.173,27.552
97.697,162.156,24.544,27.477
98.714,162.666,25.225,27.119
99.389,163.131,25.505,27.086
100.504,163.886,25.904,26.915
101.602,164.356,26.246,26.802
102.671,164.756,26.312,26.902
103.721,165.889,26.511,26.817
104.554,166.692,26.438,27.020
111.680,170.902,26.355,27.228
113.325,173.790,26.084,27.810
116.235,174.826,25.928,27.932
116.669,175.934,26.059,27.685
116.826,176.876,26.133,27.667
120.616,180.057,25.662,28.324
121.155,180.525,25.699,28.349
122.903,180.934,25.896,28.570
123.937,181.231,26.060,28.751
125.672,181.139,26.363,29.051
127.843,183.893,26.558,29.678
128.848,183.764,26.700,30.351
130.606,184.215,27.197,30.490
131.449,185.225,27.622,30.593
131.881,185.783,27.808,30.957
133.131,186.591,28.661,30.913
134.402,187.456,29.687,30.845
135.177,187.329,30.726,30.783
135.594,187.303,31.432,30.772
140.255,190.768,31.236,32.146
140.492,190.379,31.138,33.285
141.154,189.879,31.867,33.944
141.688,191.045,32.626,34.000
146.204,192.056,33.143,34.090
146.987,192.083,33.527,34.285
152.758,197.608,33.655,34.344
154.671,197.154,33.913,34.112
155.063,198.358,34.408,33.823
155.329,198.963,35.224,33.464
155.650,198.923,36.083,32.924
159.884,199.240,36.524,32.435
168.825,199.726,36.888,32.010
167.702,203.045,38.482,30.602
166.260,203.217,39.890,29.651
171.856,202.707,39.463,29.783
172.214,204.024,40.583,28.844
172.453,204.608,41.811,28.184
177.145,205.165,42.661,27.568
177.415,205.113,43.325,27.320
176.480,205.605,43.984,27.101
179.309,205.678,43.895,27.093
