276.000,161.000,73.000,74.000
279.690,161.794,72.387,73.963
282.089,161.154,71.888,73.954
285.485,166.395,72.071,73.285
288.760,163.467,71.582,73.300
292.116,161.353,70.954,73.341
295.950,166.634,71.163,72.684
299.480,163.465,70.740,72.495
303.587,161.250,70.018,72.735
306.988,161.077,69.585,72.631
308.103,161.382,69.226,72.321
312.497,158.012,63.034,78.388
315.773,152.338,58.138,83.251
318.252,147.232,54.474,86.376
320.916,145.169,51.779,88.300
323.324,141.299,49.827,89.291
325.207,138.881,48.237,89.719
323.369,141.305,53.122,83.653
321.360,144.175,56.344,79.636
319.255,153.520,59.239,76.191
318.207,155.517,61.243,73.596
318.062,157.352,62.899,71.590
317.730,159.016,63.972,70.098
318.630,159.381,64.971,68.771
318.216,160.311,65.850,67.664
318.460,161.493,66.055,67.100
317.718,163.070,66.387,66.615
316.871,164.690,66.482,66.315
317.262,165.302,66.331,66.366
316.160,166.869,66.234,66.105
317.200,167.693,66.195,65.900
315.804,168.344,65.729,65.760
315.853,169.519,65.731,65.712
316.156,169.470,66.036,65.338
316.270,169.920,66.175,65.123
314.628,170.373,65.801,64.880
314.035,170.151,65.829,64.609
314.176,169.322,65.366,64.656
312.536,166.381,64.915,64.598
311.336,168.684,64.561,64.544
310.285,171.839,64.592,64.386
309.897,173.688,64.391,64.545
310.241,175.503,64.264,64.534
310.556,176.810,64.377,64.521
312.336,177.436,64.794,64.221
312.733,179.125,65.321,63.913
313.129,187.214,66.167,63.271
313.280,187.075,66.519,62.956
305.994,186.444,66.415,63.082
307.024,185.026,66.354,63.189
308.728,183.723,66.402,63.269
310.039,182.888,66.639,63.291
310.757,182.964,66.976,63.009
311.548,182.804,66.977,62.895
304.398,189.620,66.921,63.093
305.652,187.873,66.838,63.347
307.391,185.186,67.185,63.379
309.032,184.086,67.189,63.421
309.707,191.433,67.782,62.973
310.136,189.935,68.032,62.776
310.528,188.906,67.766,63.203
311.169,187.246,67.234,64.011
309.733,182.422,67.221,64.137
309.552,183.915,66.686,64.773
309.693,182.284,66.138,65.789
311.857,175.110,59.491,72.973
313.855,169.563,54.512,78.639
315.345,167.332,51.111,82.274
315.839,167.652,48.490,84.880
317.390,167.697,46.566,86.966
317.954,169.479,44.808,88.674
318.726,176.273,43.556,90.324
319.752,181.871,42.739,91.680
320.415,186.457,41.974,93.130
319.683,188.170,41.459,93.434
319.694,185.679,41.201,94.143
318.649,186.096,41.170,94.106
318.212,187.060,41.025,94.202
317.393,188.949,38.807,96.876
316.751,190.914,37.267,98.706
316.253,192.555,36.308,99.905
315.226,193.779,35.533,100.917
313.846,196.524,35.024,101.724
313.456,196.707,34.781,102.590
312.472,198.271,34.466,103.531
310.866,199.958,34.365,104.112
310.870,198.789,34.539,104.482
311.228,195.212,34.528,105.173
311.083,192.093,34.429,105.798
310.566,190.278,34.509,106.077
309.770,187.867,34.676,106.531
309.254,187.934,34.827,106.736
308.189,183.317,34.839,107.419
307.040,183.701,34.851,107.785
306.463,180.984,35.133,107.983
306.514,179.936,35.359,108.092
306.425,177.742,35.529,108.227
306.590,178.286,35.679,108.147
305.732,178.884,38.123,105.361
305.139,178.752,39.773,103.558
304.878,180.612,41.215,101.761
311.590,182.967,41.492,101.221
309.283,183.387,41.529,101.606
308.008,182.286,41.955,101.514
307.791,181.551,42.650,101.036
308.214,181.069,43.153,100.449
308.138,180.837,43.651,99.958
308.300,180.219,44.082,99.549
308.690,180.127,44.337,99.287
308.536,180.461,44.587,98.990
308.624,180.432,44.691,98.939
308.743,179.050,44.637,99.488
308.728,179.123,44.789,99.451
309.095,178.564,44.799,99.736
308.339,178.462,44.623,100.027
309.462,176.351,44.487,100.556
308.436,177.541,44.265,100.785
308.808,176.651,44.464,100.757
308.262,176.585,44.451,100.963
308.307,176.021,44.574,100.869
308.692,176.672,45.029,100.301
308.905,176.026,45.118,100.231
308.710,176.055,44.936,100.466
308.976,175.272,45.087,100.415
308.638,175.665,45.106,100.531
307.891,175.897,45.087,100.557
308.345,175.869,45.094,100.646
307.587,177.046,44.982,100.848
308.157,177.036,45.195,100.628
308.624,176.269,45.212,100.602
308.047,176.527,45.108,100.713
308.930,175.748,45.369,100.573
308.545,175.985,45.322,100.663
309.022,175.870,45.401,100.661
309.028,175.233,45.001,101.267
309.113,174.441,45.023,101.326
309.253,172.376,44.962,101.572
309.120,171.757,44.989,101.619
309.140,170.344,44.961,101.607
309.258,169.668,45.050,101.464
309.115,169.732,45.192,101.282
309.113,169.583,45.268,101.190
308.496,167.821,45.243,101.430
307.842,167.780,45.324,101.315
307.367,165.668,45.186,101.682
306.598,167.243,45.390,101.218
306.090,165.998,45.608,100.817
306.936,163.875,45.920,100.495
307.597,162.016,46.132,100.210
306.784,163.152,46.147,99.915
306.498,163.375,46.434,99.199
306.453,162.902,46.620,98.719
312.916,168.933,53.529,91.767
312.289,172.659,58.582,86.573
310.613,170.772,62.425,82.408
309.277,175.031,65.485,79.611
307.645,178.729,67.378,77.828
308.141,180.566,68.912,76.469
308.257,181.374,69.713,75.780
308.578,183.384,70.341,75.091
309.584,182.660,70.567,74.916
309.154,183.786,70.388,74.581
309.633,182.830,70.213,74.492
309.591,184.499,70.308,73.995
309.833,184.227,69.960,73.766
309.956,184.537,69.587,73.496
309.472,183.722,69.530,73.128
308.705,183.082,69.396,72.530
308.408,183.389,69.399,71.843
308.569,182.734,69.320,71.357
308.692,182.123,69.187,70.832
308.791,181.459,68.808,70.372
308.660,180.851,68.227,69.924
308.178,174.088,68.413,69.409
307.357,177.239,68.401,68.931
307.015,180.309,68.290,68.445
306.650,182.264,68.070,68.109
306.606,184.597,67.526,67.989
306.479,186.587,67.291,67.363
306.755,188.735,66.852,66.960
306.775,189.489,66.641,66.475
307.486,190.802,66.338,65.912
307.464,192.400,65.959,65.500
308.765,194.163,65.726,64.919
308.163,194.751,65.333,64.432
308.440,195.734,64.873,64.027
309.203,197.424,64.684,63.488
309.395,197.858,64.148,63.420
309.411,191.910,63.841,63.402
309.676,193.046,63.227,63.325
310.418,195.540,62.609,63.108
310.593,190.154,62.380,62.829
311.781,192.179,62.058,62.466
312.245,186.756,61.541,62.376
312.535,188.948,61.283,61.960
313.953,190.872,60.999,61.710
315.514,185.599,60.712,61.635
317.210,188.234,60.354,61.309
318.476,189.954,59.736,61.274
319.926,191.042,58.967,61.350
320.566,192.212,58.391,61.391
322.757,187.062,57.756,61.382
324.756,189.274,57.213,61.394
325.602,191.064,56.976,61.145
325.754,193.003,56.552,61.057
325.873,194.870,56.152,60.886
326.525,195.924,55.897,60.694
326.329,197.407,55.510,60.450
326.554,197.918,55.098,60.331
325.735,198.305,54.675,60.380
324.084,198.233,54.388,60.276
323.858,198.121,54.209,60.099
321.682,198.222,54.064,59.739
321.726,197.639,54.070,59.396
320.689,197.502,53.892,59.114
320.565,197.100,54.046,58.496
318.787,196.956,54.146,57.976
320.006,196.049,54.423,57.540
319.377,195.521,54.621,57.021
318.927,194.118,54.623,56.518
319.903,192.147,54.660,56.206
319.617,191.189,54.886,55.688
319.748,190.460,55.310,55.078
319.937,189.483,55.776,54.449
319.743,188.490,56.031,53.964
314.655,186.828,56.361,53.639
314.106,179.317,56.655,53.082
313.621,179.133,56.990,52.471
314.403,178.586,57.331,52.007
315.537,178.599,57.467,51.858
317.226,184.155,57.673,51.777
318.359,182.733,57.705,51.926
319.486,181.630,57.741,52.084
320.432,180.698,57.911,52.241
320.324,179.363,58.144,52.374
319.779,184.882,58.476,52.268
318.468,182.995,58.512,52.455
317.875,180.708,58.414,53.043
317.440,178.214,58.245,53.543
317.898,175.662,57.855,54.086
318.524,173.804,57.746,54.525
318.297,172.334,57.557,55.059
317.742,170.957,57.344,55.540
317.112,176.605,57.126,56.046
317.029,175.627,56.929,56.360
316.350,174.513,56.711,56.788
316.352,173.454,56.536,57.075
315.853,172.447,56.387,57.221
316.667,171.206,56.298,57.419
316.438,169.956,55.968,57.636
316.660,168.826,55.861,57.644
316.671,167.694,55.764,57.664
317.086,173.802,55.450,57.876
317.089,172.462,55.427,57.910
316.032,170.580,55.462,57.690
316.192,169.893,55.819,57.365
315.713,169.368,56.004,57.140
315.925,169.029,56.337,56.970
316.260,168.868,56.504,56.641
317.320,169.170,56.369,56.560
318.420,169.220,56.225,56.637
318.869,169.701,55.956,56.827
319.106,170.469,55.573,57.106
318.889,171.327,55.196,57.364
319.534,177.441,55.223,57.215
320.816,177.911,55.021,57.036
320.542,178.963,54.713,57.016
321.506,179.926,54.601,56.856
322.454,186.366,54.378,56.866
323.808,186.762,54.134,56.575
324.328,187.511,53.888,56.245
324.569,188.792,53.747,55.716
324.662,188.861,53.547,55.287
323.182,174.033,53.319,55.718
322.010,173.421,53.283,55.780
320.738,173.544,53.160,55.736
319.205,174.121,53.085,55.666
318.217,175.034,52.677,55.648
308.209,176.380,47.634,61.253
309.907,172.136,44.876,63.605
310.930,174.149,42.569,65.852
311.815,170.521,39.863,68.305
313.338,173.153,37.709,70.419
313.404,171.186,37.018,70.752
313.088,169.114,36.381,70.765
314.522,166.271,34.555,72.996
315.102,166.403,33.291,74.098
316.037,164.860,32.057,75.447
316.619,163.821,31.128,76.359
316.925,162.666,30.409,76.980
316.535,163.181,30.591,76.222
317.129,160.901,29.908,76.857
317.075,160.541,29.431,77.061
317.176,160.289,28.977,77.281
317.524,159.003,28.668,77.425
317.020,159.265,29.242,76.189
316.848,158.167,29.808,75.112
316.505,157.576,30.197,74.327
315.899,158.444,30.720,73.164
315.060,158.614,31.342,71.754
314.011,158.259,31.989,70.347
317.615,166.346,36.854,64.917
315.259,167.590,40.485,60.952
313.834,168.263,43.348,57.836
312.040,168.218,45.580,55.599
311.354,167.830,47.048,53.949
310.119,167.535,48.429,52.679
309.534,167.413,49.335,51.916
308.800,166.744,50.179,51.206
308.537,165.742,50.897,50.621
308.155,164.842,51.527,50.300
307.716,164.175,52.056,49.980
307.625,163.186,52.393,49.992
307.203,163.018,52.903,49.862
307.046,163.128,53.487,49.595
306.782,163.084,54.178,49.475
306.323,162.567,54.541,49.518
306.854,162.246,54.553,49.774
307.157,162.043,54.424,50.173
307.569,161.740,54.066,50.553
307.278,155.359,53.860,51.008
307.316,155.704,53.696,51.203
307.621,155.680,53.653,51.277
306.927,150.372,53.651,51.573
307.357,145.911,53.836,51.508
307.566,147.249,53.835,51.634
307.891,142.973,53.999,51.400
313.983,144.646,53.082,52.265
312.842,140.144,52.869,52.286
312.019,141.571,52.581,52.622
311.293,143.024,52.537,52.759
310.365,144.296,52.486,52.898
308.760,139.729,52.628,52.479
307.887,141.487,52.675,52.225
313.328,142.662,52.510,52.537
312.489,144.158,52.597,52.469
311.557,145.453,52.619,52.362
327.972,150.263,46.688,59.132
330.676,154.084,42.229,64.071
332.597,151.149,38.417,68.744
334.123,150.187,35.972,71.750
335.240,149.259,34.061,74.160
336.533,149.362,32.592,75.837
337.815,149.955,31.401,77.349
338.611,150.687,30.460,78.490
339.313,151.612,29.801,79.450
340.586,154.169,29.278,80.339
341.406,153.098,28.802,81.139
341.893,155.677,28.607,81.583
342.788,154.118,28.386,82.391
343.321,157.495,28.093,83.463
343.761,158.418,28.060,84.024
344.153,160.245,28.125,84.190
344.774,162.193,28.401,84.204
345.217,163.186,28.533,84.205
345.227,163.465,28.471,84.284
345.510,163.515,28.405,84.278
346.008,163.033,28.369,84.408
346.161,162.269,28.230,84.714
346.618,163.371,28.119,85.057
346.140,162.122,28.165,85.142
346.439,161.942,28.154,85.181
346.366,161.755,27.970,85.622
346.274,162.180,27.886,85.913
346.306,161.696,27.996,85.817
346.273,161.021,27.705,86.738
346.605,160.651,27.541,87.539
346.206,160.833,27.316,88.270
346.238,160.460,27.258,88.853
346.481,159.175,27.390,89.059
346.348,159.846,27.543,88.803
346.008,163.933,27.479,89.366
345.437,163.912,27.683,89.244
344.945,163.695,27.845,89.126
343.823,168.206,27.857,89.386
343.316,167.949,27.860,89.628
343.430,171.366,28.077,89.805
342.951,171.448,28.203,89.603
343.393,173.904,28.650,88.925
343.199,176.742,28.785,88.526
342.862,177.609,29.039,88.078
342.517,181.515,29.007,88.016
342.165,182.053,29.107,87.621
342.418,183.810,29.188,87.445
342.002,185.095,29.214,87.018
340.952,183.993,28.973,87.266
340.887,184.616,29.199,86.859
340.086,185.073,29.222,86.574
339.691,183.440,29.306,86.262
338.818,183.740,29.439,85.771
338.627,181.690,29.548,85.695
338.446,182.118,29.749,85.386
338.475,181.456,29.897,84.986
338.181,182.832,30.120,84.482
338.277,183.595,30.411,83.926
338.004,185.708,30.563,83.445
337.970,186.957,30.716,82.965
335.701,188.981,31.825,81.513
334.175,190.048,32.758,80.132
332.645,191.592,33.630,78.838
331.133,192.945,34.579,77.483
338.092,192.525,33.556,78.360
338.317,190.120,32.791,78.930
338.442,186.941,32.122,79.398
325.390,196.838,36.058,74.465
320.743,198.809,39.732,69.915
323.083,201.240,42.929,66.048
319.436,202.458,45.516,63.077
317.213,198.030,47.780,60.425
320.848,199.518,49.488,58.247
318.697,200.778,50.970,56.479
318.365,200.814,52.022,55.391
318.733,195.659,53.146,54.437
319.135,196.440,54.329,53.658
318.787,195.623,54.867,53.458
318.522,190.554,55.815,52.805
317.773,190.603,56.109,52.742
318.322,189.185,55.935,52.940
317.304,181.625,56.294,52.740
318.287,178.900,56.564,52.483
318.456,176.819,56.238,52.785
319.353,173.368,55.726,53.446
320.172,170.276,54.922,54.485
320.646,168.466,53.887,55.687
314.540,160.316,53.996,56.030
314.074,153.601,54.190,55.699
312.928,147.449,54.431,55.169
307.731,141.607,55.130,54.419
308.455,142.697,55.025,54.254
308.017,137.430,55.167,53.794
307.226,137.367,54.812,53.988
307.371,131.383,54.545,53.855
306.567,131.131,53.951,54.177
306.648,125.186,53.881,53.884
306.542,126.293,53.512,53.693
306.402,127.336,53.218,53.441
307.037,128.494,53.006,53.103
307.598,129.678,52.777,52.819
309.198,132.201,52.717,52.404
310.153,134.727,52.563,52.109
310.667,137.332,52.298,51.849
311.296,140.271,52.083,51.562
311.631,142.689,51.956,51.273
310.993,144.678,51.799,51.051
310.381,147.124,51.791,50.654
310.205,149.385,51.778,50.176
309.846,152.086,51.727,49.756
309.448,154.016,51.652,49.385
309.328,156.329,51.632,48.945
309.999,158.626,51.472,48.572
309.940,164.998,50.879,48.495
311.089,166.935,50.582,48.198
312.435,168.943,50.256,47.884
312.531,175.555,49.774,47.854
313.624,177.769,49.632,47.476
314.258,180.000,49.449,47.083
314.625,182.247,49.377,46.565
314.760,185.184,49.454,46.134
314.825,187.042,49.357,45.956
314.534,188.315,49.229,45.881
314.565,190.065,49.037,45.772
318.810,190.874,48.787,45.777
318.067,192.014,48.811,45.731
317.512,188.467,49.068,45.400
314.747,183.840,50.968,43.603
318.943,190.881,50.462,43.856
317.623,191.340,50.251,43.971
307.698,195.624,46.974,47.065
309.279,194.374,44.134,49.806
310.741,193.262,41.857,52.070
312.099,193.069,40.173,53.593
313.570,192.104,38.618,55.047
314.692,191.491,37.277,56.098
315.668,190.607,36.239,56.899
316.280,190.386,35.510,57.298
316.513,189.930,34.909,57.538
316.758,189.831,34.391,57.658
310.915,185.648,36.254,55.190
311.065,182.949,38.117,52.485
311.014,185.113,39.284,50.484
306.181,186.393,40.456,48.636
307.362,187.865,41.108,47.253
307.289,189.479,41.533,46.070
306.843,191.060,41.736,45.115
306.338,192.449,41.943,44.291
306.054,193.412,42.044,43.573
306.128,194.224,41.990,43.049
305.892,194.414,41.819,42.781
306.118,194.164,41.597,42.626
306.899,193.839,41.660,42.301
307.617,192.749,41.576,42.011
307.777,191.505,41.685,41.656
307.189,186.999,42.002,41.215
306.035,187.765,42.307,40.935
304.914,188.538,42.633,40.684
304.298,192.899,42.897,40.438
303.248,192.349,43.143,40.285
301.747,192.709,43.235,40.180
300.444,193.097,43.356,40.070
295.559,192.545,43.423,39.987
295.334,191.853,43.456,39.903
285.678,186.642,43.185,39.935
286.529,186.924,42.967,39.981
287.436,187.162,42.768,39.964
287.859,187.228,42.434,40.047
288.195,187.750,42.004,40.189
288.134,188.458,41.425,40.396
288.148,189.229,40.884,40.561
289.102,192.617,40.450,40.451
289.333,193.580,39.928,40.414
290.146,197.362,39.672,40.048
290.731,197.238,39.392,39.749
291.637,198.055,39.149,39.538
292.317,201.967,38.962,39.133
292.281,203.275,38.593,38.893
292.096,204.400,38.257,38.636
292.323,208.165,37.965,38.213
292.094,207.518,37.756,37.802
291.467,206.381,37.464,37.342
290.966,206.238,37.145,37.001
290.363,206.133,36.824,36.755
287.229,206.418,36.852,36.290
287.636,206.720,36.679,35.897
287.108,205.863,36.459,35.529
283.617,205.460,36.445,35.143
283.718,205.014,36.310,34.698
283.436,203.893,36.053,34.415
282.872,202.894,35.774,34.132
282.681,202.135,35.428,33.841
282.221,200.746,35.102,33.588
282.188,197.078,34.707,33.366
282.218,196.507,34.516,33.041
282.049,195.025,34.295,32.759
281.950,191.298,34.052,32.546
281.965,190.581,33.832,32.160
281.917,189.870,33.627,31.919
282.129,189.382,33.403,31.660
282.377,189.117,33.260,31.446
283.075,189.298,33.168,31.253
283.906,188.796,33.069,31.105
284.257,188.017,32.855,30.929
284.820,187.702,32.794,30.712
285.429,187.871,32.686,30.493
286.231,187.824,32.524,30.285
286.820,188.359,32.352,30.098
287.081,187.834,32.084,29.888
287.160,186.761,31.885,29.655
287.561,185.876,31.636,29.445
288.242,184.770,31.448,29.361
288.993,184.353,31.214,29.256
289.637,184.107,31.019,29.226
289.537,186.884,30.652,29.242
289.366,187.013,30.364,29.245
289.668,190.158,30.059,29.141
290.402,193.292,29.785,29.088
290.574,193.388,29.498,28.987
290.662,194.633,29.280,28.833
290.978,195.419,28.946,28.695
291.009,195.929,28.774,28.509
290.892,196.426,28.586,28.371
290.631,197.247,28.473,28.185
290.179,197.508,28.278,28.033
290.146,196.968,28.112,27.928
290.732,196.720,28.027,27.756
291.229,196.656,27.948,27.575
291.753,197.159,27.801,27.362
292.222,197.670,27.706,27.194
292.675,197.883,27.502,27.120
293.181,197.948,27.326,27.026
295.953,197.775,27.222,26.847
296.184,198.227,26.935,26.792
295.933,197.793,26.735,26.750
296.373,197.867,26.549,26.795
296.893,197.541,26.339,26.799
297.519,197.430,26.180,26.752
300.138,197.014,26.050,26.731
300.207,197.414,26.075,26.576
303.008,197.384,26.052,26.585
303.691,197.147,26.093,26.656
304.276,197.193,26.298,26.482
307.365,197.349,26.581,26.392
308.159,196.965,26.818,26.502
309.015,196.964,26.984,26.560
310.137,197.133,27.160,26.665
312.735,194.310,27.600,26.518
312.775,195.164,27.874,26.408
315.044,195.104,28.138,26.526
314.634,195.227,28.460,26.559
314.293,194.997,28.741,26.754
314.896,194.262,28.789,27.040
314.908,191.788,29.077,26.874
314.514,191.936,29.304,26.906
314.040,191.699,29.567,27.055
313.848,191.321,29.802,27.234
313.818,190.863,29.905,27.414
313.908,190.650,29.896,27.697
313.456,190.544,29.796,28.040
313.596,190.354,29.844,28.394
313.250,190.467,29.825,28.707
313.160,190.200,29.795,29.098
313.396,189.675,29.774,29.424
313.429,189.302,29.652,29.875
313.449,189.208,29.545,30.244
313.119,189.342,29.513,30.439
312.467,189.779,29.522,30.614
311.842,189.858,29.330,30.741
311.645,189.262,29.381,30.795
310.121,189.700,29.333,30.751
310.034,189.150,29.299,30.651
307.539,188.313,29.461,30.547
305.232,188.117,29.515,30.354
305.190,189.491,29.526,30.095
303.105,188.975,29.422,30.007
302.747,189.690,29.440,29.870
300.352,189.393,29.356,29.890
297.832,189.154,29.354,29.803
295.882,189.964,29.212,29.560
295.764,191.665,29.220,29.357
293.053,192.532,29.122,29.197
290.645,193.219,29.057,29.049
288.142,194.440,28.976,28.907
285.639,195.337,28.967,28.708
283.168,195.572,29.095,28.515
280.746,196.592,29.089,28.355
280.624,199.367,28.951,28.268
277.332,199.463,28.883,28.252
274.783,200.509,28.939,28.089
273.798,202.214,28.924,27.900
272.887,203.946,28.871,27.646
270.292,203.723,28.950,27.494
269.996,204.773,28.942,27.320
269.416,205.618,28.932,27.104
268.463,205.939,28.877,26.935
267.673,206.426,28.841,26.842
267.501,206.028,28.867,26.787
267.735,205.971,28.799,26.714
268.178,205.689,28.686,26.732
268.631,205.715,28.777,26.697
269.106,205.754,28.725,26.743
269.131,205.987,28.674,26.732
269.309,206.226,28.489,26.668
269.885,206.815,28.310,26.662
270.512,207.749,28.123,26.570
271.030,208.169,27.966,26.545
271.690,208.503,27.801,26.462
272.727,208.730,27.655,26.463
273.766,208.660,27.469,26.380
274.971,208.643,27.369,26.259
276.555,208.009,27.374,26.129
279.644,207.729,27.374,25.965
283.320,207.504,27.247,25.887
287.107,207.413,27.141,25.884
291.868,208.165,27.058,25.827
296.660,209.333,26.932,25.739
301.361,210.487,26.888,25.600
305.535,211.545,26.740,25.445
309.571,214.770,26.689,25.486
313.754,215.898,26.643,25.361
317.195,219.200,26.558,25.506
320.218,219.523,26.368,25.621
321.254,220.275,26.460,25.551
324.870,220.551,26.427,25.627
325.979,221.137,26.556,25.695
327.180,221.496,26.611,25.746
330.310,218.087,26.646,25.896
330.922,218.188,26.771,26.066
331.725,217.959,26.799,26.375
331.919,214.640,26.871,26.510
331.816,214.401,26.910,26.732
332.256,211.278,26.907,26.887
331.543,210.887,26.860,27.290
331.191,210.341,26.998,27.599
330.880,209.716,27.102,27.953
330.737,209.125,27.245,28.298
330.691,208.835,27.383,28.471
330.775,209.213,27.605,28.510
330.874,209.481,27.747,28.614
331.079,213.067,28.006,28.725
330.810,213.992,28.189,28.780
330.197,214.782,28.357,28.928
327.422,215.239,28.690,28.997
326.866,215.615,28.807,28.981
325.944,215.198,28.814,28.974
326.081,212.614,28.896,28.912
326.096,210.521,29.006,28.779
326.148,208.223,29.096,28.569
326.542,204.537,29.187,28.370
330.114,201.796,29.284,28.133
330.464,198.372,29.434,27.925
334.131,196.836,29.141,27.817
337.134,195.658,28.775,27.732
337.066,195.482,28.536,27.632
340.597,194.176,28.140,27.660
341.109,193.569,27.831,27.572
344.181,191.341,27.254,27.555
344.138,191.154,26.860,27.519
344.567,190.682,26.681,27.472
344.291,189.808,26.414,27.332
344.484,189.712,26.109,27.205
344.346,188.983,25.890,27.082
344.379,189.304,25.751,27.020
344.977,190.135,25.571,26.905
344.297,191.170,25.416,26.764
343.981,191.209,25.347,26.644
343.900,191.081,25.290,26.574
343.678,191.511,25.195,26.479
345.774,191.339,25.087,26.437
345.178,191.574,25.106,26.363
347.275,192.090,25.136,26.199
349.850,192.710,25.250,26.101
349.955,194.437,25.448,25.772
352.348,195.924,25.644,25.575
352.496,199.498,25.823,25.562
354.586,200.245,25.877,25.556
354.659,203.721,26.093,25.657
354.113,204.818,26.177,25.635
354.216,206.128,26.215,25.582
354.180,206.715,26.252,25.683
353.732,206.586,26.319,25.966
353.084,205.749,26.241,26.277
351.824,205.309,26.309,26.511
351.034,205.443,26.365,26.667
350.347,205.994,26.464,26.701
350.257,207.025,26.686,26.681
350.707,208.291,26.867,26.591
351.682,209.719,27.089,26.369
352.127,211.181,27.328,26.244
352.526,212.753,27.482,25.978
353.225,214.051,27.588,25.855
353.870,214.545,27.702,25.979
353.968,214.608,27.551,26.090
353.995,214.427,27.542,26.313
354.300,214.151,27.615,26.317
354.657,214.541,27.744,26.128
354.293,214.817,27.774,26.101
354.069,215.043,27.917,25.984
353.156,215.309,27.882,25.999
352.603,215.979,27.932,25.951
352.300,216.292,27.864,26.006
352.123,216.299,27.787,26.118
351.721,216.015,27.770,26.113
351.041,212.907,27.607,26.238
350.243,212.133,27.534,26.186
349.804,208.817,27.382,26.269
349.039,206.255,27.309,26.246
348.480,206.098,27.274,26.201
347.710,205.225,27.158,26.222
347.024,202.862,27.060,26.200
345.818,202.666,26.975,26.173
344.943,201.988,26.955,26.185
344.225,201.253,26.800,26.217
343.535,200.663,26.831,26.221
342.809,200.226,26.793,26.156
342.395,199.860,26.888,26.064
341.972,197.426,26.912,25.940
341.379,197.131,26.967,25.903
340.836,195.033,27.065,25.812
340.331,195.011,27.166,25.782
339.566,193.019,27.211,25.730
338.787,193.622,27.320,25.680
335.771,193.924,27.660,25.606
335.231,194.143,27.767,25.695
334.473,194.447,27.787,25.875
331.424,194.472,27.887,25.925
331.267,194.828,27.980,26.015
330.501,194.985,28.016,26.131
327.692,195.933,28.156,26.027
327.290,196.923,28.117,26.033
326.435,197.991,28.085,26.007
325.794,198.614,28.068,26.114
325.186,198.749,28.088,26.345
321.837,199.080,28.185,26.560
321.255,199.666,28.075,26.747
320.267,199.954,27.871,27.068
316.973,200.668,27.854,27.224
316.114,200.951,27.734,27.461
314.806,201.168,27.499,27.721
313.406,201.579,27.234,27.824
312.451,203.923,27.075,28.002
309.204,203.535,27.090,27.986
308.558,203.571,27.075,27.960
307.303,203.891,26.969,27.961
305.813,204.113,26.848,27.791
304.637,205.030,26.782,27.636
303.527,207.323,26.754,27.338
302.307,207.648,26.576,27.215
301.689,209.877,26.502,27.021
300.792,210.375,26.315,26.920
299.806,211.082,26.256,26.772
299.271,211.058,26.354,26.595
301.093,210.064,26.453,26.365
300.480,209.967,26.514,26.105
299.930,209.002,26.615,25.851
299.347,208.060,26.793,25.588
301.489,207.255,26.766,25.435
300.592,204.628,26.691,25.193
299.553,203.526,26.797,24.909
299.233,200.798,27.071,24.581
298.936,199.155,27.228,24.307
299.003,195.979,27.470,23.975
298.854,194.616,27.812,23.678
299.257,191.774,28.159,23.353
299.017,190.298,28.245,23.163
299.190,187.410,28.516,22.958
301.470,184.714,28.557,22.949
300.719,183.309,28.697,22.861
300.399,181.635,28.761,22.841
300.228,179.375,29.065,22.869
300.022,178.457,29.249,22.879
300.223,177.739,29.354,22.957
300.197,177.060,29.548,23.063
300.157,176.972,29.631,23.253
300.098,176.454,29.699,23.449
299.768,176.489,29.735,23.672
299.255,176.722,29.737,23.952
296.409,176.540,29.825,24.194
296.601,176.399,29.946,24.478
296.639,176.280,29.976,24.701
296.667,175.892,29.898,24.939
296.304,175.545,29.830,25.204
296.103,173.188,29.903,25.345
296.011,173.697,29.904,25.601
296.047,173.979,29.810,25.914
296.272,173.685,29.807,26.263
296.806,171.135,29.784,26.435
297.267,171.579,29.694,26.800
297.482,172.107,29.620,27.176
297.605,172.483,29.525,27.529
296.939,173.122,29.303,27.962
296.285,173.890,29.269,28.164
295.787,174.744,29.224,28.444
295.376,175.597,29.239,28.583
295.501,179.079,29.228,28.939
295.472,179.540,29.297,29.213
295.717,180.289,29.567,29.302
296.168,180.717,29.722,29.497
296.582,180.956,29.876,29.732
296.872,180.431,30.015,30.045
297.071,180.162,30.285,30.300
297.250,179.871,30.436,30.588
297.392,179.645,30.534,30.878
297.288,179.164,30.789,31.127
297.280,178.661,30.915,31.362
297.351,178.392,31.108,31.579
297.168,178.622,31.226,31.779
296.819,178.453,31.413,31.998
296.683,177.565,31.531,32.248
296.514,176.134,31.637,32.553
296.160,174.568,31.722,32.803
295.085,170.907,31.739,32.955
294.305,170.323,31.842,33.174
293.645,166.472,31.940,33.161
293.678,165.069,31.921,33.315
292.767,161.233,32.010,33.344
292.792,159.843,32.159,33.494
292.095,155.547,32.022,33.632
292.169,154.322,32.129,33.764
292.364,150.623,32.245,33.743
293.198,149.613,32.349,33.963
293.711,149.270,32.486,33.940
294.236,149.055,32.517,33.989
294.584,149.200,32.643,34.015
294.691,149.589,32.571,34.067
295.275,148.923,32.592,34.127
294.880,148.461,32.434,34.102
294.874,148.141,32.187,33.966
294.108,147.922,31.974,33.748
293.365,147.714,31.822,33.411
292.402,147.384,31.561,33.204
291.610,148.177,31.378,32.909
291.253,148.730,31.209,32.576
291.208,148.931,31.079,32.191
291.177,149.574,30.949,31.854
290.738,153.022,30.849,31.551
291.021,153.524,30.701,31.267
290.965,155.053,30.525,30.992
291.784,158.779,30.458,30.727
292.403,162.899,30.401,30.489
293.369,166.582,30.442,30.204
294.389,167.707,30.498,29.997
295.040,171.360,30.415,29.704
295.443,172.000,30.352,29.474
295.820,172.731,30.388,29.206
296.204,173.086,30.205,29.029
296.291,174.356,30.164,28.831
296.260,177.469,30.219,28.477
296.341,178.894,30.345,28.223
296.539,181.243,30.438,28.128
294.362,181.352,30.582,27.842
294.608,181.979,30.643,27.672
293.999,182.951,30.824,27.483
291.824,183.432,31.002,27.275
292.670,182.956,31.127,27.195
292.752,182.262,31.287,27.149
293.012,181.944,31.432,27.095
294.005,181.400,31.508,27.077
294.872,180.416,31.544,27.200
295.517,179.865,31.559,27.306
297.174,179.583,31.637,27.370
298.465,178.335,31.592,27.466
299.972,176.502,31.547,27.474
300.996,174.694,31.505,27.515
301.943,173.359,31.461,27.572
303.133,173.345,31.333,27.542
303.487,173.602,31.201,27.520
304.094,175.017,31.116,27.410
304.140,176.098,30.985,27.267
304.175,178.777,30.747,27.174
304.081,180.170,30.522,27.059
303.726,181.906,30.376,26.872
303.898,183.189,30.250,26.740
303.423,185.560,30.030,26.629
303.170,186.239,29.843,26.489
303.364,187.599,29.684,26.316
303.693,188.520,29.426,26.181
303.746,189.212,29.151,26.010
303.618,190.264,29.024,25.855
303.914,191.748,28.739,25.725
304.020,192.230,28.471,25.555
304.615,192.911,28.243,25.383
304.237,193.456,28.017,25.251
304.288,193.037,27.910,25.074
304.594,193.060,27.816,24.952
304.706,192.764,27.635,24.734
305.113,192.583,27.438,24.610
305.604,192.184,27.289,24.465
307.020,191.155,27.105,24.423
308.004,189.945,26.923,24.391
308.685,189.311,26.701,24.385
309.177,189.267,26.535,24.336
310.025,189.104,26.261,24.325
312.232,188.742,26.089,24.405
311.916,188.039,25.958,24.463
312.364,187.104,25.719,24.533
312.444,187.389,25.638,24.387
313.117,188.642,25.652,24.231
312.799,189.109,25.538,24.155
312.816,190.368,25.570,24.005
312.602,191.196,25.528,23.881
312.714,191.111,25.491,23.858
312.850,191.144,25.547,23.804
312.795,189.507,25.675,23.605
313.076,188.315,25.946,23.294
313.442,188.959,25.943,23.244
315.199,187.390,25.932,23.174
315.459,187.867,25.925,23.138
315.619,186.360,26.103,22.986
315.724,184.865,26.173,22.873
315.689,183.337,26.307,22.793
315.848,182.013,26.422,22.689
315.859,180.158,26.491,22.652
315.699,178.449,26.542,22.622
315.513,176.229,26.562,22.640
315.315,173.748,26.548,22.700
314.420,170.970,26.521,22.778
313.432,168.268,26.510,22.837
312.620,166.363,26.524,22.826
311.900,164.317,26.510,22.843
311.254,163.896,26.432,22.998
310.797,161.171,26.442,23.059
310.663,161.094,26.349,23.231
310.144,159.131,26.364,23.180
309.804,158.905,26.408,23.281
309.511,156.761,26.437,23.220
309.178,156.882,26.340,23.371
309.043,156.801,26.216,23.550
308.877,156.561,26.232,23.707
308.359,156.345,26.354,23.879
308.039,156.237,26.425,23.993
307.388,155.714,26.421,24.132
306.708,155.638,26.479,24.303
305.906,155.343,26.468,24.493
305.181,155.597,26.570,24.626
304.659,155.416,26.435,24.800
304.619,155.709,26.416,24.924
304.617,155.606,26.417,25.040
304.945,155.956,26.556,25.113
305.235,155.875,26.448,25.209
305.280,155.760,26.458,25.247
305.278,156.414,26.598,25.188
304.919,155.684,26.536,25.332
304.542,155.963,26.557,25.333
304.058,155.445,26.518,25.412
303.784,155.780,26.523,25.395
303.271,154.965,26.503,25.493
302.803,153.878,26.409,25.458
302.371,152.966,26.433,25.346
301.640,151.895,26.535,25.197
301.870,151.201,26.510,25.011
302.025,150.112,26.522,24.885
302.268,148.930,26.530,24.664
303.399,148.369,26.563,24.378
304.148,147.947,26.736,24.027
304.973,148.589,26.890,23.626
305.121,149.716,26.945,23.201
304.999,150.110,26.874,22.990
304.801,150.766,26.784,22.685
303.872,151.154,26.674,22.488
303.325,150.178,26.537,22.261
304.116,149.738,26.578,21.969
304.997,148.890,26.577,21.723
306.242,146.130,27.389,20.628
309.646,145.208,27.315,20.571
313.760,144.190,27.103,20.512
317.420,141.678,27.139,20.449
320.254,140.207,27.145,20.625
320.332,138.753,27.131,20.675
320.998,136.599,27.333,20.686
321.672,134.696,27.430,20.748
322.696,133.575,27.517,20.848
323.773,131.360,27.659,20.869
324.804,130.920,27.735,21.079
326.036,128.571,27.708,21.268
327.037,128.633,27.787,21.482
330.098,126.268,27.665,21.800
331.141,125.596,27.609,22.072
332.322,125.069,27.599,22.319
333.733,124.728,27.643,22.557
337.008,122.493,27.547,22.730
340.266,123.054,27.381,23.049
340.721,123.228,27.394,23.211
341.191,123.128,27.445,23.436
341.733,123.067,27.420,23.696
341.933,123.189,27.370,23.879
342.600,122.805,27.344,24.146
342.683,122.663,27.434,24.311
342.953,122.981,27.513,24.378
343.004,123.228,27.618,24.446
343.065,123.834,27.752,24.481
343.158,121.557,27.743,24.322
343.182,122.519,27.784,24.293
343.327,123.668,27.888,24.209
343.296,125.010,27.849,24.154
343.320,129.122,27.800,24.245
343.354,130.705,27.809,24.068
343.089,134.514,27.765,24.218
342.579,136.445,27.882,24.129
342.388,139.776,27.693,24.602
341.418,140.440,27.647,24.805
340.571,142.030,27.637,24.735
340.236,143.435,27.721,24.629
339.685,145.192,27.749,24.547
339.831,146.447,27.787,24.497
339.270,147.827,27.766,24.488
338.293,148.791,27.807,24.554
337.543,150.177,27.787,24.598
336.728,151.840,27.739,24.555
336.115,154.964,27.723,24.770
334.911,156.612,27.765,24.713
334.650,159.478,27.895,24.961
332.901,160.934,28.017,24.945
332.712,163.607,28.155,25.152
331.611,164.607,28.277,25.202
330.311,165.881,28.418,25.169
328.928,167.879,28.526,25.011
328.090,169.494,28.687,24.914
327.097,170.459,28.993,24.896
325.969,172.306,29.247,24.776
325.484,173.876,29.506,24.633
324.666,177.364,29.682,24.606
323.400,179.279,29.963,24.480
322.494,181.360,30.185,24.340
322.175,182.704,30.315,24.313
321.220,183.429,30.602,24.367
321.012,182.794,30.551,24.609
320.585,182.372,30.657,24.661
320.366,181.747,30.766,24.893
319.660,180.707,30.903,25.127
319.084,181.170,31.044,25.211
319.059,181.017,31.125,25.468
319.650,180.708,31.031,25.733
320.573,180.741,31.029,25.871
321.736,180.250,31.025,26.083
322.607,179.923,31.180,26.241
323.361,180.196,31.500,26.301
324.140,178.827,31.943,25.976
325.169,179.604,32.131,25.981
326.128,180.150,32.386,26.014
326.757,180.094,32.451,26.126
327.580,178.345,32.658,26.100
328.235,176.623,32.699,26.180
328.837,173.588,32.545,26.460
329.621,170.741,32.294,26.803
330.008,170.066,32.020,27.114
330.426,169.260,31.782,27.400
330.664,168.052,31.367,27.711
330.901,167.154,31.149,27.798
331.695,167.390,31.112,27.758
332.491,168.053,31.081,27.739
332.906,168.143,30.919,27.769
333.337,168.243,30.706,27.813
332.801,167.810,30.357,27.945
332.685,166.871,29.903,28.089
330.230,163.727,29.669,28.073
330.340,163.088,29.428,28.059
329.634,162.114,29.157,28.153
326.994,158.864,28.931,28.135
326.874,159.181,28.668,28.148
326.169,159.518,28.423,28.269
325.810,159.397,28.396,28.304
324.762,160.172,28.389,28.209
323.811,161.124,28.535,28.158
322.878,162.318,28.725,28.040
322.910,165.692,28.871,28.049
323.463,167.889,29.018,28.091
323.791,170.915,29.255,27.994
324.207,174.020,29.547,27.936
324.128,175.528,29.746,27.829
327.081,176.477,29.862,27.821
326.386,177.814,30.066,27.768
326.792,177.905,30.234,27.799
326.880,178.024,30.424,27.796
326.511,178.891,30.708,27.807
326.646,178.225,30.841,28.040
326.608,178.395,31.030,28.137
326.648,178.010,31.189,28.372
326.366,178.426,31.391,28.584
326.328,178.162,31.527,28.807
325.888,178.292,31.632,29.092
325.240,178.418,31.709,29.396
324.274,179.288,31.845,29.523
322.716,179.197,32.064,29.788
321.981,179.008,32.172,30.071
321.134,178.211,32.313,30.391
320.599,178.334,32.576,30.518
320.030,178.166,32.742,30.753
319.378,178.716,33.015,30.764
319.107,179.242,33.272,30.822
318.900,180.196,33.515,30.853
319.187,180.611,33.567,30.972
318.626,177.403,33.765,31.025
319.110,177.908,33.821,31.090
319.291,174.863,34.063,31.136
319.038,171.533,34.220,31.217
318.985,167.709,34.310,31.356
319.047,168.184,34.410,31.492
318.633,164.422,34.288,31.655
318.475,165.093,34.216,31.750
318.552,161.545,34.063,31.888
318.646,157.839,34.014,32.078
318.568,154.185,34.012,32.194
318.527,150.768,34.051,32.232
318.915,150.808,34.072,32.406
318.838,146.601,34.215,32.483
318.823,146.569,34.240,32.599
318.797,142.384,34.331,32.573
318.625,142.167,34.431,32.588
318.361,142.110,34.486,32.679
318.140,142.129,34.506,32.797
317.305,138.519,34.439,32.775
316.512,138.666,34.400,32.841
316.376,138.538,34.272,33.058
312.799,134.463,34.645,32.886
313.385,133.960,34.767,32.932
313.307,133.382,34.542,33.199
312.927,129.079,34.244,33.461
312.548,124.842,34.000,33.642
312.314,120.539,33.794,33.763
311.801,116.543,33.732,33.710
311.013,113.277,33.703,33.686
311.342,113.396,34.014,33.529
312.147,113.282,34.315,33.354
312.973,112.957,34.557,33.209
314.203,112.458,34.737,33.121
315.064,112.143,34.866,33.062
315.771,112.216,34.996,33.054
316.411,112.026,34.995,33.144
316.265,111.906,34.788,33.364
316.204,111.912,34.614,33.519
316.512,111.395,34.501,33.657
317.456,110.572,34.599,33.670
318.621,109.985,34.653,33.717
319.655,109.510,34.691,33.742
320.153,104.937,34.772,33.651
315.151,93.238,34.882,33.497
314.311,94.446,35.042,33.445
313.893,95.509,35.330,33.288
314.091,92.478,35.638,32.967
314.371,93.348,36.000,32.809
314.537,94.006,36.233,32.708
314.855,90.509,36.545,32.513
314.907,91.185,36.744,32.468
314.495,92.060,37.036,32.334
319.131,88.681,37.150,32.222
319.152,89.393,37.177,32.206
319.047,90.021,37.159,32.304
318.955,91.036,37.207,32.412
318.594,91.943,37.175,32.540
318.126,92.739,37.220,32.615
317.417,93.893,37.414,32.565
317.592,91.433,37.781,32.133
317.711,92.452,37.961,32.189
317.407,89.430,38.251,31.959
317.119,89.968,38.220,32.148
317.092,86.700,38.459,32.048
316.660,86.958,38.321,32.229
316.373,83.548,38.672,32.100
316.279,84.280,38.840,32.098
316.256,84.747,38.949,32.139
316.616,85.135,38.919,32.191
316.911,85.838,38.916,32.299
317.399,86.743,38.813,32.371
318.010,86.858,38.601,32.554
318.291,87.389,38.412,32.781
318.264,87.860,38.333,32.899
322.494,86.131,38.367,32.905
322.768,86.385,38.260,33.232
322.928,84.490,38.512,33.100
323.205,85.439,38.554,33.337
323.124,81.760,38.615,33.439
322.901,81.746,38.719,33.624
322.537,78.543,38.948,33.426
322.398,79.507,39.058,33.351
327.055,80.126,39.107,33.427
322.486,81.150,39.168,33.261
327.400,77.144,39.202,33.273
342.944,72.981,38.667,33.864
347.339,71.825,37.384,35.215
352.951,74.469,34.452,37.732
358.608,73.709,31.667,40.770
359.513,72.494,29.552,43.083
359.969,72.447,27.898,45.015
360.046,72.099,26.714,46.458
360.014,72.193,25.757,47.499
359.889,72.416,25.164,48.268
359.580,73.350,24.800,48.507
359.041,74.256,24.644,48.499
358.456,74.753,24.667,48.387
358.102,74.621,24.627,48.293
357.519,74.132,24.527,48.339
356.770,73.792,24.594,48.125
355.860,73.633,24.795,47.820
355.277,73.211,25.021,47.574
354.792,72.485,25.247,47.283
353.576,68.601,27.252,44.836
352.001,66.727,29.052,42.397
351.141,67.368,30.285,40.584
350.960,67.271,31.350,39.183
350.073,67.989,32.206,37.963
346.246,67.698,32.728,37.027
345.847,67.570,33.249,36.106
345.358,67.925,33.589,35.305
344.362,68.596,33.742,34.710
340.936,68.206,33.932,34.306
340.865,67.964,33.865,33.961
339.587,68.254,33.490,33.795
338.372,68.068,33.176,33.561
335.347,66.561,33.031,33.512
334.075,66.286,32.645,33.381
332.921,66.456,32.297,33.181
331.896,66.488,32.033,33.035
330.821,66.866,31.666,32.775
330.286,67.693,31.459,32.373
329.224,69.018,31.317,31.955
328.205,70.854,31.104,31.640
325.771,71.587,30.793,31.538
325.197,73.121,30.457,31.261
324.862,74.179,30.116,31.105
323.980,75.896,29.777,30.827
321.574,77.472,29.495,30.699
321.293,78.537,29.000,30.690
320.791,79.577,28.594,30.643
320.395,80.841,28.339,30.433
320.030,82.024,28.041,30.277
318.060,83.081,27.810,30.188
318.652,84.051,27.486,30.098
318.398,84.851,27.100,30.182
318.887,85.587,26.767,30.188
316.910,86.293,26.685,29.993
317.777,86.936,26.424,29.996
315.642,87.425,26.379,29.908
316.642,87.723,26.206,29.833
316.640,88.354,25.981,29.754
316.706,89.097,25.726,29.703
316.607,90.150,25.610,29.597
316.387,91.216,25.299,29.477
315.957,92.629,25.072,29.305
313.724,93.161,25.068,29.115
313.829,94.178,24.883,29.008
314.082,95.598,23.424,29.911
314.022,95.774,22.187,30.713
313.720,96.313,21.208,31.238
311.539,96.612,20.190,31.779
311.826,97.858,19.465,31.876
311.595,99.814,19.055,31.666
309.350,101.567,18.674,31.467
309.115,105.787,18.511,31.217
308.744,109.681,18.320,31.059
308.427,113.498,18.290,30.770
307.711,114.895,19.324,29.470
306.982,116.969,20.094,28.246
306.034,120.833,20.542,27.543
305.550,122.279,21.035,26.928
303.022,123.406,21.539,26.366
303.001,124.486,21.723,26.058
302.509,125.063,21.699,25.867
301.637,124.956,21.678,25.953
301.430,124.545,21.592,26.092
301.385,124.023,21.460,26.139
301.010,121.973,21.486,26.000
300.572,121.740,21.379,26.174
300.137,120.889,20.545,27.085
300.011,120.115,19.663,27.913
300.014,119.430,18.998,28.710
299.821,119.637,18.466,29.090
299.631,119.207,18.169,29.328
299.638,119.667,17.890,29.265
299.693,121.187,17.714,29.015
299.868,124.991,17.656,28.771
299.612,126.464,18.818,27.582
299.621,128.148,19.658,26.655
299.679,129.650,20.316,25.985
300.073,130.919,20.863,25.491
300.165,129.285,21.306,25.052
300.441,127.559,21.602,24.767
300.405,125.795,21.822,24.558
302.575,123.174,21.841,24.567
302.090,121.014,22.002,24.464
301.870,119.105,22.178,24.300
302.191,119.016,22.321,24.258
302.160,117.786,22.703,23.972
304.678,117.865,22.775,24.059
304.670,117.494,22.862,24.109
307.098,117.649,23.018,24.144
307.242,117.839,23.240,24.139
309.572,116.464,23.468,23.854
309.660,116.969,23.702,23.714
312.273,117.232,23.890,23.648
314.114,115.586,24.088,23.521
314.017,114.135,24.260,23.310
316.505,112.030,24.429,23.300
316.371,110.175,24.621,23.168
318.514,108.600,24.689,23.100
318.838,107.214,24.914,22.878
320.853,105.733,25.044,22.721
321.164,107.112,25.146,22.661
321.296,107.530,25.212,22.733
321.405,106.006,25.363,22.550
321.774,107.626,25.610,22.267
321.814,108.767,25.717,22.160
322.228,110.213,25.868,22.051
323.239,110.994,25.973,22.035
325.680,111.267,25.869,22.221
325.533,109.450,26.008,22.071
326.176,110.012,26.111,22.094
326.693,107.633,26.115,21.994
329.021,105.369,26.102,22.006
328.790,103.133,26.110,21.979
328.293,100.835,26.023,21.858
328.648,98.215,25.945,21.824
328.274,95.498,25.895,21.803
328.798,95.577,25.775,21.812
328.998,95.684,25.611,21.853
329.205,95.798,25.500,21.857
329.385,95.974,25.362,21.963
328.910,96.277,25.197,22.070
328.753,93.550,25.103,22.106
328.573,93.535,24.944,22.281
328.076,90.877,24.901,22.326
327.968,90.785,24.718,22.411
327.587,88.355,24.678,22.347
327.285,88.871,24.727,22.357
327.706,89.110,24.622,22.406
326.888,87.179,24.638,22.379
327.145,87.881,24.596,22.570
326.850,88.176,24.472,22.761
326.438,88.289,24.355,22.899
324.711,85.740,24.391,22.935
324.395,83.835,24.550,22.838
323.684,84.506,24.401,22.958
322.866,84.658,24.290,23.175
322.424,84.480,24.036,23.324
321.730,84.496,23.895,23.386
321.660,84.627,23.813,23.408
321.406,84.842,23.784,23.352
320.813,85.087,23.700,23.335
320.511,83.178,23.611,23.274
320.514,83.629,23.552,23.212
320.268,84.238,23.489,23.168
319.842,84.185,23.309,23.207
319.114,84.582,23.231,23.102
318.310,82.913,23.319,22.902
317.208,83.750,23.332,22.757
316.569,84.623,23.242,22.615
316.397,85.832,23.173,22.451
316.301,87.707,23.247,22.195
317.058,91.155,23.152,22.076
317.348,92.332,23.103,21.931
317.265,94.046,23.108,21.733
317.624,96.010,23.050,21.546
317.591,97.585,22.991,21.420
316.327,99.032,22.894,21.296
316.635,102.109,22.803,21.261
316.243,103.269,22.735,21.097
315.216,104.765,22.722,20.949
314.912,106.321,22.784,20.797
314.198,107.742,22.775,20.619
313.881,108.894,22.808,20.546
313.342,109.168,22.701,20.603
313.143,109.521,22.659,20.624
312.387,108.632,22.758,20.420
311.175,109.463,22.601,20.433
307.828,111.025,22.664,20.330
306.405,111.939,22.580,20.350
304.938,112.888,22.593,20.304
304.313,113.566,22.635,20.250
302.967,112.162,22.648,20.189
302.502,113.210,22.766,20.106
301.312,113.604,22.647,20.220
298.425,112.368,22.834,19.987
297.133,113.300,22.784,19.977
294.415,114.074,22.883,19.959
293.424,112.635,22.827,19.853
292.469,113.515,22.699,19.810
292.184,114.196,22.708,19.717
291.633,115.154,22.717,19.713
291.582,115.880,22.755,19.684
291.352,116.782,22.708,19.597
291.387,117.985,22.801,19.410
291.408,118.905,22.761,19.365
290.728,119.924,22.753,19.246
290.949,120.652,22.733,19.221
290.612,124.057,22.674,19.142
288.169,125.099,22.719,18.974
287.816,127.799,22.513,19.041
287.357,125.899,22.414,18.957
287.279,126.187,22.434,18.901
287.487,126.545,22.467,18.868
289.458,124.650,22.332,18.797
289.829,122.850,22.404,18.647
290.523,123.585,22.530,18.502
290.379,124.135,22.481,18.491
290.017,125.089,22.445,18.429
290.310,126.063,22.559,18.310
289.751,126.728,22.465,18.361
289.315,125.109,22.470,18.318
288.987,126.026,22.467,18.302
288.878,126.358,22.511,18.336
289.103,126.908,22.536,18.305
289.758,127.419,22.607,18.357
290.234,125.830,22.731,18.249
290.800,126.951,22.806,18.154
292.650,127.527,22.656,18.237
292.123,127.965,22.557,18.313
292.436,129.014,22.589,18.294
292.359,129.805,22.637,18.268
292.370,130.308,22.637,18.318
292.614,128.810,22.801,18.226
292.830,129.744,22.796,18.225
292.859,130.341,22.773,18.282
292.733,130.790,22.804,18.379
292.521,131.112,22.748,18.433
293.014,129.531,22.834,18.372
292.905,130.589,22.868,18.334
292.866,131.438,22.861,18.363
292.925,131.937,22.838,18.466
293.220,130.539,22.912,18.387
293.664,131.383,22.967,18.379
293.184,131.967,22.894,18.444
293.181,132.643,22.854,18.500
293.162,133.207,22.805,18.542
293.287,131.778,22.864,18.434
293.598,132.848,22.848,18.365
294.003,133.606,22.843,18.337
294.342,134.808,22.861,18.333
294.642,135.911,22.864,18.274
296.780,138.927,22.540,18.480
296.736,139.704,22.547,18.402
297.256,140.523,22.625,18.321
297.730,141.458,22.663,18.259
299.874,144.377,22.489,18.352
300.526,144.561,22.415,18.437
300.986,145.222,22.380,18.439
303.286,146.110,22.109,18.428
305.226,146.909,21.791,18.445
306.031,147.919,21.797,18.285
307.968,148.763,21.540,18.269
308.695,149.626,21.393,18.273
310.952,152.387,21.022,18.508
311.450,153.118,20.854,18.473
313.886,153.344,20.530,18.654
314.307,153.653,20.303,18.843
314.259,154.084,20.018,18.898
314.300,154.692,19.899,18.906
314.137,155.596,19.804,18.769
313.646,156.510,19.687,18.717
313.298,157.099,19.517,18.669
311.449,157.448,19.543,18.552
310.844,157.851,19.429,18.514
308.772,158.249,19.434,18.352
308.199,158.888,19.428,18.188
307.644,159.052,19.370,18.169
306.839,159.911,19.413,17.952
306.635,162.773,19.498,17.747
306.114,163.330,19.613,17.519
306.000,163.984,19.724,17.254
306.203,164.526,19.850,17.071
306.476,165.056,20.031,16.888
306.914,165.402,20.205,16.846
308.770,163.607,20.213,16.740
308.700,162.052,20.311,16.596
307.814,159.842,20.963,15.895
308.060,157.867,21.510,15.356
307.307,155.944,21.993,14.780
306.777,156.170,22.368,14.332
305.361,156.383,22.810,13.909
304.692,156.428,23.035,13.604
301.670,154.413,23.393,13.263
301.381,156.983,23.606,12.935
301.049,157.375,23.956,12.676
298.795,159.901,24.231,12.468
298.000,162.530,24.418,12.300
297.891,167.260,24.565,12.169
297.914,169.711,24.682,12.070
298.260,172.182,24.894,11.960
300.272,174.612,24.797,11.962
300.413,174.797,24.938,11.880
301.009,177.073,24.898,11.904
300.867,176.932,24.766,11.907
301.239,176.960,24.763,11.869
301.291,176.889,24.686,11.852
300.812,176.978,24.592,11.818
300.546,174.911,24.676,11.728
300.656,175.068,24.674,11.702
300.689,172.992,24.761,11.649
301.398,172.998,24.788,11.634
301.308,170.774,24.880,11.580
303.130,170.873,24.791,11.580
304.612,168.904,24.827,11.501
305.032,166.844,24.920,11.444
305.776,164.804,24.970,11.367
307.038,162.639,24.820,11.351
306.880,158.483,24.859,11.285
307.476,156.379,24.857,11.312
309.200,154.070,24.783,11.341
309.866,151.771,24.794,11.323
308.037,151.672,24.714,11.347
308.639,149.246,24.648,11.372
309.015,146.870,24.580,11.399
305.718,142.674,24.491,11.329
301.944,140.197,24.428,11.321
300.781,138.195,24.332,11.269
297.577,138.422,24.264,11.204
294.876,138.460,24.235,11.178
294.021,138.557,24.179,11.148
291.198,138.508,24.173,11.145
290.343,138.393,24.133,11.153
289.643,138.394,24.164,11.131
288.450,138.488,24.044,11.163
288.092,140.572,24.085,11.150
287.582,140.631,24.125,11.137
286.880,140.700,24.186,11.091
286.007,140.734,24.166,11.097
284.947,140.786,24.152,11.102
284.596,140.848,24.136,11.063
284.473,140.786,24.155,11.025
284.276,140.801,24.179,10.990
284.115,140.705,24.184,10.965
285.181,140.548,24.023,10.987
284.796,140.429,24.018,10.971
286.598,140.508,24.013,10.964
286.588,140.614,24.084,10.934
287.900,138.623,23.947,10.952
287.718,138.646,23.934,10.959
287.645,138.306,23.852,11.002
288.412,138.000,23.682,11.050
288.070,135.789,23.754,11.037
289.335,135.322,23.635,11.085
288.984,134.937,23.626,11.045
288.491,134.640,23.611,11.089
288.157,134.465,23.524,11.082
288.396,134.220,23.557,11.062
289.663,134.132,23.417,11.057
289.301,134.108,23.396,11.045
289.214,133.972,23.465,11.020
289.113,133.821,23.613,11.030
289.368,133.427,23.736,11.038
290.650,133.004,23.491,11.093
290.428,132.465,23.453,11.169
290.557,130.482,23.506,11.122
290.613,130.629,23.500,11.098
290.746,130.884,23.489,11.084
290.920,132.731,23.518,11.139
290.679,132.770,23.503,11.170
290.153,133.112,23.414,11.203
290.012,134.996,23.362,11.192
289.496,136.746,23.341,11.231
289.189,136.905,23.422,11.215
288.834,138.948,23.425,11.237
288.551,140.808,23.348,11.284
288.267,142.627,23.410,11.277
287.704,142.904,23.441,11.244
287.376,144.985,23.422,11.272
287.433,146.772,23.454,11.259
288.704,146.731,23.357,11.285
288.034,146.758,23.302,11.316
287.921,146.841,23.366,11.312
289.220,146.980,23.282,11.321
288.763,147.075,23.338,11.302
290.384,147.092,23.231,11.357
290.633,146.792,23.217,11.324
292.367,146.682,23.241,11.311
292.506,146.425,23.345,11.310
294.066,146.181,23.255,11.277
294.005,145.767,23.206,11.261
297.099,146.294,21.988,12.219
310.277,129.106,22.479,11.882
316.872,122.783,22.627,11.674
306.993,129.963,22.559,11.408
309.987,127.945,22.675,11.325
315.182,125.896,23.127,11.107
317.246,123.983,23.317,10.900
317.468,123.922,23.474,10.788
317.816,123.756,23.663,10.707
318.016,123.477,23.904,10.655
318.378,123.290,24.068,10.637
318.898,123.220,24.809,10.321
319.537,123.276,25.415,10.034
321.784,123.491,25.785,10.000
322.390,125.556,26.378,10.000
324.709,125.798,26.733,10.000
325.552,127.884,27.092,10.000
328.377,127.869,27.331,10.000
330.694,128.289,27.651,10.000
331.672,130.404,27.785,10.000
334.228,130.355,27.943,10.000
336.557,130.365,28.132,10.000
337.255,130.209,28.378,10.000
337.946,129.873,28.024,10.411
338.168,127.551,28.265,10.368
338.088,127.388,28.397,10.323
338.024,125.090,28.563,10.242
336.271,124.792,28.334,10.633
334.612,122.467,28.640,10.522
333.108,122.200,28.999,10.492
331.136,119.949,29.288,10.393
329.210,119.586,29.528,10.396
327.549,116.937,29.715,10.401
325.452,114.819,29.984,10.285
323.234,112.676,30.112,10.218
321.174,112.310,30.123,10.256
319.259,110.023,30.307,10.222
317.342,107.844,30.542,10.163
317.200,108.156,30.561,10.172
315.071,108.158,30.613,10.218
313.071,108.386,30.690,10.223
310.973,108.828,30.836,10.163
309.106,111.172,31.036,10.186
307.349,111.362,31.153,10.204
307.596,113.720,31.276,10.311
305.131,114.052,31.402,10.335
305.267,114.323,31.500,10.360
303.661,116.638,31.463,10.467
303.428,116.866,31.637,10.496
301.545,117.129,31.811,10.529
301.693,117.569,32.029,10.553
302.283,120.101,31.941,10.728
302.294,120.147,31.952,10.800
302.448,120.281,31.937,10.859
303.060,120.462,32.021,10.869
303.559,120.757,32.248,10.873
304.046,121.032,32.419,10.872
305.186,120.870,32.641,10.799
309.107,123.573,32.552,10.871
310.832,126.046,31.880,11.469
312.419,126.083,32.019,11.480
313.251,126.434,32.334,11.375
314.465,126.652,32.541,11.309
316.328,129.169,31.924,11.846
317.359,129.310,32.167,11.791
318.183,129.576,32.355,11.751
318.903,129.743,32.582,11.747
318.592,130.050,32.799,11.691
318.888,130.018,32.816,11.681
319.120,129.920,32.880,11.735
319.615,129.693,32.941,11.792
320.286,129.423,32.979,11.838
320.870,129.144,33.001,11.869
319.296,128.992,32.611,12.356
320.294,128.933,32.827,12.278
320.911,129.052,32.999,12.182
320.916,129.448,33.101,12.083
318.754,129.691,33.251,12.066
318.645,130.349,33.469,11.970
316.459,130.536,33.564,11.972
316.075,130.867,33.633,11.971
313.946,130.997,33.651,11.987
312.080,130.951,33.655,12.010
310.652,130.792,33.004,12.531
310.389,128.489,33.328,12.285
310.329,128.860,33.531,12.141
310.425,128.961,33.670,12.139
310.425,129.131,33.790,12.120
310.641,129.501,33.938,12.062
311.391,129.848,33.960,12.001
311.887,130.250,34.071,11.963
309.843,130.424,34.205,11.938
310.644,130.732,34.321,11.877
311.573,130.997,34.364,11.868
309.678,131.180,34.438,11.868
310.642,131.468,34.522,11.834
311.384,131.722,34.632,11.846
309.928,131.889,34.771,11.869
308.281,132.114,34.920,11.872
309.458,132.315,34.915,11.904
310.145,132.629,34.899,11.921
308.783,132.844,34.936,11.944
307.139,133.031,35.007,11.927
308.712,133.052,35.027,11.996
307.473,133.053,35.054,12.041
308.966,133.175,35.083,12.076
307.801,133.263,35.092,12.116
309.467,133.449,35.134,12.115
308.018,133.610,35.235,12.139
306.297,133.742,35.225,12.123
307.585,133.969,35.255,12.110
305.719,134.082,35.260,12.066
306.944,134.138,35.191,12.089
305.217,134.174,35.124,12.101
306.220,134.103,34.379,12.572
304.589,133.945,34.362,12.481
305.895,134.081,34.522,12.436
304.243,134.425,34.675,12.345
302.587,137.223,33.980,12.762
300.731,137.454,34.159,12.605
299.428,140.281,33.525,13.020
297.335,142.933,32.992,13.352
295.547,143.337,32.646,13.567
293.908,146.343,32.274,13.801
292.311,148.991,32.004,13.944
291.189,149.248,31.732,14.076
289.570,151.834,31.607,14.123
290.497,151.922,31.475,14.163
291.191,152.085,31.429,14.175
288.838,152.272,31.424,14.192
289.752,154.772,31.278,14.303
290.822,154.407,31.154,14.391
289.078,154.061,30.870,14.653
290.153,154.312,30.797,14.701
288.278,154.412,30.602,14.833
286.451,154.327,30.388,14.977
281.403,154.283,30.089,15.174
278.935,156.634,29.042,16.054
278.747,156.690,28.089,16.779
275.889,156.645,27.630,17.149
275.468,156.569,27.345,17.368
272.384,156.426,27.137,17.529
271.886,156.645,26.943,17.679
269.701,156.327,26.466,18.113
269.979,156.316,25.800,18.721
267.627,156.622,25.495,19.006
267.062,157.061,25.051,19.397
266.593,157.435,24.705,19.688
264.178,157.753,24.524,19.866
264.216,158.511,24.408,19.964
270.404,167.522,23.038,21.334
273.951,168.734,20.618,24.191
274.695,170.588,18.802,26.332
275.295,169.263,17.208,28.219
275.639,168.562,16.227,29.434
276.064,168.170,15.323,30.571
276.242,168.308,14.745,31.273
276.109,168.206,14.584,31.485
275.803,168.699,14.498,31.603
275.438,169.264,14.445,31.676
275.376,169.880,14.385,31.759
275.080,170.534,14.311,31.862
268.750,161.438,14.336,31.738
268.921,160.282,14.380,31.620
272.057,159.590,13.955,32.135
272.294,160.895,13.559,32.650
272.275,160.872,13.542,32.616
269.787,160.963,13.650,32.478
270.058,161.017,13.736,32.354
270.086,160.623,13.859,32.216
267.584,157.386,14.085,32.030
267.443,157.424,14.255,31.867
267.139,154.627,14.445,31.708
266.836,154.648,14.606,31.595
266.544,154.428,14.765,31.472
266.178,153.964,14.944,31.347
265.939,153.750,15.128,31.181
263.960,152.894,15.185,31.160
264.210,152.524,15.329,31.022
264.271,152.860,15.526,30.832
264.378,153.841,15.726,30.619
264.593,155.834,15.782,30.618
264.851,158.168,15.820,30.613
265.096,160.723,15.834,30.609
265.371,161.299,15.873,30.555
266.360,161.633,15.869,30.563
269.946,158.890,16.285,30.081
270.531,160.011,16.999,29.189
271.533,163.028,17.955,28.091
271.527,164.161,19.065,26.856
271.856,164.535,20.054,25.876
269.791,164.891,20.697,25.171
267.167,163.145,21.287,24.483
265.137,162.977,21.645,24.151
263.189,160.792,22.077,23.725
261.716,161.001,22.234,23.568
262.024,158.576,22.613,23.199
259.993,158.500,22.878,22.944
260.368,155.998,23.236,22.560
260.095,155.853,23.569,22.184
260.743,153.811,24.882,20.983
260.425,154.629,26.000,20.034
258.454,155.288,25.919,20.057
258.779,155.700,25.841,20.080
258.934,153.202,26.837,19.219
259.256,153.758,27.641,18.535
257.347,157.098,26.980,19.074
257.796,157.191,26.423,19.584
258.303,157.871,26.069,19.856
259.361,160.602,25.392,20.504
259.731,163.135,24.901,21.060
260.137,163.947,24.703,21.190
260.294,166.798,24.559,21.378
260.339,169.967,24.462,21.583
258.641,173.016,24.118,21.827
256.581,176.239,23.718,22.093
256.748,179.552,23.715,22.193
253.683,180.192,23.639,22.301
248.762,179.193,21.933,23.822
246.832,178.296,20.413,25.223
245.575,177.163,19.202,26.396
246.055,176.585,18.340,26.971
246.465,179.608,18.889,26.024
244.778,175.822,18.220,26.381
248.603,176.441,18.767,25.802
249.259,174.306,19.297,25.208
250.061,174.986,19.712,24.721
251.281,175.081,20.034,24.259
252.045,175.062,20.209,23.948
255.009,175.201,20.518,23.599
255.522,175.237,20.737,23.281
256.489,175.932,20.789,23.012
259.295,176.161,21.069,22.735
259.540,176.030,21.031,22.630
262.783,173.348,21.136,22.482
263.838,172.875,21.031,22.464
265.049,170.395,20.980,22.417
266.552,168.571,21.001,22.130
270.489,167.766,20.774,22.396
271.663,164.984,20.590,22.338
274.936,164.244,20.345,22.366
276.365,162.033,20.367,21.968
279.194,161.387,20.097,21.944
280.369,160.754,19.927,22.042
281.301,158.985,19.998,21.621
282.167,158.726,19.858,21.634
282.852,158.497,19.694,21.565
283.265,156.625,19.682,21.343
283.842,156.695,19.459,21.347
283.532,154.576,19.418,21.244
284.266,154.130,19.343,21.312
283.986,152.235,19.439,21.046
283.922,152.465,19.444,20.772
283.636,152.589,19.455,20.545
281.829,152.925,19.504,20.292
282.449,152.677,19.466,20.185
282.387,151.324,19.753,19.813
282.489,151.847,19.781,19.582
282.765,152.023,19.816,19.389
283.283,152.232,19.763,19.320
282.902,150.509,19.855,19.049
280.898,148.822,19.851,18.962
280.946,147.724,19.944,18.781
280.879,146.445,19.999,18.661
279.225,142.965,20.036,18.488
279.822,141.456,20.061,18.402
282.689,139.151,20.390,18.059
282.935,136.563,20.615,17.842
283.316,136.192,20.851,17.622
283.897,133.628,20.992,17.501
283.677,131.025,21.212,17.311
283.279,128.717,21.523,17.050
284.059,128.273,21.680,16.919
285.319,127.745,21.742,16.869
275.287,133.121,21.315,17.208
275.415,134.317,20.718,17.776
278.253,139.011,19.470,19.128
276.939,138.872,18.274,20.447
277.739,138.711,17.386,21.552
278.346,136.434,16.472,22.683
278.453,136.218,15.821,23.474
278.464,133.451,15.265,24.124
278.500,133.481,14.826,24.690
278.725,131.186,14.633,24.892
278.578,128.786,14.535,24.980
276.741,129.551,14.391,25.134
276.990,130.129,14.244,25.245
276.846,130.727,14.146,25.356
276.420,130.944,13.998,25.512
276.067,128.905,13.944,25.538
275.794,129.461,13.906,25.563
273.962,130.641,13.845,25.541
273.966,131.095,13.820,25.569
274.017,129.347,13.794,25.521
273.798,127.416,14.156,24.981
273.369,127.265,14.377,24.666
273.110,127.101,14.553,24.374
272.917,126.592,14.712,24.107
272.203,124.143,14.916,23.817
271.629,119.552,15.475,23.221
271.074,117.922,15.897,22.731
270.745,118.674,16.310,22.272
272.379,119.143,16.545,21.969
272.047,119.777,16.745,21.751
271.705,122.809,16.993,21.486
271.227,123.462,17.162,21.303
271.142,124.356,17.322,21.132
270.860,127.622,17.492,20.953
270.438,128.385,17.627,20.809
269.907,129.405,17.789,20.629
269.740,132.453,18.143,20.269
269.385,131.032,18.465,19.935
269.077,132.179,18.659,19.749
268.488,133.060,18.819,19.594
267.935,133.739,18.955,19.384
267.125,134.072,19.065,19.181
266.670,134.921,19.140,19.026
265.951,135.700,19.152,18.985
265.374,136.128,19.141,18.946
265.174,136.445,19.187,18.887
265.131,136.821,19.213,18.848
264.986,137.316,19.257,18.779
264.856,138.139,19.291,18.737
263.747,137.813,19.338,18.696
263.073,135.055,19.486,18.566
261.784,132.244,19.699,18.389
260.532,132.087,20.051,18.101
258.992,129.816,20.572,17.640
256.373,129.548,20.904,17.372
254.385,129.184,21.029,17.268
252.786,126.392,21.227,17.097
250.680,126.360,21.260,17.064
248.358,123.531,21.405,16.940
247.214,123.281,21.494,16.850
245.233,120.412,21.618,16.745
243.701,120.480,21.685,16.683
242.472,120.372,21.729,16.644
240.883,119.973,21.746,16.628
239.691,120.168,21.742,16.630
237.651,120.232,21.730,16.637
237.842,121.107,21.710,16.658
237.831,121.154,21.650,16.730
237.608,121.083,21.643,16.737
237.143,121.875,21.642,16.737
237.107,122.245,21.652,16.729
236.316,122.393,21.713,16.683
234.652,122.023,21.850,16.571
233.292,121.456,21.857,16.565
233.851,122.552,21.848,16.574
234.202,122.432,21.828,16.598
234.478,122.665,21.814,16.613
234.690,122.832,21.807,16.622
234.916,122.932,21.804,16.625
235.085,122.617,21.802,16.627
233.783,122.970,21.803,16.626
233.271,123.390,21.807,16.623
232.751,124.054,21.823,16.610
232.606,126.679,22.031,16.460
232.841,126.954,22.237,16.307
232.992,127.381,22.361,16.212
232.838,127.822,22.369,16.204
232.170,127.632,22.366,16.208
225.588,125.750,20.665,18.205
229.206,129.287,18.928,20.173
235.090,133.455,16.970,22.330
238.744,135.234,15.459,23.960
239.807,134.992,14.149,25.757
238.080,131.836,13.089,27.399
236.523,125.680,12.393,28.511
239.249,119.741,11.759,29.408
241.797,114.170,11.299,30.145
244.884,108.134,10.888,30.913
248.050,102.762,10.590,31.458
251.231,98.041,10.313,31.884
256.556,95.200,10.091,32.408
259.385,90.015,10.000,32.876
261.989,86.718,10.000,33.312
264.703,83.832,10.000,33.754
264.991,78.730,10.000,34.114
265.307,76.866,10.000,34.265
267.856,78.373,10.000,34.455
267.891,79.315,10.000,34.617
268.078,79.997,10.000,34.749
265.476,74.730,10.000,34.990
254.166,71.950,10.000,35.067
254.436,69.728,10.000,35.177
257.118,69.967,10.000,35.370
257.397,67.346,10.000,35.507
260.338,67.579,10.012,35.575
260.407,68.483,10.099,35.627
260.267,69.442,10.081,35.735
260.295,73.124,10.048,35.828
