225.000,135.000,61.000,71.000
225.499,135.305,60.696,70.555
225.014,136.079,60.220,70.631
224.611,134.589,60.022,70.077
222.210,132.890,60.038,69.049
219.600,130.835,59.719,68.300
218.709,128.743,59.160,67.902
217.058,125.723,58.685,67.281
214.914,118.784,58.698,66.065
214.553,115.247,58.365,66.253
210.797,108.424,58.406,65.756
206.274,101.921,58.833,65.054
202.595,96.047,59.940,63.662
200.479,96.346,60.135,63.738
198.769,90.042,60.740,63.047
196.321,86.638,61.636,61.389
194.046,88.141,62.183,60.491
192.053,89.151,62.018,60.158
191.645,89.763,61.781,59.980
190.942,90.121,61.343,59.850
191.061,90.796,61.077,60.094
191.775,92.078,60.543,60.456
191.929,93.107,59.807,61.026
193.187,95.427,59.192,61.263
193.017,98.193,58.861,61.247
193.976,101.951,58.865,60.809
195.724,105.363,58.691,60.508
197.767,107.954,58.554,60.450
199.624,110.160,58.653,60.354
201.841,110.927,58.497,60.655
203.307,110.142,58.004,61.221
204.729,104.739,57.494,61.085
206.003,99.500,56.797,61.036
207.819,92.822,56.134,61.116
209.013,86.088,55.623,61.045
211.203,83.704,54.960,62.124
211.543,80.059,54.695,63.015
214.172,78.548,55.049,63.413
215.055,77.212,55.308,63.887
216.893,76.967,55.419,64.336
218.289,77.031,55.454,64.715
219.044,78.459,55.731,64.762
218.631,80.865,56.387,64.492
217.987,84.561,56.717,64.177
216.120,88.005,57.142,63.646
218.469,92.502,57.324,62.737
216.238,98.013,57.565,61.626
219.360,104.432,57.841,60.338
219.903,110.069,57.379,59.427
221.554,114.572,57.157,58.675
223.788,119.314,56.806,57.784
224.898,121.801,56.925,57.417
225.981,123.025,57.722,56.791
228.758,121.772,57.986,57.085
232.246,115.697,57.903,57.270
233.364,107.563,57.564,57.942
236.728,100.092,56.867,59.325
239.139,92.068,56.651,59.878
238.885,85.523,56.578,59.289
234.808,86.584,55.882,59.211
236.741,87.326,55.388,59.219
237.819,89.981,55.293,58.694
236.704,98.253,55.707,57.964
238.916,100.150,55.862,57.288
241.316,102.122,56.158,56.884
242.993,102.938,56.776,56.643
243.490,104.491,57.357,56.482
245.534,104.713,57.423,56.926
245.554,104.652,57.878,57.175
246.141,103.811,57.672,57.851
247.361,103.090,57.207,58.755
248.434,104.153,56.529,59.040
250.207,107.599,55.790,58.878
250.911,111.408,55.504,58.228
250.284,113.727,56.082,57.302
250.479,114.743,56.924,56.477
250.256,113.631,57.552,56.206
251.189,110.734,57.390,56.765
252.889,103.323,56.811,57.054
253.652,96.336,55.608,57.836
256.213,88.051,54.681,58.971
257.531,78.864,54.040,60.454
258.771,70.823,53.800,61.259
258.284,67.956,53.955,61.744
259.863,66.141,54.633,61.702
259.516,65.898,55.422,61.797
258.870,66.857,55.930,61.621
259.166,68.662,56.622,61.399
259.742,69.970,57.070,61.491
259.927,71.267,57.581,61.388
260.536,72.972,58.047,61.328
260.397,74.165,58.280,61.487
260.822,74.830,58.321,61.960
261.137,77.246,58.671,62.093
261.253,79.654,58.553,62.256
260.897,81.757,58.467,62.271
259.566,85.437,58.381,61.917
257.077,92.436,58.266,61.953
252.520,95.543,59.872,60.128
248.635,97.414,60.809,58.925
244.767,98.490,60.515,58.888
240.761,91.888,60.108,58.747
240.042,83.745,59.894,58.639
239.898,71.520,59.645,58.143
243.969,63.370,58.930,58.718
248.153,57.613,58.076,59.004
247.343,56.366,57.913,59.147
249.563,59.239,57.839,58.797
254.492,69.716,57.987,58.472
256.652,74.641,58.779,57.380
257.517,80.249,59.554,55.908
258.773,87.570,59.606,55.741
258.758,89.991,60.211,55.202
258.061,93.150,60.816,54.704
256.816,95.086,61.340,54.455
256.182,95.212,61.862,54.406
254.289,90.887,61.889,54.486
253.029,86.316,61.182,55.105
252.641,86.891,60.317,56.022
251.288,86.344,59.236,57.124
244.951,87.603,58.701,57.351
239.827,94.280,59.207,57.142
238.980,95.880,61.106,56.008
238.885,97.590,62.113,55.446
238.567,95.927,62.416,55.524
243.723,89.133,63.158,55.057
244.451,80.912,62.509,55.562
251.158,71.970,61.496,56.385
256.711,65.128,60.026,57.345
258.630,65.563,59.141,58.411
262.097,67.096,59.483,58.577
264.865,75.806,59.965,58.799
268.188,81.376,61.623,57.394
269.876,92.685,63.425,56.065
269.074,98.508,64.593,54.903
268.283,102.990,65.275,54.132
268.432,104.893,65.875,53.945
267.419,105.275,65.965,54.118
266.268,106.363,66.171,54.516
266.705,104.411,65.120,56.186
262.427,102.493,63.466,57.958
261.541,100.302,62.320,59.180
255.240,99.944,61.822,59.605
253.800,101.735,62.433,58.999
247.739,105.135,63.155,58.108
241.090,108.010,63.654,57.274
237.182,110.155,64.280,56.372
235.835,109.115,64.172,56.307
235.986,101.422,63.813,56.279
239.126,93.744,62.848,56.816
243.166,85.875,61.581,57.793
247.759,77.839,60.412,58.794
250.244,70.174,59.172,59.647
252.961,71.686,59.164,59.828
255.563,74.245,59.998,59.037
258.187,78.772,60.976,57.432
259.551,87.506,61.523,56.580
260.350,97.398,62.361,55.789
260.879,105.526,62.845,55.562
258.986,108.498,64.264,54.654
254.137,110.042,64.062,54.556
252.620,110.586,64.430,54.260
250.557,105.523,65.213,53.607
248.150,104.661,65.225,54.083
245.421,99.975,64.728,54.944
243.638,100.004,63.546,56.521
242.031,97.575,61.849,58.549
240.256,97.071,60.990,59.533
231.177,97.148,61.468,58.741
226.748,100.427,62.788,57.051
224.727,103.003,63.990,55.498
223.698,102.807,64.072,55.246
229.021,96.057,63.680,55.033
230.992,89.050,62.013,56.215
233.652,82.603,60.754,57.321
234.389,79.920,59.434,59.310
239.362,71.561,58.901,60.889
241.966,71.404,58.463,62.034
244.066,74.648,59.256,61.401
245.072,78.347,61.080,59.875
246.425,82.704,63.212,57.963
246.429,88.146,64.896,56.381
245.943,92.624,65.965,55.263
245.307,96.546,66.513,54.678
244.034,99.488,66.281,54.917
242.566,100.050,65.492,55.988
243.143,99.629,64.595,57.515
241.013,100.244,63.787,58.836
239.385,100.283,62.969,60.087
237.433,100.153,62.081,60.889
235.933,101.059,61.337,61.265
234.044,102.286,61.286,60.984
231.596,103.977,62.260,59.917
226.863,104.981,63.694,58.702
222.933,104.442,65.133,57.914
222.148,98.834,65.454,57.636
222.347,92.294,65.327,57.840
222.690,84.060,64.612,58.495
222.975,75.462,63.486,59.984
224.112,68.334,61.837,62.061
222.208,61.164,60.698,63.662
220.087,59.283,60.145,65.279
218.347,56.733,60.485,65.998
217.224,54.876,60.647,66.697
218.447,53.927,60.641,67.599
218.827,54.362,60.896,67.753
220.352,56.890,61.328,67.481
219.550,59.911,62.563,66.783
218.579,63.183,63.036,66.625
219.480,67.245,63.301,66.289
219.112,72.351,63.312,66.033
217.875,77.402,63.589,65.446
219.154,82.857,63.995,64.650
218.195,91.520,64.293,64.816
218.848,94.258,64.508,64.552
220.338,97.749,65.178,63.829
222.111,102.075,65.010,63.356
223.485,105.141,65.245,62.788
224.874,107.334,65.442,62.669
226.372,106.301,65.570,63.626
227.530,102.666,65.059,65.255
230.568,93.138,65.006,66.022
232.356,84.726,64.831,66.651
233.484,77.254,64.709,66.857
234.340,70.265,64.754,67.002
234.242,68.709,64.778,67.726
234.170,58.241,64.721,68.420
240.191,51.664,65.048,68.656
238.970,42.842,65.004,68.774
239.843,34.877,64.964,68.717
240.705,29.473,65.379,67.617
246.086,28.577,65.777,67.579
244.949,27.529,66.461,67.017
244.333,27.665,67.485,66.211
244.944,28.781,68.339,65.355
246.351,30.183,69.309,64.393
246.975,32.598,70.282,63.327
248.614,35.880,70.607,62.480
249.681,41.350,70.809,61.209
250.835,47.394,71.221,59.663
251.385,57.168,72.399,58.601
248.451,62.756,73.490,57.461
245.538,65.932,74.238,56.923
242.181,65.533,74.964,57.423
237.946,59.404,75.293,57.794
236.200,55.261,75.805,59.207
227.881,45.973,75.732,59.807
220.778,38.017,75.417,59.937
220.099,35.045,75.934,60.439
211.829,29.359,75.933,60.029
210.325,29.987,76.282,59.904
208.235,32.329,75.870,59.840
207.548,34.144,75.609,59.669
205.185,36.590,74.865,59.730
202.590,37.633,74.328,59.589
199.671,39.626,73.737,59.246
196.401,42.773,73.210,58.906
192.685,46.081,72.698,58.436
188.747,49.399,72.214,58.146
180.046,55.586,71.174,59.111
179.632,56.555,71.439,58.628
178.352,60.001,71.473,57.934
175.490,63.798,71.776,57.163
171.158,68.349,71.798,57.205
162.381,74.828,72.366,56.358
160.588,80.925,73.279,55.373
162.446,81.255,72.980,56.006
165.903,77.321,71.818,57.737
174.158,68.533,72.918,57.873
175.626,58.937,72.663,58.778
184.297,48.218,73.054,59.232
192.248,38.901,73.614,58.980
198.486,32.632,73.065,58.605
205.106,31.644,71.964,59.203
202.486,28.909,71.731,59.731
207.360,21.993,71.625,59.023
212.187,22.519,71.527,58.813
216.823,22.179,71.457,58.782
222.087,22.019,71.285,58.889
225.893,21.726,71.036,59.039
230.268,22.267,70.688,59.007
228.037,23.965,71.132,58.506
232.740,26.834,71.284,58.006
237.442,30.792,71.253,57.350
242.347,35.245,70.755,56.759
240.613,45.830,70.874,56.067
239.566,54.457,73.733,53.089
235.280,64.610,75.762,51.047
228.714,73.249,77.153,49.772
223.185,76.216,77.847,48.556
215.634,77.697,76.236,49.855
214.687,70.300,75.343,51.217
239.483,64.663,67.816,57.660
240.972,57.900,59.772,65.320
237.685,42.840,54.082,71.284
233.637,37.098,49.556,76.355
228.620,26.859,46.126,79.991
225.797,24.846,44.105,81.992
220.445,21.398,41.714,84.773
220.242,27.483,39.800,86.686
217.170,30.183,40.048,85.102
214.563,40.967,40.263,83.118
211.556,44.385,40.789,80.861
208.933,47.998,40.831,79.138
206.420,51.250,40.497,77.879
204.310,54.658,40.253,76.681
202.451,61.961,40.006,75.761
200.519,62.501,39.587,75.244
199.658,68.111,38.909,75.475
199.011,74.491,38.333,75.528
193.207,75.010,37.482,75.781
192.403,84.381,36.968,75.107
192.436,92.609,36.534,74.183
193.077,91.150,36.331,73.605
193.656,85.186,36.000,73.207
201.150,80.075,34.814,73.809
208.223,69.275,33.281,75.556
209.726,59.043,32.001,76.615
212.444,57.466,31.462,76.070
214.612,53.296,30.933,75.885
216.701,51.233,30.589,75.772
222.476,44.028,30.032,76.033
223.940,44.042,29.896,75.883
225.854,43.609,29.782,75.748
231.215,43.421,29.474,75.782
232.502,44.140,29.310,75.188
234.528,45.642,29.140,74.529
236.029,46.725,29.013,73.836
237.554,52.285,28.700,73.335
238.774,52.897,28.393,72.946
239.709,52.159,27.997,73.023
240.160,57.345,27.690,73.145
241.239,62.343,27.375,73.308
241.438,62.746,27.307,72.768
242.053,68.454,27.454,72.134
241.915,68.512,27.455,71.615
242.210,73.929,27.427,71.131
241.961,73.547,27.469,70.529
241.170,72.075,27.332,70.233
240.636,79.523,28.063,68.466
240.532,77.311,28.727,67.560
239.880,74.173,29.227,66.673
239.421,67.264,29.632,65.944
239.315,65.409,29.853,65.373
238.061,63.510,29.972,64.991
236.467,63.394,30.188,64.388
234.595,63.321,30.517,63.563
233.098,62.718,30.831,62.769
231.659,61.365,31.107,62.060
230.294,61.075,31.311,61.298
228.545,60.830,31.329,60.754
227.427,59.977,31.244,60.372
226.207,60.110,31.216,60.164
232.154,53.350,30.805,60.557
232.040,53.419,30.718,60.393
226.263,58.336,30.716,60.248
225.198,59.766,30.760,60.190
222.239,60.304,30.783,60.167
220.378,60.457,30.789,60.160
219.918,60.106,30.792,60.157
220.727,59.891,30.792,60.156
222.134,58.633,30.792,60.156
239.061,53.582,30.699,59.750
238.378,53.374,30.629,59.308
237.490,51.451,30.531,59.071
