163.000,44.000,47.000,164.000
159.850,43.405,50.689,160.001
158.489,46.729,53.140,156.752
157.700,47.901,53.886,156.320
157.835,47.631,54.582,155.726
158.117,44.891,53.877,157.547
157.797,41.174,52.479,161.212
157.958,47.448,51.928,162.243
158.861,52.700,51.476,161.961
158.584,50.257,50.562,164.153
158.619,48.503,49.740,166.199
158.609,45.925,49.269,167.971
159.667,41.983,49.077,169.347
158.578,25.442,48.757,171.220
156.882,16.135,48.598,172.693
156.603,15.234,49.120,173.034
156.582,18.757,49.583,173.267
157.131,24.593,50.704,171.891
157.350,23.167,51.417,172.194
156.651,35.210,53.090,169.178
155.945,46.467,55.157,164.752
155.925,45.869,55.853,162.374
156.218,45.178,56.725,159.932
156.633,50.686,57.561,157.241
156.796,53.092,58.053,155.834
157.288,54.070,58.481,154.559
156.364,59.187,58.575,153.370
146.369,60.422,56.649,154.658
144.898,63.548,56.939,154.089
140.785,66.322,58.809,152.015
133.662,63.863,62.769,147.578
129.272,66.957,67.209,142.319
127.701,70.841,72.318,137.025
125.792,75.042,78.311,131.768
124.346,96.427,84.037,125.077
120.493,98.586,89.387,119.286
116.595,100.200,93.430,114.795
112.872,101.635,95.999,111.870
109.232,100.162,97.542,109.822
112.390,96.053,97.389,109.724
117.453,89.005,94.980,112.290
123.741,73.067,87.209,119.405
129.628,63.837,80.061,126.909
133.798,61.741,74.774,131.179
139.150,63.202,70.228,133.567
142.014,62.774,66.611,136.145
141.827,64.352,63.933,137.948
141.229,66.351,61.991,141.189
140.206,66.187,61.311,142.942
140.043,69.524,61.680,143.371
140.520,72.190,62.824,143.425
140.923,73.543,63.865,143.608
140.333,75.943,64.977,143.631
137.745,78.271,65.976,143.283
137.823,78.811,66.958,143.768
135.174,77.956,67.616,144.601
131.204,76.529,67.885,144.891
127.306,76.173,68.531,144.456
122.887,75.914,69.025,144.585
118.436,75.396,69.129,145.253
113.301,78.420,69.124,145.988
108.057,77.294,69.811,146.082
101.081,79.054,70.250,147.532
98.444,77.864,71.026,148.772
95.819,78.623,71.694,150.260
92.232,74.249,72.476,151.690
89.927,75.143,73.262,152.341
89.311,76.095,73.583,153.038
89.889,76.065,73.912,153.404
89.400,77.472,74.259,152.912
89.919,82.187,74.074,152.908
92.099,75.424,73.701,152.710
95.018,78.029,73.667,151.537
95.676,71.909,72.893,151.639
96.615,72.400,71.934,151.044
98.874,70.208,71.464,150.339
100.713,65.541,70.967,149.472
104.594,60.565,69.458,148.690
106.919,60.414,68.104,147.703
108.007,63.972,67.010,146.376
108.921,60.733,66.506,144.417
110.428,64.224,65.355,143.506
110.668,66.580,65.111,141.887
112.732,66.952,64.167,141.723
116.540,67.687,63.423,141.200
117.969,67.480,62.319,140.943
118.916,67.825,61.508,140.254
122.156,69.754,61.008,139.022
123.337,67.520,60.688,137.402
125.614,69.152,60.223,135.616
127.539,70.549,59.772,134.072
129.088,74.053,59.428,132.541
130.106,74.441,58.852,131.129
129.945,78.874,58.320,129.555
130.489,83.441,57.659,128.482
130.717,94.799,57.013,127.862
131.651,93.707,57.288,126.988
131.452,99.349,58.064,125.669
131.526,99.810,59.102,124.244
132.239,101.121,61.517,121.525
132.371,101.775,63.766,118.934
132.917,102.273,65.287,117.207
133.667,103.334,66.350,116.102
135.579,104.949,66.709,115.782
139.974,104.963,65.644,116.813
147.664,100.077,63.827,118.788
154.146,96.602,62.014,121.274
157.700,93.187,59.384,124.481
158.241,88.830,55.640,129.180
156.718,82.399,52.294,132.571
155.737,79.462,50.229,134.261
156.212,81.750,49.311,133.642
156.092,84.058,49.437,132.423
156.663,89.357,49.865,131.244
158.019,93.601,50.281,129.995
158.526,95.330,51.339,127.882
158.597,94.823,52.360,126.081
155.687,95.661,53.091,124.174
153.269,96.733,54.016,122.945
150.916,95.001,54.375,122.133
147.627,92.876,54.007,122.002
144.998,89.476,53.294,122.079
144.410,86.863,52.834,122.057
140.410,84.520,51.385,123.969
138.053,81.651,49.500,127.054
138.075,79.392,47.706,130.024
138.492,77.856,46.756,132.220
138.584,82.048,47.336,132.906
138.484,86.313,48.061,133.138
140.172,90.465,49.488,132.863
140.546,91.646,49.667,133.165
141.743,91.248,48.998,134.478
142.921,86.843,48.638,135.720
146.215,82.827,48.326,136.675
146.683,82.957,49.095,136.837
146.859,85.106,51.302,135.576
147.280,84.668,52.833,135.223
148.131,85.929,55.357,133.687
147.867,83.931,58.108,132.268
147.077,85.364,63.537,127.952
144.959,86.453,67.419,125.389
144.003,89.277,69.125,123.792
141.919,92.964,69.049,122.341
126.822,94.588,68.645,121.405
121.151,95.053,67.347,120.874
108.019,89.859,65.604,123.581
104.712,80.047,63.984,126.345
100.144,74.996,62.355,129.513
97.189,73.891,59.884,133.534
96.754,74.474,57.297,137.723
97.480,75.600,54.720,142.296
98.202,75.386,53.187,146.211
100.424,76.867,52.251,148.417
101.943,82.695,51.855,149.899
104.277,86.476,52.356,149.649
104.966,89.772,53.117,149.021
106.996,91.171,53.832,148.068
109.055,93.070,54.734,146.154
111.623,93.190,55.178,144.827
114.113,95.102,55.636,142.742
117.419,90.077,56.076,140.604
121.547,91.795,56.630,138.003
124.277,87.494,56.991,135.885
125.230,88.053,56.975,133.781
124.953,84.839,57.025,132.375
123.948,83.771,56.652,131.174
121.353,82.031,56.016,130.117
118.834,83.474,55.435,128.483
118.278,84.182,54.699,127.862
117.169,84.936,56.128,123.730
110.600,85.595,57.657,119.647
107.322,89.066,57.758,117.627
105.836,94.228,57.414,116.368
102.361,97.556,56.815,115.693
101.048,98.992,57.131,114.565
98.256,100.645,57.634,113.030
96.454,102.500,57.957,111.508
96.882,104.763,57.869,110.262
96.561,104.834,56.906,110.092
98.734,108.497,56.378,109.152
99.946,106.538,55.593,108.961
100.191,103.484,55.172,108.837
101.095,105.186,54.257,109.804
98.618,98.598,53.386,110.875
99.245,97.953,50.973,113.555
98.446,92.433,49.543,115.488
99.277,94.776,48.728,117.382
98.132,91.178,48.187,118.249
95.191,84.389,47.397,120.040
92.482,83.759,47.229,121.266
87.744,86.720,47.265,121.875
78.350,85.930,47.252,122.895
76.541,82.602,47.801,123.361
73.487,80.585,48.506,123.543
70.819,78.702,48.936,123.870
67.389,76.790,49.723,124.041
65.759,75.909,49.631,125.156
67.548,81.021,50.906,123.558
69.861,79.775,51.403,122.154
70.902,83.374,52.011,120.832
69.481,85.206,55.105,117.368
71.029,89.782,57.101,114.865
71.320,90.002,58.454,112.966
70.916,92.520,59.854,111.122
70.179,95.315,61.048,109.604
69.020,94.954,62.079,108.269
67.479,92.896,62.916,106.977
68.170,93.581,62.466,106.853
69.850,92.600,61.973,107.281
81.981,94.059,60.656,108.118
83.009,89.125,60.009,108.559
94.491,86.435,58.703,109.284
95.576,86.060,57.189,110.559
97.874,86.496,55.955,111.667
100.192,96.038,55.406,111.491
103.477,95.829,53.595,112.501
106.913,98.441,52.669,112.870
106.722,96.229,50.094,114.632
107.403,99.172,48.007,115.835
108.596,96.517,46.464,116.878
108.128,95.142,45.518,117.274
107.507,94.661,44.659,117.737
107.730,95.462,43.938,118.349
106.785,94.325,43.282,119.348
105.734,92.796,42.850,120.807
105.981,92.238,42.359,122.127
106.901,92.602,42.202,122.867
110.398,93.486,42.548,123.318
113.438,96.368,43.105,123.161
116.181,98.095,44.088,122.178
118.375,99.034,45.459,120.327
118.473,100.524,47.064,118.340
121.240,101.001,47.957,117.752
122.615,105.241,49.002,116.770
124.295,111.179,51.050,114.261
125.197,112.650,53.311,112.128
125.932,113.067,55.095,110.265
125.965,113.381,56.338,109.041
126.732,111.856,56.509,108.870
127.198,109.142,56.143,109.299
130.407,107.481,55.316,110.147
139.323,108.870,55.575,110.347
141.241,109.390,54.576,111.397
152.357,113.905,55.577,110.121
152.562,111.348,55.590,110.444
152.178,111.872,55.535,110.419
152.526,110.159,55.600,109.796
151.263,114.123,55.118,109.316
141.421,108.037,56.030,108.768
140.097,114.836,56.534,108.423
136.590,126.054,61.290,104.146
134.824,137.515,66.764,98.631
123.427,137.851,70.270,95.409
123.041,138.388,72.433,93.391
122.467,135.911,74.800,91.397
121.410,134.752,76.128,90.472
123.025,128.998,75.829,90.852
127.900,116.784,70.936,95.664
135.658,109.337,65.769,100.002
150.400,99.307,60.782,105.204
153.168,89.131,56.566,109.474
164.310,96.262,56.065,109.514
162.720,90.461,55.579,109.697
154.158,87.275,54.235,110.640
166.179,91.392,53.908,109.962
168.239,95.683,54.076,108.461
168.903,95.504,54.162,107.991
166.484,117.216,59.446,101.323
164.529,119.431,63.337,96.517
163.073,119.550,65.918,92.917
152.894,119.392,66.867,91.172
145.672,111.327,63.797,93.330
125.609,116.387,61.363,94.738
114.751,108.955,56.757,98.771
113.457,105.580,52.951,102.480
112.601,113.239,52.237,101.699
103.675,113.454,50.753,102.815
103.577,114.934,50.471,103.802
102.501,116.154,51.035,103.769
102.856,114.202,51.372,103.518
110.299,109.731,51.247,103.473
110.885,110.380,49.278,106.404
114.194,107.706,47.153,109.026
118.217,106.942,44.844,111.641
120.838,105.646,43.050,114.463
122.077,102.919,41.840,116.564
122.255,101.543,41.081,118.111
122.683,97.793,41.086,118.097
123.026,111.566,41.635,118.820
133.031,122.081,41.380,118.874
134.629,129.424,40.961,118.420
136.597,129.108,40.668,117.515
137.943,127.594,40.132,116.710
138.791,128.083,39.869,115.738
138.931,128.904,39.878,114.160
135.636,130.982,41.582,111.129
123.576,131.648,43.993,107.818
114.113,132.432,46.167,105.422
115.205,131.573,46.785,104.946
117.804,125.845,45.751,106.337
118.160,127.646,44.997,107.255
120.350,121.942,44.014,109.235
121.791,124.836,43.222,110.682
131.060,126.434,44.388,110.149
130.572,127.954,45.282,109.873
129.455,122.713,44.338,112.076
119.898,127.478,45.909,111.715
128.394,121.768,44.970,114.159
128.332,122.344,46.311,113.928
127.223,120.463,45.906,114.843
127.863,117.506,45.374,115.702
129.244,115.940,45.069,116.507
131.014,116.842,45.094,116.152
133.153,114.272,44.942,116.060
134.097,117.742,45.034,114.975
133.187,119.566,44.904,114.347
132.139,118.108,44.427,114.074
130.664,121.510,44.212,114.213
130.079,117.330,44.286,113.871
129.141,118.465,44.175,114.434
127.692,118.808,44.044,115.297
127.587,119.808,43.685,116.778
128.270,121.405,43.052,118.648
130.423,122.560,42.538,120.509
131.247,122.158,42.305,121.690
132.623,124.004,42.353,123.192
134.777,124.835,42.738,123.872
143.042,124.356,43.243,124.280
143.314,124.249,43.855,125.223
143.008,122.194,44.640,125.349
139.828,119.787,45.469,125.421
137.989,115.064,45.949,126.482
135.239,109.130,45.995,127.176
130.849,106.761,45.446,128.746
122.732,111.694,45.247,128.395
120.325,107.574,45.014,128.058
119.990,105.947,44.338,128.983
116.418,100.957,44.109,129.082
107.111,100.582,43.465,129.648
106.223,94.714,43.966,129.283
105.289,89.472,44.978,129.706
104.802,90.772,46.461,130.413
105.058,94.041,47.235,130.672
106.578,96.556,46.882,130.947
108.534,98.855,46.437,130.649
109.871,101.455,46.042,130.033
109.474,99.033,45.851,128.230
109.438,96.102,46.086,126.491
109.202,92.259,46.529,124.516
109.280,92.960,46.724,123.515
110.647,95.909,48.774,120.225
111.028,93.188,50.047,118.052
111.921,94.404,51.197,116.412
111.932,94.194,52.065,115.201
112.401,96.269,52.678,114.435
113.753,98.713,52.915,114.047
115.023,98.404,53.373,113.346
116.655,101.818,53.951,112.922
118.778,104.324,54.424,112.622
120.713,105.810,54.751,112.851
122.735,104.769,54.869,113.101
124.432,104.749,55.047,113.755
126.238,104.558,55.123,114.358
135.872,102.993,54.309,115.878
136.524,104.423,54.178,116.386
138.107,104.927,54.562,116.810
140.654,104.343,55.024,116.746
142.540,104.411,55.461,116.214
144.278,102.570,55.535,116.027
145.602,101.206,55.830,115.843
146.749,104.217,56.421,115.322
148.537,102.669,56.635,114.859
150.235,101.110,56.956,114.112
140.398,109.081,52.960,119.042
139.271,104.985,50.537,122.470
136.255,99.955,49.223,123.839
128.902,101.881,49.246,123.953
127.092,100.373,48.868,124.878
124.584,101.411,48.521,124.806
122.955,107.397,48.544,124.343
120.387,108.729,49.274,123.485
118.055,109.813,50.437,122.230
117.355,110.597,51.104,120.619
116.798,110.689,51.677,118.886
116.492,111.760,51.732,117.472
116.121,112.940,51.612,116.501
117.322,116.222,51.539,114.367
120.005,116.812,51.399,112.239
129.115,115.322,53.455,107.669
132.937,117.284,53.946,105.072
134.399,125.071,53.212,103.960
135.110,123.311,52.520,103.154
144.197,118.113,51.237,103.184
153.118,109.796,50.394,101.927
162.323,105.463,47.494,104.785
171.073,100.234,47.673,103.258
173.357,101.244,45.928,104.928
173.744,102.520,46.234,104.179
176.017,102.935,46.134,104.036
181.798,107.832,43.507,107.240
186.189,108.086,41.384,110.547
190.488,108.533,40.346,113.690
194.082,106.328,40.432,115.896
195.084,105.462,40.762,118.024
197.888,103.120,41.723,118.605
198.332,106.463,42.754,118.565
197.979,110.397,43.829,119.370
198.113,114.615,44.344,119.567
208.473,117.845,43.733,119.076
209.380,119.620,46.013,115.114
210.007,118.960,48.443,110.706
209.585,118.139,49.513,108.356
210.328,106.168,49.866,106.837
212.340,104.260,50.579,105.965
212.521,111.935,50.039,106.928
211.432,114.833,47.170,110.021
211.730,113.973,44.963,111.360
211.795,112.798,43.356,112.276
211.303,111.860,42.350,111.943
208.464,107.743,42.573,109.904
208.771,101.513,44.158,105.729
200.474,79.875,42.930,104.476
200.633,78.594,41.793,104.077
201.016,85.855,41.040,102.683
200.368,79.282,40.339,101.967
200.699,78.680,39.623,101.305
209.092,84.489,39.089,100.203
207.845,84.706,38.932,99.355
199.005,83.709,38.359,98.816
198.567,85.335,37.611,99.220
189.950,77.779,37.119,98.487
189.653,86.092,36.191,99.622
181.870,78.681,36.094,98.481
175.345,78.685,36.332,96.750
172.640,88.698,39.184,93.407
