289.000,67.000,64.000,236.000
288.566,63.912,68.869,229.898
284.125,70.625,72.616,225.844
279.959,69.748,74.686,223.098
276.858,71.744,76.489,221.309
273.566,74.869,77.862,219.605
270.027,77.613,78.944,218.626
264.418,83.706,80.435,217.997
260.078,89.117,81.696,217.123
256.387,92.064,83.212,214.723
253.009,97.811,88.269,207.554
250.209,94.166,92.213,202.237
249.564,97.665,94.064,199.880
248.342,105.987,95.340,197.692
247.917,106.414,96.892,194.662
248.382,108.221,97.728,192.638
247.784,110.526,98.116,190.387
245.029,111.246,97.886,188.365
225.725,118.322,98.919,184.677
225.225,119.010,97.766,183.552
227.291,115.782,96.364,181.029
230.212,115.274,95.114,179.069
232.746,125.708,94.271,176.183
233.180,129.572,100.449,167.152
231.884,142.077,99.097,165.704
230.584,143.824,98.739,162.851
229.580,151.268,97.833,161.239
233.450,162.699,105.109,152.632
234.035,167.765,111.366,146.055
254.328,157.332,114.761,141.874
262.513,160.755,117.680,137.493
266.610,139.280,109.378,145.446
268.679,130.467,101.969,151.420
269.479,123.992,96.045,155.518
270.731,120.097,91.462,159.687
258.931,136.264,88.047,161.716
260.836,131.552,85.406,162.915
263.177,133.023,83.039,163.662
264.860,133.839,80.573,165.894
265.462,135.781,79.784,166.187
265.936,132.342,80.418,164.069
265.696,130.769,80.609,162.954
277.765,136.376,87.789,154.737
277.115,141.348,95.697,145.566
289.463,158.939,100.966,138.576
286.083,159.418,105.606,133.164
309.407,135.963,98.563,139.421
327.870,123.944,89.690,148.218
331.124,121.559,82.647,156.239
334.587,118.055,77.498,162.085
334.750,115.551,74.439,166.390
335.322,111.139,72.092,169.981
319.708,94.859,71.997,170.095
302.954,80.491,72.129,169.872
303.180,81.141,70.176,173.092
302.535,71.919,69.149,174.317
302.991,88.447,68.182,177.216
300.117,92.833,69.381,176.832
297.953,94.329,71.631,174.876
295.481,97.442,74.232,171.759
295.997,88.997,74.684,170.766
297.842,80.059,72.642,172.520
312.454,86.644,73.843,172.085
325.755,92.692,74.825,170.723
323.088,82.148,75.395,169.716
321.117,105.362,76.019,167.654
305.605,100.886,76.183,165.774
303.507,99.322,75.825,165.934
303.412,96.483,72.277,171.507
303.205,98.509,70.242,175.378
299.700,100.532,71.177,174.182
297.098,101.665,71.556,173.403
279.880,118.679,73.568,169.675
280.405,129.027,74.781,166.384
296.335,127.698,72.738,166.694
296.541,128.164,71.487,166.371
294.912,131.766,70.330,165.517
281.807,139.579,70.911,162.043
279.741,143.533,70.765,159.004
264.906,132.592,70.578,158.112
264.662,139.828,70.727,155.662
267.030,143.252,70.434,153.431
279.221,143.530,68.020,155.223
281.330,143.278,65.880,156.080
294.477,125.879,63.060,160.301
297.468,136.180,61.381,161.733
311.303,128.382,59.995,163.439
312.286,125.568,58.812,165.000
315.629,125.761,57.724,166.819
316.806,128.785,57.768,167.019
316.929,137.006,58.221,166.165
316.768,138.205,58.951,163.785
315.760,143.031,61.103,159.680
314.947,146.114,62.555,156.875
314.469,149.102,63.770,154.641
315.363,149.870,64.774,153.221
318.404,146.558,65.789,151.233
320.359,146.035,66.216,150.047
322.907,145.117,66.610,148.738
325.241,142.713,66.469,148.400
327.868,153.400,67.122,147.027
330.478,152.288,67.422,146.112
321.015,146.872,66.976,146.257
323.750,142.158,64.732,148.286
312.626,120.839,62.119,149.811
302.859,95.902,60.327,150.777
304.666,100.142,58.604,151.688
305.203,109.943,56.966,152.098
293.792,127.913,55.831,152.339
294.020,133.447,55.878,152.897
294.069,137.928,58.567,150.368
292.765,133.881,58.683,151.223
292.308,126.273,57.942,152.811
292.856,124.952,56.719,155.166
278.534,127.821,57.066,156.208
262.764,131.760,57.879,156.410
261.070,124.353,58.274,158.560
258.335,127.482,60.156,158.310
245.164,112.787,59.672,161.129
245.736,111.259,59.173,163.637
245.788,108.948,58.710,165.355
245.459,108.143,58.642,166.351
248.957,105.164,58.513,167.160
251.035,100.699,58.669,168.985
252.149,99.499,58.906,170.237
253.121,85.995,58.817,171.241
253.891,86.665,59.078,170.345
267.589,91.475,59.884,170.499
271.423,97.221,62.533,167.865
271.541,102.458,63.463,167.395
283.120,109.534,67.008,164.147
282.578,115.934,69.101,162.548
293.489,123.034,70.222,162.988
293.047,122.575,70.628,164.628
294.290,123.867,69.770,167.540
295.905,123.107,69.513,169.298
297.473,124.042,70.004,169.771
295.626,124.897,70.620,169.697
294.609,124.472,71.773,170.328
291.806,120.470,73.114,171.055
289.114,124.558,75.233,171.590
271.980,127.296,77.643,170.394
269.983,115.276,78.319,172.160
269.370,97.372,78.077,175.551
270.593,98.787,77.759,176.785
272.992,98.867,77.997,178.304
274.332,104.719,78.617,178.844
276.117,110.211,79.045,179.491
274.521,107.097,80.123,177.542
273.307,108.924,80.134,176.460
274.876,104.228,80.375,174.619
275.926,103.411,79.816,175.562
278.503,107.064,80.518,174.259
280.036,102.423,80.039,173.935
282.390,96.284,78.832,174.273
285.865,98.559,77.983,174.431
288.607,101.815,77.651,173.878
291.019,102.491,77.367,173.120
293.146,101.585,76.353,174.308
295.622,100.876,75.650,174.451
300.224,99.284,74.902,174.987
302.324,100.677,74.568,174.722
305.977,104.696,73.520,174.856
306.691,102.471,73.127,173.305
302.664,99.428,76.021,168.882
303.882,103.145,76.971,166.984
322.150,101.025,77.475,166.402
324.062,98.440,78.105,166.022
325.705,86.632,77.147,166.927
326.366,86.401,76.151,167.356
327.040,83.489,73.843,171.772
328.698,79.883,73.713,173.680
325.317,80.107,75.092,172.674
323.647,77.040,75.762,172.664
323.076,79.798,76.342,173.682
320.790,81.415,77.502,173.982
320.279,77.358,77.677,175.341
319.311,75.093,78.752,174.147
320.725,72.600,78.586,176.303
323.414,75.204,78.639,177.465
324.354,74.992,79.468,177.257
323.044,77.427,81.147,176.378
322.083,76.381,81.975,176.198
323.148,73.849,81.096,177.149
323.986,71.665,81.249,177.033
320.806,70.052,82.499,176.333
317.332,71.601,84.476,174.168
313.774,73.718,86.922,170.402
311.620,77.149,89.022,167.281
309.227,79.030,90.793,163.374
308.953,81.871,90.434,160.932
308.265,80.332,88.041,160.565
309.152,81.320,85.442,161.977
305.741,79.001,83.415,163.613
302.994,79.410,81.642,164.956
299.551,81.207,80.763,165.473
295.907,83.900,80.115,165.441
290.772,83.586,80.544,163.708
285.928,82.175,80.515,162.558
269.827,75.289,76.576,165.766
268.803,67.905,73.240,168.632
267.508,62.533,71.129,170.447
265.061,60.964,69.238,172.542
265.079,63.144,68.863,173.007
265.535,61.174,68.089,174.451
265.736,61.782,66.910,175.559
265.493,62.232,66.446,175.845
264.727,64.065,65.778,176.400
265.071,62.601,65.038,176.530
264.137,60.347,64.260,176.454
265.207,59.017,63.424,176.973
266.729,50.147,62.542,177.113
267.441,51.080,62.217,176.132
267.682,54.346,62.220,176.240
268.194,55.336,62.351,176.176
268.971,59.280,62.929,175.424
270.724,62.685,63.024,176.097
269.802,73.395,63.475,175.979
270.676,71.713,63.965,176.257
274.996,77.184,67.154,171.725
277.640,76.163,70.100,167.301
281.231,83.846,72.385,163.205
282.942,81.322,74.752,159.020
284.683,85.645,77.773,154.824
284.900,88.070,79.360,153.040
284.333,87.536,80.787,150.814
285.086,85.807,81.568,150.089
286.157,88.499,82.427,148.685
287.125,89.029,82.873,147.921
289.804,90.749,81.920,148.897
292.856,89.852,80.755,150.270
294.674,90.052,79.089,150.551
295.664,89.768,77.804,150.457
292.474,88.710,76.215,150.745
291.893,88.935,73.908,151.791
290.696,86.345,70.867,155.405
288.562,88.571,70.444,156.314
284.951,81.177,70.048,158.124
281.997,78.712,69.578,160.305
284.720,76.215,69.685,160.064
282.035,74.913,70.501,159.718
278.308,75.380,72.001,158.452
276.384,73.676,72.664,158.035
274.966,65.300,72.056,160.205
271.908,61.794,72.811,160.400
270.426,79.385,72.274,162.550
268.606,80.816,72.622,162.790
265.935,81.796,73.860,161.628
266.668,82.237,74.030,161.667
270.724,82.994,73.249,161.718
275.580,84.426,72.827,161.447
281.982,84.960,72.778,160.352
287.553,84.728,73.057,159.089
291.063,87.250,73.504,158.673
293.962,87.195,73.135,159.435
294.816,90.463,74.163,157.997
296.515,93.473,73.745,159.374
296.592,97.557,74.056,158.315
296.646,97.933,74.196,156.886
299.755,101.281,72.916,157.048
302.136,98.194,71.942,156.736
306.574,101.345,71.584,156.071
308.812,102.158,71.945,155.097
305.945,101.556,72.933,153.830
302.113,98.214,73.280,153.901
286.387,93.011,73.325,154.089
284.176,94.909,72.715,153.970
283.322,97.519,71.715,153.897
285.315,90.278,68.225,158.062
284.810,93.499,66.129,160.271
273.191,99.840,64.316,161.960
296.259,123.747,74.493,151.434
292.602,130.184,84.352,141.414
294.153,135.493,91.906,133.189
293.066,138.754,97.320,126.145
309.570,127.626,91.319,129.391
310.021,124.627,86.222,131.756
309.419,120.819,81.568,134.344
309.284,119.271,77.812,136.822
297.120,116.489,75.457,137.158
297.298,112.231,73.556,137.369
282.439,115.438,71.320,140.624
280.897,113.441,69.923,142.440
278.707,117.923,69.283,143.823
276.936,119.654,69.167,143.349
278.369,122.407,69.260,142.009
279.444,122.402,69.742,140.041
277.632,116.848,69.054,140.016
277.243,120.281,68.878,140.267
274.681,120.336,68.814,141.129
272.572,119.488,69.524,141.178
268.978,116.064,70.196,140.967
269.009,115.582,69.591,141.942
267.583,109.495,69.347,143.402
267.211,111.367,70.074,143.694
268.623,108.507,69.157,145.314
269.643,109.114,68.055,148.218
271.734,109.460,69.075,146.436
273.766,110.787,70.674,144.270
280.400,107.754,70.816,144.274
284.983,106.914,70.208,145.912
289.333,108.488,68.756,148.863
288.886,115.272,69.389,149.500
286.708,124.060,70.673,147.722
285.815,127.333,71.873,145.506
280.876,129.398,74.101,142.346
277.229,132.749,76.075,139.679
263.254,134.942,77.196,138.789
261.134,134.664,78.017,138.352
264.800,148.097,85.847,129.265
254.819,147.992,91.975,122.583
240.738,149.305,94.631,118.945
240.363,150.469,96.013,116.012
227.671,151.698,95.547,115.467
228.592,145.842,88.675,122.340
230.017,138.434,82.249,128.398
235.396,135.672,77.280,133.140
239.527,131.058,74.634,135.278
251.770,131.705,73.311,136.498
253.420,134.596,71.749,137.360
252.336,134.593,70.939,136.601
263.230,133.209,70.138,135.040
262.581,139.370,69.302,133.138
262.162,136.403,69.632,130.851
263.418,135.664,68.784,130.575
264.679,138.449,66.912,132.379
265.793,139.180,65.856,132.662
268.496,140.198,65.251,132.388
270.631,138.779,63.911,133.623
273.245,135.727,62.707,134.225
274.824,134.251,61.572,134.479
277.515,132.125,60.203,135.317
281.040,130.848,58.961,136.152
286.059,123.410,55.928,139.700
289.747,115.306,53.638,142.585
292.246,109.093,52.130,143.927
294.204,106.280,51.196,144.210
294.350,106.049,50.894,143.630
294.128,108.399,50.826,143.291
294.138,112.328,50.803,141.751
293.776,114.164,50.874,140.500
291.039,118.128,50.831,139.558
288.991,119.570,50.637,139.209
287.075,119.466,50.399,139.911
285.475,120.038,50.147,140.225
283.981,120.047,49.998,140.913
282.278,118.714,49.587,142.191
280.420,118.253,49.469,143.617
280.532,115.576,50.000,143.212
280.903,114.346,50.470,142.470
278.152,117.127,52.395,139.254
275.607,120.620,53.886,137.064
273.982,125.137,54.542,136.031
272.768,136.551,54.944,135.034
272.272,161.222,55.610,133.778
270.752,164.329,56.249,132.349
268.105,167.903,57.393,130.084
267.769,167.739,58.131,128.245
266.711,167.808,57.717,127.873
264.308,165.003,57.339,127.840
263.972,163.505,55.413,130.032
264.432,160.088,53.698,132.639
264.983,150.655,52.476,134.737
276.677,138.325,51.317,136.976
287.119,120.367,50.708,138.438
285.694,120.300,50.182,139.506
285.650,123.904,50.120,139.219
284.380,142.975,50.100,139.377
284.651,155.148,49.482,140.758
286.236,157.448,49.659,141.115
254.597,187.045,61.761,127.997
250.034,189.411,70.455,119.248
258.140,190.092,77.435,112.688
256.052,193.319,82.861,107.671
267.807,194.007,85.797,104.847
278.156,201.246,88.742,101.309
275.410,197.879,89.172,100.960
278.553,186.369,82.247,108.210
279.870,182.515,78.069,111.947
281.433,185.062,74.507,115.022
277.428,196.396,78.824,110.954
275.952,197.081,82.316,108.010
299.757,193.987,83.554,107.434
313.118,185.602,78.303,112.284
314.413,179.555,73.552,116.543
315.014,174.614,69.653,119.837
303.529,180.902,67.844,121.304
304.208,179.262,66.072,122.583
303.868,176.923,64.205,123.364
305.037,175.960,63.060,123.309
303.277,170.522,62.826,122.615
302.455,169.672,62.379,122.351
312.079,170.131,62.917,121.302
300.694,159.700,60.830,124.037
301.406,139.041,58.421,127.946
301.533,127.204,56.640,130.627
290.606,128.663,55.343,133.166
268.572,108.597,54.163,135.424
257.038,110.555,55.694,134.030
256.472,109.514,57.508,132.596
266.791,118.148,58.985,130.682
277.583,116.431,59.974,128.527
281.138,142.451,57.592,131.453
282.275,140.954,55.180,134.637
272.941,145.362,53.560,135.827
273.857,137.651,52.533,137.141
262.540,142.191,50.777,139.960
263.542,147.284,49.861,140.616
276.279,133.225,49.367,141.484
276.042,130.479,48.966,142.601
275.881,145.667,49.329,141.924
276.771,152.509,49.787,139.008
275.293,154.049,49.721,136.315
272.752,154.936,49.464,134.063
259.999,152.884,48.972,132.121
258.113,149.437,48.290,131.155
234.803,160.514,49.871,127.747
232.561,160.611,50.355,125.797
231.934,160.225,49.247,126.777
232.208,160.221,48.438,127.270
232.004,160.364,47.549,128.323
231.269,158.550,46.351,129.824
219.736,166.650,47.188,127.135
218.048,158.645,48.518,124.411
216.648,161.781,49.417,122.486
217.931,170.250,48.894,122.282
218.431,169.134,48.335,122.719
207.894,171.173,47.930,122.876
218.407,165.039,46.583,124.184
217.975,162.892,45.250,125.261
219.355,169.183,44.344,125.001
220.514,170.273,43.765,124.332
222.168,173.136,43.728,123.175
223.569,173.262,43.893,121.747
224.688,172.740,43.957,120.547
225.289,170.287,43.760,119.952
224.345,169.733,43.104,119.473
223.688,168.293,42.202,119.395
214.305,167.819,41.424,119.732
213.456,163.096,40.792,120.596
212.518,155.324,39.638,123.667
213.384,149.965,38.803,126.334
214.802,147.810,38.819,127.329
215.909,157.659,39.308,126.814
217.689,166.615,40.562,124.619
218.466,170.220,41.713,122.835
218.359,172.188,43.276,120.787
219.195,174.841,46.169,117.215
227.796,178.867,49.720,113.090
227.209,182.450,51.737,110.064
226.981,187.087,51.978,108.245
226.253,189.137,51.835,106.747
225.410,186.674,50.768,106.466
224.217,185.894,49.625,106.706
222.928,183.642,48.763,106.905
222.245,182.175,47.185,108.771
221.435,178.590,45.797,111.009
220.753,175.898,44.476,112.842
220.247,172.770,43.325,114.742
219.604,169.996,42.226,116.894
219.514,157.717,42.178,117.929
219.080,155.734,42.071,118.768
217.760,152.931,43.770,116.155
227.299,153.626,43.999,116.495
228.875,157.402,43.296,118.309
239.109,161.141,43.202,120.340
241.904,174.852,42.547,121.396
243.922,186.537,42.325,121.597
255.059,187.844,42.340,122.090
256.287,196.163,42.939,120.644
257.154,206.877,45.553,117.099
258.345,207.287,47.555,114.711
259.762,207.287,48.946,112.913
