347.000,58.000,103.000,251.000
342.747,51.266,102.328,248.741
338.421,54.754,100.975,247.346
334.022,51.366,100.035,245.179
332.119,53.495,98.776,242.320
328.313,52.486,97.124,240.267
324.758,55.316,94.967,239.885
301.901,61.719,97.538,235.563
302.289,55.280,96.149,235.190
296.097,69.736,97.633,230.836
294.982,62.600,96.379,230.208
289.602,76.795,97.510,225.895
284.025,72.223,97.676,223.507
277.848,81.525,97.682,220.457
274.949,82.287,97.299,217.384
274.246,86.724,97.214,213.917
272.805,87.776,96.224,211.736
272.152,88.151,96.240,208.778
252.783,93.964,97.087,205.609
251.918,93.383,97.919,202.811
255.539,91.090,97.910,200.368
271.876,76.999,98.315,197.209
271.232,78.940,97.957,194.788
270.438,81.135,97.680,192.965
252.267,112.577,98.364,190.232
250.321,120.491,99.305,186.285
245.590,147.558,110.520,172.596
243.395,154.490,119.009,162.515
245.475,157.166,124.809,156.293
262.232,157.264,126.666,153.363
280.831,129.252,118.051,160.578
282.292,121.202,110.691,167.283
283.884,114.102,104.938,170.749
284.677,109.791,100.645,172.564
285.468,103.177,96.505,175.649
283.444,98.787,93.357,177.176
281.635,95.982,92.382,177.154
277.578,111.046,91.577,176.396
274.369,115.443,90.053,176.062
272.589,120.852,87.971,177.024
275.567,120.091,87.067,176.278
278.028,119.626,87.105,174.236
299.719,115.230,87.106,171.743
304.017,114.552,87.520,169.541
320.810,98.883,85.800,168.732
322.076,97.677,84.022,168.672
337.277,101.915,80.005,172.822
336.956,96.311,76.840,176.276
337.748,94.624,74.332,180.918
339.310,89.081,72.439,185.129
338.720,82.577,71.996,187.673
339.699,80.715,72.060,189.259
354.706,73.006,70.473,192.978
354.702,69.090,70.365,193.868
366.764,73.076,69.191,196.152
365.092,66.680,69.107,197.640
363.552,72.665,69.762,197.588
365.155,69.089,69.721,199.399
366.548,66.283,69.955,200.554
366.113,65.689,70.433,201.769
364.965,65.822,71.064,203.778
364.131,62.747,70.986,204.269
362.063,64.417,70.873,206.648
362.965,61.290,70.526,209.003
363.702,59.461,70.696,210.239
348.561,45.472,71.369,211.879
351.200,95.547,74.637,206.014
352.284,90.241,73.783,204.769
335.165,102.792,74.120,202.574
331.470,104.870,73.736,201.777
313.233,103.454,74.232,200.729
312.445,104.931,74.437,199.884
307.885,106.117,75.906,195.074
305.287,105.754,75.033,193.519
301.653,110.113,74.499,192.251
297.731,112.922,74.431,190.977
293.218,118.070,74.413,189.219
290.478,117.624,74.346,186.992
271.060,117.772,76.560,181.857
267.726,119.969,78.438,178.032
266.031,121.270,79.417,175.007
266.634,134.435,80.097,171.861
279.318,132.089,77.767,172.790
279.029,136.142,76.254,172.413
293.133,127.799,74.041,173.465
294.807,122.668,72.193,175.185
308.939,123.342,70.340,177.319
310.868,121.380,69.128,177.568
314.051,119.707,68.194,178.231
316.597,123.567,67.784,178.295
318.344,127.452,67.882,176.644
318.221,128.524,69.543,173.115
317.737,130.819,70.602,170.998
316.351,133.013,71.233,168.760
315.246,138.559,72.680,164.982
316.218,134.560,72.800,163.627
328.314,139.984,74.820,159.880
328.107,137.337,75.153,159.082
329.998,137.533,74.956,158.836
331.127,136.685,75.057,157.989
330.479,138.217,74.522,157.169
329.864,138.592,74.180,156.371
327.245,140.417,73.322,155.614
314.500,124.324,71.808,155.833
313.678,122.955,68.720,158.056
312.214,118.123,66.436,159.994
308.727,131.693,64.787,162.062
305.213,134.336,63.680,162.770
300.334,132.547,63.684,161.972
297.154,130.615,63.717,162.315
295.781,128.077,63.884,162.618
293.558,122.242,63.811,163.781
293.626,116.027,62.824,165.991
292.582,114.242,61.395,169.083
290.323,109.841,59.975,172.843
290.671,103.442,59.053,176.626
291.664,100.925,59.385,178.414
293.324,97.292,59.599,180.999
295.800,93.369,60.313,182.636
298.728,90.998,60.979,184.538
313.615,102.170,61.056,184.896
315.624,101.423,61.398,185.786
319.644,98.081,62.387,186.138
323.508,96.793,63.455,186.621
327.734,98.165,64.376,187.795
331.118,99.438,65.210,188.579
334.275,100.239,65.748,189.761
337.292,99.595,66.431,190.563
339.008,95.152,66.923,191.083
338.459,97.183,67.478,192.271
338.415,92.032,68.324,192.074
336.719,95.243,68.382,193.267
336.142,95.633,68.435,194.429
334.792,95.371,68.399,196.019
333.715,95.204,68.933,196.967
313.554,98.582,72.498,194.206
313.154,97.752,73.426,195.202
311.117,98.325,76.557,193.036
309.162,98.077,78.173,191.639
310.648,91.637,76.812,194.297
309.304,89.548,75.334,197.907
308.398,86.105,74.683,201.028
306.803,80.265,73.803,204.415
304.660,75.470,74.223,205.834
288.836,78.967,76.251,204.747
290.362,74.493,78.192,204.817
289.896,67.466,78.704,207.893
289.633,59.979,79.346,209.319
286.584,60.541,80.430,208.554
282.882,58.121,80.900,208.329
282.324,65.386,80.809,207.090
285.018,72.628,80.374,207.166
291.355,70.605,81.039,205.799
295.007,64.657,81.873,205.167
298.789,60.829,81.709,203.850
299.596,59.200,81.164,204.235
302.602,63.627,80.439,204.377
305.216,65.016,80.363,203.660
309.600,73.546,80.659,201.667
310.997,73.870,80.486,200.382
307.801,71.014,79.619,201.074
306.139,66.063,78.964,201.451
310.805,62.014,77.421,204.667
314.760,59.564,76.237,205.996
316.604,53.913,75.978,205.861
318.603,52.065,76.252,206.229
321.749,54.618,77.306,205.052
321.571,53.587,78.139,204.469
336.010,60.616,81.592,199.087
334.002,63.150,81.533,198.693
333.695,65.026,81.403,198.093
333.714,66.503,81.471,197.531
334.659,56.264,81.288,197.020
334.630,53.612,81.253,195.886
332.512,54.309,80.182,196.151
332.771,53.519,79.234,196.824
328.482,56.545,78.739,195.267
332.848,60.354,78.167,193.143
337.271,59.777,77.599,192.260
339.040,66.106,77.132,191.013
341.642,61.819,76.833,189.575
342.787,71.143,79.790,184.792
345.042,70.183,81.460,183.174
344.916,70.569,80.744,182.618
343.358,73.070,82.648,178.953
340.965,71.722,84.152,175.944
337.432,73.587,84.997,173.123
334.836,68.617,85.014,169.775
334.117,69.741,85.435,166.344
332.444,70.342,85.559,163.995
331.241,72.216,85.979,161.036
330.789,75.445,85.816,158.898
330.622,74.307,85.119,158.899
331.443,72.029,84.562,159.738
333.136,70.640,84.045,161.183
334.204,73.074,83.805,162.520
334.482,72.239,83.583,164.035
334.141,64.706,82.973,165.737
351.144,60.558,78.195,170.893
351.967,57.501,75.667,172.483
352.086,58.861,73.403,174.085
352.644,62.215,71.134,176.114
355.197,62.378,68.772,180.243
356.120,64.388,67.120,181.861
356.014,64.245,65.985,183.916
355.354,66.987,65.173,184.918
355.405,66.299,64.933,185.199
354.985,66.602,65.033,184.685
354.381,64.277,64.671,184.670
354.451,61.073,64.632,185.395
354.260,60.497,64.299,186.844
353.054,55.003,64.087,187.946
353.357,50.552,64.063,188.470
352.959,46.733,63.824,188.886
353.965,59.583,63.537,190.308
354.225,60.622,64.059,191.237
354.083,62.264,64.945,191.579
352.309,67.265,66.855,189.272
350.907,68.604,68.442,187.781
343.889,74.810,71.075,184.173
337.776,74.986,74.026,181.043
331.129,83.060,77.618,175.927
326.644,83.857,80.458,171.105
323.429,86.174,83.044,166.586
321.018,88.983,85.141,162.775
317.906,87.093,86.907,159.480
315.343,88.820,88.766,155.619
314.618,87.553,90.208,152.843
315.254,85.255,91.030,150.686
318.003,89.140,90.212,150.062
320.736,91.345,89.166,150.384
323.977,88.465,88.082,150.079
321.687,91.823,94.454,144.028
316.596,92.791,99.678,139.466
318.025,93.998,102.610,137.644
314.739,97.916,103.769,138.767
311.329,100.899,106.188,137.645
298.897,95.830,108.793,136.096
301.529,92.173,111.279,135.596
303.123,93.466,112.668,134.253
301.744,94.350,114.095,132.847
297.505,97.812,114.571,132.262
292.991,95.834,114.845,131.724
290.242,88.963,114.241,134.056
286.682,85.774,114.809,134.317
285.725,88.118,114.048,135.224
280.593,88.562,113.070,136.446
274.013,89.719,111.249,137.741
280.202,84.847,103.419,145.222
280.875,90.363,103.790,144.129
284.369,92.840,103.693,143.578
291.198,91.093,102.812,143.953
292.411,90.939,101.659,144.482
296.372,84.064,94.101,150.549
298.347,79.254,87.853,155.569
302.043,81.544,83.857,158.472
302.493,83.686,81.410,160.302
303.338,86.734,79.425,160.343
304.418,87.719,78.101,159.557
308.876,92.929,76.476,159.591
312.297,93.686,75.161,159.459
316.737,101.405,74.425,159.091
319.542,102.868,75.032,157.399
321.534,106.316,76.717,154.192
324.339,104.835,77.583,152.361
326.016,109.149,76.895,152.393
328.361,114.551,76.631,150.976
330.754,115.019,76.631,149.293
342.522,115.831,73.521,149.703
341.436,113.101,71.369,149.420
338.845,114.982,70.976,147.452
340.180,120.280,69.177,146.445
339.826,120.557,67.131,145.913
335.464,123.577,68.205,141.115
333.367,124.669,68.490,137.866
321.054,127.227,68.420,136.533
320.523,118.545,68.292,135.526
321.061,117.924,67.700,135.956
321.249,117.052,67.734,136.227
318.846,115.315,68.209,135.579
315.252,112.297,68.212,135.729
310.899,111.344,65.913,138.087
308.265,111.531,63.820,140.322
303.406,114.664,63.057,141.008
299.034,119.663,63.029,140.556
294.334,121.609,63.317,139.243
291.810,121.343,63.287,138.428
289.116,118.401,62.714,138.121
285.984,120.090,62.777,137.113
285.145,121.343,63.435,136.696
285.248,121.611,64.550,135.829
285.520,110.820,65.223,134.835
287.600,110.148,65.590,134.815
290.225,110.645,66.473,134.609
292.106,114.091,66.968,134.210
295.734,107.180,66.622,136.057
298.770,105.677,65.951,138.702
300.874,104.580,65.813,140.489
302.095,104.118,65.959,141.966
301.374,103.755,65.152,144.428
300.954,101.339,64.450,146.463
299.381,104.639,64.807,147.250
295.748,112.274,65.846,147.455
294.110,123.094,66.600,146.269
295.848,123.030,67.859,144.983
293.683,126.599,69.547,142.554
292.547,129.078,71.420,140.552
287.393,139.287,80.526,131.841
283.151,154.237,88.935,123.598
268.929,154.812,95.218,117.334
255.644,152.633,99.771,112.657
254.428,152.945,101.541,110.346
238.607,152.860,102.304,109.425
237.833,151.194,100.078,110.481
239.526,149.858,97.991,112.431
253.717,146.016,97.222,112.208
259.145,144.355,97.378,111.937
265.805,144.210,97.177,112.382
265.369,143.474,96.996,113.185
264.280,144.293,96.184,114.286
264.034,145.314,96.310,113.942
261.883,156.107,96.350,112.176
262.430,156.225,96.401,110.692
260.867,156.899,96.501,108.771
261.692,156.425,95.275,108.415
262.859,154.521,92.737,109.897
264.187,153.615,90.121,111.420
267.234,155.416,87.148,113.719
270.807,155.033,85.681,114.682
274.291,154.182,84.454,114.375
279.989,141.994,79.051,118.581
287.826,129.519,73.366,124.310
295.696,123.691,69.105,129.642
299.831,123.806,66.709,132.617
302.346,125.347,65.558,133.911
303.330,128.020,64.720,134.469
304.098,131.739,63.664,135.257
303.766,132.883,63.424,134.854
304.454,129.822,62.843,134.997
304.205,126.346,62.132,134.700
302.662,124.881,61.562,134.202
301.056,131.647,62.019,132.310
299.773,134.980,62.260,131.730
299.223,140.341,62.304,131.278
297.962,144.132,61.832,130.793
294.726,147.087,60.664,130.777
290.911,147.545,59.867,130.046
288.329,148.234,58.976,130.283
287.036,149.401,58.030,130.322
288.514,149.751,55.855,131.906
289.245,150.887,53.606,133.760
288.963,160.161,52.284,134.770
288.195,158.604,51.058,135.359
288.502,156.959,50.072,135.749
288.509,167.118,50.009,134.660
288.321,166.955,49.898,133.819
287.867,168.909,49.751,133.167
288.139,164.311,49.731,132.508
286.014,164.317,49.345,132.313
283.250,160.953,49.242,132.603
280.784,159.905,49.565,132.672
279.241,159.046,49.627,133.348
277.777,157.763,49.390,133.893
287.982,145.793,49.075,134.894
290.342,118.597,49.027,135.530
290.952,116.721,48.996,136.169
291.291,127.837,48.745,136.625
289.663,155.328,48.777,136.794
288.779,158.748,48.967,137.530
289.402,161.539,49.397,137.941
290.053,159.385,49.808,137.627
299.166,167.539,49.872,136.428
308.135,163.804,50.121,135.111
307.163,163.342,51.038,133.878
317.843,173.006,52.921,130.282
326.399,173.793,53.331,128.559
336.838,172.529,52.390,128.620
326.380,170.943,51.960,129.493
315.145,174.346,51.767,129.301
314.018,172.434,50.977,131.022
323.928,175.983,51.351,129.375
325.913,177.649,51.859,127.815
335.411,176.333,52.003,127.045
333.373,175.180,52.769,125.969
329.641,182.185,54.103,123.441
326.873,179.094,54.393,122.717
323.511,177.381,54.672,121.931
320.302,178.353,54.915,120.995
319.465,177.235,55.352,119.681
329.223,171.758,53.499,120.631
329.345,172.991,54.403,118.661
329.881,177.103,54.976,117.566
339.736,171.757,54.773,116.652
341.610,157.994,53.535,118.137
344.020,159.025,53.709,118.192
344.563,152.305,53.984,118.025
355.685,169.754,52.986,118.271
366.274,170.972,53.044,117.562
365.986,166.454,52.168,118.020
303.965,171.389,50.346,118.061
294.556,167.626,49.272,118.751
293.580,163.820,48.729,119.086
291.738,166.911,48.108,119.329
288.858,176.871,49.056,116.551
286.393,181.875,50.224,113.032
276.443,177.433,50.237,112.208
264.822,172.080,48.695,113.650
264.817,168.480,46.998,115.548
283.706,164.143,46.537,115.937
282.445,159.406,45.377,117.476
282.224,159.375,44.882,118.368
283.163,166.839,44.892,117.474
280.866,165.628,44.529,116.732
277.671,164.965,44.321,116.071
266.470,163.793,43.895,116.109
264.964,161.295,43.418,116.434
252.309,167.363,43.341,115.094
241.672,169.952,43.251,114.718
240.699,169.186,42.536,115.759
240.571,168.369,41.967,117.099
239.651,175.726,41.484,116.628
238.164,179.766,41.232,115.337
230.013,174.445,41.453,114.335
230.271,175.289,41.428,113.792
229.537,183.069,41.538,112.732
227.812,182.807,41.454,112.113
219.579,180.516,41.235,111.834
219.790,178.896,40.830,112.186
219.382,175.326,40.457,112.594
219.021,180.311,40.317,112.332
226.670,178.743,40.163,112.136
226.733,178.425,40.325,111.453
234.382,177.491,40.500,111.008
232.891,179.020,40.872,109.751
231.505,179.867,41.325,108.387
230.146,180.453,41.425,107.589
228.222,179.631,41.231,106.935
226.430,178.217,40.588,107.194
215.360,186.621,40.348,106.746
213.182,187.771,40.573,105.196
212.561,185.072,39.995,105.658
212.733,187.133,39.704,104.877
221.178,187.141,39.609,104.842
229.222,205.001,45.269,98.190
237.630,203.612,48.931,94.088
254.962,192.378,46.574,95.816
256.303,194.355,44.847,96.300
255.204,192.277,42.930,97.539
246.577,190.441,42.146,97.679
244.774,191.132,41.474,97.796
242.016,192.048,40.685,98.229
239.925,191.565,40.404,98.058
237.516,190.517,40.150,98.337
235.423,190.806,39.956,98.875
233.706,187.817,39.481,99.975
233.026,185.576,39.229,101.099
232.219,181.407,38.839,102.074
232.037,178.221,38.534,103.136
231.940,175.981,38.094,104.223
231.648,172.570,37.832,105.328
234.028,157.057,37.606,107.395
233.392,191.808,37.709,107.350
233.889,187.256,37.870,108.168
242.140,182.582,37.539,109.732
250.609,186.308,37.493,110.928
250.466,187.061,37.659,111.970
250.519,189.372,38.168,112.804
251.143,196.658,39.107,111.472
259.318,202.451,39.581,110.482
259.382,209.895,41.759,107.165
260.900,210.426,43.286,105.034
261.924,211.338,44.759,103.263
269.710,217.036,46.368,101.063
