275.000,137.000,23.000,26.000
277.886,135.008,22.571,25.893
279.033,134.083,22.374,25.750
278.893,134.386,22.202,25.449
280.432,135.361,21.958,25.196
275.869,138.379,22.433,24.577
270.743,144.353,23.184,24.000
267.934,151.489,23.258,23.547
268.326,152.433,22.724,23.473
269.543,155.242,22.236,23.273
273.556,154.172,21.651,23.386
277.517,151.764,21.183,23.429
280.496,145.764,20.545,23.982
280.000,144.638,20.461,23.860
280.763,134.852,20.220,24.377
280.396,122.435,20.105,24.835
278.658,105.048,20.049,25.193
277.888,90.702,20.179,25.310
277.395,88.444,20.380,25.253
277.616,79.349,20.419,25.509
280.677,69.486,20.437,25.836
283.016,63.039,20.590,25.975
283.847,56.220,20.605,26.339
283.471,53.559,20.644,26.550
281.857,54.864,20.691,26.553
283.995,58.712,20.796,25.609
286.416,65.186,21.032,24.688
286.162,71.942,20.998,24.152
286.940,72.099,20.779,24.153
282.659,74.317,21.176,23.828
280.246,71.193,21.058,24.431
280.631,64.486,20.836,24.977
281.023,60.575,20.698,25.479
279.741,57.263,20.785,25.905
278.901,54.772,20.979,26.087
277.115,52.185,21.165,26.226
279.016,49.138,21.047,26.432
280.079,46.739,21.224,26.309
279.272,48.527,21.418,26.116
278.768,45.113,21.599,26.261
273.547,43.058,22.106,26.255
270.268,35.971,22.162,26.502
265.380,29.485,22.347,26.775
264.835,26.390,22.462,26.854
260.381,30.097,23.102,26.153
255.776,33.300,23.506,25.840
250.001,34.506,23.957,25.667
250.897,35.549,23.504,25.649
251.217,34.908,23.224,25.758
257.496,44.198,23.022,25.047
267.443,55.834,22.897,24.443
275.857,61.880,22.677,23.805
284.606,66.446,22.350,23.367
284.624,66.987,22.150,23.327
294.102,74.644,21.977,22.831
297.945,86.726,21.972,22.237
293.687,98.562,22.138,21.666
283.613,104.531,22.428,21.406
283.392,104.264,22.101,21.444
272.975,100.552,22.428,21.502
263.753,92.053,22.521,21.828
255.507,83.171,22.347,22.357
249.070,77.669,22.582,22.610
248.675,76.028,22.498,22.721
245.459,74.644,22.811,22.794
243.709,73.846,23.027,22.818
244.032,73.110,22.974,22.857
243.049,70.307,22.921,23.200
243.044,70.310,22.864,23.078
243.424,68.477,22.727,23.376
242.746,67.382,22.700,23.532
242.073,65.522,22.750,23.761
240.371,65.559,23.022,23.582
240.928,65.434,22.928,23.529
240.711,69.747,23.156,22.807
243.459,75.948,22.963,22.307
241.101,81.563,23.125,22.059
235.099,90.491,23.294,21.725
235.117,91.253,23.248,21.709
230.146,100.692,23.528,21.174
224.350,106.420,23.730,20.861
218.183,106.749,23.727,21.047
210.884,105.923,23.555,21.464
210.071,105.282,23.288,21.868
199.962,105.447,23.485,21.976
192.865,107.458,23.539,22.233
190.750,103.831,23.490,22.916
190.460,97.847,23.229,23.612
189.787,97.192,23.334,23.648
190.741,97.260,23.424,23.422
192.217,100.285,23.402,22.955
194.040,101.718,23.245,22.840
198.706,99.069,22.994,23.376
197.663,97.972,23.170,23.499
201.467,94.779,22.848,24.061
196.273,96.154,23.414,23.760
189.992,99.546,23.592,23.313
182.362,101.570,23.848,23.136
184.172,101.278,23.709,23.320
179.932,101.358,24.000,23.349
180.541,101.214,24.313,23.485
174.833,102.944,24.704,23.366
169.082,105.406,25.056,23.186
169.766,105.441,24.814,23.513
165.239,108.924,25.031,23.232
168.086,111.123,24.918,23.156
168.024,107.831,24.635,24.210
166.350,104.051,24.463,25.164
164.691,100.709,24.255,26.241
162.691,96.266,24.299,26.953
158.111,88.494,24.366,27.469
154.174,80.778,24.344,27.930
148.802,70.603,24.530,28.263
147.341,66.874,24.472,28.843
139.621,56.348,24.563,29.246
133.793,49.508,25.043,29.379
132.100,46.356,25.340,29.893
136.841,43.648,25.022,30.279
135.087,43.080,25.351,30.800
139.206,40.317,25.174,31.252
138.328,43.593,25.305,31.382
143.276,47.891,25.897,30.446
150.087,57.423,26.177,29.848
150.727,59.454,26.541,29.699
155.857,67.186,26.877,29.020
157.921,77.757,27.086,28.583
156.706,87.911,27.409,28.204
160.423,96.164,27.769,27.519
160.167,97.874,27.846,27.590
169.237,102.661,27.380,27.606
183.343,104.327,27.306,27.556
192.353,102.632,26.456,28.460
200.471,100.251,25.621,29.041
200.418,98.067,25.597,29.614
208.190,92.351,25.129,30.000
214.536,86.175,24.773,30.466
217.407,80.408,25.324,30.319
213.789,71.584,25.649,29.998
213.598,70.202,25.922,29.773
205.849,57.850,26.336,29.595
201.862,49.010,26.716,29.439
200.324,40.601,27.212,29.264
196.060,27.085,27.407,29.465
195.066,24.075,27.732,29.771
193.467,18.116,28.302,29.865
191.786,15.511,28.580,30.187
189.514,12.006,28.521,31.369
184.126,13.563,29.403,31.233
184.066,13.265,29.344,31.771
175.413,20.391,30.230,31.098
165.316,32.824,30.436,30.727
158.908,48.715,30.721,30.605
152.655,67.799,31.362,30.447
153.030,68.924,31.255,30.739
144.094,77.599,32.240,29.840
136.549,82.593,33.185,29.135
134.254,81.791,33.784,29.747
135.301,77.356,32.956,31.656
134.948,76.064,33.060,32.759
132.117,65.981,32.726,34.323
126.678,56.046,32.442,35.188
122.203,47.187,32.634,35.629
117.118,42.519,32.875,36.536
113.597,37.595,33.059,37.771
112.241,42.525,33.348,37.655
116.545,48.959,34.155,36.366
123.549,51.421,34.553,35.544
133.926,53.011,34.674,35.047
133.991,53.782,34.543,35.315
145.566,54.221,34.477,35.143
153.448,52.868,33.987,35.208
160.961,47.480,33.496,35.203
165.197,41.528,32.651,36.339
163.569,39.887,32.501,36.917
164.178,33.767,32.299,37.725
159.582,29.784,32.455,38.112
160.442,33.122,32.223,37.738
163.516,38.931,31.925,36.822
163.543,39.967,31.616,37.005
168.321,49.482,31.450,36.014
172.755,63.790,31.308,35.018
176.589,74.250,31.298,34.114
181.551,81.928,30.847,33.686
181.852,83.337,30.518,34.002
185.061,84.464,30.199,33.936
183.573,85.688,30.151,34.166
184.290,86.190,29.870,34.491
183.340,85.480,29.860,34.864
184.293,85.374,29.816,35.040
183.079,87.124,29.631,35.034
185.343,92.218,29.748,33.917
189.423,101.437,29.885,32.796
193.983,110.631,30.007,31.648
194.213,112.260,30.186,31.119
197.470,117.810,29.992,30.247
201.159,121.682,29.626,29.662
204.028,125.884,29.475,28.895
204.122,130.443,29.629,28.078
204.104,131.737,29.608,27.724
202.091,134.992,29.752,27.376
199.055,138.484,30.157,27.131
196.330,140.654,30.178,27.294
193.908,140.438,30.106,27.616
193.957,141.112,29.789,27.773
192.869,140.536,29.552,28.195
192.416,140.794,29.438,28.462
193.648,141.632,28.779,29.098
194.404,141.115,28.437,29.301
194.594,140.523,28.348,29.425
197.450,138.642,28.824,28.986
200.094,132.843,29.068,28.662
200.746,126.378,28.936,28.565
203.397,120.763,28.951,28.560
202.929,119.803,28.652,28.985
203.534,119.450,28.118,29.703
204.667,122.910,27.822,29.867
208.622,122.672,27.630,30.235
212.477,122.161,27.763,30.040
212.820,121.717,27.788,30.096
215.109,117.193,27.637,30.037
219.868,112.676,27.501,30.073
224.882,107.956,27.387,29.890
228.407,99.515,27.474,29.762
228.143,98.632,27.561,29.747
231.502,90.000,27.590,29.644
230.249,84.762,27.735,29.480
228.155,82.872,28.179,29.163
226.973,84.460,28.400,28.766
226.898,85.026,28.438,28.541
224.733,88.540,28.837,27.887
222.178,94.087,29.164,27.473
219.567,97.436,29.516,27.032
219.621,98.809,29.260,26.920
220.026,98.595,28.964,27.066
222.457,98.853,28.449,27.095
227.893,95.799,27.865,27.862
234.180,87.613,27.030,29.194
240.799,76.268,26.490,30.130
239.831,74.262,26.700,30.200
245.931,65.749,26.274,31.118
247.971,57.867,26.153,31.763
251.988,54.455,26.077,32.069
255.884,52.330,26.178,32.037
253.456,54.031,26.373,32.029
260.810,48.903,26.053,32.683
264.427,41.960,25.898,32.760
268.898,38.455,25.616,32.880
273.611,35.661,25.526,32.754
271.824,35.028,25.500,32.658
277.074,32.629,25.582,32.556
275.920,35.031,25.644,32.472
277.465,37.194,25.379,32.633
276.149,42.044,25.326,32.460
276.510,41.239,25.402,32.395
275.578,50.196,25.013,32.166
273.950,59.572,24.975,31.792
272.608,68.858,24.840,31.401
273.735,74.408,25.398,30.191
272.656,77.037,25.367,30.243
271.401,79.134,25.496,30.376
272.279,77.538,25.256,30.754
273.001,74.575,24.984,31.268
274.528,70.147,24.829,31.678
273.285,69.033,25.052,31.735
275.949,64.988,25.045,31.963
276.053,59.813,25.019,32.444
274.770,57.029,25.441,32.947
275.675,53.535,25.425,33.322
274.648,53.256,25.775,33.146
276.429,50.674,25.745,33.410
276.929,49.053,26.052,33.857
280.047,46.536,25.975,34.062
280.103,49.921,25.943,34.025
281.144,47.370,25.825,34.277
278.995,50.959,25.967,34.215
277.392,50.866,26.083,34.196
275.937,54.912,26.170,33.903
274.668,58.745,26.285,33.645
275.773,56.834,26.415,33.758
271.828,62.128,27.430,32.617
268.372,66.583,28.091,31.988
262.743,68.228,28.642,31.836
254.168,68.477,29.087,31.901
256.750,68.311,28.690,32.288
244.225,67.809,29.204,32.440
235.638,69.773,29.886,32.225
229.255,70.030,30.182,32.315
222.479,69.111,30.620,32.612
226.520,68.665,30.592,32.625
216.963,70.552,31.084,32.192
209.328,76.142,31.077,31.838
203.907,85.333,31.376,31.286
201.718,94.275,31.313,30.942
203.164,94.319,31.011,31.144
201.390,101.039,31.222,30.516
201.341,105.506,31.177,30.163
201.407,109.411,30.985,29.842
204.310,114.749,30.788,29.288
205.060,115.051,30.816,29.210
208.989,121.320,30.470,28.915
210.863,128.100,30.387,28.439
211.376,133.901,30.259,28.155
211.123,136.837,30.328,27.797
210.908,137.952,30.293,27.589
210.868,138.046,30.321,27.420
210.998,139.227,30.386,27.143
211.583,140.821,30.417,26.935
212.285,143.258,30.107,26.966
211.927,144.048,29.988,27.035
212.363,144.978,29.742,27.143
211.804,145.686,29.583,27.272
210.517,146.172,29.443,27.323
210.461,147.192,29.143,27.455
210.351,147.855,28.942,27.506
210.740,149.746,28.690,27.522
210.591,153.501,28.411,27.493
211.709,160.826,28.045,27.320
214.231,166.067,28.158,26.979
213.692,167.071,28.161,26.700
213.675,172.097,27.967,26.441
214.463,173.677,27.672,26.103
217.881,173.318,27.458,25.868
223.066,168.807,27.123,25.752
223.057,168.539,27.208,25.374
227.093,161.541,27.211,25.074
227.919,149.234,27.106,24.759
230.331,138.744,27.173,24.663
234.151,129.492,27.060,24.675
234.259,129.566,27.035,24.741
238.876,122.085,26.596,25.058
242.992,114.574,26.374,25.255
245.680,106.389,26.327,25.684
248.312,97.550,26.245,26.046
247.606,96.523,26.540,25.973
252.171,89.593,26.535,25.952
258.482,84.546,26.160,26.285
264.375,79.504,26.026,26.682
268.308,73.318,25.908,27.319
267.364,73.046,26.364,27.022
270.161,67.689,26.357,27.333
272.745,61.938,26.373,27.699
274.769,58.646,26.206,28.314
275.327,56.530,26.376,28.687
275.395,56.154,26.716,28.481
274.671,58.187,27.389,27.905
273.876,60.985,27.900,27.334
276.348,65.253,28.220,26.668
280.426,68.285,28.464,26.281
279.725,69.440,28.563,26.395
284.529,71.178,28.566,26.393
291.390,71.543,28.532,26.712
296.194,71.658,28.419,26.790
301.262,71.716,28.197,26.864
302.651,71.740,28.201,26.962
307.045,73.080,28.261,26.832
314.322,78.524,28.327,26.701
322.549,81.542,28.268,26.321
333.008,83.262,28.412,26.119
333.693,83.357,28.641,26.254
341.212,83.264,28.549,26.618
349.086,83.582,28.504,26.775
356.028,84.768,28.860,26.537
358.917,84.339,29.223,26.720
359.782,83.941,29.554,26.784
360.504,81.467,29.671,27.271
360.300,78.992,30.153,27.331
360.139,79.165,30.724,26.821
358.396,81.152,30.888,26.373
358.630,81.318,31.072,26.120
357.708,85.779,31.453,25.923
358.125,89.952,31.717,25.958
361.987,100.573,31.926,25.900
361.386,99.563,31.923,25.904
360.503,98.450,31.920,25.906
358.990,98.643,31.913,25.913
359.798,99.409,31.912,25.913
