142.000,125.000,91.000,40.000
138.249,124.239,90.322,40.461
133.629,124.340,90.054,40.600
129.820,124.444,89.840,40.724
125.501,124.352,89.674,40.937
120.381,122.601,89.693,40.943
116.378,122.726,89.494,41.093
111.469,122.249,89.478,41.066
106.644,121.683,89.421,41.062
101.501,120.968,89.447,41.008
96.688,119.847,89.348,40.938
91.960,118.994,89.131,40.958
86.995,118.124,88.865,41.069
82.450,118.591,88.610,41.255
76.844,116.751,88.699,41.125
72.551,116.687,88.501,41.184
67.019,115.697,88.477,41.154
62.227,115.516,88.461,41.152
56.916,114.897,88.760,41.021
51.402,114.528,88.926,40.863
45.885,113.709,88.916,40.859
40.395,113.229,88.928,40.859
34.203,113.415,88.737,40.812
27.997,112.019,88.751,40.822
22.909,113.332,88.724,40.671
17.556,114.060,88.483,40.702
12.772,115.162,88.338,40.760
5.195,116.797,88.403,40.682
-0.074,117.854,88.121,40.885
-4.096,119.646,87.582,41.139
-8.557,120.667,86.824,41.335
-5.098,121.719,86.058,41.455
-5.767,122.307,84.597,42.019
-9.749,121.034,79.564,45.488
-8.280,120.572,75.761,47.854
-6.794,120.890,72.235,49.884
-5.767,120.733,69.846,51.016
-4.621,120.850,67.775,51.932
-3.811,120.150,66.119,52.497
-3.362,119.983,64.849,52.666
-3.263,119.903,63.584,52.964
-2.887,120.195,62.818,52.943
-2.100,118.830,62.693,52.402
-1.126,118.183,62.467,51.890
-0.794,117.409,62.732,51.318
-0.638,116.919,63.186,50.667
-1.578,116.449,63.819,49.972
-2.685,115.696,64.125,49.506
-0.006,116.933,67.153,46.805
0.529,116.484,69.939,44.588
1.518,116.317,72.144,42.874
-3.604,115.821,73.590,41.754
-2.306,114.049,73.911,41.248
-0.572,112.870,74.140,40.949
-0.468,111.179,74.796,40.503
3.908,109.678,75.443,40.055
5.861,108.771,76.098,39.766
7.678,107.396,77.304,39.041
14.256,106.086,77.935,38.787
16.794,105.282,78.714,38.392
25.304,104.607,78.945,38.440
27.446,103.950,79.428,38.321
31.375,103.612,80.096,37.962
39.484,103.557,80.243,38.037
41.994,103.518,80.740,37.802
50.807,103.905,80.542,38.062
53.482,103.926,80.624,38.133
57.421,104.639,80.819,38.045
59.192,106.616,80.522,38.281
59.910,107.634,80.538,38.365
60.250,108.615,80.641,38.372
61.112,110.136,80.696,38.262
61.219,111.008,80.903,38.130
62.210,112.126,80.829,38.171
63.421,113.471,80.846,38.080
63.926,114.703,80.984,37.970
64.387,116.142,81.142,37.867
66.154,116.268,81.578,37.609
66.087,117.771,83.275,36.526
64.477,118.797,84.544,35.704
64.128,120.010,85.535,35.114
64.724,121.175,86.236,34.672
63.373,121.889,85.257,35.383
58.922,123.149,84.451,36.004
60.066,123.643,83.764,36.525
60.837,124.799,83.188,36.806
61.295,125.831,82.846,36.956
61.670,125.957,82.635,37.135
61.390,126.845,82.580,37.254
61.396,127.364,82.496,37.338
61.801,128.102,82.210,37.494
61.907,129.086,82.071,37.583
62.065,129.909,82.036,37.653
62.978,130.978,83.364,36.676
57.907,131.677,83.079,36.947
63.009,132.878,82.588,37.073
62.186,133.456,83.779,36.155
65.764,134.137,85.113,35.127
63.274,139.250,84.708,35.570
65.017,138.290,83.888,36.101
70.347,138.598,83.417,36.309
71.609,138.414,84.456,35.620
74.090,139.484,85.232,34.937
74.067,140.123,85.964,34.357
71.729,145.234,85.604,34.758
74.544,144.996,85.086,35.159
77.231,144.869,84.811,35.386
85.611,145.439,84.249,35.795
91.484,146.122,85.350,34.993
97.709,146.601,86.386,34.389
96.518,152.278,85.792,34.998
99.097,151.512,85.364,35.291
106.685,150.570,84.951,35.632
108.966,150.390,84.203,36.060
111.967,150.743,84.020,36.132
114.907,151.454,83.637,36.365
117.606,151.948,83.618,36.359
129.859,153.144,83.316,36.413
135.404,153.894,84.920,35.328
137.146,154.853,85.864,34.771
142.191,155.248,85.284,35.135
148.010,156.225,86.560,34.287
141.764,161.398,85.824,34.801
149.356,160.519,85.121,35.326
157.318,160.654,85.995,34.800
162.611,160.365,86.771,34.356
167.625,160.796,87.692,33.808
173.167,161.142,88.444,33.370
170.432,166.032,87.741,33.998
175.711,164.686,87.206,34.460
175.794,164.320,86.657,34.865
178.520,164.303,86.508,35.019
184.201,168.968,86.262,35.253
189.771,167.629,86.050,35.518
195.504,166.533,85.869,35.736
199.277,171.727,85.738,35.877
203.311,170.080,85.785,35.950
210.044,169.884,86.764,35.382
208.038,169.790,86.347,35.692
212.741,169.576,86.194,35.801
210.179,175.105,85.997,35.961
213.694,173.232,86.065,35.987
219.803,173.695,87.086,35.364
218.215,173.965,87.892,34.889
216.273,174.130,87.384,35.214
212.543,179.600,87.057,35.572
213.919,178.487,86.118,36.357
214.562,178.708,85.632,36.776
221.739,177.613,85.539,36.943
213.012,183.022,85.332,37.118
220.800,181.362,85.459,37.197
222.248,180.012,85.453,37.349
223.842,180.040,85.401,37.487
218.042,179.909,85.240,37.602
214.358,179.780,85.104,37.732
208.052,186.473,84.654,37.967
207.004,191.761,84.508,38.003
204.789,190.413,84.479,38.032
212.729,189.734,84.355,38.171
214.426,188.896,84.204,38.297
216.533,187.731,83.891,38.540
211.974,187.027,83.596,38.912
214.863,185.697,83.218,39.087
211.733,184.705,82.892,39.370
214.895,183.641,82.574,39.484
211.888,183.612,82.542,39.430
209.190,183.852,82.616,39.196
212.711,183.895,82.748,39.074
208.772,184.194,83.132,38.688
201.406,191.961,83.038,38.687
200.341,192.105,83.041,38.608
201.239,191.601,83.086,38.521
188.357,192.455,82.646,38.505
188.693,191.670,82.207,38.458
189.979,190.659,81.700,38.539
189.344,189.682,81.778,38.448
187.212,187.843,82.056,38.183
189.359,186.807,82.179,38.072
189.693,185.353,82.465,37.909
190.389,184.571,82.247,37.928
190.247,183.235,82.039,37.988
185.993,181.988,81.977,38.040
186.673,181.003,82.091,37.948
181.841,179.630,82.214,37.919
181.748,179.293,82.553,37.874
177.238,178.246,82.835,38.061
178.928,176.807,83.019,38.036
179.111,175.804,83.119,38.122
179.579,175.177,83.050,38.371
175.563,173.602,83.009,38.339
176.492,172.199,83.080,38.546
171.957,170.714,83.072,38.760
172.678,169.579,83.195,38.805
168.468,169.218,83.119,38.928
170.107,168.270,83.024,39.007
172.212,166.871,82.490,39.388
167.532,165.412,82.382,39.604
167.012,163.975,81.935,39.918
170.285,162.577,81.426,40.627
172.370,161.345,81.320,40.815
166.810,160.553,81.534,40.785
161.159,159.712,81.727,40.744
151.314,158.428,81.750,40.525
149.242,157.035,81.849,40.298
153.796,156.557,82.073,40.164
153.906,156.072,82.133,40.085
146.380,155.571,82.532,39.771
147.737,154.352,82.952,39.550
143.112,152.957,83.060,39.239
146.172,152.464,83.020,39.198
139.987,152.463,82.969,39.105
139.319,150.969,82.515,39.220
139.507,150.974,82.206,39.197
134.676,148.499,82.347,38.944
135.340,148.554,82.474,38.630
134.180,148.143,82.840,38.332
133.204,146.902,83.358,38.095
125.815,145.764,83.353,38.118
124.476,144.550,82.797,38.515
124.233,144.530,82.475,38.862
124.830,144.373,82.571,39.010
125.338,143.449,82.454,39.333
126.315,142.201,82.513,39.508
124.067,141.376,82.773,39.771
124.984,141.574,83.362,39.706
122.028,141.489,83.576,39.632
122.303,141.126,83.367,39.997
126.271,140.262,83.685,40.059
122.782,139.646,84.009,40.145
109.584,139.542,84.570,39.868
108.798,139.783,85.102,39.486
107.345,140.020,85.505,39.208
105.839,139.363,85.812,39.287
105.424,139.237,85.997,39.363
98.723,139.465,86.129,39.419
97.645,138.985,85.754,39.681
93.627,139.570,85.953,39.552
94.003,139.666,86.004,39.644
92.951,140.213,86.172,39.604
92.955,140.314,86.321,39.678
94.716,139.785,86.447,39.784
95.843,140.031,86.620,39.957
96.602,139.278,86.790,40.091
99.232,139.425,87.084,40.290
101.815,138.660,87.434,40.195
105.616,137.688,87.616,40.208
111.475,136.408,87.634,40.562
115.807,135.574,87.564,40.804
119.924,134.731,87.708,40.910
122.009,133.754,87.801,40.969
124.982,132.754,87.916,40.925
128.149,131.210,88.052,40.907
131.013,129.652,88.374,40.806
132.434,128.293,88.665,40.628
136.187,127.993,88.846,40.418
140.154,127.008,88.793,40.304
141.986,125.905,88.955,40.189
147.266,125.019,88.783,40.148
147.995,125.251,88.731,40.102
153.903,124.692,88.746,39.962
158.103,123.633,88.741,39.882
160.678,122.920,88.784,39.802
164.412,121.721,88.781,39.959
165.375,121.221,88.910,40.006
169.943,121.141,88.989,40.109
171.646,120.409,89.154,40.094
173.751,120.055,89.424,40.117
175.017,119.839,89.635,40.172
176.340,119.096,89.389,40.572
177.416,119.540,89.284,40.816
177.943,120.199,89.012,41.038
179.592,120.322,89.080,41.103
179.520,121.723,89.098,41.138
178.412,121.081,89.099,41.318
180.915,121.955,89.377,41.336
175.661,123.049,89.562,41.479
174.000,124.814,89.710,41.608
167.469,130.141,90.299,41.357
166.028,129.035,90.811,41.328
169.590,130.663,91.161,41.264
162.955,131.847,91.125,41.601
162.478,133.396,90.833,42.143
156.599,138.594,91.849,41.952
155.464,137.640,91.935,42.188
149.999,142.899,92.516,42.197
149.428,143.221,92.543,42.412
144.114,143.715,92.842,42.487
142.784,148.172,92.838,42.781
141.082,146.133,93.168,42.895
140.304,146.617,93.167,43.144
137.797,145.588,93.126,43.438
136.064,145.354,93.226,43.575
132.936,144.410,93.467,43.612
131.786,142.479,93.812,43.660
130.273,141.745,93.896,43.735
125.778,140.321,94.032,43.743
125.348,138.966,94.121,43.913
120.610,137.938,94.481,43.741
120.309,136.401,94.736,43.718
119.742,134.712,94.984,43.697
113.351,134.706,95.104,43.495
113.201,133.247,95.645,43.238
108.602,132.324,95.824,43.003
107.663,130.597,96.056,42.991
107.162,129.694,96.075,42.954
103.101,129.435,95.870,42.938
102.343,128.561,95.971,42.928
102.253,128.694,95.963,42.859
102.551,129.451,96.029,42.761
103.260,129.461,96.046,42.685
103.882,130.580,95.778,42.634
105.466,130.559,95.609,42.475
106.068,130.703,95.471,42.403
106.892,130.935,95.418,42.331
107.579,131.377,95.387,42.244
108.500,131.202,95.371,42.092
111.069,130.372,95.274,42.028
115.172,130.406,94.984,42.160
118.100,130.013,94.794,42.382
123.544,129.518,94.334,42.748
126.143,128.520,94.264,42.950
127.721,126.831,94.548,42.833
131.000,126.009,94.422,43.016
134.479,125.398,94.462,42.973
138.922,123.779,94.564,42.878
141.123,121.844,94.373,42.878
143.302,118.736,94.507,42.768
145.863,116.243,94.322,42.748
147.618,113.644,94.380,42.670
148.818,110.289,94.307,42.586
149.969,107.961,94.463,42.487
151.480,107.325,94.295,42.345
153.271,106.281,94.017,42.270
155.517,106.381,93.605,42.159
157.638,106.661,93.023,42.143
159.686,107.586,92.562,42.229
160.723,108.173,91.817,42.507
161.714,108.647,91.205,42.693
162.255,109.254,90.781,42.824
162.620,110.121,90.541,42.853
163.184,110.915,90.195,42.876
163.314,112.002,90.073,42.766
163.672,112.857,89.787,42.763
165.191,113.602,89.517,42.554
166.634,114.700,89.117,42.425
169.571,115.264,88.359,42.402
171.908,115.847,87.498,42.572
170.998,116.645,86.566,42.704
174.156,117.664,86.171,42.673
174.140,118.664,86.106,42.305
168.875,119.889,86.673,41.350
168.007,120.717,86.574,40.938
170.448,121.117,86.322,40.740
167.690,120.869,85.734,40.844
168.241,122.289,85.972,40.620
169.697,122.382,86.194,40.539
169.529,122.876,86.093,40.669
170.692,123.627,86.173,40.616
170.529,123.592,85.983,40.796
172.146,123.560,85.853,40.824
173.161,123.951,85.737,40.918
173.916,124.199,85.741,40.953
173.349,124.589,86.122,40.786
175.175,125.024,85.935,40.761
175.149,124.595,86.225,40.691
175.478,125.305,86.422,40.551
176.452,125.528,86.430,40.513
175.513,126.314,86.743,40.295
176.241,126.678,86.863,40.217
173.173,126.386,87.127,40.141
171.692,126.596,87.271,40.154
169.607,126.349,87.521,40.070
166.236,127.066,87.764,40.037
164.152,126.556,88.020,39.997
161.660,127.399,88.230,40.021
158.563,127.392,88.304,40.092
156.415,127.366,88.512,39.991
154.648,128.290,88.629,39.952
153.014,127.760,88.955,39.841
150.588,127.936,89.247,39.762
148.338,128.008,89.380,39.733
146.837,128.340,89.364,39.675
144.315,128.549,89.539,39.601
142.871,128.875,89.762,39.462
142.362,129.565,89.587,39.412
142.224,128.211,89.379,39.568
133.198,129.296,90.273,38.854
126.727,129.821,90.148,38.778
126.790,130.229,89.754,38.877
121.857,131.377,89.644,38.742
123.828,130.795,89.332,39.035
123.434,130.763,89.051,39.322
121.494,129.992,89.029,39.544
119.216,129.888,89.019,39.616
116.079,130.838,88.814,39.615
113.683,130.204,88.987,39.500
114.246,130.601,88.960,39.387
110.619,129.577,89.045,39.413
111.251,129.880,88.637,39.472
105.852,130.963,88.189,39.674
102.733,130.246,88.243,39.734
100.083,131.562,88.166,39.801
96.012,131.026,88.449,39.738
94.829,131.784,88.307,39.659
91.583,132.252,88.402,39.658
89.654,131.733,88.486,39.627
86.997,132.596,88.541,39.712
84.218,132.153,88.402,39.877
80.958,132.822,88.414,39.844
77.160,132.589,88.410,39.803
78.320,132.481,88.219,39.825
73.452,132.239,88.218,39.859
74.108,131.816,88.031,39.917
70.365,132.814,87.827,39.874
66.581,131.955,87.980,39.753
67.610,132.542,87.803,39.685
60.868,133.398,87.493,39.677
58.082,133.725,87.437,39.688
58.153,133.876,87.261,39.691
53.287,133.754,87.168,39.841
50.720,134.451,87.403,39.774
47.969,134.987,87.619,39.696
44.962,134.742,87.631,39.688
42.555,135.175,87.705,39.659
39.539,134.627,87.801,39.730
38.766,134.817,87.631,39.744
37.144,134.978,87.591,39.716
36.096,134.706,87.545,39.846
33.448,134.528,87.757,39.681
31.349,134.075,87.862,39.633
27.913,133.901,87.903,39.686
27.346,133.096,87.739,39.990
24.311,132.612,87.909,39.923
22.485,131.187,88.088,39.901
19.941,131.126,88.012,39.888
18.161,130.616,87.859,40.006
15.752,129.297,88.106,39.981
13.164,129.030,88.131,39.914
11.207,128.077,88.113,39.966
9.244,127.089,88.317,39.985
8.004,125.527,88.482,40.027
8.529,124.320,88.381,40.076
9.729,123.311,88.316,40.161
9.410,121.422,88.160,40.309
13.682,118.878,88.381,40.261
14.460,117.741,88.099,40.463
14.364,115.756,88.168,40.521
14.483,113.952,88.243,40.488
17.747,112.187,88.390,40.443
17.226,110.924,87.982,40.617
17.701,109.119,88.245,40.569
18.529,108.653,87.921,40.631
20.327,106.976,87.890,40.589
22.252,106.496,87.662,40.491
20.485,107.412,87.721,40.184
20.773,106.381,87.413,40.300
23.112,106.278,86.962,40.264
24.069,106.313,86.553,40.167
25.491,107.221,85.912,40.243
26.122,107.878,85.736,40.065
25.951,108.123,85.656,39.884
23.350,112.593,86.248,39.659
22.951,111.872,86.238,39.773
27.695,112.426,86.177,39.803
27.332,113.530,86.073,39.830
27.493,113.930,85.750,39.895
32.593,114.890,85.246,40.224
31.285,115.794,85.312,40.152
30.781,120.447,85.909,39.946
31.454,119.708,85.954,39.951
34.017,120.346,85.798,39.917
32.617,125.952,86.276,39.548
33.788,124.584,86.625,39.312
38.233,125.437,86.640,39.370
36.791,126.134,86.673,39.339
37.127,131.120,86.853,39.235
37.597,130.667,86.842,39.326
37.748,130.546,86.586,39.465
39.033,131.307,86.489,39.486
40.442,136.431,86.568,39.406
41.781,135.283,86.612,39.373
42.954,135.299,86.449,39.399
43.712,135.948,86.285,39.454
45.141,136.548,86.192,39.488
46.571,142.167,86.124,39.534
48.182,140.900,86.128,39.546
51.081,141.306,86.109,39.591
51.305,141.664,85.923,39.695
53.914,142.326,86.159,39.595
54.120,142.895,85.953,39.793
54.785,143.583,85.998,39.888
56.149,144.402,86.386,39.805
58.514,144.916,86.500,39.711
59.642,151.526,86.714,39.776
62.338,150.838,86.999,39.698
66.281,151.168,86.849,39.674
65.160,144.287,88.005,38.973
67.710,144.695,88.796,38.432
65.372,145.871,89.738,37.858
63.034,152.314,89.717,37.897
63.884,152.620,89.444,38.023
67.713,153.166,89.647,38.008
71.231,153.117,89.577,38.150
71.821,153.818,90.243,37.728
72.643,160.268,89.293,38.358
73.310,159.920,89.095,38.587
71.670,159.653,89.188,38.544
69.135,159.625,88.942,38.585
73.159,160.047,88.858,38.606
77.463,159.921,88.479,38.735
82.352,158.805,88.093,38.890
81.902,157.409,87.739,39.189
87.341,157.012,87.478,39.301
93.929,156.602,87.313,39.342
101.151,156.383,87.086,39.413
99.552,155.623,87.092,39.353
97.284,154.201,86.923,39.284
97.657,155.044,86.741,39.159
97.880,155.408,87.304,38.629
100.254,155.422,87.531,38.416
108.720,155.294,87.878,38.146
106.193,154.757,88.039,38.023
102.783,154.317,88.224,37.874
75.760,162.444,88.948,37.117
79.523,163.032,89.641,36.337
80.804,162.720,89.461,36.438
92.373,162.971,89.252,36.575
105.440,162.910,89.643,36.283
110.118,162.763,89.393,36.382
116.642,155.079,89.660,36.113
124.484,154.408,89.825,35.911
129.034,154.123,90.023,35.729
135.316,153.079,90.123,35.581
135.276,151.786,90.155,35.531
135.398,151.911,90.176,35.510
133.499,150.859,90.215,35.471
127.245,149.346,90.267,35.434
120.509,149.377,89.761,35.638
127.639,148.476,89.244,35.812
127.634,148.273,89.071,35.846
129.868,148.303,89.093,35.813
129.263,148.651,89.155,35.755
126.651,148.381,89.170,35.743
122.224,148.464,89.144,35.755
123.885,154.322,86.569,37.663
125.282,153.856,86.461,37.705
124.319,153.137,86.463,37.703
119.779,152.725,86.486,37.686
120.426,136.625,85.946,37.865
122.570,135.757,85.817,37.874
128.383,136.000,85.619,37.874
129.517,136.380,85.786,37.702
128.589,135.906,85.870,37.626
128.481,135.251,85.840,37.636
120.295,134.041,85.628,37.728
108.752,133.284,85.389,37.797
103.934,125.682,85.672,37.544
102.124,125.767,85.942,37.312
106.885,126.137,86.241,37.037
114.775,126.291,86.435,36.868
121.542,126.686,86.622,36.641
126.868,126.831,87.009,36.283
128.089,126.836,87.310,36.027
125.437,126.903,87.642,35.723
122.631,127.126,87.952,35.447
119.522,127.171,88.105,35.320
117.107,127.707,88.210,35.249
112.768,127.727,88.281,35.203
106.393,127.753,88.311,35.181
92.255,136.218,88.493,35.042
86.298,144.597,88.089,35.372
89.196,145.448,88.958,35.015
85.739,145.090,88.541,35.439
86.647,145.084,89.659,34.930
83.817,144.591,90.388,34.546
81.531,143.249,89.752,35.227
80.360,142.238,89.026,35.865
81.403,142.235,90.078,35.439
78.018,141.105,89.641,35.914
75.827,140.096,89.100,36.359
73.872,138.642,88.394,36.923
73.139,137.502,87.882,37.396
71.034,136.839,87.725,37.608
69.650,135.556,87.513,37.837
69.304,134.842,87.391,38.020
66.414,134.046,87.397,38.248
65.999,133.946,87.288,38.494
63.607,133.534,87.335,38.637
63.519,132.834,87.459,38.666
62.098,132.671,87.399,38.792
61.106,132.189,87.454,38.830
60.741,132.097,87.536,38.933
59.174,131.087,87.685,38.920
58.027,129.684,87.852,38.909
56.270,129.055,87.880,38.981
53.192,128.402,88.035,39.042
54.557,128.298,88.218,39.081
50.115,128.455,88.545,39.048
48.120,127.794,88.581,39.146
45.299,127.716,88.726,39.048
43.537,127.445,88.713,39.187
45.681,126.564,89.102,39.161
41.546,127.186,90.400,38.389
42.207,126.693,91.364,37.677
36.221,126.533,91.967,37.333
35.931,126.207,92.345,37.087
2.151,164.435,88.697,39.258
17.743,163.271,85.724,40.829
37.674,163.612,83.958,41.383
57.928,163.909,82.053,42.099
76.627,163.526,81.337,41.865
98.643,164.240,80.107,42.025
117.277,164.129,80.117,41.400
137.802,164.659,79.520,41.121
156.676,164.518,79.390,40.541
175.654,165.030,79.057,40.151
195.215,165.018,78.994,39.650
215.045,165.292,78.175,39.671
233.756,165.237,78.191,39.236
250.075,165.264,76.645,39.576
264.406,161.728,71.151,43.558
280.215,164.702,64.910,50.033
280.090,163.351,64.842,50.097
280.043,160.464,64.834,50.105
279.971,156.952,64.831,50.109
279.757,154.019,64.823,50.116
279.681,150.898,64.815,50.125
279.655,149.016,64.803,50.137
279.714,147.412,64.794,50.146
279.582,145.206,64.785,50.156
279.592,143.660,64.776,50.166
279.630,142.796,64.766,50.177
279.511,141.613,64.756,50.187
279.601,140.433,64.748,50.196
279.584,140.265,64.742,50.203
279.720,139.901,64.735,50.210
279.796,139.671,64.728,50.218
279.823,139.454,64.721,50.224
279.739,138.703,64.715,50.231
279.773,139.002,64.708,50.239
279.968,138.857,64.700,50.247
280.166,138.905,64.695,50.252
280.077,138.989,64.688,50.260
280.096,139.301,64.681,50.267
280.062,139.704,64.676,50.273
280.139,139.446,64.669,50.280
280.142,138.940,64.662,50.288
280.093,138.930,64.655,50.295
280.052,138.820,64.648,50.303
279.892,138.704,64.642,50.309
279.941,138.366,64.636,50.315
279.994,138.298,64.630,50.322
280.076,138.345,64.624,50.328
279.958,138.112,64.617,50.336
280.087,137.438,64.611,50.342
280.054,137.504,64.605,50.349
280.017,137.273,64.595,50.359
279.950,136.784,64.586,50.370
280.151,136.466,64.580,50.376
280.093,136.269,64.574,50.383
280.117,136.003,64.567,50.390
280.124,135.591,64.561,50.397
279.858,134.977,64.553,50.405
279.193,133.939,64.540,50.419
278.624,134.299,64.525,50.434
277.692,136.269,64.507,50.452
275.809,136.309,64.156,50.840
275.200,138.073,63.868,51.147
246.834,145.954,66.203,49.110
242.078,154.961,70.207,45.772
244.035,161.950,72.813,43.296
247.709,162.361,73.918,41.967
254.428,162.844,74.083,41.326
257.234,176.987,71.432,43.309
263.207,175.995,68.522,45.519
266.787,174.383,66.825,46.886
273.178,171.837,63.769,49.839
272.546,169.919,61.024,52.508
276.271,161.803,57.055,57.075
283.273,160.760,54.294,60.240
283.884,160.096,53.207,61.566
284.861,159.218,52.815,62.053
284.768,157.057,52.769,62.108
284.378,155.819,52.749,62.130
283.836,155.042,52.728,62.155
284.075,154.493,52.705,62.182
283.541,154.429,52.694,62.195
282.793,154.253,52.678,62.214
282.594,153.828,52.656,62.239
282.584,154.537,52.634,62.264
282.310,154.928,52.615,62.286
280.722,154.964,52.601,62.303
278.404,153.360,52.548,62.366
276.583,143.669,51.602,63.490
278.453,142.024,49.590,65.760
286.413,124.889,47.169,68.474
286.778,121.422,46.853,68.816
286.537,120.489,46.824,68.852
286.007,119.678,46.805,68.875
285.606,118.979,46.788,68.895
285.311,118.122,46.772,68.913
285.065,117.387,46.757,68.932
284.848,116.809,46.741,68.951
284.910,116.264,46.729,68.965
285.000,115.657,46.715,68.981
285.030,115.016,46.704,68.995
284.990,114.274,46.692,69.008
285.051,113.978,46.680,69.022
285.069,113.401,46.668,69.035
284.914,112.947,46.657,69.049
284.729,112.587,46.646,69.061
284.817,112.258,46.637,69.072
284.973,112.857,46.628,69.081
285.223,113.632,46.622,69.088
285.566,114.134,46.616,69.095
286.216,114.912,46.611,69.100
286.712,115.924,46.606,69.105
287.036,116.822,46.601,69.111
287.227,117.209,46.596,69.117
287.590,117.595,46.590,69.124
287.935,117.893,46.583,69.132
288.024,118.099,46.575,69.142
288.220,118.657,46.569,69.149
288.209,118.968,46.562,69.156
288.268,119.583,46.555,69.164
288.312,120.676,46.549,69.170
288.386,121.224,46.543,69.178
288.537,122.334,46.537,69.184
288.640,122.937,46.531,69.191
288.605,123.290,46.523,69.201
288.671,124.641,46.515,69.209
288.615,125.395,46.505,69.221
288.708,125.799,46.497,69.230
288.760,126.689,46.490,69.238
288.629,127.264,46.482,69.247
288.708,128.493,46.476,69.254
288.699,129.097,46.467,69.265
288.638,129.588,46.458,69.275
288.735,130.227,46.452,69.282
288.735,131.042,46.443,69.293
288.576,131.395,46.434,69.303
288.646,131.766,46.428,69.310
288.518,131.707,46.421,69.318
288.513,131.370,46.414,69.326
288.575,131.664,46.408,69.333
288.515,130.830,46.401,69.341
288.550,130.809,46.396,69.348
288.752,130.593,46.391,69.353
288.632,129.626,46.385,69.360
288.615,128.752,46.380,69.365
288.619,128.873,46.374,69.372
288.384,129.817,46.369,69.378
287.845,130.413,46.360,69.388
287.640,130.020,46.347,69.402
287.648,130.961,46.335,69.416
287.946,131.329,46.327,69.425
288.151,132.118,46.318,69.435
288.238,133.231,46.308,69.445
288.308,134.355,46.298,69.458
288.235,135.578,46.287,69.471
288.401,135.146,46.277,69.482
288.466,135.437,46.269,69.491
288.653,135.791,46.262,69.499
288.757,136.235,46.258,69.503
288.551,136.521,46.249,69.514
288.365,136.915,46.244,69.520
288.182,137.687,46.237,69.529
288.277,137.823,46.227,69.540
288.556,137.273,46.217,69.552
288.716,136.893,46.211,69.559
288.876,136.515,46.205,69.567
288.786,136.154,46.196,69.578
288.762,136.256,46.185,69.590
288.787,135.953,46.178,69.598
288.770,135.894,46.166,69.612
288.905,135.233,46.161,69.618
288.832,134.688,46.151,69.630
288.619,134.314,46.143,69.640
288.250,134.192,46.137,69.647
287.935,134.273,46.130,69.655
287.766,134.996,46.123,69.664
287.142,136.229,46.117,69.671
285.868,136.730,46.111,69.680
284.554,137.623,46.098,69.697
283.764,138.864,46.063,69.742
283.575,138.698,45.993,69.828
283.431,136.706,45.948,69.878
283.378,134.259,45.906,69.924
283.409,131.791,45.835,70.005
283.059,129.468,45.738,70.121
282.749,127.168,45.634,70.251
283.336,124.558,45.484,70.437
284.333,122.036,45.266,70.709
285.841,119.895,45.058,70.975
287.503,117.581,44.915,71.149
288.692,115.883,44.811,71.283
289.665,114.535,44.770,71.334
289.591,112.741,44.759,71.347
288.869,110.710,44.751,71.357
287.488,108.526,44.740,71.370
286.650,105.637,44.718,71.398
286.403,102.701,44.691,71.431
286.186,99.347,44.667,71.461
285.728,94.586,44.639,71.498
283.922,84.553,44.328,71.918
282.951,83.451,43.981,72.379
284.221,89.113,43.865,72.525
285.526,95.655,43.783,72.625
287.040,98.588,43.746,72.666
288.085,100.879,43.720,72.695
288.666,102.017,43.712,72.704
289.334,100.959,43.706,72.710
289.708,100.689,43.702,72.714
289.889,100.421,43.697,72.719
290.099,100.211,43.692,72.724
290.256,100.369,43.688,72.729
290.452,100.265,43.681,72.735
290.669,100.293,43.677,72.739
290.797,100.175,43.673,72.744
290.733,99.886,43.670,72.746
290.613,98.538,43.667,72.749
291.043,96.308,43.664,72.752
291.040,93.932,43.660,72.755
290.993,91.674,43.656,72.759
290.787,89.567,43.652,72.763
290.431,87.298,43.647,72.768
290.086,85.191,43.641,72.774
289.798,83.499,43.635,72.781
289.659,83.379,43.628,72.787
289.530,82.558,43.621,72.795
289.695,82.439,43.616,72.800
289.881,81.209,43.609,72.807
289.910,80.694,43.605,72.812
289.868,80.870,43.601,72.815
289.704,80.989,43.596,72.820
289.772,80.932,43.591,72.825
289.724,81.184,43.587,72.829
289.795,80.946,43.581,72.835
289.747,81.325,43.578,72.838
289.846,81.464,43.574,72.842
289.141,80.982,43.569,72.847
287.797,80.994,43.561,72.855
286.170,82.535,43.528,72.890
285.502,83.533,43.346,73.113
285.631,84.845,43.096,73.424
291.652,84.759,42.779,73.824
291.028,83.677,42.738,73.875
289.888,83.042,42.716,73.899
289.972,80.976,42.712,73.903
290.302,79.614,42.707,73.908
290.376,78.894,42.700,73.915
290.352,78.754,42.695,73.919
290.259,78.930,42.691,73.923
290.225,79.499,42.687,73.927
290.222,78.946,42.683,73.931
290.277,78.823,42.680,73.934
290.263,78.664,42.677,73.937
290.128,78.388,42.674,73.940
290.272,78.418,42.671,73.943
290.206,78.643,42.666,73.948
290.111,77.749,42.662,73.952
290.086,77.004,42.659,73.954
289.945,76.264,42.657,73.957
289.621,75.293,42.653,73.960
289.336,74.912,42.650,73.963
289.042,74.170,42.647,73.966
289.311,72.302,42.643,73.969
289.702,70.710,42.641,73.972
289.904,68.851,42.638,73.975
289.895,67.257,42.636,73.977
289.755,65.745,42.633,73.980
277.808,64.128,42.644,73.969
259.536,57.204,43.981,72.661
256.424,57.916,45.811,70.997
256.640,58.837,47.950,68.976
257.160,59.508,49.967,67.019
258.982,59.613,51.279,65.688
261.365,58.740,51.967,64.988
259.883,57.409,52.221,64.735
256.186,49.723,52.804,64.184
255.750,49.172,53.085,63.912
254.264,48.414,53.252,63.747
253.880,47.703,53.279,63.721
252.047,47.388,53.291,63.710
249.541,46.948,53.294,63.707
247.377,46.809,53.296,63.705
246.673,46.635,53.296,63.705
246.528,46.920,53.297,63.705
244.914,47.244,53.297,63.704
241.875,47.635,53.298,63.704
238.213,48.052,53.298,63.703
234.938,48.509,53.299,63.703
232.078,48.761,53.299,63.702
229.949,48.877,53.300,63.702
227.227,49.230,53.300,63.701
222.829,49.401,53.301,63.701
218.387,49.204,53.303,63.699
215.188,48.792,53.308,63.694
217.276,48.598,53.315,63.687
219.824,47.978,53.323,63.678
223.202,47.142,53.332,63.668
225.697,46.326,53.338,63.662
224.649,44.050,53.320,63.678
225.224,39.306,53.299,63.696
224.286,38.040,53.301,63.692
219.638,39.376,53.306,63.687
215.175,40.223,53.313,63.681
211.466,40.652,53.318,63.676
208.517,41.298,53.325,63.669
207.282,42.176,53.330,63.665
206.037,43.420,53.335,63.661
204.037,44.884,53.343,63.654
202.178,46.324,53.349,63.649
199.913,46.889,53.358,63.641
198.674,47.073,53.364,63.636
196.675,47.338,53.368,63.632
195.000,47.851,53.369,63.631
191.736,47.982,53.370,63.630
188.967,47.954,53.371,63.630
185.338,48.033,53.371,63.629
183.392,48.389,53.372,63.629
180.504,48.856,53.372,63.628
178.404,49.579,53.373,63.628
175.778,50.688,53.374,63.627
173.945,51.972,53.375,63.626
171.802,53.151,53.375,63.626
169.775,54.390,53.376,63.625
166.755,55.599,53.376,63.625
163.025,56.856,53.377,63.624
158.758,58.176,53.377,63.624
154.513,59.356,53.378,63.623
150.875,60.541,53.381,63.621
148.276,61.531,53.382,63.620
145.346,62.524,53.384,63.618
142.414,63.813,53.385,63.617
138.939,64.983,53.387,63.615
136.888,66.576,53.389,63.614
139.232,67.914,53.391,63.612
141.445,69.309,53.391,63.611
143.968,69.887,53.392,63.610
142.426,67.778,53.389,63.612
141.489,64.841,53.376,63.624
141.529,61.409,53.361,63.639
140.648,62.168,53.363,63.634
143.234,62.045,53.365,63.630
