122.000,51.000,51.000,61.000
122.289,51.252,50.883,60.986
122.656,51.981,50.781,60.826
122.976,53.177,50.736,60.682
122.673,54.203,50.755,60.731
123.295,55.068,50.496,60.951
122.653,56.738,50.339,61.086
122.520,57.777,50.482,60.989
122.840,59.040,50.688,60.928
122.802,58.558,51.016,60.845
122.167,59.875,51.124,60.794
122.235,59.133,51.375,60.941
122.253,60.383,51.269,61.023
121.038,60.285,51.315,61.187
122.084,60.098,51.754,61.245
122.091,61.246,51.515,61.668
121.772,60.732,51.722,61.717
121.355,61.920,51.665,61.728
121.471,61.376,52.026,61.652
121.249,62.408,51.840,61.893
120.689,62.775,52.045,61.738
120.184,62.301,52.292,61.635
119.847,62.979,52.260,61.656
120.676,63.037,52.409,61.502
119.747,62.268,52.251,61.877
120.850,63.552,52.328,61.797
118.697,62.433,52.709,61.868
119.798,64.489,52.777,61.932
118.535,63.415,52.990,62.156
117.866,63.022,53.009,62.237
117.874,62.711,53.155,62.008
115.599,62.098,53.179,62.106
113.565,61.640,53.574,61.971
113.088,60.140,53.870,61.945
110.687,59.866,53.437,61.900
109.462,57.946,53.528,62.035
108.574,57.784,53.334,62.045
107.992,57.135,53.408,61.881
106.791,57.275,53.428,61.654
105.970,56.406,53.310,61.634
105.722,56.756,53.141,61.548
106.443,57.462,53.116,61.142
106.804,56.448,52.988,60.654
107.550,55.326,52.827,60.344
107.940,55.214,52.605,59.685
109.440,54.793,52.749,58.962
111.035,54.308,52.627,58.459
111.863,53.411,52.469,58.055
113.380,53.007,52.140,57.631
113.377,52.741,51.735,57.372
114.157,53.966,51.625,56.919
114.772,56.072,51.518,56.642
114.871,57.676,51.257,56.662
115.611,60.370,51.011,57.141
114.402,62.752,50.924,57.468
116.494,64.230,50.541,58.259
115.444,66.959,50.592,58.650
116.936,68.892,50.446,59.054
116.065,71.400,50.533,59.349
114.969,73.298,50.543,59.832
113.889,74.522,50.595,60.305
113.014,76.491,50.326,61.030
113.686,79.348,50.316,61.403
114.239,81.813,50.736,61.371
113.568,83.606,51.757,60.910
113.361,84.986,52.144,60.724
113.423,84.739,52.500,60.583
114.032,85.873,52.526,60.493
115.740,85.790,52.939,60.629
116.281,87.249,53.599,60.423
117.411,87.957,54.661,59.846
118.951,88.438,55.879,59.547
120.641,89.086,56.636,59.423
122.172,88.387,56.759,59.985
123.962,86.493,57.390,60.439
125.108,85.319,57.995,60.786
124.658,83.780,58.504,61.221
123.740,80.581,58.716,62.030
123.098,77.251,58.550,62.974
122.552,73.956,58.275,64.048
121.572,70.751,58.133,64.808
120.938,68.765,58.347,64.874
120.939,67.373,57.902,65.053
121.031,66.159,57.667,64.738
121.559,65.707,57.050,64.586
121.929,65.598,56.659,64.218
120.185,65.975,56.543,63.879
120.599,65.183,56.188,63.710
120.907,64.349,55.718,63.448
121.014,63.331,55.193,63.335
119.149,62.979,55.020,63.270
120.229,61.872,54.775,63.141
118.202,60.571,55.095,62.674
116.124,57.754,55.160,62.459
113.171,56.361,55.097,62.076
112.073,55.408,54.676,61.603
109.838,53.594,54.334,61.171
109.420,54.335,53.735,60.743
107.297,54.515,53.106,60.524
105.720,54.708,52.462,60.248
105.074,55.198,51.939,59.858
104.199,55.431,51.392,59.561
103.826,55.411,51.044,59.279
103.965,55.262,51.021,58.863
103.725,55.769,50.778,58.645
102.813,55.099,50.665,58.194
103.712,54.265,50.619,57.451
103.935,54.649,50.495,56.936
104.434,54.565,50.589,56.521
105.510,55.282,50.399,56.267
105.963,56.035,50.040,56.361
107.343,56.607,50.147,56.252
107.443,56.341,50.030,56.540
108.848,57.345,50.183,56.462
108.913,57.698,50.365,56.508
110.192,58.843,50.247,56.743
110.898,59.784,50.321,56.948
112.247,60.294,50.174,57.195
112.615,62.664,50.379,57.212
112.102,65.134,50.310,57.340
112.619,63.603,50.333,57.457
111.800,66.336,50.614,57.061
111.872,64.650,50.354,57.551
112.011,64.853,50.568,57.329
113.005,66.151,50.590,57.265
112.809,67.240,50.124,57.513
113.930,68.251,49.847,57.489
113.259,68.094,49.928,57.700
114.001,67.577,49.462,58.189
112.983,66.863,49.691,58.268
113.619,66.342,49.292,58.527
113.903,65.643,49.086,58.737
113.696,65.261,49.210,58.584
114.427,65.845,49.228,58.445
113.417,65.872,49.395,58.099
114.288,66.391,49.251,57.996
114.292,66.111,49.319,57.981
112.454,66.994,49.839,57.681
112.596,66.580,49.911,57.797
111.681,66.685,50.266,57.786
111.360,66.379,50.516,57.721
110.816,66.137,50.694,57.650
109.866,65.319,51.178,57.650
108.332,65.455,51.582,57.469
105.805,65.553,51.742,57.302
105.672,65.866,51.775,57.285
103.605,66.209,51.747,57.314
104.103,66.027,51.731,57.295
104.546,66.501,51.772,57.283
103.851,66.228,52.098,57.393
104.820,65.707,52.175,57.619
104.944,66.545,52.364,57.679
104.608,66.806,52.519,57.832
105.389,67.953,52.268,58.227
105.235,68.205,52.694,58.332
106.196,68.610,52.581,58.815
105.998,69.382,53.141,58.829
106.212,69.705,53.404,59.200
105.776,69.411,54.084,59.370
105.368,68.925,54.670,59.465
106.221,68.128,54.713,60.003
105.703,68.059,54.770,60.444
105.345,68.045,54.896,60.724
104.936,68.715,54.976,60.896
106.615,67.825,54.761,61.396
105.216,67.982,54.679,61.843
106.725,67.118,54.705,62.136
105.104,68.654,54.948,62.128
106.465,67.114,55.347,62.321
104.886,68.101,55.209,62.686
106.007,66.590,55.397,63.035
104.073,66.778,55.136,63.310
105.319,66.455,54.953,63.488
103.561,65.395,54.777,63.688
104.250,65.631,54.531,63.695
103.382,64.521,54.464,63.918
103.565,64.531,54.228,63.948
103.143,63.731,54.037,63.820
103.342,63.662,53.731,63.805
102.818,63.225,53.230,63.717
103.036,62.899,52.912,63.445
102.848,62.579,52.536,63.312
103.074,62.880,52.144,62.902
102.968,62.687,51.753,62.723
103.117,62.870,51.468,62.332
103.371,63.137,51.107,62.079
104.663,63.453,50.712,61.586
103.898,64.232,50.465,61.373
103.573,63.720,49.953,61.190
104.555,64.324,49.684,60.816
103.712,63.674,49.283,60.674
104.939,64.298,48.995,60.201
104.671,64.218,48.558,60.042
106.005,65.175,48.399,59.367
105.742,64.416,48.039,59.370
107.145,65.656,47.925,58.728
106.225,66.113,47.496,58.536
107.779,66.588,47.388,58.128
107.265,66.914,47.052,57.808
108.249,66.810,46.940,57.418
109.002,67.734,46.793,56.975
109.996,69.038,46.649,56.495
108.818,69.335,46.541,56.249
109.665,70.135,46.292,56.171
109.991,70.642,46.201,55.878
110.655,71.664,46.011,55.595
109.292,71.702,45.786,55.557
110.448,72.446,45.579,55.466
108.985,72.596,45.593,55.445
110.309,73.550,45.392,55.452
108.898,73.715,45.376,55.346
109.524,73.806,45.643,55.016
109.668,74.084,45.689,54.831
107.987,74.467,45.696,54.559
108.929,74.193,45.847,54.368
107.994,74.007,45.692,54.308
107.803,73.624,45.701,54.044
107.277,73.160,45.615,53.917
108.977,72.788,45.886,53.339
107.936,73.709,45.729,53.029
106.559,73.755,45.425,53.094
107.532,73.123,45.240,52.859
106.102,72.930,44.988,52.816
106.906,72.822,44.623,52.843
105.599,72.170,44.207,53.054
105.732,72.006,43.916,53.078
105.129,71.627,43.597,53.085
104.719,71.359,43.257,53.106
104.308,70.876,43.054,53.144
104.840,70.634,42.939,53.125
104.050,69.893,42.801,53.087
104.161,70.232,42.536,52.954
104.655,70.862,42.453,52.586
105.206,71.537,42.251,52.291
105.631,72.219,42.285,51.937
106.393,72.279,42.500,51.537
105.614,73.534,42.680,51.127
105.247,74.143,42.831,50.915
104.593,74.355,43.189,50.653
105.086,74.512,43.311,50.512
104.063,74.626,43.756,50.214
104.073,75.257,43.938,50.088
103.566,74.557,43.992,50.264
104.939,74.258,43.907,50.286
105.372,74.408,44.214,50.070
105.107,74.719,44.665,49.780
104.872,74.509,44.976,49.683
105.748,74.864,45.187,49.720
104.752,75.184,45.502,49.833
104.286,75.237,45.878,49.845
104.115,74.838,46.194,50.023
103.333,74.856,46.406,50.094
102.676,73.571,46.701,50.379
102.208,72.213,46.959,50.574
101.509,70.771,46.824,50.815
101.460,68.866,46.608,51.125
101.204,66.717,46.675,51.428
101.670,64.265,46.612,51.619
101.802,62.681,46.726,51.546
100.624,61.516,46.575,51.554
102.164,59.739,46.400,51.475
100.125,58.335,46.495,51.497
101.389,56.563,46.365,51.404
101.252,54.592,46.352,51.392
100.524,52.315,46.145,51.455
100.480,50.318,46.134,51.510
100.460,49.494,46.022,51.643
101.729,49.021,45.880,51.689
100.628,48.008,46.136,51.814
102.258,46.686,46.205,51.906
101.489,45.846,46.597,51.951
101.490,45.290,46.661,52.272
102.508,45.591,46.835,52.357
103.488,45.186,46.688,52.745
103.339,45.698,46.695,52.739
105.138,46.022,46.677,52.808
105.847,46.591,46.670,52.393
106.644,47.966,46.825,52.078
108.378,49.200,47.093,51.607
109.222,50.403,47.510,51.178
110.351,51.989,47.701,50.937
111.528,53.370,47.248,51.029
111.751,53.494,46.965,51.378
112.863,53.908,46.355,51.811
113.082,54.632,46.087,51.882
116.056,54.232,45.365,52.300
113.485,55.117,45.198,52.437
116.377,55.119,44.645,52.621
115.065,55.510,44.768,52.431
116.511,56.658,44.580,52.414
116.649,57.603,44.720,52.219
117.915,58.901,44.745,52.281
117.817,60.497,45.004,52.157
118.794,62.082,45.414,51.973
119.018,63.952,45.904,51.936
119.140,65.945,46.451,51.863
118.826,67.842,47.135,51.834
118.597,69.528,47.589,51.948
118.423,71.304,48.076,52.072
117.865,72.142,48.433,52.473
117.615,73.850,48.756,52.733
116.958,75.073,48.978,52.926
115.825,76.849,49.058,53.019
115.003,77.978,49.239,53.136
114.706,79.605,49.219,53.339
114.352,80.664,49.077,53.823
113.673,80.411,48.484,54.785
112.703,80.741,47.998,55.489
112.845,80.452,48.176,55.868
112.499,80.085,48.321,56.227
111.926,80.138,48.194,56.784
112.500,79.933,48.271,57.322
112.442,79.731,48.621,57.686
112.007,79.797,48.881,58.193
111.461,79.669,49.606,58.434
110.742,78.286,50.325,59.055
109.519,77.460,50.774,59.719
108.430,76.620,51.159,60.315
107.202,75.743,51.562,61.074
105.540,75.555,51.781,61.660
103.798,74.264,52.259,62.352
102.444,73.996,52.417,62.712
100.530,72.955,52.859,63.190
98.186,72.099,52.970,63.482
97.263,71.313,52.965,63.650
95.215,70.195,52.927,63.663
93.470,69.191,53.110,63.307
92.439,68.642,53.210,62.934
89.923,67.390,53.326,62.469
89.718,68.913,52.705,62.443
87.560,67.535,52.902,62.224
86.404,68.431,52.637,62.159
84.659,68.224,52.886,61.840
85.068,68.231,52.923,61.692
81.875,67.240,53.323,61.410
81.535,67.670,52.979,61.334
79.534,67.750,53.305,61.072
78.700,67.693,53.530,60.732
75.687,67.804,53.800,60.438
74.817,68.423,53.544,60.354
73.615,68.842,53.866,59.965
72.773,69.187,54.153,59.707
72.182,69.023,54.751,59.304
71.654,69.217,55.691,58.832
69.590,69.191,56.516,58.506
67.904,68.958,56.893,58.443
65.870,69.709,57.587,58.149
64.369,69.015,58.233,58.020
62.537,69.555,58.848,57.889
60.992,69.068,59.161,57.857
60.186,68.992,59.561,57.695
58.624,69.239,59.912,57.672
56.817,69.726,60.232,57.726
55.533,70.010,60.687,57.696
54.261,69.936,61.191,57.819
53.770,70.298,61.497,57.788
52.574,70.232,62.519,57.667
51.779,69.076,63.473,57.517
51.140,68.647,63.717,57.417
50.464,67.933,63.786,57.509
50.347,68.534,63.830,57.377
50.159,67.917,63.843,57.375
49.671,67.263,63.355,57.767
49.954,65.742,63.315,58.316
50.003,65.286,63.221,58.696
53.097,63.756,63.139,59.302
53.538,63.206,63.036,59.549
54.428,61.154,62.703,60.016
56.128,60.640,62.556,60.175
57.487,59.826,62.194,60.613
58.617,57.565,61.766,61.057
60.018,55.546,61.391,61.200
60.418,53.806,61.064,61.204
62.475,50.995,60.228,61.513
63.865,49.450,59.285,61.968
64.806,47.944,58.224,62.556
66.867,47.992,57.663,62.615
68.619,45.715,56.964,62.818
70.275,45.339,56.345,63.044
71.006,43.961,55.992,63.154
74.914,42.757,55.443,63.032
75.365,42.191,55.155,62.671
79.002,41.265,54.973,61.818
80.766,41.316,54.479,61.173
83.725,39.961,54.173,60.597
86.347,41.550,53.775,59.748
88.240,42.487,53.668,58.946
89.992,42.851,53.529,58.337
92.403,43.723,52.988,58.110
94.428,45.157,52.599,57.757
95.878,46.492,52.384,57.618
97.405,47.147,52.082,57.623
98.319,48.339,51.804,57.748
99.966,50.434,51.600,57.661
100.183,51.210,51.524,57.727
101.350,52.991,51.409,57.984
102.126,54.520,51.435,58.263
102.529,56.300,51.427,58.554
102.579,58.309,51.476,58.933
103.750,60.247,51.674,59.292
104.195,61.871,51.704,59.691
104.046,64.663,52.016,59.905
103.593,66.838,52.154,60.292
104.174,68.464,52.404,60.503
103.529,71.012,52.167,61.158
104.695,72.717,52.196,61.518
104.861,74.437,52.403,62.018
104.909,76.127,52.350,62.478
105.508,77.389,52.659,62.800
104.845,79.211,52.851,62.926
107.128,81.439,52.384,63.274
106.029,84.984,52.399,63.232
107.274,86.608,52.357,63.489
106.893,89.404,52.445,63.513
106.868,92.098,52.165,63.574
107.089,93.848,51.684,63.713
106.863,96.564,51.447,63.569
107.277,99.873,50.832,63.578
107.020,103.364,50.400,63.298
106.993,105.544,50.189,63.420
106.979,108.172,49.941,63.698
107.310,110.762,49.556,64.458
107.858,113.551,49.262,65.182
106.698,115.860,49.602,65.386
107.941,119.202,49.596,65.955
107.677,115.912,49.226,66.724
106.698,117.332,49.334,66.412
106.444,116.708,49.462,66.125
106.714,115.916,49.011,66.566
106.640,115.532,48.354,67.232
106.920,117.851,47.466,68.270
106.763,118.168,47.043,68.821
106.568,120.011,46.505,69.172
106.432,126.258,46.527,68.774
106.138,126.092,46.498,68.691
106.040,126.437,46.456,68.671
105.801,127.933,46.106,68.924
104.089,138.171,48.263,66.647
102.804,140.472,49.699,65.007
100.905,142.403,50.839,63.895
100.126,143.771,51.674,63.128
99.592,145.647,52.383,62.439
98.507,147.177,53.054,61.966
97.843,148.046,53.587,61.732
96.923,149.095,54.345,61.482
94.958,149.319,54.786,61.565
94.023,150.139,55.271,61.731
93.798,150.793,55.608,61.892
92.231,152.954,56.053,61.660
91.687,154.379,56.656,61.215
90.892,155.417,56.999,60.975
89.652,156.595,57.642,60.808
88.675,157.232,58.103,60.603
86.904,158.381,58.570,60.445
86.066,159.211,58.278,60.679
83.814,159.841,58.235,60.991
82.858,158.109,57.599,61.645
82.181,154.639,57.615,62.300
81.890,151.901,57.956,62.499
81.693,148.954,58.514,62.382
80.796,145.366,58.892,62.430
81.700,141.843,58.798,62.514
81.557,138.091,58.979,62.267
81.858,133.855,58.947,62.369
81.607,130.436,59.513,62.291
82.005,127.703,60.094,62.688
81.608,125.690,60.932,62.889
82.051,122.665,61.081,63.504
81.504,120.493,61.161,64.597
82.497,117.517,61.050,65.814
83.510,113.208,60.846,67.456
84.275,109.273,60.914,68.906
84.468,106.981,60.926,69.856
86.323,105.237,61.178,69.923
88.853,103.694,61.233,70.538
89.057,101.372,61.576,71.158
90.121,98.666,61.128,72.171
91.943,94.552,60.504,72.948
94.340,92.131,60.281,73.254
96.882,90.907,59.990,73.321
99.200,90.281,60.104,72.990
100.078,90.113,60.484,72.432
101.989,90.047,60.463,72.040
104.580,90.961,59.901,71.772
106.140,90.534,59.872,71.500
108.181,90.406,59.293,71.579
109.767,91.007,59.635,70.831
111.516,90.705,60.121,70.278
112.504,90.626,60.908,69.518
113.970,90.890,61.442,68.905
113.798,91.180,62.137,68.425
113.681,90.667,62.943,68.265
115.049,91.281,63.318,67.977
114.951,90.134,64.309,67.964
114.920,89.589,64.531,68.131
116.834,88.984,64.433,68.537
118.360,89.097,64.522,68.560
120.818,89.088,64.581,68.771
123.887,88.679,64.680,69.185
125.667,88.386,65.032,69.306
128.741,87.586,64.807,69.670
139.135,88.343,65.642,69.870
140.318,87.693,66.247,70.305
141.760,87.605,66.378,70.645
143.083,89.106,66.394,70.581
143.273,89.175,66.413,70.912
143.488,89.866,65.846,71.032
145.856,89.885,64.974,71.084
145.814,91.453,63.867,70.941
146.164,92.002,62.082,71.137
146.896,93.456,60.048,71.570
148.478,93.862,58.817,71.654
150.106,95.413,58.266,71.249
150.348,96.480,57.771,70.732
150.675,97.363,56.936,70.436
151.111,98.287,56.349,70.181
151.044,99.826,56.319,69.681
153.906,96.196,53.416,71.949
156.453,94.163,51.582,73.278
158.293,92.834,50.282,74.234
164.569,102.489,51.730,71.330
163.960,102.393,52.796,69.244
163.313,101.722,53.514,67.382
169.458,101.587,55.452,65.312
168.671,99.816,56.075,64.148
168.946,97.019,56.123,64.146
168.990,90.283,56.557,63.809
169.912,88.393,56.904,63.838
169.527,87.107,57.272,63.722
169.141,83.054,57.681,62.876
169.429,81.803,57.943,62.956
168.979,77.605,58.329,62.658
169.246,77.184,58.689,62.689
169.008,75.156,59.204,62.691
168.517,72.641,59.703,62.898
168.664,69.261,59.502,63.636
167.549,65.596,59.736,64.149
167.556,62.650,59.117,65.175
168.893,60.451,59.053,65.414
168.884,58.506,58.857,65.876
169.771,56.366,59.414,65.787
170.220,55.011,59.632,65.989
169.847,53.184,59.940,66.038
168.624,51.581,60.017,66.129
167.799,50.527,59.977,66.154
166.345,49.234,59.777,66.365
164.128,48.594,59.451,66.524
163.744,50.309,58.621,66.647
161.778,52.083,58.248,66.482
159.921,53.123,57.645,66.303
160.213,54.816,56.817,66.194
158.553,55.503,56.566,65.624
157.381,57.098,56.171,64.996
155.084,58.775,55.693,64.533
154.939,60.295,55.197,63.899
152.467,61.158,54.851,63.633
149.773,62.518,54.478,63.264
148.537,63.468,53.745,63.332
145.660,62.699,53.194,63.126
143.073,63.361,52.942,62.619
140.957,62.640,52.537,62.031
139.709,63.192,52.167,61.516
137.969,63.663,52.058,61.094
136.781,65.062,51.919,60.771
134.270,66.471,51.782,60.765
131.459,67.910,52.277,60.606
128.644,70.676,52.951,60.285
126.179,73.199,53.575,60.007
123.570,74.876,54.496,59.799
122.024,76.414,54.525,60.079
122.333,75.696,54.990,60.712
124.274,73.146,55.838,60.974
126.733,71.456,56.320,61.396
129.516,69.730,55.784,62.296
134.475,69.629,54.674,62.682
136.759,68.705,53.077,63.223
139.182,68.465,51.923,63.289
139.969,69.566,52.023,62.463
140.768,70.008,52.117,61.942
143.582,71.277,52.780,60.860
143.623,70.254,53.727,59.977
143.242,69.576,54.509,59.455
141.318,68.228,54.928,59.219
139.729,68.230,54.575,59.234
136.711,68.056,54.249,59.104
135.219,71.028,53.889,59.081
132.413,73.220,53.531,59.207
131.630,74.858,53.262,59.581
130.604,76.257,53.136,59.536
129.373,78.879,52.998,59.513
127.026,80.928,53.801,59.155
124.639,82.737,54.830,58.797
121.193,84.751,55.994,58.693
117.953,85.871,57.667,58.305
115.541,87.533,58.675,58.529
112.819,89.195,59.297,59.081
110.988,91.160,59.454,60.263
109.776,92.641,59.974,60.782
108.369,93.304,60.390,60.981
109.972,94.990,60.393,61.016
109.780,96.473,61.173,60.671
108.357,98.891,61.540,60.308
109.521,101.935,61.354,60.515
106.680,103.625,61.189,61.170
107.335,105.999,60.509,62.028
107.979,109.825,60.175,62.759
108.729,112.354,59.843,63.521
108.595,115.027,59.578,64.446
108.394,116.049,58.980,65.184
108.891,116.269,58.456,66.008
108.469,116.143,58.467,66.025
107.118,116.529,58.203,66.053
105.083,117.912,57.875,66.087
105.219,117.631,57.509,65.960
105.314,117.788,57.113,65.706
104.912,117.977,57.065,65.332
104.017,118.812,56.533,65.232
102.568,119.543,56.589,64.642
100.958,120.347,56.927,64.034
101.604,120.283,56.764,63.826
101.437,119.765,56.630,63.569
102.406,119.098,56.321,63.643
100.970,118.023,55.985,63.984
100.079,116.134,55.488,64.889
98.265,113.685,55.099,66.180
99.102,112.691,54.833,66.820
99.063,110.673,54.393,68.081
98.231,109.829,53.685,69.154
99.514,102.933,50.898,72.763
102.165,100.186,50.849,72.819
102.135,98.660,51.855,72.333
101.994,96.456,52.591,71.821
102.319,94.652,53.600,71.200
102.888,92.835,54.813,70.472
102.887,91.288,56.390,69.524
101.814,87.048,57.938,68.909
101.463,82.378,59.092,68.770
100.706,79.096,59.789,68.903
102.095,75.918,60.182,69.064
100.437,73.666,60.887,68.974
99.141,70.159,61.547,68.780
98.369,67.703,61.705,68.464
97.613,66.235,61.759,68.195
98.484,64.848,61.102,68.138
97.814,63.914,60.935,68.019
97.100,62.645,60.832,67.717
94.548,60.962,61.185,67.359
93.380,59.625,60.927,67.299
90.402,57.812,60.813,67.188
89.037,57.518,60.641,66.832
85.454,56.655,60.483,66.757
83.291,56.994,60.207,66.308
81.629,56.064,60.057,66.262
81.203,54.641,59.637,66.317
79.699,54.937,59.399,65.868
79.410,54.245,59.101,65.539
78.419,54.382,58.698,65.009
78.610,54.729,58.521,64.250
78.625,55.653,58.150,63.673
78.814,55.891,57.721,63.499
78.959,57.340,57.788,62.949
77.292,59.832,58.225,62.021
76.201,61.643,58.768,61.301
75.037,63.079,59.302,60.446
74.366,64.339,59.703,59.942
73.582,65.259,60.026,59.278
72.543,65.461,60.531,58.770
71.372,65.747,60.871,58.109
70.972,67.282,61.065,57.431
69.369,68.110,61.441,56.900
68.221,70.038,60.952,56.888
68.268,71.938,60.873,56.582
67.088,72.984,61.020,56.133
67.830,74.093,61.169,55.837
67.243,76.894,60.583,55.697
67.873,79.256,60.076,55.350
67.091,81.384,59.783,54.941
67.829,83.145,59.182,54.448
68.897,85.076,58.911,53.803
68.898,85.683,58.501,53.222
70.488,85.339,58.083,52.885
71.872,83.979,57.349,52.933
73.816,80.627,56.876,53.027
76.684,77.100,56.254,53.426
79.273,75.074,56.028,53.575
81.987,74.135,56.111,53.762
83.736,72.502,56.177,54.100
85.918,70.794,56.128,54.520
89.074,69.486,56.027,55.122
90.987,67.715,55.762,56.117
94.291,65.754,55.455,57.188
97.451,63.290,54.911,58.415
99.608,60.905,54.881,59.379
101.430,59.689,55.298,59.713
100.754,58.917,55.641,60.306
101.539,58.140,55.793,60.671
100.548,56.539,56.113,60.994
100.278,55.351,56.082,61.330
100.062,53.390,55.907,61.589
99.849,53.035,55.996,61.559
98.518,51.087,56.228,61.621
99.280,51.234,56.061,61.436
97.763,48.847,55.952,61.709
97.780,47.554,55.929,61.795
97.274,46.019,55.943,61.813
97.960,45.798,55.394,61.993
96.526,44.174,55.073,62.413
96.533,45.353,54.799,62.191
94.673,43.541,54.916,62.377
93.863,45.012,55.187,61.808
92.610,43.465,55.032,61.815
90.192,44.732,55.412,61.060
88.392,45.448,55.625,60.519
86.813,44.486,55.706,60.247
85.529,44.214,55.987,59.764
82.802,43.757,56.078,59.697
81.623,42.427,56.238,59.656
80.336,40.582,56.560,59.734
78.303,39.661,56.603,59.904
76.895,37.633,56.856,59.917
75.881,35.927,56.930,59.928
74.503,33.552,56.870,60.066
73.988,32.020,56.448,60.245
73.504,30.773,55.886,60.468
72.675,28.402,55.813,60.880
72.091,28.208,55.368,60.866
70.502,27.824,54.879,60.927
69.323,27.890,54.704,60.697
68.067,28.186,54.706,60.447
68.105,27.794,54.657,60.063
68.932,28.176,54.695,59.728
70.334,29.157,54.418,59.799
70.679,29.594,53.835,60.360
70.771,30.324,53.432,60.596
71.833,31.708,53.182,60.756
72.428,33.405,52.686,60.997
73.700,35.183,52.958,60.834
75.174,36.645,53.168,61.016
75.479,39.113,53.685,60.800
76.791,41.697,53.554,60.700
77.247,44.691,53.799,60.570
78.674,47.016,53.692,60.363
79.445,49.801,53.575,60.039
80.833,52.142,53.489,59.404
82.704,53.011,53.598,58.823
84.609,53.094,53.695,58.341
86.413,52.954,53.766,58.151
88.538,53.028,53.849,57.843
91.370,52.171,53.680,57.778
94.455,51.012,53.615,57.727
95.095,48.787,53.225,58.182
99.252,47.571,52.750,58.626
101.653,45.389,52.875,58.772
103.863,43.393,52.688,59.017
105.954,41.507,52.316,58.888
107.147,40.384,52.077,58.634
110.464,38.194,51.279,58.744
112.737,37.028,50.854,58.482
115.349,35.782,50.253,58.362
117.058,34.489,49.773,58.253
119.948,34.118,49.223,58.249
122.046,33.211,48.835,58.077
124.382,32.597,48.553,57.751
127.297,32.139,48.399,57.310
128.855,31.465,48.099,57.032
132.168,31.485,47.728,56.710
133.619,31.178,47.665,56.329
136.379,31.275,47.353,56.025
138.712,31.033,47.085,55.720
141.416,31.372,46.796,55.399
143.014,31.308,46.529,55.163
145.500,30.844,46.195,55.170
147.310,30.621,45.900,55.078
150.323,30.827,45.756,54.958
151.232,30.683,45.346,55.073
153.425,30.592,45.193,55.009
155.123,30.806,44.846,55.036
157.541,31.351,44.423,55.163
159.203,32.498,44.412,54.944
160.001,33.656,44.241,54.991
161.195,35.020,44.115,54.881
163.086,36.393,44.172,54.643
163.897,37.335,44.248,54.501
163.775,38.450,44.211,54.393
164.810,40.518,44.296,53.984
166.471,42.636,44.418,53.549
167.685,45.411,44.401,53.165
168.367,47.580,44.379,52.920
169.471,49.475,44.401,52.811
170.114,51.855,44.650,52.408
170.620,53.337,44.665,52.277
170.629,54.967,44.627,52.161
171.178,56.607,44.433,52.048
171.522,57.926,44.204,52.083
171.095,58.873,44.444,51.833
170.798,59.700,44.486,51.691
170.455,60.488,44.215,51.926
169.723,60.640,44.229,52.029
168.269,61.139,44.367,51.801
165.307,60.591,44.498,51.930
164.038,60.895,44.517,52.205
162.536,60.340,44.572,52.585
161.335,59.533,44.738,52.820
159.005,59.130,44.757,53.029
159.297,57.769,44.654,53.187
158.765,56.730,43.994,53.326
157.967,56.268,43.660,52.935
154.896,57.122,43.200,52.805
153.334,57.860,42.650,52.933
150.880,59.056,42.427,52.756
148.118,59.287,42.488,52.615
145.097,59.955,42.540,52.515
140.741,60.558,42.675,52.368
137.222,61.602,42.733,52.352
134.166,61.911,43.317,52.184
131.896,62.857,44.800,51.528
128.359,63.759,45.854,51.021
124.580,66.101,46.913,50.455
120.093,67.313,47.534,50.435
116.382,68.103,48.056,50.677
112.916,69.997,48.571,51.115
110.085,71.411,49.224,51.762
106.709,71.926,49.923,52.556
103.412,72.815,50.550,53.358
100.884,73.178,51.265,54.002
98.879,73.739,51.432,54.514
97.017,74.191,51.516,54.697
94.608,75.077,51.574,54.786
92.332,76.586,51.989,54.568
91.184,77.213,52.356,54.430
89.211,78.377,52.955,54.199
88.794,78.251,53.651,53.991
87.363,78.953,54.269,53.951
87.407,79.869,54.258,54.401
88.777,81.614,53.761,54.951
89.508,83.395,52.993,55.826
89.961,83.855,52.234,56.567
90.254,85.724,51.499,56.869
91.624,89.955,50.995,56.458
93.368,95.091,50.504,55.992
94.335,99.649,50.918,55.467
94.523,102.915,51.312,55.004
95.612,105.937,51.686,54.444
94.830,108.231,51.914,53.984
94.618,109.884,51.706,54.324
94.753,111.089,51.356,54.927
95.148,112.825,51.080,55.940
95.735,113.954,50.756,56.905
95.784,122.809,50.961,57.490
96.120,125.347,51.576,57.613
96.565,129.104,52.208,57.279
95.656,131.698,52.965,57.115
94.282,130.466,53.598,57.161
93.648,127.172,53.948,57.862
94.363,125.323,53.943,58.953
95.022,123.531,54.095,60.404
94.442,121.414,54.738,61.320
93.540,119.667,54.349,62.464
92.040,117.707,54.203,63.659
90.714,106.396,54.429,65.125
90.214,100.677,54.411,66.963
90.004,87.663,55.527,67.075
88.416,81.352,56.465,67.105
86.506,74.860,57.386,66.915
87.237,69.737,57.804,66.791
88.459,68.187,57.617,66.508
89.842,66.048,57.546,66.393
92.903,64.364,57.544,66.207
94.777,63.699,57.894,65.806
97.639,64.663,58.308,65.114
100.409,64.261,58.649,64.878
103.491,63.723,58.816,64.804
106.900,64.086,58.412,64.681
108.652,65.828,57.842,64.535
110.366,66.320,57.344,64.206
113.772,67.438,56.450,64.339
114.605,66.338,56.204,64.299
116.403,68.044,56.359,63.681
119.012,67.650,56.737,63.188
119.745,67.236,57.020,62.941
119.946,68.157,57.143,62.603
120.489,67.133,57.281,62.541
120.459,67.075,57.197,62.405
119.438,66.520,56.725,62.441
119.051,66.733,56.356,62.619
117.007,66.931,56.173,62.671
115.505,66.088,56.133,63.023
113.838,66.395,55.962,63.303
111.253,67.001,56.140,63.239
107.962,67.486,56.210,63.067
105.857,68.345,56.422,63.125
103.593,68.603,56.254,63.600
101.715,68.591,56.223,63.956
98.525,69.338,56.466,64.112
95.223,70.355,56.596,64.057
94.844,71.575,56.518,63.608
92.271,72.016,56.637,63.313
89.807,73.497,56.898,62.623
88.210,75.659,57.125,62.191
85.697,75.783,57.636,61.958
85.460,77.284,57.379,61.705
83.422,78.362,57.890,61.152
83.956,79.690,58.175,60.822
82.353,81.020,58.160,60.741
83.085,83.196,57.806,60.653
82.587,86.241,57.641,60.189
83.075,88.628,57.639,59.767
83.779,91.150,57.199,59.087
84.734,95.763,57.026,58.352
84.643,99.037,56.126,57.945
85.657,103.007,54.502,57.816
86.315,105.571,53.622,57.671
88.315,108.609,53.411,56.944
87.646,110.667,53.229,56.589
87.541,111.907,52.736,56.370
89.234,112.790,52.310,56.308
91.842,113.428,52.171,56.327
92.560,114.093,51.934,56.571
94.141,114.777,52.073,56.809
95.928,114.689,52.063,57.149
98.132,115.547,51.567,57.858
101.813,115.678,51.494,58.442
105.152,114.574,51.581,59.294
108.481,114.326,51.839,60.008
110.563,112.551,51.764,61.466
111.040,104.775,51.869,61.656
111.426,101.681,51.480,62.534
111.629,97.906,51.054,63.253
111.652,94.523,51.680,63.187
111.794,91.360,52.191,63.354
111.519,88.593,52.603,63.429
110.758,85.489,53.245,63.764
109.785,83.935,54.238,63.748
107.568,81.941,54.976,64.094
105.153,80.117,55.797,64.152
103.995,78.309,56.379,64.479
100.555,76.908,56.989,64.580
97.563,75.479,57.365,64.880
95.165,73.730,57.836,65.085
93.846,72.132,58.050,65.343
91.673,70.893,58.184,65.332
91.009,69.172,58.253,65.271
91.133,68.411,58.196,65.239
90.466,67.361,58.262,65.137
88.972,66.321,58.339,64.907
88.924,63.873,58.459,64.566
89.583,63.520,58.716,64.037
90.381,62.272,58.776,63.835
92.811,60.947,58.484,63.596
92.716,61.097,58.364,63.318
96.558,60.540,57.827,63.543
96.429,61.533,57.931,63.332
100.306,61.673,57.527,63.659
101.358,60.895,57.367,64.048
103.138,59.838,57.250,64.206
103.053,59.677,57.088,64.129
104.558,59.934,56.593,64.234
106.045,59.174,56.260,64.451
108.481,59.046,56.128,64.638
110.561,58.614,55.972,64.686
112.471,58.845,55.941,64.286
113.206,58.179,55.887,63.970
115.156,58.716,55.861,63.417
116.515,59.279,55.610,62.947
116.502,59.421,55.515,62.495
115.524,61.268,54.837,62.046
115.705,62.013,54.944,61.591
116.654,62.901,54.988,61.191
117.708,63.365,55.199,60.571
118.463,63.724,55.637,59.991
118.889,63.174,55.503,59.974
119.983,62.586,54.955,60.305
121.802,62.484,54.510,60.314
122.151,62.019,54.389,60.094
123.276,61.900,53.865,60.064
123.970,60.780,53.235,60.116
124.983,60.376,52.534,60.342
125.885,60.252,51.839,60.461
126.927,59.621,51.089,60.535
128.421,60.243,50.579,60.503
130.456,59.990,50.131,60.454
130.884,60.750,50.297,59.784
131.646,60.561,50.105,59.491
131.874,61.030,49.699,59.562
133.107,61.753,49.207,59.716
133.753,62.671,48.946,59.896
134.648,64.492,48.585,60.091
134.537,66.918,48.351,60.104
133.846,69.870,48.159,60.030
133.892,73.818,47.965,59.486
132.446,77.313,48.046,59.343
132.672,81.688,48.858,58.893
132.109,84.289,49.474,58.791
131.909,86.666,49.884,58.706
130.486,88.780,50.052,58.629
130.135,90.615,50.201,58.810
130.112,93.098,50.501,58.437
129.902,95.126,50.806,58.397
129.928,97.040,51.592,58.106
130.210,98.457,52.263,58.025
128.944,99.980,52.889,57.688
127.548,100.263,52.827,57.682
126.170,100.402,52.679,57.952
123.656,99.075,52.850,58.591
123.231,92.982,52.918,58.816
121.915,92.826,53.090,59.271
120.933,86.102,53.685,59.400
119.279,85.073,54.014,59.905
119.085,78.702,53.607,60.471
118.824,75.180,52.915,60.519
119.587,71.130,52.402,60.209
120.739,70.810,51.774,60.632
121.920,66.032,51.062,60.857
121.271,63.813,51.157,61.061
120.854,61.525,51.068,61.054
120.884,57.054,50.917,60.325
119.260,57.268,50.695,59.711
117.905,56.713,50.547,59.070
114.938,56.095,50.357,58.612
112.550,56.110,49.953,58.259
109.614,54.455,49.803,57.798
107.531,54.730,49.884,56.681
105.408,53.877,49.771,56.227
102.075,54.354,49.886,55.484
98.757,54.207,49.863,55.371
95.637,53.776,50.030,55.151
92.778,53.427,50.081,54.920
90.308,53.278,50.240,54.608
87.625,52.972,50.790,54.384
85.292,53.247,51.005,54.261
82.543,54.505,50.793,54.226
75.640,55.721,50.379,54.067
73.545,56.046,49.675,54.503
71.341,56.208,49.146,54.976
70.111,57.268,49.015,55.106
69.017,57.743,48.990,55.357
67.580,57.445,49.277,55.274
67.221,57.519,49.799,55.059
65.731,57.273,49.671,55.241
65.201,57.450,49.836,55.149
65.460,58.157,49.818,55.196
65.240,58.330,49.417,55.549
65.819,58.290,49.410,55.655
67.485,58.987,49.247,55.501
68.592,58.848,49.439,55.264
72.273,60.540,49.526,55.236
75.753,61.454,49.522,55.093
79.331,62.439,49.399,54.904
86.412,63.754,49.765,54.520
89.205,65.369,49.672,54.543
92.552,67.385,49.506,54.512
95.650,68.230,49.671,54.278
99.784,68.124,49.742,54.313
102.553,68.534,49.384,54.686
106.635,68.664,48.674,55.108
113.378,68.680,48.153,55.322
114.908,68.717,47.336,55.737
123.015,68.735,47.206,55.803
125.881,68.545,47.159,55.842
129.535,69.756,46.998,55.862
133.533,70.695,47.026,55.476
136.825,70.894,46.844,55.161
140.305,71.144,46.835,54.766
143.248,71.002,47.118,54.189
146.668,71.853,47.936,53.243
148.621,71.818,48.404,52.570
151.642,72.397,48.908,51.933
153.667,73.458,49.174,51.589
155.799,73.858,49.223,51.782
157.641,75.818,49.128,52.026
159.779,78.258,48.705,52.440
161.681,80.812,48.647,52.802
164.395,88.276,48.718,52.692
166.145,90.144,48.134,53.104
166.312,96.834,48.385,52.760
166.381,97.713,48.408,52.931
165.777,103.755,48.646,52.834
165.787,105.434,48.391,53.580
165.140,110.584,49.054,53.159
164.609,115.305,49.333,53.019
163.253,119.610,49.452,52.932
162.772,123.276,49.291,53.057
161.602,122.813,49.176,53.964
162.741,119.767,46.414,57.196
169.200,144.785,47.531,56.218
168.441,149.699,48.408,55.735
155.264,141.783,49.105,55.197
154.778,141.383,49.670,55.035
155.769,147.403,50.364,54.732
158.178,152.702,51.168,54.180
159.377,152.076,51.179,54.287
160.446,151.441,51.164,54.168
161.835,149.857,51.233,54.001
162.657,149.183,51.080,54.001
162.365,148.508,50.698,54.085
161.876,147.226,50.268,54.249
161.676,146.082,49.862,54.291
161.562,144.141,49.767,53.972
155.840,135.768,49.876,53.545
148.745,132.619,50.116,52.966
148.726,123.523,50.135,53.218
148.617,120.362,50.324,53.652
147.978,117.785,50.688,53.719
147.733,115.450,51.185,53.649
155.529,108.762,51.345,53.650
155.882,105.923,51.990,53.590
154.277,102.192,52.190,53.640
152.362,98.457,52.104,53.860
150.442,94.530,52.088,54.494
148.921,90.719,52.256,55.410
147.029,86.560,51.705,56.803
146.621,84.042,51.004,58.094
144.797,81.650,50.501,59.213
143.661,81.766,50.602,59.690
142.515,81.607,51.235,59.911
141.071,81.630,51.898,60.204
139.286,81.676,52.809,60.340
137.619,81.612,53.409,60.691
135.543,82.560,54.501,60.910
132.813,83.364,55.445,61.136
129.620,83.341,56.253,61.391
126.579,83.152,56.817,61.436
123.161,82.554,57.502,61.435
122.204,83.084,58.858,60.909
120.548,84.241,59.874,60.722
119.242,86.337,60.451,60.627
108.978,89.634,61.994,59.917
99.433,92.514,62.317,58.813
99.041,96.724,61.775,58.214
96.440,97.102,60.941,58.506
96.484,97.571,60.028,59.046
95.038,96.537,59.332,59.532
92.862,94.676,58.623,59.878
92.206,94.613,57.716,60.632
92.244,94.509,57.312,61.245
92.957,94.245,57.065,61.683
91.845,93.953,56.970,61.683
92.249,94.240,57.037,61.811
93.120,94.343,57.418,61.502
91.505,93.994,57.220,61.727
90.963,93.345,57.262,61.911
90.627,92.881,57.158,62.006
89.544,93.091,57.015,62.197
88.765,93.075,56.475,62.505
88.442,92.787,56.268,62.666
88.334,93.161,55.997,62.889
88.052,92.120,55.765,63.360
86.649,91.606,55.553,63.579
84.632,90.535,55.181,63.858
84.574,89.343,55.259,63.719
84.010,89.347,55.215,63.832
84.761,89.109,55.047,64.252
83.451,87.527,55.005,64.809
83.196,87.689,55.086,64.803
82.415,86.395,55.370,64.757
81.010,85.113,55.401,64.891
79.928,83.551,55.348,65.041
79.842,82.945,55.934,64.412
77.990,82.025,56.595,63.382
77.472,81.967,57.080,62.351
78.387,81.187,58.187,60.828
78.358,80.866,59.198,59.151
78.553,80.908,60.271,57.336
78.666,79.800,61.384,55.624
79.274,80.760,62.474,54.263
78.971,79.749,62.712,53.763
80.373,77.734,62.118,53.803
81.559,76.623,60.622,54.344
86.290,74.374,58.550,55.431
90.639,71.188,57.197,56.275
92.345,69.919,56.764,56.607
95.151,67.308,56.357,57.291
97.122,65.035,55.932,58.281
98.315,62.309,55.795,59.278
100.402,60.375,55.505,60.101
102.979,58.692,56.119,60.649
101.512,56.689,56.511,61.500
103.979,53.735,56.219,62.518
103.945,50.814,56.553,62.860
105.379,48.903,56.732,63.359
106.565,48.277,56.840,63.408
106.566,46.587,56.624,63.992
107.609,45.541,56.491,64.386
107.714,45.886,56.440,64.412
110.757,44.304,56.037,64.816
110.816,44.050,55.873,64.872
112.904,43.405,55.519,65.076
113.314,42.672,55.067,65.288
114.740,41.447,54.100,65.478
115.473,40.667,53.404,65.451
116.594,40.030,52.370,65.458
116.949,38.253,51.381,65.361
118.181,38.918,50.413,65.064
119.443,40.095,49.781,64.518
121.051,40.494,49.304,64.062
123.782,40.741,48.633,63.913
125.040,41.442,48.135,63.635
126.211,42.694,47.903,63.128
128.277,43.655,47.946,62.180
129.993,45.957,47.639,61.516
132.452,47.065,47.854,60.633
132.533,47.652,47.974,60.132
132.893,48.222,48.067,59.883
131.734,47.936,48.176,59.648
130.985,48.148,47.935,59.903
129.359,47.922,47.238,60.570
127.207,48.037,46.364,61.200
125.251,47.353,45.854,61.367
123.432,46.623,45.285,61.561
122.182,47.349,45.173,61.302
121.071,48.358,45.245,61.121
119.659,50.271,45.510,60.466
116.897,50.114,46.080,60.052
114.473,51.593,46.550,59.476
111.869,53.000,47.184,58.968
107.999,56.017,48.118,58.262
106.245,56.767,48.032,58.977
103.100,58.282,47.925,59.799
100.391,60.023,48.261,60.234
98.400,61.145,48.317,60.755
96.586,63.676,48.238,61.229
94.307,64.012,47.827,62.303
92.782,65.549,47.279,63.002
92.001,65.946,46.796,63.814
90.926,66.702,46.759,64.311
90.068,68.397,46.752,64.396
88.874,70.531,46.902,64.056
87.749,72.608,46.965,63.657
87.021,73.870,46.765,63.258
86.587,75.610,46.567,62.751
86.119,76.829,46.245,62.345
84.936,79.239,46.072,61.762
84.794,80.077,45.793,61.393
85.196,82.038,45.974,60.539
85.727,83.326,45.688,60.344
87.565,85.785,46.998,58.706
89.097,87.396,48.631,57.510
90.386,87.963,49.693,56.901
91.377,88.922,50.175,56.702
92.124,89.210,50.806,56.447
93.201,89.906,51.072,56.416
93.464,89.982,51.390,56.455
94.115,90.193,51.499,56.462
94.622,89.719,51.722,56.588
95.370,89.596,51.952,56.691
96.628,89.158,51.877,56.939
97.693,87.779,51.640,57.741
98.389,86.430,51.368,58.281
99.624,84.455,51.536,58.535
100.164,83.098,51.834,58.699
101.248,81.138,52.202,58.966
100.228,78.917,52.393,59.308
100.415,77.614,52.679,59.562
101.091,75.192,53.202,59.800
101.308,74.469,53.651,59.947
102.334,72.734,54.330,60.326
101.540,70.061,54.910,60.729
105.062,69.773,55.039,60.979
107.511,68.735,55.270,61.288
110.131,69.513,55.176,61.474
111.374,70.775,55.248,61.694
113.530,72.255,55.627,61.849
115.277,73.807,55.851,62.083
115.463,74.542,56.327,61.906
117.355,75.319,56.706,61.763
116.118,76.136,57.020,61.531
116.609,75.382,57.472,61.694
117.185,75.674,57.667,61.786
117.619,75.727,57.691,61.804
118.085,74.371,58.139,61.905
118.167,75.001,58.242,61.825
118.603,75.550,58.441,61.850
119.193,76.257,58.859,61.858
121.645,78.963,59.287,61.771
123.154,80.094,59.907,61.675
131.662,81.328,60.081,61.601
139.456,83.640,60.743,61.180
146.160,85.965,60.366,61.701
145.683,92.311,59.976,62.992
147.614,92.991,60.007,63.476
154.750,92.225,60.856,63.511
161.052,94.074,61.745,63.209
166.999,97.516,62.688,62.635
167.813,97.359,63.742,62.780
174.668,98.136,64.105,62.845
180.819,98.326,64.608,62.571
181.201,100.462,65.177,62.228
182.938,101.082,65.121,62.243
189.709,99.324,64.203,63.186
190.122,98.070,63.286,64.085
190.083,97.364,62.808,64.645
190.108,96.987,62.681,64.967
188.357,97.107,63.043,64.996
188.068,97.040,63.413,64.943
187.757,98.132,63.693,64.579
185.574,98.408,64.128,64.203
183.864,98.221,64.461,63.825
183.041,98.834,64.649,63.442
181.495,98.447,64.531,63.347
180.474,98.381,64.632,63.212
180.514,99.356,64.388,62.942
179.296,100.365,64.570,62.557
179.862,101.073,64.426,62.389
178.727,101.758,64.780,61.976
178.441,102.950,65.236,61.407
178.563,102.974,64.698,61.498
179.777,103.841,64.481,61.325
179.983,104.048,64.505,60.992
180.461,104.113,64.221,61.017
180.793,104.357,64.193,60.974
180.686,104.685,64.316,60.831
181.391,104.493,63.945,61.132
181.356,104.562,63.692,61.346
180.580,104.029,63.725,61.504
180.865,104.893,63.709,61.414
180.168,105.000,63.853,61.244
179.185,105.114,64.098,61.080
179.158,105.219,63.987,60.852
179.515,105.277,63.813,60.708
180.202,104.899,63.230,60.717
180.189,105.117,63.260,60.568
179.645,105.297,63.247,60.471
180.203,105.272,63.145,60.535
180.174,105.398,63.080,60.508
180.460,105.416,62.893,60.302
180.286,105.799,62.921,60.249
181.334,105.918,63.039,60.224
181.368,105.664,62.811,60.319
181.613,106.953,62.889,60.275
181.725,105.882,62.550,60.407
180.971,104.862,62.472,60.461
180.849,105.869,62.488,60.537
180.361,105.885,62.619,60.438
180.741,105.755,62.629,60.397
180.201,106.211,62.634,60.488
180.516,106.571,62.613,60.312
180.722,106.993,62.733,60.133
181.201,106.276,62.328,60.077
181.435,106.673,62.320,59.953
181.101,106.982,62.246,59.966
181.332,106.736,62.125,60.010
181.095,106.939,62.076,59.962
180.837,107.413,62.026,59.887
181.279,107.650,62.052,59.767
180.841,107.456,62.034,59.683
