32.000,60.000,68.000,78.000
35.348,63.250,70.120,76.106
35.299,67.001,71.428,75.455
46.878,76.102,72.221,74.551
52.511,77.983,72.261,74.038
59.508,78.715,72.105,74.429
69.149,81.341,71.246,74.754
77.701,82.009,71.043,74.584
86.263,83.910,70.456,74.879
96.904,89.459,71.478,74.250
106.369,90.126,71.648,74.510
114.959,91.186,71.391,74.968
123.522,91.245,69.988,75.739
126.541,89.051,69.179,76.217
136.966,87.677,67.852,76.691
144.206,85.886,66.846,76.108
147.037,83.673,66.386,76.348
154.856,80.318,66.170,75.985
163.409,71.042,66.579,74.412
173.910,69.535,67.110,73.452
184.832,69.725,68.559,72.341
204.259,70.706,69.377,71.185
223.574,71.929,69.807,70.594
235.064,73.390,69.702,70.973
247.610,72.447,69.966,70.701
261.838,72.745,70.654,70.644
274.520,72.975,70.538,70.516
282.205,72.715,71.125,70.972
285.989,72.429,70.644,71.670
287.608,71.033,69.513,72.730
283.772,72.486,68.564,72.442
273.464,71.474,67.856,72.300
266.049,81.437,67.777,72.914
251.988,80.840,67.507,72.975
239.422,79.109,67.415,72.546
224.993,77.593,67.427,72.253
212.768,77.951,68.361,71.511
194.460,71.716,68.590,70.818
183.325,76.852,68.812,69.726
174.565,79.485,68.084,69.221
162.577,91.880,68.807,68.795
152.369,97.770,69.267,68.507
143.617,102.362,69.869,67.891
137.477,104.366,69.851,68.070
133.159,103.330,68.599,69.896
129.090,103.911,67.828,71.088
124.719,104.430,67.585,72.044
120.412,104.450,67.246,73.086
115.747,104.842,67.880,73.640
112.265,102.773,68.796,73.923
110.383,101.298,70.566,73.770
110.816,100.694,72.457,73.555
121.400,99.965,73.214,74.304
134.741,100.488,73.435,75.223
155.861,100.433,73.165,76.077
173.660,87.610,72.472,77.109
186.031,78.605,73.376,76.292
206.744,77.238,73.852,75.028
223.963,75.569,73.204,74.673
237.273,74.464,72.704,74.634
250.334,73.273,72.382,74.627
264.818,74.132,72.444,74.689
280.823,72.362,71.875,75.386
294.156,72.760,71.187,75.643
303.726,72.984,70.241,75.938
307.773,73.450,69.651,77.044
309.946,73.367,69.527,77.632
308.608,74.897,70.173,76.955
301.254,77.982,70.450,76.087
285.579,80.563,70.773,75.826
270.573,83.823,71.074,76.260
253.860,86.028,71.007,76.031
231.074,85.175,71.905,74.989
206.645,85.757,74.346,73.267
181.770,86.941,75.667,72.058
160.234,90.027,76.342,71.453
140.224,90.725,76.627,72.216
125.305,89.812,76.053,73.895
101.507,89.795,76.651,75.048
88.592,97.817,76.262,76.821
64.844,95.590,76.376,77.502
54.044,94.646,76.156,77.945
64.836,80.992,71.100,82.787
59.810,74.742,71.270,82.555
71.888,82.385,66.598,85.636
73.371,82.628,62.523,88.208
74.401,81.048,59.580,89.813
76.930,81.150,57.091,90.712
78.431,79.858,54.857,91.170
79.251,80.600,53.001,91.150
80.316,80.130,51.329,91.443
81.292,80.225,49.831,91.607
81.358,79.956,48.528,91.605
81.035,79.782,47.666,91.541
80.729,76.714,47.963,90.364
79.033,79.342,48.117,89.691
66.810,83.071,53.375,85.065
61.620,85.798,57.606,80.952
66.264,87.376,61.064,77.557
74.955,87.418,64.113,74.552
84.575,86.976,66.382,72.355
102.104,87.000,68.737,70.572
117.490,88.897,70.316,69.299
137.458,90.830,71.150,68.665
160.119,93.868,71.021,68.717
181.207,94.971,71.629,68.449
203.161,95.924,72.565,67.568
222.688,97.577,72.850,66.922
242.441,98.543,74.101,65.744
272.340,110.211,74.778,65.747
294.564,114.378,74.315,66.932
316.598,110.133,74.274,67.572
331.748,108.823,74.631,67.862
347.631,104.871,74.947,68.665
351.804,98.739,73.951,69.845
354.326,93.485,72.737,70.829
355.233,89.528,72.260,71.449
351.144,87.744,72.801,72.085
343.544,87.083,74.398,72.761
331.368,79.386,75.247,72.665
317.706,80.825,76.506,72.637
303.374,79.626,77.613,73.225
289.204,78.826,78.769,73.918
276.000,79.448,80.020,74.881
265.976,82.032,82.084,74.267
262.058,94.334,82.881,75.261
258.610,95.587,83.045,77.520
260.631,93.912,82.405,79.359
260.551,95.433,81.821,81.154
249.444,97.751,82.474,82.111
226.119,87.720,82.869,81.293
202.540,87.982,84.435,80.550
188.015,84.061,86.143,79.811
165.776,82.453,86.296,79.767
156.437,83.072,84.850,80.210
161.547,86.111,84.574,80.186
175.159,86.096,85.253,79.434
197.897,84.289,86.614,78.432
211.311,81.052,86.106,78.993
228.840,80.976,85.467,79.430
236.139,81.890,86.651,78.289
238.965,85.300,87.372,77.681
241.108,89.715,87.479,77.045
242.742,92.919,86.856,76.671
243.405,96.417,85.698,76.414
239.928,107.422,83.090,77.781
235.710,110.263,80.897,79.394
231.222,110.065,78.803,80.617
227.509,108.508,78.331,80.352
226.564,107.663,77.644,80.887
224.698,106.808,77.002,81.387
231.844,104.598,76.351,81.740
237.325,75.063,75.064,81.677
255.596,80.301,75.003,80.791
271.737,79.422,75.618,79.966
286.427,79.377,74.977,79.901
298.256,79.766,73.443,80.195
304.176,77.703,72.038,81.841
306.091,75.917,71.494,82.215
307.155,72.589,71.507,81.972
305.737,71.140,71.572,81.329
304.358,74.341,71.899,79.851
298.160,79.369,71.722,79.137
291.106,86.400,70.848,79.299
279.858,92.736,70.473,79.876
276.272,95.660,71.209,79.150
272.357,96.648,71.406,78.676
272.952,98.440,71.987,79.032
260.944,98.318,73.027,78.750
248.016,88.702,73.689,78.108
236.034,81.799,74.899,76.875
217.029,81.108,76.358,75.456
207.123,81.095,78.556,73.899
209.299,81.870,79.970,73.100
211.994,73.873,80.981,72.377
221.438,75.416,81.849,72.116
200.935,77.122,82.634,71.643
175.811,81.833,88.135,66.627
160.343,93.846,91.890,63.295
152.448,102.527,89.783,65.552
164.942,101.048,87.950,67.066
168.620,99.613,86.547,68.180
171.012,97.484,84.979,69.146
174.193,94.853,83.698,70.113
186.122,89.470,81.998,71.561
190.932,87.460,79.802,73.089
195.138,85.285,79.750,72.570
198.228,81.415,78.978,72.197
200.244,79.685,77.646,72.234
211.292,79.024,77.013,71.573
215.468,77.496,76.376,72.232
215.993,76.441,76.503,72.118
216.186,75.109,76.001,72.050
216.109,76.516,76.333,72.514
220.760,76.417,76.426,72.348
223.817,77.116,75.628,71.981
223.234,81.563,75.056,71.459
220.304,84.663,74.333,70.730
219.504,87.015,74.024,69.877
221.857,88.321,74.069,68.989
225.721,87.620,74.231,68.302
238.935,86.220,74.436,68.521
260.340,83.263,74.632,69.734
271.906,79.835,75.100,70.334
281.343,76.485,75.366,71.556
279.763,75.753,75.680,72.244
267.719,77.628,75.555,72.734
251.453,80.412,75.389,72.673
248.103,81.784,74.844,72.786
246.525,83.359,75.315,73.021
247.493,81.476,75.599,73.036
243.853,81.992,75.194,73.471
232.482,82.451,75.583,72.941
218.017,80.356,75.411,72.740
204.017,78.218,75.413,71.737
183.258,79.715,75.916,71.114
170.549,89.037,75.412,70.768
160.799,91.750,74.311,71.798
158.052,96.483,73.767,72.337
160.348,99.265,73.525,72.839
164.128,100.147,73.905,73.413
168.396,98.516,74.034,73.399
179.271,86.596,74.182,73.367
183.634,82.295,73.754,73.457
195.811,74.412,73.519,73.337
211.166,70.912,73.455,73.731
225.097,57.827,72.078,75.220
235.723,56.353,70.582,75.994
236.240,56.207,70.297,75.978
236.496,59.201,70.489,75.092
237.629,71.341,70.795,74.974
232.509,72.154,72.302,73.584
221.660,78.711,74.360,71.845
216.492,82.672,75.955,70.718
206.891,81.685,76.506,70.437
188.172,102.049,77.829,68.709
187.555,107.704,78.506,69.396
188.156,105.182,78.924,69.629
190.784,100.907,78.534,70.291
201.672,95.594,78.107,71.235
206.179,95.026,77.739,71.050
221.563,82.722,77.792,70.705
223.007,78.939,78.325,70.631
225.576,76.116,78.489,70.215
235.066,76.252,77.547,71.158
239.801,77.067,76.560,72.525
242.820,78.717,75.537,73.644
242.942,79.211,74.089,74.610
240.776,78.810,73.005,75.323
239.289,79.357,73.401,75.196
227.253,78.948,73.812,74.817
218.683,79.652,73.486,74.442
214.161,78.923,72.681,74.817
211.605,81.155,72.630,74.505
208.531,93.105,73.160,73.657
206.564,103.911,74.218,72.454
205.400,106.922,74.947,71.521
208.725,105.844,75.170,71.481
219.237,103.707,76.064,71.397
224.267,99.732,76.216,71.499
228.533,95.267,75.810,71.900
229.498,91.069,76.198,72.089
225.118,81.186,76.617,72.162
215.846,79.342,77.709,71.953
207.699,78.947,78.516,71.607
199.360,78.981,78.505,71.849
200.779,77.822,78.467,72.231
199.527,116.394,78.233,73.322
200.123,112.516,79.022,73.360
206.612,100.423,79.826,73.497
206.268,97.631,80.664,73.119
204.528,95.085,81.549,72.649
201.734,94.117,81.961,72.561
210.158,105.581,82.081,72.957
229.390,125.466,81.193,73.951
228.318,134.106,81.346,73.969
227.329,132.551,80.197,74.777
227.271,132.412,78.791,75.374
216.971,122.781,78.520,75.576
216.557,123.725,77.769,75.906
216.964,123.947,77.057,76.242
217.560,124.755,76.590,76.658
225.942,126.266,76.045,76.878
234.885,126.987,76.918,76.382
242.491,126.128,77.024,76.110
252.275,123.973,77.585,75.966
260.120,115.250,77.703,76.126
270.450,113.882,78.603,76.592
278.763,114.805,79.612,76.571
279.374,114.494,80.660,76.930
278.037,113.185,81.259,77.515
271.884,113.341,81.390,78.295
267.229,115.097,81.703,77.965
262.458,115.922,81.967,77.980
263.531,115.628,81.788,78.288
262.089,113.685,81.791,78.451
260.862,102.620,82.661,79.081
260.558,100.529,82.811,80.149
235.546,97.410,82.090,80.983
219.028,94.462,81.963,81.161
207.364,95.063,82.373,80.667
205.866,94.427,82.183,80.569
207.220,95.103,82.039,80.200
220.098,95.516,82.068,81.027
230.439,95.619,82.453,82.082
243.940,94.841,83.467,81.734
248.732,94.252,84.400,81.192
246.855,90.775,84.032,81.531
243.853,86.508,83.521,82.092
244.739,84.749,83.511,82.592
244.085,85.406,83.270,83.096
242.898,83.432,82.670,84.581
239.656,84.577,81.834,86.481
254.707,79.520,74.462,95.098
255.518,76.956,70.398,100.049
232.214,47.935,72.384,97.268
232.376,52.137,74.236,94.515
239.422,54.189,74.745,93.609
232.153,59.429,77.261,91.286
243.280,62.000,82.093,87.462
269.516,64.955,85.004,84.664
288.880,79.493,85.329,85.154
291.993,81.138,85.126,85.707
274.594,82.195,86.667,84.937
261.872,107.129,86.703,84.592
259.372,117.874,85.768,85.330
234.998,120.357,85.238,85.294
226.550,130.769,84.538,84.992
213.593,130.246,83.774,84.445
200.300,127.730,84.225,83.337
202.076,116.374,84.919,83.909
223.797,101.663,83.774,85.006
236.632,88.967,83.297,86.159
240.234,75.123,82.348,87.350
228.990,75.773,83.248,86.532
215.342,87.792,83.733,86.258
202.700,86.807,85.754,84.786
201.944,87.524,87.071,84.511
209.600,109.070,86.013,85.683
232.395,117.921,85.821,84.628
259.474,116.241,86.036,84.192
284.454,106.209,87.097,84.504
287.371,116.743,86.673,85.450
292.211,115.970,85.649,86.244
297.231,112.474,86.013,85.689
282.441,98.964,86.638,85.034
256.299,97.284,86.236,85.314
233.209,93.065,87.077,85.521
230.744,93.791,86.941,85.798
219.289,99.980,82.650,89.972
197.078,101.718,83.826,88.757
193.716,104.302,84.171,87.989
217.211,131.550,85.130,86.321
217.295,134.654,84.954,85.308
205.408,134.972,85.711,84.452
191.144,126.036,87.512,82.682
189.754,122.170,87.261,83.530
190.875,132.200,87.662,83.484
202.526,133.342,87.429,82.711
204.441,134.967,87.583,81.947
214.378,134.853,86.903,81.246
213.240,135.056,86.500,80.391
211.828,136.176,86.716,79.573
210.012,135.708,86.226,79.300
210.650,134.173,85.641,79.082
