152.000,102.000,40.000,67.000
151.097,99.265,43.692,62.969
150.663,102.867,46.536,59.951
150.572,105.768,48.960,57.553
150.323,108.490,50.450,55.875
151.314,109.838,51.845,54.570
150.456,111.038,52.375,53.923
145.284,111.968,52.988,53.413
140.874,112.962,53.163,52.929
137.261,119.041,49.782,56.454
134.985,113.561,50.398,55.445
126.999,99.054,51.347,54.915
127.095,91.714,52.653,53.672
127.609,90.797,53.931,52.243
131.798,89.147,54.749,51.520
133.160,87.808,55.238,50.788
138.301,82.393,55.552,50.273
143.978,82.407,55.526,50.257
155.960,95.242,55.755,49.856
161.787,102.029,55.957,49.353
170.083,109.041,55.690,49.352
176.534,116.232,55.089,49.817
181.106,123.073,55.057,50.176
183.765,122.520,55.078,50.555
183.458,116.948,55.290,50.695
189.001,117.419,55.642,50.711
186.204,117.958,55.911,50.812
179.738,117.224,56.005,51.125
178.887,115.833,56.290,51.328
175.980,106.863,56.323,51.606
174.472,104.432,56.556,51.775
167.740,103.745,56.797,51.918
159.682,95.808,57.226,52.048
153.477,93.943,57.325,52.490
147.844,87.860,57.233,52.261
139.145,86.254,56.755,52.654
134.351,84.488,56.308,53.080
126.297,77.696,56.202,52.582
119.154,76.642,55.494,52.511
112.574,77.088,55.537,51.799
108.832,83.172,55.533,51.415
103.894,83.666,55.783,50.533
100.693,90.662,56.050,50.165
100.922,90.564,56.478,49.447
97.203,85.406,59.778,46.155
98.034,87.939,62.568,43.589
102.153,90.542,64.368,41.728
105.006,94.248,65.527,40.515
104.981,96.181,66.204,39.542
105.945,96.099,66.759,38.619
105.007,93.037,67.830,37.140
102.691,89.004,68.140,35.995
104.950,88.904,67.460,35.792
108.518,91.444,66.929,35.740
109.616,91.081,66.346,35.964
113.399,92.021,65.742,36.217
113.666,92.844,65.200,36.429
121.508,94.653,64.843,36.474
130.282,95.974,64.316,36.927
137.161,95.007,61.870,39.132
146.063,93.389,59.297,41.194
155.153,91.677,57.123,42.968
156.149,88.839,55.470,44.492
156.394,86.990,54.246,45.497
158.244,85.504,53.396,46.041
164.131,89.577,52.481,46.615
166.604,94.078,51.908,47.068
179.079,99.167,52.183,46.662
184.256,110.585,52.331,46.578
189.628,117.013,52.142,46.534
195.958,122.042,51.876,47.050
208.453,120.363,51.891,47.599
215.507,112.638,52.130,47.622
223.738,111.230,51.886,47.936
228.484,110.798,51.340,47.929
233.639,110.747,51.164,48.048
235.393,116.895,51.240,48.280
235.642,116.636,51.558,48.415
235.283,115.453,51.850,48.448
230.480,114.124,51.908,48.773
229.900,112.783,52.504,48.477
223.983,104.349,52.337,48.627
220.389,94.812,51.928,48.668
218.520,92.694,51.640,48.436
216.660,90.705,51.266,48.059
215.179,88.622,50.755,47.649
209.574,88.805,51.138,46.991
218.619,84.861,46.753,51.039
226.167,81.973,42.067,56.785
226.484,88.465,40.128,58.610
226.715,88.214,38.096,60.745
227.333,87.015,36.444,62.572
227.673,86.605,35.160,63.837
227.430,86.113,34.263,64.810
227.385,86.451,33.672,65.381
227.170,86.363,33.112,65.802
226.848,86.435,32.720,66.101
227.077,81.892,32.360,66.208
227.095,83.328,32.135,66.232
227.932,83.846,32.075,66.194
228.685,84.300,31.967,66.157
228.971,84.087,31.814,66.357
229.477,84.496,31.724,66.477
229.807,79.681,31.642,66.337
229.927,80.821,31.592,66.432
230.033,81.440,31.558,66.447
230.412,82.195,31.459,66.382
230.880,82.804,31.502,66.194
231.305,82.985,31.477,66.216
231.250,78.439,31.546,65.977
231.738,80.082,31.631,65.680
232.432,80.859,31.503,65.711
232.847,81.556,31.561,65.511
232.927,82.019,31.558,65.532
233.180,82.639,31.572,65.525
233.729,83.222,31.578,65.487
234.119,83.393,31.526,65.572
234.111,83.743,31.431,65.702
233.591,83.978,31.377,65.675
232.914,80.085,31.373,65.518
232.317,81.858,31.510,65.287
232.138,83.023,31.500,65.176
231.943,83.132,31.411,65.315
231.585,83.318,31.383,65.311
231.121,82.995,31.383,65.398
231.301,83.037,31.241,65.569
231.245,83.152,31.141,65.535
230.967,83.266,31.051,65.498
230.961,82.856,30.839,65.587
230.191,83.398,30.734,65.641
220.790,91.103,33.637,62.070
218.689,92.530,36.334,58.854
218.036,92.449,38.180,56.638
217.958,93.307,39.679,54.611
224.606,86.295,37.758,56.667
224.769,84.940,36.092,58.401
224.850,84.775,34.652,59.834
225.238,84.598,33.512,60.862
224.159,79.602,32.736,61.649
223.402,79.819,32.152,62.158
222.834,79.736,31.920,62.189
221.937,75.446,31.758,62.096
221.274,76.195,31.547,62.080
220.489,76.451,31.362,62.234
219.677,76.325,31.341,62.081
218.969,76.238,31.025,62.338
218.373,72.261,30.993,62.180
217.771,68.918,30.958,62.097
218.363,69.935,30.750,62.318
219.047,71.074,30.611,62.407
220.214,71.423,30.374,62.714
221.464,66.883,30.246,62.681
222.358,67.971,30.187,62.687
223.124,70.158,30.243,62.322
223.856,72.034,30.194,62.291
225.002,72.687,30.217,62.275
225.689,74.279,30.225,62.209
226.845,74.953,30.098,62.372
228.092,75.580,29.991,62.578
228.964,76.742,30.063,62.528
229.904,77.213,30.038,62.667
230.614,77.850,30.006,62.736
231.498,73.770,30.030,62.479
232.197,75.783,29.972,62.266
233.075,76.327,30.000,62.225
233.591,76.917,30.034,62.373
233.653,77.719,30.043,62.235
233.489,77.825,29.934,62.423
233.049,73.732,29.888,62.390
232.610,75.162,30.015,62.200
232.344,76.988,30.064,62.028
232.325,78.364,30.167,61.851
232.403,79.189,30.222,61.810
232.611,80.087,30.046,61.956
238.479,79.132,29.015,63.130
230.113,74.851,29.447,62.439
227.192,76.393,32.921,58.337
228.515,77.648,35.560,55.137
227.187,71.687,36.589,53.554
226.129,70.215,35.368,54.364
226.402,75.110,34.577,54.781
226.288,74.934,33.828,55.367
227.303,80.154,33.318,55.926
227.653,79.733,33.110,55.808
227.492,73.589,32.893,55.481
227.733,72.657,32.732,54.954
225.667,71.164,33.906,53.145
229.603,71.491,32.993,53.755
228.519,76.617,32.207,54.370
227.693,76.711,31.599,54.789
227.824,77.593,29.598,57.813
229.862,78.659,28.042,59.943
231.034,79.763,28.061,60.044
230.928,76.113,28.375,59.634
231.260,77.359,28.629,59.381
231.412,78.452,28.823,59.170
232.110,79.712,28.951,59.001
232.300,80.496,29.018,58.982
232.935,76.964,29.142,58.675
233.560,78.082,29.131,58.696
234.438,79.041,29.121,58.589
234.654,80.040,29.100,58.538
235.286,80.600,29.044,58.558
235.579,81.222,29.032,58.732
235.768,81.593,28.961,58.742
235.235,78.024,29.167,58.573
235.169,79.447,29.282,58.532
235.370,80.641,29.340,58.513
235.442,81.154,29.330,58.602
235.658,81.626,29.353,58.708
235.724,82.560,29.248,58.791
235.537,83.572,29.229,58.909
234.938,79.718,29.235,58.856
233.933,80.670,29.403,58.505
232.890,81.400,30.069,57.454
232.752,82.125,30.405,56.969
226.741,76.160,32.778,53.975
220.839,58.487,32.362,54.277
226.456,57.568,31.229,55.832
227.443,50.412,30.137,57.462
232.682,44.767,29.534,58.411
227.201,44.660,28.803,59.649
222.274,43.672,27.215,61.799
212.069,44.258,25.837,63.339
205.489,49.179,26.113,62.631
194.626,46.206,25.542,63.494
195.174,67.500,33.138,55.811
175.997,76.178,39.015,49.546
162.942,80.437,44.068,44.240
148.399,81.653,47.253,40.729
129.640,86.728,47.436,40.430
116.117,91.464,47.419,40.534
104.735,89.867,47.547,40.457
91.376,84.058,50.124,38.045
77.874,83.248,51.902,36.311
70.917,83.466,53.990,34.805
69.362,84.638,55.726,33.720
76.578,85.122,57.270,33.139
90.137,88.092,55.781,35.097
111.672,92.369,53.857,37.204
126.823,92.470,52.296,38.970
140.512,92.789,51.036,40.211
157.836,106.301,49.776,41.127
157.385,113.975,51.863,39.251
170.842,89.808,50.155,40.952
192.741,95.215,48.644,42.436
207.934,93.758,47.808,43.833
223.292,90.987,44.148,47.423
225.996,90.041,40.986,50.500
226.999,84.365,38.740,52.538
227.703,84.365,36.747,54.528
227.297,78.420,35.044,55.938
227.303,77.625,34.149,56.380
221.398,78.559,36.258,53.973
223.088,77.511,34.900,55.171
223.422,76.802,33.921,55.646
223.499,78.138,32.995,56.613
224.111,79.072,32.017,57.859
224.755,80.416,31.395,58.780
224.931,76.669,30.933,59.257
225.130,77.587,30.600,59.667
225.648,78.111,30.327,60.101
226.283,73.967,30.110,60.223
226.879,75.676,29.997,60.143
227.965,76.435,29.767,60.394
228.726,77.325,29.739,60.557
229.703,78.371,29.678,60.696
230.620,79.295,29.654,60.789
231.460,80.316,29.651,60.794
232.083,80.786,29.578,60.939
232.852,76.714,29.522,60.923
