125.000,162.000,74.000,55.000
123.058,161.221,76.304,53.015
120.727,164.662,78.389,51.344
122.132,162.252,79.796,50.629
121.240,164.757,80.762,49.732
123.159,162.540,81.346,49.125
120.033,166.255,81.873,48.956
121.539,163.472,82.098,48.730
121.194,165.070,82.339,48.458
119.729,163.436,82.327,48.467
118.874,165.646,82.972,47.940
118.443,163.332,83.276,47.938
117.569,165.278,83.470,47.771
118.679,162.845,83.550,48.176
119.444,166.024,83.599,47.947
122.209,163.274,83.344,48.133
118.649,165.076,83.081,48.258
120.093,162.364,83.146,48.405
119.655,165.343,83.019,48.475
120.815,163.206,83.217,48.374
120.931,166.197,83.152,48.359
120.354,162.622,82.573,48.908
120.449,165.478,82.580,48.749
122.013,162.598,82.503,48.675
119.317,165.663,82.653,48.531
121.797,162.630,82.822,48.568
120.108,165.480,82.801,48.585
121.620,162.697,82.684,48.531
120.064,165.551,82.708,48.595
121.339,162.734,82.641,48.559
120.027,165.654,82.735,48.567
121.468,162.771,82.660,48.500
120.166,165.561,82.680,48.542
119.660,162.629,82.806,48.401
118.997,165.695,82.844,48.243
119.049,163.358,83.005,48.314
118.160,165.439,83.248,48.007
119.012,162.851,83.315,48.454
119.692,166.211,83.531,48.011
121.279,163.134,83.280,48.122
120.152,165.928,83.151,48.166
121.154,162.440,83.070,48.352
117.571,164.688,82.822,48.352
116.656,162.372,83.007,48.483
116.244,161.933,82.907,48.682
117.191,163.323,83.387,48.359
117.974,161.173,83.764,48.377
117.655,161.301,84.277,48.366
116.044,160.613,84.730,48.381
115.646,161.214,85.267,48.180
116.314,160.582,85.719,48.083
118.100,160.611,85.603,47.985
116.469,161.593,85.889,47.864
116.202,160.832,86.078,47.768
117.017,162.021,86.010,47.751
118.199,161.616,85.662,47.985
116.119,161.788,85.692,48.090
117.091,161.714,85.859,47.768
116.941,161.224,85.743,48.042
117.628,162.072,85.585,48.036
118.578,162.029,85.884,47.727
118.739,161.490,86.117,47.620
118.095,161.954,86.328,47.609
117.808,161.194,86.326,47.487
117.816,161.448,86.294,47.673
118.070,161.611,86.310,47.800
117.781,160.577,86.456,47.962
118.327,161.809,86.707,47.867
117.310,161.219,86.804,47.881
119.172,160.696,86.754,48.097
118.857,160.348,87.003,47.840
119.715,160.155,86.989,48.053
120.086,158.436,86.954,48.167
118.545,156.992,87.135,48.041
120.610,156.308,87.085,47.843
121.270,155.675,87.065,47.775
120.804,154.843,86.921,48.006
122.691,153.673,86.508,47.963
123.096,153.451,86.417,48.235
124.961,152.146,86.260,48.290
125.893,150.786,86.036,48.333
127.589,150.044,85.731,48.467
126.696,147.879,85.299,48.552
129.087,146.588,84.752,48.777
129.738,145.834,84.481,48.587
130.777,144.891,84.488,48.400
130.219,143.488,84.452,48.134
128.299,141.959,84.242,47.873
128.687,140.458,83.969,47.688
129.705,138.923,83.811,47.704
130.462,137.313,83.876,47.315
129.899,136.193,83.699,46.920
131.280,135.895,83.185,46.464
131.062,134.845,82.803,46.083
131.947,133.813,82.273,45.693
132.819,133.092,81.839,45.249
133.959,132.667,81.509,44.637
134.037,131.082,81.591,43.895
134.560,130.675,81.586,43.283
134.366,131.720,81.656,42.404
136.244,130.745,81.437,41.710
136.028,129.867,81.184,41.181
133.047,130.475,80.965,40.581
135.058,130.274,80.375,40.132
135.124,129.606,79.882,39.678
136.129,128.876,79.551,39.329
135.216,129.024,79.141,38.905
135.460,128.612,78.663,38.407
134.337,128.221,78.440,37.905
134.292,128.219,77.755,37.521
135.905,127.601,76.825,37.327
135.806,127.929,76.438,36.860
136.063,128.438,75.969,36.483
138.872,126.716,74.926,36.232
136.825,127.128,74.266,36.215
137.419,127.635,73.826,35.674
138.022,126.626,73.330,35.356
138.131,126.579,72.679,35.041
138.727,126.793,71.879,34.781
139.559,126.805,71.106,34.508
139.174,126.589,70.588,34.130
138.967,126.723,69.611,34.200
140.660,125.940,68.583,34.322
140.104,126.365,68.234,34.110
140.228,125.942,67.460,34.078
139.777,125.967,66.821,34.029
141.416,126.189,66.193,33.943
142.238,126.247,65.355,33.768
143.025,126.042,64.659,33.537
142.965,126.082,64.256,33.406
143.749,125.517,63.700,33.284
143.876,126.254,63.389,33.079
145.020,126.460,62.831,32.935
144.835,126.550,62.485,32.726
144.599,126.926,62.141,32.580
144.199,127.311,61.922,32.425
144.918,127.122,61.467,32.428
144.633,128.020,61.207,32.253
145.052,128.040,60.957,32.239
145.670,128.001,60.773,32.114
145.057,129.110,60.436,32.169
146.553,129.764,60.173,32.024
146.055,130.087,59.896,32.054
145.191,130.287,59.663,31.978
146.019,130.292,59.380,31.988
146.489,129.674,59.060,32.076
145.787,131.743,59.137,31.984
146.170,130.789,58.959,32.011
146.304,132.322,58.895,32.002
146.917,130.993,58.893,32.164
147.461,132.896,58.989,31.998
147.970,132.659,59.124,31.932
146.845,133.871,59.353,31.876
146.962,134.132,59.718,31.915
146.478,134.816,60.007,32.169
145.641,135.391,60.300,32.306
145.258,135.376,60.703,32.520
144.733,136.525,61.228,32.833
144.294,136.590,61.670,33.197
143.691,138.375,62.239,33.547
143.780,138.507,62.784,34.272
142.666,138.544,63.168,34.927
142.395,139.322,63.890,35.302
142.724,139.939,64.700,35.874
141.696,140.392,65.626,36.351
142.071,141.592,66.577,36.937
141.603,141.582,67.661,37.399
142.189,141.906,68.675,37.977
140.336,142.875,69.884,38.694
142.166,144.352,71.166,39.161
142.380,144.055,71.922,39.922
142.154,144.496,72.905,40.606
140.932,145.073,74.137,41.177
141.581,145.903,75.278,41.580
141.339,145.349,76.270,42.255
139.495,146.531,77.247,42.824
140.745,146.359,78.065,43.572
139.567,147.194,79.369,44.132
139.807,146.172,80.117,45.343
140.585,146.727,80.971,46.536
139.172,146.816,82.237,47.586
138.714,147.911,83.423,48.015
136.908,149.265,84.468,48.230
137.544,147.873,84.992,48.647
138.994,147.327,85.937,49.111
138.153,146.250,86.879,49.813
138.238,144.686,87.188,50.838
140.077,146.709,87.750,50.245
139.212,145.352,87.897,49.869
140.302,145.733,88.138,49.242
141.372,145.053,88.830,48.687
139.874,143.822,89.754,48.314
141.891,143.373,90.510,47.939
141.706,142.739,91.873,47.206
143.875,121.468,91.776,48.442
142.182,117.559,91.859,49.670
140.362,114.521,92.384,50.354
140.091,113.273,92.735,50.573
136.206,112.560,93.072,50.506
133.270,112.355,93.828,50.449
132.312,112.472,94.521,50.262
130.980,113.129,95.067,50.030
130.817,113.668,95.848,49.710
130.219,113.341,95.849,49.619
130.810,115.107,96.416,49.202
131.068,116.692,96.614,48.950
132.789,117.715,97.150,48.650
131.863,117.496,97.953,48.370
131.979,117.670,98.567,48.296
130.934,116.878,99.016,48.145
136.201,118.005,100.419,47.770
135.365,117.978,101.317,47.771
131.443,117.449,102.461,47.700
136.758,117.454,103.321,47.750
134.575,117.573,103.555,47.978
131.209,117.205,104.353,48.052
132.559,119.045,104.526,48.162
138.763,118.331,105.382,48.218
135.487,119.631,106.707,48.090
134.773,120.500,107.162,48.048
133.671,119.280,107.107,48.211
132.562,120.512,107.458,48.214
132.019,120.941,107.884,48.253
131.483,121.329,108.404,48.346
131.265,120.931,108.362,48.527
131.223,121.057,108.266,48.569
130.907,122.062,108.066,48.532
130.753,121.399,107.756,48.885
132.599,121.486,107.170,49.210
132.522,122.431,106.703,49.784
133.050,122.107,106.003,50.814
135.062,122.434,104.892,51.846
134.715,122.732,104.263,52.409
133.379,122.380,104.041,52.486
135.667,121.374,104.197,52.958
132.448,119.751,104.476,53.343
129.702,117.060,104.973,53.844
125.099,114.512,104.810,54.818
120.292,112.559,104.950,55.273
120.553,111.856,105.338,55.466
120.719,113.280,106.944,55.054
118.579,115.011,107.924,55.116
119.152,114.299,108.780,54.998
117.965,114.374,109.379,55.056
116.778,113.219,109.770,55.207
114.796,114.071,110.505,55.170
114.434,114.361,111.469,55.077
127.901,115.940,111.478,54.889
125.662,115.595,111.116,54.631
128.727,117.055,110.813,54.319
116.697,115.775,111.262,53.929
116.203,117.188,112.259,53.088
112.950,116.939,112.277,52.674
111.595,116.982,112.456,52.618
126.399,120.069,112.237,52.378
115.277,119.651,112.061,52.364
116.922,116.590,111.142,52.774
116.808,115.788,110.372,53.234
115.252,114.471,109.930,53.655
115.431,114.180,109.834,53.842
115.623,114.720,109.805,54.127
115.796,115.343,109.601,54.402
115.744,114.776,109.679,54.523
115.616,114.055,109.470,54.739
115.152,113.849,109.339,54.968
114.145,113.992,109.424,55.147
114.608,113.898,109.740,55.096
113.006,113.840,110.164,55.302
113.342,113.448,110.407,55.511
112.527,121.140,111.355,55.019
110.802,119.785,111.675,55.028
108.912,119.073,112.331,54.984
106.664,119.074,114.548,53.941
105.684,119.203,116.436,53.135
105.911,118.918,118.157,52.670
103.735,119.827,119.824,52.236
106.338,118.384,121.108,52.029
104.244,118.945,121.911,51.693
103.437,119.454,123.219,51.424
107.569,120.445,124.043,51.146
106.751,119.251,124.564,50.621
106.317,118.367,123.334,51.265
117.220,125.632,121.928,52.031
118.078,122.810,120.783,52.179
109.057,122.885,122.242,50.979
108.951,121.138,122.664,50.394
110.792,120.901,123.036,49.664
105.396,121.605,123.389,49.195
124.100,80.793,114.552,56.501
128.586,78.153,106.119,62.994
131.446,77.275,99.554,68.373
133.257,73.381,94.701,72.164
135.100,73.170,90.976,75.004
136.501,71.953,87.986,77.075
136.731,70.755,85.392,78.901
136.903,70.483,83.476,79.720
136.852,70.128,82.324,79.773
136.630,70.539,81.252,79.913
137.509,70.350,80.027,80.275
137.896,71.258,79.202,80.278
137.742,70.525,78.220,80.497
137.574,70.916,77.321,80.595
138.032,68.890,76.899,79.985
138.400,69.580,76.909,79.043
138.010,69.704,76.375,78.639
137.852,68.883,76.209,77.752
139.281,70.568,76.121,76.922
139.859,69.310,75.559,76.755
140.027,69.392,75.115,76.106
140.048,69.762,74.507,75.489
140.085,69.510,74.034,74.841
140.778,70.552,73.408,74.415
141.398,69.759,72.930,74.064
142.643,70.111,72.669,73.411
142.415,69.839,72.315,72.753
142.901,68.862,72.090,72.029
142.261,69.079,72.141,70.760
142.257,69.668,72.049,69.576
142.633,69.406,71.886,68.620
142.197,69.158,71.602,67.601
143.533,68.068,70.857,67.076
144.424,68.556,70.017,66.556
144.832,68.771,69.551,65.698
145.777,69.138,69.060,64.809
145.692,69.387,68.415,64.103
145.144,69.964,67.578,63.700
145.862,71.157,66.546,63.598
146.206,72.423,65.574,63.443
148.422,72.132,64.768,63.684
148.092,73.093,63.855,64.458
148.910,72.539,62.943,65.162
149.572,72.764,61.878,66.066
150.168,72.692,61.002,66.732
150.716,72.698,60.038,67.749
149.908,72.620,60.077,67.753
150.200,72.219,60.015,67.847
149.942,72.770,59.505,68.473
150.480,72.222,58.936,69.157
150.631,71.742,59.036,68.927
149.606,72.619,59.307,68.697
149.280,72.962,58.933,69.136
149.100,72.456,58.932,69.018
148.469,72.500,58.817,69.322
148.858,72.230,58.885,69.216
148.115,72.588,59.291,68.729
147.697,73.038,59.199,68.746
147.766,73.411,59.290,68.451
147.183,73.627,59.362,68.389
146.035,73.388,59.490,68.245
145.131,73.630,59.870,67.973
144.263,73.548,60.308,67.644
143.375,73.643,60.328,67.513
141.767,74.245,60.517,67.323
139.906,75.274,61.219,67.023
140.049,76.145,61.981,66.607
137.722,76.724,62.103,66.662
137.940,76.993,62.215,67.178
137.138,76.666,62.161,67.378
136.692,77.156,62.421,67.577
136.222,77.135,62.492,67.438
134.796,76.953,62.328,67.249
134.478,76.250,62.352,67.504
134.720,75.961,62.432,67.346
134.254,74.504,61.568,68.420
134.105,74.775,61.376,68.826
134.647,73.863,61.085,69.108
134.129,73.670,60.684,69.050
133.869,74.424,60.881,68.848
134.738,73.566,60.442,69.558
134.815,73.083,60.266,69.617
134.721,73.355,60.339,69.469
134.753,73.740,60.298,69.381
134.671,73.634,60.152,69.486
133.994,74.832,60.113,69.295
134.633,74.399,59.834,69.275
135.174,75.390,59.484,68.937
135.895,77.190,58.936,69.082
135.717,77.901,58.211,69.176
136.365,78.876,57.793,69.019
136.193,78.735,57.942,68.543
136.353,78.556,58.056,68.168
133.770,72.881,58.829,66.802
132.724,74.813,58.876,66.367
133.335,76.228,58.786,66.435
129.435,58.448,60.892,64.841
125.915,56.203,63.047,64.346
126.462,54.139,66.163,63.123
124.778,51.709,68.897,61.752
124.765,50.265,71.654,60.526
124.593,49.887,73.338,59.637
123.745,49.189,75.239,58.989
123.224,49.170,76.586,58.355
123.948,48.189,77.762,57.944
123.151,48.807,78.363,57.926
124.655,47.741,79.220,57.854
125.725,47.528,79.472,58.075
126.938,47.096,79.668,58.474
127.064,46.620,79.857,58.883
128.713,47.845,79.720,59.456
128.199,46.805,79.350,60.314
129.041,46.526,79.659,60.613
129.557,46.645,79.678,61.096
129.859,46.400,79.636,61.812
129.403,46.110,79.947,62.358
128.622,46.508,80.125,62.940
129.233,46.431,79.991,63.858
129.433,47.371,80.553,64.362
129.020,45.986,81.028,65.034
127.783,46.797,81.892,65.431
125.953,45.344,82.905,65.855
126.514,45.429,83.282,66.236
125.531,44.821,83.957,66.518
125.636,43.441,84.656,66.418
125.258,44.753,85.279,66.325
124.643,43.001,85.741,66.680
124.657,43.560,86.546,65.991
124.840,43.006,86.674,65.731
124.219,43.450,86.726,65.605
124.962,43.768,86.927,65.251
124.824,43.702,86.786,65.370
125.368,44.385,86.700,65.553
125.851,44.339,86.682,66.042
125.843,44.573,86.899,66.088
124.321,44.417,87.386,65.970
126.146,44.060,87.344,66.061
124.688,43.837,87.696,65.776
124.448,43.227,87.579,65.913
124.355,43.445,87.449,66.049
126.033,43.468,87.276,66.170
124.614,43.568,87.347,66.167
125.654,43.951,86.993,66.580
126.429,44.227,87.129,66.659
124.561,42.755,87.939,66.486
125.192,41.847,87.953,66.645
124.200,42.085,87.656,66.979
125.650,41.937,87.587,66.997
124.843,42.017,87.578,66.750
125.313,41.819,87.635,66.759
124.953,41.546,87.299,66.991
125.527,40.899,87.295,67.172
125.785,40.938,86.827,67.260
125.365,41.289,86.611,67.133
125.762,41.161,86.149,67.303
126.179,40.852,85.873,67.477
126.743,40.242,85.583,67.511
126.393,41.844,85.821,67.205
126.851,41.655,85.815,67.287
127.275,41.490,85.714,67.276
127.534,41.414,85.939,66.840
128.024,42.121,85.804,66.791
128.434,41.320,85.471,66.734
127.653,40.567,85.308,66.429
127.790,40.310,85.356,66.027
128.375,40.286,85.544,65.445
128.145,41.628,85.261,64.977
128.350,40.935,84.989,64.662
127.269,41.770,84.708,64.290
127.754,41.209,84.787,63.838
127.298,41.928,84.628,63.478
127.403,42.301,84.487,63.263
127.517,42.185,84.393,63.030
128.046,42.734,84.217,62.991
127.745,42.533,83.953,62.837
128.552,42.376,83.823,62.824
128.814,42.477,83.969,62.715
128.603,43.053,83.707,62.861
130.006,43.628,83.596,62.993
130.401,43.843,83.530,62.944
131.888,43.576,83.187,63.119
132.164,43.810,82.836,63.248
132.918,43.697,82.554,63.273
133.451,44.958,82.404,63.197
