198.000,214.000,34.000,81.000
192.680,218.086,36.483,77.886
192.150,218.605,37.458,76.146
189.975,220.212,38.356,74.738
188.270,221.312,38.572,73.464
186.290,222.170,38.700,71.928
183.921,225.586,38.540,70.894
182.103,229.071,38.565,69.954
178.665,226.289,41.384,66.424
176.790,229.401,43.215,63.599
178.089,232.028,44.740,61.227
186.426,234.707,43.114,61.969
188.487,233.717,41.688,62.719
189.250,236.204,43.556,60.341
188.659,232.370,44.699,58.597
188.656,234.595,45.784,57.047
212.793,221.468,46.680,56.266
211.870,220.634,46.640,56.508
212.747,218.800,43.817,59.927
208.107,214.855,42.040,61.582
208.227,209.722,43.702,59.245
206.968,212.449,45.028,57.583
199.954,212.646,46.272,56.252
198.864,215.378,47.425,54.886
187.527,220.814,44.234,58.446
186.614,221.281,44.797,58.028
179.577,221.898,45.409,57.777
172.904,221.563,44.104,59.887
168.446,220.563,42.654,62.005
164.100,220.785,41.540,63.174
158.615,220.541,40.587,64.113
157.384,221.422,39.617,64.654
150.922,220.069,38.850,64.888
148.848,219.860,38.098,64.926
141.784,217.244,38.332,64.203
135.229,217.352,38.482,63.847
128.623,216.537,38.382,63.880
120.639,215.079,39.696,61.870
113.861,215.081,40.801,60.077
107.916,215.223,41.281,59.089
101.855,218.685,39.652,60.852
96.796,219.819,37.957,62.748
92.408,223.628,36.495,64.879
86.696,221.269,35.962,65.968
81.215,219.304,35.737,66.155
75.194,217.270,35.748,66.372
69.260,217.022,35.759,66.643
63.518,217.985,35.574,66.901
57.676,218.430,35.487,66.977
51.510,220.089,35.509,66.926
44.536,223.144,35.649,66.631
38.311,229.289,36.151,66.561
32.896,237.539,36.098,66.841
27.754,242.728,35.948,66.809
23.263,241.722,35.483,67.173
16.587,239.728,35.489,66.827
13.233,233.170,36.481,65.818
5.950,234.402,36.551,65.528
5.060,233.381,36.202,65.598
0.212,231.282,35.218,66.561
-4.011,235.123,33.141,68.573
-4.205,239.844,31.611,69.583
-9.809,245.627,31.293,69.798
-10.311,246.541,31.287,69.802
-11.971,245.679,31.288,69.800
-12.988,245.520,31.288,69.801
-13.694,245.434,31.288,69.801
-14.144,245.183,31.287,69.801
-14.143,244.778,31.287,69.802
-14.143,244.423,31.286,69.802
-14.143,244.072,31.286,69.802
-14.143,243.737,31.286,69.802
-14.143,243.611,31.285,69.803
-14.142,243.313,31.285,69.803
-14.142,243.014,31.285,69.803
-14.142,242.808,31.284,69.803
-14.142,243.016,31.284,69.804
-14.142,243.202,31.283,69.804
-14.141,243.427,31.283,69.804
-14.141,243.578,31.283,69.805
-14.141,244.077,31.282,69.805
-14.141,244.655,31.282,69.805
-14.140,245.337,31.281,69.806
-14.140,246.075,31.280,69.806
-14.140,247.203,31.280,69.806
-14.140,247.576,31.279,69.807
-14.139,249.445,31.278,69.808
-14.139,249.772,31.278,69.808
-13.535,249.320,31.278,69.808
-13.316,248.587,31.277,69.808
-13.236,247.872,31.277,69.808
-13.558,247.505,31.277,69.808
-14.138,247.438,31.277,69.809
-14.138,247.046,31.276,69.809
-14.138,246.441,31.276,69.810
-14.137,245.059,31.275,69.810
-14.137,244.693,31.274,69.811
-14.136,244.391,31.272,69.812
-13.736,245.812,31.266,69.817
-11.904,246.800,31.265,69.818
-11.019,246.233,31.265,69.819
-11.555,245.051,31.265,69.819
-12.945,244.147,31.265,69.819
-13.512,243.184,31.264,69.820
-14.073,242.400,31.264,69.820
-14.132,241.813,31.263,69.821
-14.131,241.196,31.262,69.821
-14.131,240.728,31.261,69.822
-14.130,240.369,31.261,69.823
-14.130,239.829,31.260,69.823
-14.130,239.266,31.259,69.824
-14.129,238.741,31.259,69.824
-14.129,238.209,31.258,69.825
-14.129,237.520,31.257,69.826
-1.150,289.282,31.146,67.771
2.840,289.230,32.531,65.477
9.099,290.628,36.068,62.194
21.578,291.910,38.712,59.373
33.703,291.500,40.541,57.354
46.613,291.566,41.786,55.833
55.621,292.112,43.119,54.416
69.841,291.749,43.766,53.582
83.126,291.376,44.180,52.810
92.718,286.845,45.060,51.937
102.732,287.474,45.573,51.510
116.393,288.488,45.708,51.471
126.321,288.607,46.011,51.213
140.459,288.170,46.060,51.191
153.578,288.461,46.033,51.213
162.762,287.717,46.182,51.210
176.098,286.318,45.889,51.464
185.483,285.727,46.148,51.345
195.609,285.434,46.236,51.167
205.816,284.766,46.512,50.912
215.508,283.885,46.670,50.711
225.239,282.828,46.665,50.697
235.146,282.957,46.519,51.007
245.601,283.462,46.250,51.054
255.628,284.103,46.200,51.061
264.871,284.338,46.154,50.867
274.276,284.474,46.303,50.624
283.661,284.274,46.226,50.539
292.985,284.240,46.448,50.450
302.496,284.313,46.517,50.506
311.757,284.256,46.593,50.505
320.473,283.953,46.607,50.422
329.770,283.797,46.709,50.422
338.513,283.655,46.534,50.503
347.907,284.167,46.550,50.543
356.574,284.700,46.569,50.689
365.794,284.782,46.751,50.717
374.752,284.731,46.874,50.721
383.668,284.804,46.782,50.800
392.551,284.906,46.689,50.832
401.896,285.000,46.811,50.789
411.311,285.072,46.744,50.739
420.643,284.660,46.843,50.535
429.620,280.407,47.028,50.626
443.108,281.831,46.513,50.970
451.741,282.920,46.149,51.300
460.334,283.178,45.732,51.790
468.015,283.755,45.845,51.926
475.737,284.403,46.009,51.832
483.948,284.962,46.202,51.756
492.572,285.844,46.376,51.678
501.288,286.653,46.668,51.518
509.766,286.873,46.909,51.396
518.338,287.007,47.119,51.308
525.710,287.124,46.636,51.673
534.202,279.867,44.470,53.295
540.950,278.860,41.321,55.768
546.565,278.232,37.927,58.795
545.561,270.117,37.674,58.896
544.174,267.726,37.646,58.906
543.448,266.235,37.639,58.908
541.836,264.881,37.632,58.911
540.384,264.345,37.628,58.911
540.197,265.713,37.617,58.914
540.049,269.352,37.607,58.914
511.758,277.637,41.178,54.585
514.100,279.550,44.272,50.673
517.161,281.534,47.122,46.981
526.788,275.835,46.789,46.153
530.310,276.002,46.292,45.756
529.589,288.263,46.586,45.156
532.887,288.816,46.424,44.953
499.512,311.631,49.595,41.484
497.067,312.143,53.470,38.775
500.166,312.905,56.682,36.664
502.887,314.075,58.636,35.390
505.786,314.812,60.435,34.488
509.655,314.853,61.667,33.989
511.942,315.131,62.355,33.884
512.785,314.102,63.299,33.594
511.217,312.974,63.158,33.882
496.564,311.657,64.531,33.419
495.942,311.185,66.194,32.955
499.724,310.848,67.870,32.650
502.401,311.262,69.635,32.525
504.004,311.630,70.460,32.691
505.852,311.432,70.108,33.278
513.845,285.982,64.733,37.947
520.442,276.906,60.054,41.512
523.503,276.094,56.686,43.879
525.790,275.482,53.821,46.052
528.688,275.606,51.547,47.910
536.777,274.085,47.070,51.333
539.317,272.715,43.716,54.066
540.845,276.043,41.466,56.502
547.333,268.016,38.244,59.279
549.038,266.231,35.647,61.352
549.761,275.560,33.911,63.157
550.824,274.661,32.492,64.562
552.096,276.465,31.273,65.773
529.339,298.353,37.156,59.839
529.003,301.637,41.483,55.432
528.860,303.889,44.252,52.034
529.638,305.431,46.135,49.437
530.552,306.703,47.292,47.535
531.624,307.549,47.536,46.363
532.757,308.902,47.130,45.626
534.307,310.020,46.557,44.989
536.004,311.096,45.656,44.566
536.938,312.610,44.784,44.051
536.809,313.689,43.810,43.731
537.912,314.105,42.836,43.538
538.905,314.564,42.107,43.298
540.041,315.155,41.297,43.092
542.998,315.186,39.334,44.318
544.293,309.036,37.591,45.222
546.264,304.918,35.887,45.948
547.863,305.332,34.290,46.497
549.245,305.060,32.576,47.102
550.175,300.946,31.406,47.417
550.660,302.059,30.277,47.578
552.386,302.044,29.333,47.687
552.884,302.240,28.370,47.805
553.937,298.554,27.578,47.797
554.463,298.981,26.881,47.812
555.155,299.214,26.159,47.599
557.044,295.319,25.352,47.982
557.287,294.867,24.157,48.506
558.615,295.121,23.334,48.825
558.684,295.233,22.359,49.289
559.150,301.629,21.503,49.387
559.280,304.294,20.976,49.371
559.595,303.187,20.544,49.265
560.390,304.993,20.248,49.307
560.588,302.728,19.992,49.343
560.532,301.155,19.846,49.325
560.509,299.562,19.802,49.312
545.075,265.025,23.614,45.219
542.164,264.020,26.989,41.847
540.534,262.476,29.469,39.381
541.525,262.137,31.039,37.660
541.570,261.513,31.717,36.675
542.763,261.055,31.679,36.298
544.454,260.070,31.468,36.042
545.977,258.409,31.162,35.960
547.031,256.727,30.582,36.149
550.984,254.487,29.048,37.311
552.099,251.298,27.889,37.638
554.161,250.865,26.675,38.242
556.011,250.171,25.370,39.020
557.860,246.846,24.065,39.431
559.676,247.102,22.460,40.805
560.886,246.487,21.168,42.003
561.610,245.589,20.864,42.319
561.647,245.036,20.822,42.360
561.299,243.913,20.815,42.368
560.697,244.105,20.814,42.368
560.062,244.072,20.814,42.369
559.550,243.661,20.814,42.369
559.255,243.099,20.813,42.370
558.962,242.632,20.812,42.371
558.525,242.087,20.812,42.371
557.730,241.544,20.811,42.372
556.788,241.009,20.810,42.372
556.051,239.990,20.808,42.374
555.575,238.280,20.807,42.375
546.710,237.789,21.400,41.756
547.386,237.349,22.032,41.028
551.372,232.262,22.257,40.693
552.574,230.804,22.240,40.448
553.775,229.414,21.839,40.454
558.344,227.919,20.779,41.368
559.277,229.571,19.777,42.404
560.414,227.633,18.882,43.407
563.518,226.107,18.004,44.438
563.236,224.348,17.325,45.258
562.641,223.000,17.043,45.478
554.093,218.079,18.104,44.384
553.870,217.847,19.200,43.353
553.998,218.374,20.186,42.296
554.315,219.013,20.894,41.398
554.894,219.771,21.478,40.671
555.583,220.270,21.817,40.374
555.817,220.465,21.822,40.113
556.761,220.888,21.721,40.067
556.844,220.943,21.400,40.103
556.874,221.306,21.158,40.068
557.542,221.736,20.936,40.050
558.185,221.967,20.698,40.023
558.412,222.291,20.330,40.125
558.698,222.353,20.327,40.084
558.735,222.589,20.079,40.107
559.520,223.236,19.956,40.034
559.320,224.159,19.789,40.028
559.826,224.549,19.627,39.999
559.485,225.093,19.513,39.874
559.684,225.525,19.344,39.950
559.790,226.157,19.158,39.899
560.068,226.386,18.806,40.066
560.216,226.691,18.678,40.158
560.691,227.288,18.508,40.051
561.066,228.136,18.277,39.863
561.294,229.213,18.121,39.684
562.047,230.561,18.149,39.452
562.592,231.298,17.561,40.082
562.800,231.354,16.952,40.652
562.942,232.143,16.603,40.824
563.486,232.403,16.226,41.102
564.164,232.636,15.823,41.259
564.695,233.197,15.496,41.338
564.905,233.298,15.086,41.439
565.183,233.606,14.746,41.423
565.675,234.409,14.438,41.198
566.147,235.356,14.076,40.975
566.425,235.707,13.740,40.589
566.791,235.966,13.564,40.425
567.023,239.350,13.420,40.344
567.218,239.488,13.367,40.327
567.070,239.644,13.348,40.329
566.921,239.790,13.344,40.329
566.681,239.358,13.344,40.329
566.471,238.996,13.344,40.329
566.085,238.598,13.344,40.329
565.735,238.264,13.344,40.329
565.343,237.836,13.343,40.329
564.975,237.352,13.343,40.329
564.658,236.693,13.343,40.330
564.295,235.878,13.343,40.330
563.960,235.074,13.343,40.330
563.608,233.920,13.343,40.330
563.175,232.867,13.343,40.330
562.719,231.911,13.342,40.330
562.343,231.025,13.342,40.330
562.121,230.063,13.342,40.330
561.912,229.167,13.342,40.330
561.628,228.392,13.342,40.330
561.802,227.535,13.342,40.330
561.535,226.789,13.341,40.330
561.496,226.737,13.341,40.330
561.463,226.654,13.341,40.330
561.630,226.389,13.341,40.330
561.840,226.005,13.341,40.330
561.577,225.337,13.341,40.330
561.725,224.435,13.341,40.330
561.432,223.369,13.341,40.330
561.637,222.041,13.341,40.330
561.771,220.562,13.340,40.330
561.485,219.228,13.340,40.330
561.592,218.092,13.340,40.330
561.592,216.977,13.340,40.330
561.458,216.438,13.340,40.330
561.383,215.789,13.340,40.330
561.430,215.196,13.340,40.330
561.503,214.626,13.339,40.330
561.561,213.811,13.339,40.330
561.603,212.973,13.339,40.330
561.676,212.089,13.339,40.330
561.743,211.156,13.339,40.330
561.453,210.470,13.339,40.330
561.609,209.581,13.339,40.330
561.775,208.752,13.338,40.330
561.536,208.236,13.338,40.330
561.630,207.319,13.338,40.330
561.699,206.410,13.338,40.330
561.409,205.600,13.338,40.331
561.509,204.572,13.338,40.331
561.666,203.664,13.337,40.331
561.769,202.784,13.337,40.331
561.488,201.976,13.337,40.331
561.635,201.202,13.337,40.331
561.770,200.494,13.337,40.331
561.510,199.948,13.337,40.331
561.650,199.192,13.336,40.331
561.781,198.405,13.336,40.331
561.399,197.255,13.336,40.331
561.519,195.981,13.336,40.331
561.674,194.890,13.336,40.331
561.809,193.766,13.336,40.331
561.552,192.922,13.336,40.331
561.639,192.022,13.335,40.331
561.746,191.196,13.335,40.331
561.481,190.513,13.335,40.331
561.554,189.805,13.335,40.331
561.612,189.243,13.335,40.331
561.702,188.654,13.335,40.331
561.387,188.000,13.335,40.331
561.349,187.675,13.335,40.331
561.338,187.114,13.334,40.331
561.267,186.475,13.334,40.331
561.196,185.740,13.334,40.332
561.191,185.040,13.334,40.332
561.158,184.327,13.334,40.332
561.166,183.315,13.334,40.332
561.136,182.266,13.334,40.332
561.120,180.923,13.334,40.332
561.099,179.495,13.333,40.332
561.033,178.163,13.333,40.332
560.784,176.952,13.333,40.332
560.791,174.891,13.333,40.331
560.669,174.396,13.333,40.330
560.494,174.053,13.334,40.327
560.441,173.889,13.334,40.323
560.544,173.536,13.335,40.319
560.707,173.247,13.336,40.315
560.883,173.314,13.336,40.312
561.135,173.433,13.337,40.309
561.143,173.117,13.337,40.306
561.242,173.012,13.338,40.302
561.404,173.016,13.338,40.298
561.680,173.108,13.339,40.295
562.012,173.336,13.343,40.280
561.429,173.618,13.344,40.272
562.006,173.318,13.346,40.266
561.654,173.307,13.347,40.258
562.395,173.299,13.348,40.254
562.410,173.168,13.349,40.248
562.478,173.153,13.350,40.241
562.618,173.224,13.350,40.236
562.878,173.414,13.350,40.232
562.891,173.646,13.350,40.230
562.835,173.589,13.350,40.228
562.716,173.254,13.350,40.227
562.993,172.799,13.350,40.225
563.022,172.328,13.350,40.225
562.953,172.104,13.349,40.224
562.559,172.095,13.349,40.224
562.524,172.363,13.349,40.222
562.657,172.444,13.348,40.221
562.692,172.561,13.348,40.220
562.782,172.775,13.347,40.219
562.650,172.855,13.347,40.218
562.774,172.654,13.346,40.217
562.588,172.555,13.346,40.217
562.692,172.625,13.345,40.217
562.688,172.609,13.345,40.216
562.664,173.226,13.345,40.216
562.503,173.507,13.344,40.215
562.330,173.813,13.344,40.215
557.793,173.222,13.349,40.210
556.227,173.250,13.356,40.201
555.390,173.381,13.376,40.171
554.358,173.569,13.400,40.139
551.534,173.740,13.420,40.114
549.456,174.153,13.473,40.058
548.072,177.638,14.548,39.008
547.314,178.299,15.642,37.991
545.643,179.041,17.139,36.625
545.615,179.985,17.982,35.895
545.465,180.680,18.847,35.150
545.699,181.230,19.334,34.734
545.321,181.965,19.745,34.380
545.887,182.579,19.963,34.197
545.935,183.038,20.117,34.068
546.715,183.515,20.194,34.001
547.586,184.065,20.269,33.936
547.355,184.695,20.352,33.864
547.582,185.222,20.417,33.807
547.522,185.770,20.470,33.760
547.961,186.357,20.575,33.656
547.959,186.598,20.643,33.588
547.348,186.643,20.691,33.542
518.150,211.595,22.035,32.120
521.634,211.694,22.762,31.124
525.741,211.146,23.292,30.508
530.062,207.489,23.422,30.358
531.373,207.189,23.648,30.336
535.146,207.439,23.803,30.356
539.044,211.245,23.893,30.226
543.007,211.452,24.003,29.962
547.253,211.346,24.271,29.760
547.678,210.837,24.697,29.259
551.239,210.341,24.918,29.082
551.402,208.999,24.869,29.185
555.260,207.426,24.232,29.940
558.043,205.917,22.904,31.340
558.673,203.921,21.899,32.508
559.481,202.194,21.021,33.448
560.505,196.087,19.658,35.191
559.823,195.174,19.112,36.038
559.440,194.176,18.907,36.687
559.344,192.480,18.848,36.987
558.973,191.525,18.754,36.937
557.897,194.968,19.053,36.281
556.920,190.943,19.473,35.711
553.461,190.672,20.847,34.372
552.316,190.653,22.127,32.929
549.297,190.057,23.132,31.890
545.413,189.342,24.020,30.920
541.416,188.659,24.449,30.416
537.485,184.782,24.261,30.406
533.119,185.237,24.286,30.419
533.109,185.863,24.374,30.268
532.161,186.552,24.671,30.140
531.523,186.458,24.974,29.972
530.978,186.068,25.167,29.789
530.668,185.834,25.355,29.560
529.688,182.140,25.288,29.517
525.144,178.266,25.263,29.553
523.917,177.473,24.978,29.837
522.766,176.113,24.676,30.271
521.768,174.851,24.397,30.559
520.570,173.618,24.342,30.850
519.455,172.661,24.356,31.034
517.991,172.339,24.295,31.194
517.708,173.649,23.112,32.347
516.495,173.872,22.011,33.309
512.027,172.062,21.422,34.292
510.452,171.761,20.835,34.889
509.253,172.004,20.479,35.246
508.661,175.812,19.755,35.983
507.754,176.157,19.306,36.362
499.332,173.007,19.340,36.319
495.906,173.684,19.285,36.453
495.158,174.106,19.051,36.426
494.509,178.501,20.232,34.978
493.753,183.035,21.747,33.330
489.334,180.364,23.054,31.966
488.171,181.809,24.324,30.630
483.288,182.671,25.320,29.862
481.894,183.015,26.322,29.162
481.340,183.355,26.967,28.702
484.499,183.651,27.060,28.557
480.124,183.890,27.147,28.473
472.148,184.000,27.152,28.433
471.114,187.148,27.101,28.610
470.106,187.291,27.039,28.556
468.575,190.671,27.128,28.391
464.997,193.788,27.495,28.361
464.729,181.210,25.912,30.130
463.566,180.787,24.734,31.183
461.414,178.605,24.655,30.561
461.251,179.445,23.759,30.918
460.152,179.593,23.050,31.402
459.835,177.508,22.317,31.586
458.750,177.184,21.805,32.041
457.117,173.653,22.435,31.175
455.235,171.000,22.985,30.135
454.242,170.671,23.491,29.362
453.834,170.684,23.737,28.741
453.981,170.556,23.830,28.357
452.976,171.570,23.829,27.908
453.305,175.208,23.678,27.633
453.339,176.912,23.450,27.228
453.791,181.001,23.171,26.970
453.484,184.508,23.040,26.814
453.071,188.740,23.465,26.088
449.185,192.106,23.614,25.941
447.527,195.325,23.440,26.195
446.450,195.522,22.220,27.341
443.928,195.299,21.458,28.132
444.091,194.959,20.698,28.659
440.510,191.849,21.122,28.089
438.761,191.689,21.028,27.651
435.926,190.959,21.437,27.082
434.846,188.803,21.744,26.584
434.181,188.298,21.950,26.344
432.912,188.254,22.150,26.141
432.105,185.797,22.419,25.859
430.249,193.649,21.467,26.996
433.639,199.600,21.900,26.665
434.030,199.455,22.110,26.553
435.623,199.433,22.790,26.319
436.335,202.053,22.739,26.519
440.040,201.506,22.844,26.753
441.137,200.952,22.761,27.090
442.185,200.396,22.546,27.329
443.746,197.083,22.398,27.230
445.480,197.658,21.117,28.371
448.340,196.227,21.340,28.382
449.257,192.418,21.677,28.318
450.546,191.564,22.001,28.383
452.925,191.402,22.504,28.284
455.559,190.937,23.072,28.043
457.955,190.476,23.489,27.990
460.496,190.560,23.599,28.148
463.226,191.139,24.078,28.105
466.727,192.126,24.182,28.143
470.287,193.254,24.236,28.096
473.176,196.553,24.033,28.323
473.439,197.147,24.116,28.409
476.300,197.216,24.270,28.496
477.085,196.823,24.496,28.602
481.442,196.001,22.967,30.157
484.929,194.611,21.650,31.520
488.826,196.853,21.017,32.203
488.460,204.315,22.124,30.746
488.471,204.901,23.023,29.809
490.253,208.653,21.709,31.507
491.350,206.371,19.919,34.170
494.608,201.553,19.298,35.368
495.202,199.759,18.166,37.218
496.145,198.362,17.183,38.742
496.690,197.499,16.653,39.449
498.115,192.692,16.338,40.300
498.569,192.145,16.252,40.720
499.060,192.076,16.231,41.064
499.967,192.623,17.055,40.517
499.675,195.478,17.717,39.996
500.177,196.301,18.413,39.238
500.736,197.123,19.036,38.586
500.793,197.102,19.528,38.197
501.128,195.523,19.560,38.514
502.721,193.142,19.639,38.807
505.451,190.769,19.284,39.252
506.391,189.179,19.404,39.372
507.517,186.146,19.457,39.368
510.618,183.353,18.675,40.436
510.415,180.049,18.766,40.482
514.153,177.149,17.949,41.524
514.627,175.544,17.421,42.216
517.916,174.618,16.976,42.654
520.652,174.180,16.619,43.002
523.426,174.139,16.327,43.229
526.509,176.863,16.079,43.292
529.963,179.104,15.603,43.658
533.123,181.654,15.212,43.801
535.792,181.491,14.864,43.961
536.073,183.684,14.717,44.010
539.298,183.144,14.611,44.010
539.437,182.701,14.539,43.871
542.585,185.716,14.469,43.803
542.836,185.163,14.527,43.633
546.095,184.675,14.380,43.832
549.282,184.431,14.196,44.127
549.614,179.763,14.210,44.116
554.246,186.698,14.101,44.302
557.469,186.916,14.031,44.500
560.531,186.777,14.014,44.942
563.068,186.711,13.864,45.371
565.636,188.762,13.684,45.831
565.047,181.053,13.770,45.737
564.064,179.695,13.872,45.627
559.257,178.987,14.335,45.101
558.847,177.447,14.835,44.608
561.471,173.720,15.040,45.031
561.089,174.011,15.038,45.032
555.407,170.966,16.797,42.920
557.758,175.534,17.239,42.003
560.009,176.595,17.335,41.698
560.525,177.114,17.273,41.722
560.704,177.362,17.266,41.725
559.678,177.828,17.267,41.722
559.737,178.682,17.266,41.723
553.594,148.360,20.255,38.181
554.161,147.381,21.565,36.654
557.210,148.368,21.558,36.176
558.427,152.087,20.982,36.198
559.326,156.646,20.121,36.653
563.316,160.180,18.277,38.521
563.427,163.553,17.929,38.847
552.561,146.072,19.931,36.611
550.728,138.544,22.011,34.807
551.517,139.261,23.245,33.653
552.621,139.933,24.035,32.792
555.356,140.512,23.034,33.728
556.227,143.976,22.330,34.491
556.165,146.606,21.631,35.034
556.553,145.195,21.250,35.650
556.303,144.170,20.830,36.610
556.073,145.253,20.638,37.048
557.258,146.334,20.320,37.154
561.005,148.502,19.152,38.232
561.229,148.859,18.227,39.100
561.759,160.396,17.420,40.170
561.534,172.243,16.761,40.810
562.222,176.485,16.289,41.099
562.923,181.608,15.924,41.256
563.257,183.167,15.780,41.363
563.024,186.515,15.696,41.471
556.148,186.220,15.964,41.265
556.972,186.598,15.943,41.383
557.300,181.136,16.350,40.699
557.492,182.070,16.687,40.090
557.764,183.170,17.135,39.342
558.590,180.565,17.406,38.547
558.903,181.246,17.741,37.688
559.731,181.561,17.221,38.021
559.213,181.313,17.330,37.635
562.544,184.618,16.917,37.847
558.224,195.936,17.304,37.529
560.291,196.411,17.259,37.449
559.415,195.645,17.471,37.089
562.285,194.007,16.783,37.845
562.918,193.520,16.426,38.188
553.180,184.345,18.665,35.649
560.560,183.337,17.874,36.545
554.072,184.032,19.427,34.779
556.850,182.831,19.453,34.568
557.247,181.927,19.588,34.426
557.385,183.947,19.635,34.251
552.132,187.106,21.064,32.840
550.999,187.926,22.358,31.567
549.860,188.056,23.294,30.607
548.938,188.401,24.116,29.792
548.883,188.314,24.505,29.351
550.425,188.426,24.452,29.198
553.739,184.316,23.380,30.356
553.713,183.957,22.694,31.132
554.814,184.395,21.782,31.913
555.917,184.003,21.248,32.397
556.908,183.665,20.767,32.821
557.275,183.271,20.329,33.239
557.773,183.459,20.048,33.416
557.696,185.659,19.875,33.478
560.390,183.885,18.898,34.488
560.746,183.014,18.202,35.214
561.140,182.093,17.664,35.789
561.603,181.960,17.155,36.354
561.958,181.820,16.720,36.848
558.002,184.392,17.465,36.135
557.340,184.470,18.233,35.497
