450.000,91.000,31.000,37.000
439.585,98.686,35.247,33.154
433.341,103.197,37.410,30.938
426.835,107.532,38.670,29.494
420.378,113.139,38.703,29.478
416.150,114.119,38.140,29.421
411.387,114.746,37.784,29.429
406.067,116.070,38.396,28.480
405.068,117.636,39.761,26.910
403.016,119.272,41.078,25.544
396.384,120.749,42.097,24.592
393.824,121.882,42.340,24.346
391.508,124.961,41.695,24.136
391.972,124.241,39.268,26.122
392.554,126.950,36.830,28.095
392.587,129.868,35.215,29.058
392.929,128.237,33.802,30.010
392.466,130.916,32.568,30.940
390.005,134.808,31.719,31.033
393.547,139.928,31.717,30.741
390.979,144.936,31.826,30.259
382.326,149.605,33.277,28.785
383.328,150.600,33.281,28.504
383.315,150.671,33.453,28.017
383.252,151.074,33.590,27.479
382.891,150.935,33.513,27.230
378.808,147.867,34.839,25.431
385.111,151.952,34.362,25.702
375.998,144.503,35.026,24.912
379.803,144.928,33.773,25.751
376.005,143.753,32.956,26.282
372.651,142.427,32.279,26.740
372.953,141.377,31.411,27.325
374.342,140.418,30.008,28.540
374.593,142.751,28.772,29.564
375.857,143.026,27.968,29.895
377.037,147.771,28.187,29.315
378.262,148.221,28.178,28.758
375.481,148.644,28.488,28.052
376.807,149.046,28.398,27.642
373.896,150.261,28.475,27.256
374.413,150.972,28.609,26.906
374.267,151.111,28.851,26.413
372.517,151.239,30.521,24.770
371.779,152.174,30.353,24.763
372.276,152.844,30.043,24.891
372.830,152.910,29.257,25.459
373.622,153.238,28.244,26.535
374.483,157.060,27.139,27.165
375.125,157.205,26.049,27.896
375.918,156.708,25.301,28.236
376.199,156.648,25.022,28.341
377.196,160.780,25.139,27.952
378.290,162.047,25.379,27.326
375.324,162.466,25.577,26.818
376.267,165.751,25.393,26.629
377.069,169.493,25.373,26.382
374.976,170.123,25.335,26.221
378.276,168.950,25.693,25.710
381.012,168.942,26.194,24.991
379.684,169.427,26.675,24.483
379.534,169.664,26.831,24.228
379.949,168.872,26.477,24.452
381.155,168.802,25.777,25.133
382.675,172.129,25.030,25.727
383.778,172.595,24.249,26.297
383.941,172.593,23.088,27.500
384.540,176.006,22.857,27.338
385.445,176.899,23.158,26.669
386.575,181.100,23.471,25.786
383.406,181.734,23.797,24.997
386.075,182.513,24.112,24.342
386.169,183.606,24.122,24.005
385.710,183.755,24.118,23.867
379.333,187.453,25.840,22.133
380.413,184.990,27.761,20.708
381.033,185.870,27.689,20.848
382.166,185.634,27.274,21.211
383.186,185.547,26.557,21.864
383.905,185.401,25.648,22.610
385.320,189.405,24.793,23.223
385.116,189.882,24.094,23.417
385.070,187.704,23.422,23.701
385.050,188.789,23.035,23.842
384.275,190.282,22.909,23.779
384.036,191.614,23.036,23.466
383.951,192.734,23.388,23.016
383.490,193.109,23.507,22.627
382.412,193.794,23.535,22.380
382.185,194.210,23.514,22.112
381.774,194.355,23.506,22.008
380.015,195.370,23.353,21.878
379.997,195.619,23.372,21.639
378.145,195.603,23.534,21.477
378.119,196.463,23.599,21.260
377.267,197.131,23.621,21.106
376.855,197.582,23.649,20.820
376.170,197.465,23.601,20.887
375.229,198.604,23.584,20.949
375.111,198.989,23.649,20.972
375.018,200.076,23.600,20.936
372.647,198.591,23.317,21.270
372.501,200.124,23.086,21.569
372.094,200.882,23.091,21.654
371.736,198.503,22.987,21.720
368.895,201.377,22.797,21.779
368.508,200.465,22.772,21.699
368.470,198.308,22.728,21.733
368.068,198.450,22.860,21.588
366.335,196.291,22.921,21.286
366.323,197.292,22.796,21.204
364.648,197.716,22.775,21.053
364.431,198.578,22.703,20.942
363.448,199.201,22.737,20.808
362.695,197.791,22.489,20.796
362.712,198.474,22.461,20.516
360.811,197.742,22.516,20.049
360.264,197.800,22.617,19.724
357.722,196.011,22.800,19.428
357.968,196.466,22.885,19.195
357.566,196.643,22.889,19.042
355.687,196.822,22.798,19.048
356.126,197.355,22.754,19.051
356.198,196.645,22.801,19.013
356.110,196.055,22.829,18.992
355.973,194.911,22.839,18.984
355.615,194.137,22.846,18.979
355.426,193.513,22.846,18.978
355.204,193.952,22.846,18.979
355.067,194.187,22.845,18.979
355.220,194.389,22.845,18.980
355.287,194.597,22.845,18.980
355.269,194.862,22.844,18.980
355.212,194.998,22.844,18.981
355.207,195.222,22.844,18.981
355.205,195.454,22.844,18.981
355.167,195.596,22.843,18.981
355.149,195.775,22.843,18.982
355.170,196.007,22.843,18.982
355.164,196.219,22.843,18.982
355.195,196.513,22.843,18.982
355.214,196.748,22.842,18.982
355.233,196.983,22.842,18.983
354.945,196.855,22.842,18.983
354.964,196.912,22.842,18.983
354.959,197.236,22.842,18.983
354.938,197.440,22.842,18.983
354.952,197.653,22.841,18.983
355.007,197.807,22.841,18.984
354.998,198.043,22.841,18.984
354.964,198.192,22.841,18.984
354.975,198.311,22.841,18.984
354.967,198.573,22.840,18.985
354.972,198.880,22.840,18.985
354.931,199.113,22.840,18.985
354.874,199.425,22.840,18.985
354.818,199.738,22.840,18.986
354.801,199.948,22.839,18.986
354.781,200.199,22.839,18.986
354.680,200.557,22.839,18.986
354.644,200.705,22.839,18.986
354.637,200.931,22.838,18.987
354.611,201.105,22.838,18.987
354.528,201.431,22.838,18.987
354.503,201.794,22.838,18.988
354.463,202.059,22.837,18.988
354.408,202.504,22.837,18.988
354.373,202.819,22.837,18.988
354.353,203.124,22.837,18.989
354.297,203.422,22.836,18.989
354.237,203.693,22.836,18.989
354.173,204.005,22.836,18.990
354.130,204.278,22.836,18.990
354.114,204.585,22.835,18.990
354.119,204.845,22.835,18.990
354.121,205.173,22.835,18.991
354.119,205.374,22.835,18.991
354.130,205.700,22.834,18.991
354.096,205.909,22.834,18.992
354.038,206.228,22.834,18.992
354.041,206.524,22.834,18.992
353.952,206.684,22.833,18.993
353.790,206.246,22.832,18.993
353.625,205.426,22.831,18.995
353.221,204.827,22.829,18.998
352.806,204.215,22.823,19.004
352.361,203.673,22.814,19.015
351.920,203.350,22.798,19.034
351.650,203.759,22.786,19.048
351.375,203.709,22.767,19.070
350.920,204.025,22.752,19.087
350.613,204.155,22.733,19.110
350.384,204.029,22.709,19.138
350.189,204.049,22.688,19.163
349.943,204.163,22.671,19.183
349.637,203.751,22.649,19.209
349.531,203.776,22.633,19.229
349.398,203.878,22.616,19.248
349.432,203.516,22.602,19.264
349.482,203.186,22.586,19.283
349.549,202.987,22.576,19.295
349.532,202.671,22.558,19.316
349.564,202.555,22.551,19.324
349.458,202.583,22.546,19.330
349.420,202.452,22.537,19.341
349.306,202.317,22.530,19.349
349.182,202.089,22.523,19.357
349.101,202.057,22.516,19.365
348.946,201.996,22.511,19.371
348.784,201.867,22.506,19.377
348.650,201.763,22.501,19.383
348.494,201.558,22.497,19.388
348.358,201.224,22.493,19.393
348.200,200.810,22.488,19.398
348.148,200.586,22.485,19.402
348.112,200.466,22.482,19.406
347.992,200.443,22.479,19.408
347.855,200.330,22.477,19.411
347.735,200.289,22.474,19.415
347.530,200.088,22.471,19.418
347.362,199.791,22.469,19.421
347.202,199.821,22.466,19.424
347.058,199.723,22.464,19.427
346.826,199.577,22.462,19.429
346.704,199.268,22.460,19.431
346.618,199.143,22.458,19.434
346.443,198.515,22.455,19.437
346.270,197.870,22.453,19.440
346.035,197.241,22.450,19.442
345.857,196.632,22.447,19.446
345.763,196.326,22.446,19.448
345.599,195.797,22.444,19.449
345.412,195.326,22.442,19.452
345.280,195.124,22.441,19.454
344.995,195.178,22.439,19.455
344.633,195.267,22.438,19.457
344.317,195.064,22.437,19.458
343.892,194.430,22.436,19.460
343.449,193.863,22.434,19.461
343.109,193.809,22.436,19.460
343.287,194.134,22.439,19.458
343.212,193.182,22.437,19.460
343.869,193.722,22.443,19.455
344.470,194.257,22.452,19.449
344.722,194.655,22.477,19.431
344.976,194.096,22.499,19.413
345.396,193.362,22.516,19.399
345.512,193.033,22.537,19.382
345.777,192.540,22.558,19.363
345.554,191.977,22.610,19.321
345.651,191.678,22.630,19.305
345.842,190.787,22.651,19.286
346.045,190.147,22.661,19.277
346.206,189.826,22.700,19.244
346.343,189.654,22.734,19.216
346.236,189.874,22.761,19.191
345.787,190.327,22.820,19.144
346.045,190.642,22.937,19.050
345.934,190.798,23.094,18.930
345.784,190.705,23.205,18.848
345.982,190.281,23.342,18.753
345.578,187.973,23.557,18.599
345.473,187.738,23.642,18.542
345.539,187.365,23.726,18.484
345.267,186.810,23.787,18.445
345.321,184.150,23.915,18.348
345.273,183.688,24.018,18.280
345.024,183.214,24.111,18.219
344.995,180.560,24.307,18.070
345.073,180.453,24.448,17.974
345.049,177.952,24.644,17.830
345.052,177.969,24.786,17.725
345.173,177.801,25.007,17.570
345.033,175.469,25.231,17.407
345.483,175.356,25.384,17.297
345.262,175.073,25.524,17.213
345.127,174.684,25.625,17.147
344.924,174.097,25.665,17.121
344.760,173.508,25.708,17.093
344.791,170.907,25.838,17.005
344.482,170.701,25.904,16.961
344.095,168.169,26.048,16.859
344.041,168.026,26.164,16.771
343.689,167.671,26.241,16.718
343.436,165.241,26.388,16.612
343.056,165.301,26.463,16.557
342.999,165.087,26.561,16.489
342.881,164.707,26.626,16.445
342.525,162.317,26.789,16.329
342.125,162.360,26.877,16.267
341.699,162.076,26.936,16.227
341.770,159.756,27.130,16.088
341.703,159.735,27.254,16.007
341.601,159.507,27.320,15.965
341.552,159.052,27.387,15.927
341.435,158.430,27.432,15.900
341.263,157.543,27.474,15.875
341.064,155.051,27.583,15.807
340.932,154.691,27.631,15.775
340.676,154.220,27.677,15.750
340.562,151.600,27.773,15.681
340.424,151.455,27.851,15.633
339.970,151.203,27.907,15.598
339.589,150.663,27.936,15.580
339.348,148.243,28.102,15.473
338.936,148.060,28.189,15.416
338.492,147.780,28.263,15.372
337.840,147.136,28.316,15.341
337.188,146.587,28.362,15.315
336.999,143.895,28.460,15.251
336.605,143.876,28.528,15.209
335.874,143.673,28.584,15.173
335.007,143.331,28.604,15.162
334.031,143.044,28.625,15.149
333.081,142.533,28.643,15.139
332.427,141.968,28.656,15.132
332.168,141.669,28.681,15.118
331.545,141.444,28.690,15.114
331.080,141.052,28.717,15.097
330.596,141.049,28.727,15.093
329.906,140.868,28.740,15.087
329.873,141.204,28.719,15.109
329.213,140.515,28.730,15.105
329.500,140.425,28.711,15.126
329.670,140.244,28.696,15.141
329.613,139.836,28.685,15.153
329.470,138.771,28.678,15.161
329.529,138.142,28.669,15.169
329.392,137.794,28.659,15.180
329.077,137.479,28.654,15.185
328.492,138.221,28.641,15.198
327.920,138.678,28.629,15.211
327.441,139.407,28.620,15.220
327.103,139.856,28.609,15.233
326.535,140.336,28.594,15.248
326.015,140.788,28.583,15.261
325.588,141.428,28.575,15.270
325.175,141.876,28.569,15.276
324.906,141.951,28.564,15.281
324.746,142.289,28.560,15.285
324.689,142.728,28.556,15.290
324.666,142.680,28.550,15.297
324.407,143.229,28.540,15.308
323.962,143.123,28.543,15.306
323.746,143.490,28.531,15.319
323.221,142.915,28.533,15.317
322.593,142.219,28.535,15.316
321.993,141.689,28.538,15.314
321.062,141.185,28.539,15.313
320.885,140.658,28.535,15.317
320.627,140.439,28.533,15.320
320.500,140.392,28.530,15.323
320.525,140.121,28.524,15.330
320.413,140.226,28.515,15.339
320.064,140.149,28.505,15.350
319.662,140.139,28.499,15.356
319.313,140.281,28.492,15.364
319.031,140.354,28.488,15.368
318.562,140.477,28.486,15.370
318.044,140.537,28.484,15.372
317.736,140.738,28.483,15.374
316.960,140.728,28.484,15.373
316.748,141.391,28.483,15.374
316.179,141.314,28.483,15.374
316.221,142.059,28.481,15.376
316.420,142.593,28.479,15.379
316.646,142.963,28.473,15.385
316.646,143.287,28.465,15.393
316.421,143.317,28.453,15.406
316.209,143.170,28.445,15.416
315.987,143.266,28.437,15.424
315.755,143.299,28.428,15.434
315.499,143.421,28.420,15.442
315.207,143.667,28.414,15.449
314.900,143.808,28.410,15.454
314.411,144.099,28.407,15.457
313.937,144.135,28.405,15.459
313.556,144.460,28.404,15.460
313.291,144.545,28.403,15.462
312.983,144.869,28.402,15.462
312.643,145.017,28.401,15.463
312.308,145.193,28.401,15.464
312.007,145.232,28.400,15.464
311.755,145.168,28.399,15.465
311.546,144.884,28.399,15.466
311.292,144.613,28.398,15.466
311.096,144.491,28.398,15.467
310.905,144.556,28.397,15.467
310.795,144.829,28.397,15.468
310.685,144.933,28.396,15.468
310.683,144.948,28.395,15.469
310.620,145.071,28.395,15.470
310.523,145.489,28.394,15.471
310.691,146.114,28.393,15.472
310.928,146.660,28.392,15.473
311.013,146.955,28.388,15.477
310.838,147.072,28.385,15.480
310.570,147.488,28.382,15.483
310.143,147.229,28.383,15.482
309.834,146.840,28.386,15.481
308.975,146.391,28.391,15.476
308.271,145.614,28.396,15.473
308.202,146.395,28.394,15.475
307.967,146.773,28.392,15.477
308.102,147.587,28.388,15.481
307.890,147.861,28.386,15.484
307.640,147.772,28.384,15.485
307.559,147.601,28.386,15.484
