82.000,218.000,69.000,73.000
85.138,220.202,67.759,73.262
88.251,223.554,67.423,72.882
90.029,225.542,68.484,71.185
96.969,225.222,69.226,69.801
95.966,232.919,70.140,68.617
98.399,241.447,69.430,68.850
109.450,242.520,69.897,69.823
110.529,244.525,70.575,70.013
109.277,245.647,70.996,70.152
111.496,247.375,70.986,69.614
120.096,244.730,70.241,69.916
110.526,252.452,70.097,69.344
129.956,251.475,70.299,68.502
140.782,237.795,68.142,70.126
146.812,234.551,65.803,71.459
150.980,232.743,64.966,71.456
155.749,234.941,66.171,69.900
163.602,235.740,66.431,69.068
172.522,235.176,64.228,69.897
178.162,235.981,63.015,69.982
183.728,236.207,61.747,70.164
187.445,237.311,60.868,69.695
190.700,238.819,60.078,69.535
194.780,240.730,59.689,69.020
199.024,242.025,59.301,68.671
203.297,242.953,58.798,68.521
207.598,244.765,58.601,68.488
210.296,246.090,59.603,67.162
210.537,247.760,61.427,65.354
211.354,248.038,62.154,64.161
211.859,255.187,62.722,62.617
212.843,255.509,62.362,61.737
220.515,253.395,61.793,61.500
228.592,252.233,61.451,61.368
231.122,252.466,61.395,61.154
232.168,259.475,59.904,61.494
234.917,259.154,58.892,61.598
241.391,257.823,57.698,61.924
243.788,256.927,56.377,62.286
246.701,256.049,56.252,61.798
249.133,255.541,57.107,60.820
250.846,255.191,57.375,60.325
252.893,262.320,55.542,61.242
258.239,261.788,51.572,64.853
258.408,261.164,51.523,64.765
265.197,261.681,52.017,64.478
272.289,261.595,53.308,63.749
298.268,258.736,48.958,67.884
305.743,260.108,46.449,69.461
305.766,258.595,45.061,69.872
298.488,256.998,44.487,69.537
287.878,253.520,46.645,66.863
285.431,255.439,47.462,65.532
284.487,256.928,48.604,64.328
281.751,257.240,49.102,63.976
282.869,259.832,46.840,65.713
285.228,259.188,45.022,66.663
285.251,261.168,46.344,64.536
275.331,250.733,48.296,62.069
273.976,251.761,49.921,59.887
279.591,248.880,50.860,58.419
282.119,258.209,47.919,61.359
282.031,258.998,45.778,63.265
280.562,259.218,46.522,61.844
266.436,267.369,44.566,62.850
230.445,258.666,42.976,64.384
228.386,252.779,43.796,62.712
221.076,247.333,44.834,61.622
210.893,241.999,47.491,59.065
203.446,234.796,49.115,56.751
202.229,237.095,50.384,54.800
194.458,236.768,49.918,54.348
184.602,233.419,49.736,53.780
182.594,235.815,49.163,53.234
180.798,237.724,47.884,53.230
181.788,244.954,44.765,55.842
174.245,239.022,44.502,55.171
167.918,239.201,44.846,54.088
160.651,240.290,45.370,52.825
160.400,241.895,46.107,51.572
158.808,239.744,46.559,50.213
156.557,240.730,46.756,49.201
155.330,242.175,46.299,48.607
152.547,244.288,45.310,48.399
145.912,239.238,45.612,47.041
140.117,240.502,45.418,46.661
144.857,245.617,46.141,45.961
144.578,247.898,45.811,46.058
139.690,246.866,44.811,46.958
140.481,251.968,41.347,50.201
136.285,251.190,38.660,52.588
133.695,250.075,38.424,52.732
122.888,244.897,36.894,54.118
113.371,238.270,39.322,51.072
98.788,235.063,45.095,45.582
93.037,236.289,50.154,40.874
106.624,236.865,49.597,40.989
107.663,236.300,49.592,40.992
