250.000,168.000,106.000,105.000
249.763,173.627,106.851,104.265
239.147,185.159,109.779,102.180
223.672,199.251,111.130,101.597
212.003,213.262,111.817,101.437
221.897,209.395,110.448,103.413
219.655,201.949,110.570,103.699
216.103,201.717,112.116,103.409
197.876,214.931,119.484,97.341
150.758,246.433,117.819,99.583
148.958,213.835,117.333,99.410
149.412,228.169,115.472,101.004
227.316,212.631,116.267,102.406
215.346,206.989,115.396,103.142
205.615,206.447,117.136,102.477
193.131,212.115,116.941,102.758
192.779,221.665,116.931,102.784
206.718,214.782,116.584,103.379
223.526,192.735,115.012,104.467
223.260,157.699,113.793,104.973
199.275,152.053,115.626,102.853
204.049,163.140,114.840,103.951
234.536,190.068,114.673,103.961
265.251,221.549,113.701,105.060
272.560,244.187,113.258,106.116
255.328,244.702,115.259,106.006
241.959,247.957,115.934,105.389
236.050,252.050,115.969,105.561
234.272,244.197,115.590,105.925
225.890,233.086,116.025,105.164
226.366,221.713,115.182,105.382
231.985,214.794,116.264,104.785
245.080,203.285,116.014,105.251
245.199,181.906,115.271,105.623
230.786,159.223,114.869,106.064
224.236,138.377,114.494,106.509
226.737,133.769,115.557,104.753
245.457,131.757,115.550,105.082
252.736,134.413,115.645,106.066
257.192,143.235,113.923,107.742
270.290,170.098,112.775,108.516
272.851,213.153,111.227,109.810
273.479,232.337,112.806,108.527
275.730,236.922,113.582,108.356
275.927,232.137,113.403,109.787
265.775,225.033,112.497,109.622
267.816,215.272,111.708,109.514
269.390,200.600,109.169,111.187
270.884,166.972,108.699,110.998
274.920,163.172,108.697,110.913
276.643,171.066,107.211,112.981
268.218,179.589,109.431,111.060
266.791,177.454,110.903,110.516
270.221,177.648,112.365,110.024
276.904,185.613,113.937,109.391
288.420,196.308,112.933,111.319
282.312,207.549,112.744,111.239
248.771,209.860,114.314,109.857
216.261,208.299,115.375,109.036
196.974,208.949,115.744,108.576
200.916,205.286,116.554,108.656
220.654,204.597,117.185,108.576
260.186,213.201,117.961,107.529
298.725,211.868,118.939,106.503
331.957,222.952,118.026,107.114
328.532,220.574,117.944,107.867
320.455,210.779,117.362,108.890
300.097,190.249,117.667,108.253
265.303,168.561,117.689,107.926
239.536,162.236,117.653,107.593
240.346,169.333,116.902,108.359
250.229,185.824,116.361,109.602
255.456,196.563,115.805,110.779
268.598,210.451,117.200,109.599
293.661,222.494,118.158,108.928
309.042,231.258,117.293,109.571
305.435,241.391,117.730,109.334
293.447,246.634,118.379,108.483
285.196,246.898,119.405,107.896
263.330,242.675,120.557,106.115
226.547,235.756,121.673,104.341
212.148,230.442,120.801,105.208
208.435,236.274,119.529,106.297
218.368,233.132,119.575,106.660
237.029,215.826,118.780,107.265
253.609,192.530,117.672,107.716
267.584,169.122,119.317,106.033
292.282,152.313,120.760,104.139
320.793,150.612,119.618,105.508
327.966,156.121,117.393,107.815
328.138,170.638,116.223,108.809
314.606,183.186,117.316,107.787
295.081,194.819,119.665,106.171
273.187,207.832,120.900,105.887
248.647,222.723,120.967,106.276
231.948,227.457,120.990,106.470
220.944,217.843,119.901,107.309
211.026,210.576,120.289,106.575
202.956,204.803,119.305,106.476
215.476,198.603,120.026,105.710
232.023,190.174,120.608,104.700
244.007,172.471,120.722,104.821
262.185,174.436,119.933,105.369
280.352,187.597,118.591,106.617
299.707,213.813,117.380,107.862
306.590,221.602,116.621,108.581
302.339,213.153,117.926,107.080
259.083,198.580,125.115,101.136
207.928,200.860,134.954,93.779
175.488,212.042,131.332,97.553
160.547,231.173,126.883,101.867
158.683,239.654,124.435,103.685
178.140,223.631,122.418,104.684
196.732,203.516,121.748,104.743
219.458,185.201,122.283,104.184
233.375,180.181,119.506,106.395
231.925,193.111,117.265,108.304
224.361,205.565,116.788,107.872
222.230,205.515,116.185,108.034
230.967,201.064,117.434,106.499
241.320,200.309,117.429,106.829
238.017,204.835,117.031,107.481
224.404,218.366,118.407,106.679
206.681,222.063,119.178,106.230
203.773,214.338,117.690,106.980
202.349,204.917,118.228,105.620
194.894,197.695,117.639,104.924
200.443,206.485,115.889,106.924
214.861,233.695,113.649,108.408
208.416,250.714,113.673,108.181
205.457,250.475,113.073,108.627
206.711,229.008,111.842,109.005
208.086,206.736,111.270,108.870
201.404,186.363,113.160,107.361
172.634,184.026,115.295,105.275
162.449,185.986,114.872,106.260
174.510,200.106,115.099,106.577
183.630,208.748,116.189,105.694
199.030,210.155,117.738,105.024
225.864,210.542,118.501,104.688
247.073,223.711,118.480,105.851
273.976,237.421,119.338,105.869
295.143,248.207,119.211,106.185
287.893,242.917,120.193,105.405
251.855,229.341,128.072,98.839
191.932,225.787,127.850,99.764
162.366,224.041,127.250,101.011
139.836,226.331,133.982,95.636
101.055,231.561,130.575,98.639
114.470,218.986,138.068,92.859
159.847,207.323,146.839,86.493
205.469,201.242,140.864,92.143
220.721,193.166,134.275,97.268
220.515,191.939,129.870,101.063
234.432,204.073,126.421,104.207
239.936,211.372,123.517,106.329
226.453,220.632,123.606,106.198
191.820,222.477,132.246,98.969
165.905,231.411,129.322,101.175
165.189,229.666,127.150,102.555
198.138,219.906,132.973,97.818
241.413,222.487,138.676,92.809
270.564,220.839,132.746,98.223
262.662,216.620,129.325,101.267
255.037,209.643,126.282,103.928
247.587,202.854,124.571,104.657
244.732,196.208,121.898,106.441
250.101,191.491,121.550,106.912
266.782,193.870,121.370,107.266
274.853,201.706,119.988,108.968
259.796,212.392,120.975,107.370
239.818,208.780,122.931,106.751
210.529,222.618,121.415,108.247
184.836,238.836,121.015,109.107
170.889,249.990,120.968,108.222
180.976,247.401,121.037,108.245
198.815,245.474,121.241,107.652
211.077,240.979,120.245,108.090
190.336,236.126,121.244,107.567
175.337,231.892,121.694,107.694
172.000,225.981,120.778,107.630
184.550,225.638,121.645,106.372
183.851,212.288,124.138,104.507
274.784,206.653,123.166,104.864
273.057,201.827,123.173,104.860
238.686,190.256,131.965,97.338
202.987,186.364,130.160,100.412
189.989,183.713,128.012,102.567
173.719,186.397,126.473,104.217
162.646,195.039,125.355,104.159
167.713,193.107,123.861,105.212
193.602,195.160,131.027,99.469
210.662,197.663,136.185,95.782
284.531,197.385,131.834,99.977
283.673,194.076,129.241,102.431
267.729,201.913,127.977,103.045
247.935,200.277,127.385,104.271
229.694,211.169,126.221,104.985
205.070,210.156,125.827,105.947
171.540,203.927,125.943,106.071
142.067,187.446,124.852,107.163
134.427,186.902,123.875,107.791
152.502,184.081,123.974,108.867
184.095,196.003,124.024,108.580
194.301,196.044,122.537,108.989
190.623,190.115,120.821,109.098
194.440,184.751,120.174,108.751
204.051,178.597,120.410,107.952
216.889,176.307,118.770,108.729
215.729,183.105,117.213,109.283
211.139,189.111,117.310,109.519
204.001,205.875,116.602,109.995
219.776,225.289,116.041,110.887
225.624,246.111,114.866,110.661
211.909,247.199,116.628,109.395
196.316,238.682,116.163,109.833
185.623,216.906,114.118,111.297
185.284,180.933,113.133,111.522
193.233,162.796,114.911,109.426
207.923,161.224,115.578,109.392
223.049,171.957,116.584,109.003
238.348,184.026,117.197,108.469
245.589,187.241,116.891,108.762
231.939,188.985,117.596,107.996
212.812,197.690,118.676,106.631
190.806,207.999,118.715,105.686
186.150,213.523,116.722,106.438
190.871,218.167,116.829,105.970
189.972,209.747,115.143,106.917
190.041,190.856,113.236,108.688
199.557,172.816,114.569,106.665
228.198,168.373,115.766,105.138
271.647,166.650,116.071,104.884
303.052,184.651,114.181,106.614
302.365,206.064,111.977,108.407
297.443,218.640,111.795,108.357
297.061,223.873,112.757,106.834
305.887,219.917,112.227,106.957
291.146,227.967,112.887,105.861
259.757,226.948,114.132,104.801
238.289,230.145,114.208,104.955
236.986,237.216,112.706,105.220
219.864,242.161,113.249,104.722
210.112,232.215,113.261,104.966
210.570,223.557,113.399,104.500
214.677,214.125,113.577,103.656
223.328,210.796,113.659,103.293
234.776,207.035,114.022,102.990
251.966,201.556,113.904,102.813
261.576,183.453,112.203,104.030
260.863,176.142,113.086,102.673
281.042,184.275,111.513,103.943
291.186,211.810,110.138,105.299
287.647,243.151,109.449,106.738
264.970,254.801,110.963,105.852
255.417,236.848,108.989,107.036
256.294,203.277,108.159,107.146
246.342,168.473,108.636,106.192
238.978,162.108,109.950,104.537
228.680,163.998,111.353,103.932
210.548,175.613,111.602,103.452
220.528,173.566,112.698,102.343
248.445,169.672,113.510,100.789
266.522,153.933,113.674,100.445
281.713,149.405,113.399,100.901
283.359,160.381,112.858,101.638
265.832,176.249,113.233,101.399
244.078,188.153,113.784,101.466
237.129,191.235,113.297,101.522
243.380,188.807,113.144,101.645
252.533,191.166,112.194,102.164
243.899,203.400,113.224,101.174
211.575,214.207,114.265,100.248
201.576,213.569,113.291,100.348
215.357,208.241,113.330,100.454
228.525,202.147,113.921,99.147
241.938,195.869,113.723,99.487
243.391,195.549,112.152,100.369
242.889,204.390,111.314,101.245
239.701,208.295,110.565,101.012
232.879,212.507,111.861,99.999
216.672,225.958,112.897,99.265
210.222,238.173,112.541,99.781
219.376,246.319,112.268,99.998
225.599,237.254,111.731,100.459
216.364,232.267,111.839,99.454
214.680,227.456,111.111,99.403
227.796,221.347,111.304,98.873
255.855,193.041,111.540,98.220
277.047,174.094,111.896,98.209
282.230,166.099,111.402,98.167
284.106,175.627,109.755,99.353
278.633,200.879,109.341,99.818
271.391,219.801,109.258,100.057
262.336,231.665,109.123,100.032
242.241,233.174,117.911,92.589
218.544,231.086,116.680,94.130
218.820,243.306,113.848,96.122
229.970,253.891,111.778,97.727
238.695,248.015,110.323,99.006
241.195,231.272,108.487,100.780
243.663,216.502,108.391,100.153
252.237,217.872,115.993,93.463
278.808,220.201,122.528,87.992
299.383,216.773,118.130,91.999
294.037,212.722,116.434,93.739
280.401,209.708,116.236,94.430
269.622,219.029,114.136,95.894
268.174,232.013,112.687,96.894
255.872,240.378,112.395,97.563
253.590,245.683,110.962,98.029
264.062,242.521,110.046,98.694
268.140,233.575,108.800,98.696
265.448,226.565,108.694,97.631
258.096,218.863,108.234,96.968
258.474,213.719,107.140,97.489
264.912,210.568,107.502,97.385
269.929,203.603,106.927,97.390
270.146,195.433,107.288,96.822
274.209,200.564,106.587,97.593
283.504,215.789,106.054,98.836
292.197,228.201,105.566,99.558
291.629,231.468,106.306,98.497
274.813,239.854,108.129,96.383
247.708,238.960,108.564,96.244
227.064,238.129,108.491,96.485
217.287,229.679,106.988,97.740
206.953,200.435,105.392,98.660
206.732,181.088,105.613,97.861
212.699,174.652,106.798,96.430
227.943,175.456,107.397,96.360
240.676,186.136,107.532,96.207
251.362,188.194,107.551,96.546
259.083,190.945,107.253,96.755
276.024,205.432,106.197,97.870
292.276,231.471,105.271,98.387
296.161,251.530,104.627,98.388
292.236,249.073,104.539,98.153
283.083,220.093,103.366,99.361
270.077,204.613,104.493,98.069
252.239,193.269,110.471,92.772
223.772,204.775,111.412,92.500
223.633,220.403,109.014,94.344
228.962,232.177,107.850,94.933
242.537,233.881,114.584,88.452
263.474,234.046,111.857,90.348
277.172,237.862,109.619,91.842
279.692,245.795,107.465,93.861
275.415,258.333,106.619,94.852
272.918,266.034,105.456,95.186
275.243,262.356,104.316,95.599
275.553,255.690,103.752,95.735
277.913,248.943,102.797,96.265
278.678,241.603,103.209,95.452
274.147,238.938,104.026,95.031
262.538,241.855,104.963,94.205
252.343,244.863,105.135,93.632
255.471,239.414,103.369,94.528
256.532,230.598,102.766,94.030
251.036,225.235,103.142,93.366
245.895,226.098,103.119,93.598
252.587,229.220,103.258,93.421
261.649,229.779,103.247,93.603
278.196,226.704,102.980,93.281
294.034,219.647,102.596,92.938
295.505,201.994,101.850,92.496
289.795,198.361,102.413,92.023
285.698,203.649,102.609,92.414
283.201,210.292,103.348,91.962
264.488,217.652,104.993,91.141
243.882,210.628,105.596,90.852
223.738,198.139,105.057,91.093
226.934,203.189,103.278,92.414
235.857,215.769,102.532,93.089
259.622,254.032,102.082,93.490
272.717,282.227,110.015,86.046
301.292,269.792,108.312,87.124
316.695,251.933,106.443,88.878
317.772,243.213,105.198,89.626
299.260,229.312,105.905,89.479
278.322,231.448,112.481,83.657
246.218,244.724,118.382,78.851
219.581,247.016,114.808,82.183
231.942,247.890,118.813,79.003
269.065,248.595,123.257,75.456
299.816,246.200,118.694,79.862
323.658,240.192,115.439,82.934
336.961,239.620,111.587,86.623
345.558,244.211,109.561,88.398
348.212,241.996,106.597,90.184
351.463,236.748,104.672,90.951
341.626,236.681,104.272,90.967
321.856,247.922,105.764,90.599
295.057,266.380,105.483,90.492
295.968,261.726,104.622,91.194
306.035,255.443,104.854,90.125
316.240,250.093,104.261,89.813
331.324,252.451,103.752,90.196
342.847,264.527,103.426,90.302
359.507,258.054,101.308,91.905
348.613,220.905,100.962,92.037
310.257,183.193,101.248,92.186
287.545,167.182,101.651,91.455
286.919,177.968,100.443,92.019
286.611,192.192,99.383,92.724
278.544,207.985,98.910,92.911
252.840,231.559,100.328,92.104
227.864,244.820,100.697,91.805
218.959,245.460,100.575,90.792
220.863,249.656,101.126,90.016
228.650,251.804,101.417,89.693
250.080,244.493,100.805,89.933
254.941,215.489,99.275,90.319
245.499,186.199,99.638,89.831
234.914,181.622,99.583,88.931
231.039,182.120,99.895,88.698
216.390,193.254,100.826,88.376
196.442,208.370,100.997,88.005
187.807,216.819,100.682,87.782
188.912,217.602,99.367,88.515
181.010,230.254,99.510,88.932
184.313,241.291,99.175,89.319
197.389,241.622,99.665,89.083
241.877,230.915,106.406,83.285
266.119,229.115,105.733,84.197
292.458,225.437,104.055,85.540
313.034,234.012,101.687,86.788
315.162,244.444,100.362,87.719
289.867,252.612,101.287,87.182
231.821,231.069,111.562,79.029
211.531,227.029,110.139,80.886
183.356,225.909,109.366,82.129
175.730,232.976,107.167,84.476
207.274,234.764,112.792,79.470
232.132,227.937,109.131,82.524
242.742,209.727,107.542,83.777
255.907,205.924,106.256,84.323
277.012,206.933,111.601,79.375
313.331,209.233,115.830,74.926
329.246,217.068,111.030,78.549
322.751,213.936,109.215,80.485
307.394,208.698,108.763,81.450
265.169,184.131,111.850,78.785
236.242,166.496,108.277,82.432
243.981,153.780,107.703,83.319
278.952,147.467,106.986,84.415
295.084,140.319,104.380,86.067
300.894,131.581,103.122,86.120
305.620,130.776,99.976,88.364
307.552,156.178,98.145,89.774
310.299,193.772,96.737,90.940
313.114,227.543,95.433,91.515
309.534,230.930,95.131,90.725
310.155,224.483,95.032,90.308
299.298,207.291,94.969,90.101
295.318,198.582,94.567,89.756
294.933,183.767,93.147,90.482
295.498,157.046,92.635,90.663
294.818,97.424,91.932,91.549
310.676,83.121,92.850,90.448
335.325,96.294,92.419,90.467
337.678,134.661,91.689,90.831
330.669,168.594,93.089,89.932
309.154,182.771,95.192,88.478
298.929,202.814,95.321,87.809
284.969,219.457,96.230,87.246
273.309,230.638,96.563,86.758
268.938,237.885,96.037,87.421
275.479,241.852,96.744,87.201
283.293,239.070,96.247,87.918
289.160,232.861,95.474,88.351
296.028,217.464,95.129,88.859
310.650,202.873,95.654,88.324
314.868,198.553,96.492,87.519
322.942,197.423,97.216,87.105
339.189,203.652,96.071,87.323
339.856,219.670,95.172,88.075
325.619,235.179,96.038,87.323
303.219,254.903,96.571,86.958
275.211,269.009,97.585,86.536
265.188,266.576,97.090,86.474
262.031,262.304,96.419,87.041
251.974,247.254,95.234,87.571
241.614,208.750,94.330,88.105
262.385,184.885,95.443,87.072
283.565,182.557,97.159,86.244
297.951,184.145,96.888,86.406
314.555,199.547,95.871,87.081
330.072,215.963,95.453,87.380
347.006,238.860,94.143,88.300
353.232,257.418,92.287,89.788
345.491,267.973,94.065,88.554
329.840,270.018,101.809,81.804
301.421,270.723,104.771,79.164
263.420,281.717,107.778,76.661
213.826,275.970,105.027,79.275
214.285,268.150,101.135,82.541
224.500,239.279,98.702,84.337
226.713,210.193,96.619,86.152
236.348,195.309,97.453,85.193
268.527,187.526,104.999,78.579
290.503,190.606,109.010,74.537
309.638,197.726,105.804,77.869
318.880,199.251,102.545,80.925
324.367,209.385,98.841,84.068
329.440,222.411,95.617,86.924
321.306,231.683,95.259,86.886
300.566,232.212,97.030,85.393
248.869,234.895,103.728,79.481
199.400,235.610,107.740,75.865
178.772,239.994,103.600,79.174
187.972,238.282,102.790,79.956
232.868,238.140,107.426,75.822
248.518,239.349,104.429,79.068
255.659,235.460,102.565,81.652
255.816,237.166,105.079,79.733
269.578,236.183,106.561,78.604
294.763,223.351,102.211,82.059
305.805,213.994,106.052,79.098
296.086,215.473,110.403,75.846
302.999,215.047,110.615,75.685
316.472,197.453,110.054,76.079
319.960,191.235,106.656,79.342
346.797,165.678,105.735,80.192
309.285,151.700,103.822,82.060
311.002,152.113,106.573,79.558
308.342,154.054,104.804,81.241
310.245,159.210,104.786,81.258
240.014,239.477,101.191,84.110
235.326,250.691,98.948,85.346
241.993,266.390,97.525,86.037
250.776,272.100,96.483,86.783
240.111,258.454,96.541,86.270
221.334,257.486,96.238,85.981
231.040,267.936,95.373,85.961
251.266,283.342,101.267,80.596
274.114,293.356,98.607,83.518
277.497,280.504,96.479,84.962
276.310,256.343,95.289,85.776
275.127,260.387,95.117,85.955
273.889,256.839,95.114,85.961
252.200,161.475,96.027,84.598
241.061,163.974,95.868,84.512
230.696,187.301,94.035,85.841
228.761,220.649,92.966,86.578
230.640,248.189,92.252,86.686
236.915,262.166,92.851,86.658
246.687,256.487,93.424,86.301
250.799,241.799,92.324,87.405
247.997,235.340,92.575,87.026
259.055,231.065,92.892,86.666
285.232,219.078,92.553,86.634
287.058,216.546,92.787,85.824
273.821,201.341,92.956,85.595
281.225,188.233,94.249,84.593
298.163,186.756,93.897,84.360
301.225,200.339,92.471,85.423
289.293,234.360,92.504,85.242
278.015,257.977,91.548,85.652
287.226,268.456,92.260,85.247
292.959,266.105,91.726,85.709
282.876,252.279,92.420,84.440
273.170,246.500,92.823,83.817
276.205,245.541,93.864,83.385
278.640,242.991,93.269,83.984
271.983,236.914,93.266,83.366
264.069,230.707,93.205,82.516
256.918,228.426,93.304,82.920
253.340,235.635,94.632,82.353
241.241,235.704,94.742,82.476
240.256,231.913,95.026,82.491
263.689,227.814,95.263,82.069
291.766,228.033,94.431,82.661
281.056,237.570,94.608,82.362
257.914,247.703,95.047,82.324
257.506,248.155,94.635,82.556
267.674,235.536,94.758,82.323
272.358,229.339,93.716,82.549
271.438,223.020,93.651,82.309
276.659,224.350,93.891,82.643
285.632,232.564,93.809,83.029
282.045,230.730,95.374,82.178
272.718,227.306,95.257,82.439
275.246,224.353,95.239,82.481
279.454,228.308,95.031,82.865
282.231,237.173,93.935,83.527
272.216,247.378,94.657,83.166
267.449,255.216,94.602,83.236
279.226,249.059,95.098,82.660
289.469,233.322,94.750,82.558
285.482,229.305,95.353,81.978
279.080,232.402,96.122,81.901
268.074,245.804,95.869,82.039
269.904,241.709,94.599,83.215
271.576,225.154,93.343,84.062
275.949,219.280,94.447,82.876
279.203,219.970,93.106,83.512
279.326,232.915,92.820,83.917
270.454,242.772,94.578,83.167
264.185,243.978,95.036,83.476
268.182,239.835,95.111,83.579
270.908,236.272,95.346,83.862
260.724,237.303,95.943,83.572
252.729,246.559,95.741,84.312
251.708,256.940,94.613,85.506
252.668,253.536,94.385,85.822
254.239,248.051,94.014,85.483
253.303,241.551,94.674,85.169
253.019,246.492,93.560,86.051
254.026,260.128,93.288,86.152
252.895,265.617,93.787,86.448
252.997,267.322,94.880,86.241
252.435,267.358,95.124,86.518
251.840,262.704,95.483,86.424
243.269,256.234,95.574,85.796
242.758,249.626,95.179,86.659
245.287,236.299,93.912,87.041
243.905,229.236,94.358,85.867
243.926,225.677,94.562,85.802
245.176,227.470,96.049,85.247
249.930,224.421,95.307,85.913
251.848,217.322,95.164,85.472
257.808,213.331,95.291,85.710
259.990,222.198,93.581,86.400
261.313,237.458,92.661,86.614
260.838,244.321,93.106,86.805
259.150,245.022,93.206,86.758
257.795,238.569,94.087,85.546
267.616,231.581,94.936,84.776
269.164,232.543,93.731,85.397
267.604,238.402,94.453,85.464
256.127,244.810,95.263,85.056
255.115,241.152,94.992,85.847
256.676,234.890,94.038,86.004
254.680,228.772,95.158,85.505
245.920,238.165,95.015,86.036
239.183,254.039,95.232,86.671
238.907,256.547,95.644,86.059
250.739,256.816,96.346,85.712
275.798,243.589,95.976,85.351
280.847,238.425,95.552,85.404
266.936,239.298,102.416,79.150
246.344,251.228,100.618,81.269
256.308,263.293,106.980,75.984
276.838,258.667,104.256,79.123
278.645,241.855,102.765,79.778
254.309,232.433,108.710,74.378
236.817,236.858,106.213,76.771
234.717,237.390,103.102,79.608
239.925,236.622,101.272,81.379
240.944,230.866,100.367,82.447
235.576,232.782,99.273,82.812
235.365,232.795,98.988,82.998
244.606,242.308,97.690,84.211
245.034,247.735,96.262,85.314
240.096,252.534,105.975,77.392
298.827,256.362,115.203,70.737
307.258,256.845,117.909,68.591
287.036,256.479,121.299,65.264
244.186,268.073,122.697,63.542
211.594,279.643,116.498,69.078
217.259,281.189,118.966,66.749
242.238,278.521,121.027,65.236
250.525,271.021,114.939,70.921
233.166,271.991,118.241,68.153
213.460,273.421,119.887,66.080
209.385,275.814,113.924,70.943
215.648,276.936,116.762,68.302
234.633,280.486,112.196,72.432
240.616,271.852,107.539,76.017
242.178,264.717,105.288,77.667
235.062,258.345,104.363,78.606
234.468,253.659,102.982,79.518
244.592,245.706,101.528,80.206
251.214,238.241,100.039,81.283
247.241,231.913,98.808,81.926
248.502,225.494,97.284,82.343
251.892,220.496,97.479,82.691
255.319,229.009,95.585,83.156
253.495,252.333,94.924,83.713
238.079,285.982,95.204,83.071
235.648,286.807,94.508,83.022
245.620,268.843,94.546,82.112
253.603,250.187,94.671,81.361
263.566,232.617,94.464,81.048
267.236,218.002,92.825,81.693
255.947,206.422,97.849,77.018
251.370,190.752,96.373,77.870
254.729,174.085,94.689,78.744
255.011,168.677,95.028,78.576
267.581,168.785,94.341,78.940
279.619,189.939,92.690,79.617
280.982,210.236,91.970,80.072
282.935,242.062,90.836,80.158
285.119,238.788,89.637,79.983
284.808,216.729,88.704,80.090
280.301,205.125,90.256,78.979
288.571,205.983,97.583,73.192
312.967,217.523,101.761,69.529
317.118,221.487,98.113,73.094
303.830,230.155,97.934,73.839
292.684,230.109,97.233,75.298
297.003,236.486,95.351,76.703
299.328,248.463,93.455,78.233
313.158,271.817,92.349,79.011
316.923,283.739,92.066,79.629
316.953,272.520,95.540,75.894
298.644,256.495,93.136,77.227
298.776,233.612,91.776,77.843
296.317,211.432,90.574,78.825
292.023,208.115,90.914,78.768
292.761,216.539,90.099,79.111
300.492,228.413,95.689,73.837
311.161,238.542,94.964,74.776
311.478,240.407,93.471,76.290
309.653,243.011,93.407,76.870
302.065,252.355,93.067,77.382
297.208,257.318,92.573,78.335
297.690,250.572,91.299,79.205
298.634,235.711,89.606,80.320
298.587,219.393,89.294,80.402
301.758,212.358,89.322,80.393
300.994,205.805,90.013,80.034
302.736,205.073,90.556,79.810
310.830,212.547,91.531,78.906
332.941,224.283,95.150,74.874
334.561,245.249,91.994,76.907
321.043,254.771,95.012,74.488
279.178,265.802,99.337,71.098
263.814,260.096,98.304,72.384
249.704,245.561,95.595,74.723
236.547,232.156,93.529,76.300
228.362,206.000,91.011,78.586
242.317,193.287,91.007,78.546
265.428,189.262,89.956,79.524
285.697,200.830,88.010,80.762
285.165,212.570,86.965,81.534
286.085,215.452,87.606,81.399
293.590,215.958,88.241,81.401
294.587,219.003,88.785,81.603
296.526,221.063,88.438,82.212
295.659,220.488,88.553,82.217
