197.000,203.000,170.000,149.000
187.374,209.915,173.604,147.491
187.940,212.121,174.001,148.100
205.421,213.947,174.081,148.600
221.260,213.704,176.060,148.198
232.820,208.304,176.340,148.194
245.688,210.977,174.292,149.847
262.135,204.330,173.481,151.200
260.317,202.092,174.275,152.068
230.986,183.667,175.141,152.661
181.623,184.463,176.039,152.261
148.963,183.992,176.747,152.119
148.906,175.894,178.031,151.553
157.180,178.076,177.008,152.357
187.665,182.837,177.628,152.115
238.024,187.516,177.053,152.613
288.661,195.170,176.450,152.872
306.834,199.656,175.160,153.033
283.098,204.479,175.482,153.054
229.764,207.014,175.736,153.090
174.694,207.701,175.827,152.578
155.023,202.445,176.949,152.380
156.801,187.573,176.214,153.246
158.039,178.228,175.746,153.019
171.766,180.460,175.809,152.635
185.577,181.307,175.972,151.896
191.586,182.759,175.851,151.627
206.029,187.129,174.195,152.659
224.829,201.820,169.804,154.889
222.666,229.473,168.902,157.024
234.628,261.034,166.927,158.416
241.104,272.609,166.778,156.680
232.792,264.960,169.821,154.311
219.288,244.439,171.178,154.160
194.956,237.052,172.088,153.909
184.995,199.552,171.161,154.742
184.353,185.283,170.622,153.971
199.890,187.276,171.197,155.059
221.553,214.639,169.730,157.170
242.346,240.157,169.950,157.449
252.009,251.995,172.071,154.952
248.872,239.898,169.981,156.616
238.204,207.572,168.849,157.420
207.000,181.309,168.985,156.713
161.400,178.597,168.455,155.832
125.931,179.713,169.341,155.143
119.764,193.613,167.293,157.254
128.556,206.830,167.089,156.999
133.170,205.508,168.416,155.539
155.663,207.795,169.380,154.094
183.048,208.267,169.761,152.718
207.323,205.141,169.294,153.382
233.101,215.999,168.438,155.007
257.554,240.537,168.231,155.229
276.143,251.044,168.114,155.101
278.809,247.936,167.834,154.556
268.567,241.660,167.734,154.584
218.192,212.977,169.011,153.762
156.305,188.733,168.427,154.276
172.777,196.034,168.130,153.938
205.449,196.883,169.276,153.355
235.302,196.156,169.523,152.659
255.503,201.329,168.883,153.236
266.781,204.463,166.739,154.887
273.548,218.186,162.748,157.618
266.350,248.618,162.968,157.413
250.442,260.608,162.621,157.589
245.244,265.421,163.424,156.755
248.360,254.218,162.388,157.272
233.171,246.127,163.890,155.713
206.726,243.054,164.862,154.696
199.372,240.338,164.747,153.631
204.774,230.443,164.545,152.708
209.735,227.090,165.897,151.378
223.478,210.205,163.839,152.447
225.694,185.563,162.803,151.511
228.819,168.607,164.054,148.879
245.423,165.796,167.318,147.310
260.339,180.578,162.150,150.988
270.884,214.611,158.123,153.364
268.104,247.724,156.728,153.493
252.570,263.582,160.112,150.915
223.031,265.434,161.269,150.411
193.718,245.318,161.029,149.957
172.255,217.614,160.666,151.349
159.581,191.203,159.511,151.190
161.247,178.059,159.685,149.767
177.309,181.843,161.521,149.834
188.874,207.910,158.793,152.569
196.865,239.459,156.148,154.326
192.200,265.884,156.783,151.920
191.988,267.743,157.054,150.756
195.990,261.220,160.002,147.989
212.267,243.243,161.575,146.409
213.605,225.528,164.138,143.978
223.045,223.791,163.870,144.530
208.893,225.021,162.830,145.586
207.093,216.934,161.599,146.518
199.112,204.754,161.915,146.767
181.797,193.901,161.966,145.962
161.674,184.721,161.197,146.488
169.926,190.875,164.880,144.436
209.279,205.262,167.221,142.753
235.568,219.343,165.649,143.770
236.926,230.578,163.045,145.418
210.657,254.840,164.487,144.081
161.729,262.875,165.388,142.954
123.567,252.825,165.065,143.325
119.707,221.082,162.707,145.431
129.649,198.777,164.759,144.664
154.056,198.440,167.724,142.757
201.210,205.713,168.239,142.233
228.595,212.333,168.769,142.348
239.180,206.034,166.483,143.990
229.090,193.324,165.858,144.385
211.217,183.016,165.595,143.878
172.727,167.619,164.754,144.737
156.093,173.373,164.338,145.225
161.549,172.293,162.955,145.104
172.185,153.773,164.608,143.881
203.521,155.163,173.727,135.587
266.602,149.186,174.018,136.210
279.934,138.235,171.998,138.780
274.272,140.275,170.726,140.548
239.674,144.168,171.050,140.693
205.635,166.934,170.110,142.246
183.802,197.306,168.242,144.210
182.586,213.501,165.624,144.795
186.582,217.546,164.112,145.302
190.619,202.386,163.089,146.073
204.140,189.183,165.164,143.955
216.983,168.673,166.700,143.567
230.397,164.421,166.173,144.316
231.923,174.559,164.885,145.653
210.525,181.429,165.847,145.546
193.223,172.524,164.541,147.017
171.827,149.573,164.734,147.653
144.000,137.703,166.613,146.402
124.132,139.149,166.795,147.231
123.850,155.817,164.495,148.834
138.210,166.411,165.812,147.227
151.632,174.737,177.700,136.582
180.696,175.797,185.496,130.158
213.075,177.827,192.268,125.421
239.564,199.962,194.309,124.066
245.047,205.081,195.750,121.613
237.304,209.782,187.573,129.147
220.825,203.789,181.812,134.959
189.853,205.379,178.660,137.800
154.339,207.857,176.629,139.665
135.845,200.287,173.876,142.401
152.206,198.336,174.116,142.591
177.850,190.508,175.372,142.830
203.445,157.683,171.491,145.684
207.444,126.285,169.901,146.837
215.582,119.713,171.419,145.312
243.119,125.194,170.639,146.510
257.702,149.731,168.529,148.360
268.127,162.857,167.982,148.949
262.167,162.181,166.571,149.448
265.553,162.176,166.228,149.711
258.927,166.060,165.032,149.793
257.464,174.555,165.487,150.520
239.940,187.420,165.537,151.923
219.847,210.825,165.081,151.115
211.596,221.026,165.440,150.471
222.245,211.883,166.000,150.557
227.771,192.705,166.221,149.751
230.199,174.040,166.271,148.998
239.186,167.390,167.964,147.683
255.800,171.407,167.229,148.143
261.601,183.114,164.580,150.175
246.478,191.239,166.440,150.030
220.456,202.219,167.808,150.200
204.255,214.396,168.003,150.184
194.900,218.607,168.113,149.732
182.237,220.985,167.400,150.081
188.815,217.760,167.501,150.335
209.074,194.480,168.337,150.910
236.127,180.432,170.686,149.307
247.881,181.973,182.722,140.340
279.921,168.570,181.192,141.390
282.358,170.880,176.071,145.659
245.241,178.461,175.485,147.022
197.708,184.849,174.555,147.423
161.690,188.486,174.502,148.109
144.237,192.288,172.239,151.194
153.867,200.347,173.357,150.496
177.397,194.514,174.077,151.146
207.574,173.912,173.343,152.316
222.170,163.034,174.490,151.433
228.061,168.615,186.287,141.184
260.810,174.056,195.831,133.254
284.706,179.780,200.943,128.808
291.824,186.556,194.260,134.779
235.049,180.968,190.339,137.506
175.812,175.522,187.035,139.894
147.745,166.018,181.914,143.958
160.766,164.847,178.832,146.092
194.814,165.164,177.716,146.430
199.673,151.363,176.867,147.484
197.398,147.650,172.039,151.097
217.727,178.782,168.602,154.264
235.809,215.988,165.447,157.241
249.295,258.268,163.904,158.137
251.207,285.647,162.650,156.806
243.952,288.732,162.431,156.921
233.597,258.361,162.992,156.954
216.535,229.699,164.458,156.298
201.797,198.265,164.569,157.804
199.506,189.707,168.582,154.258
223.097,189.868,170.447,151.873
260.250,187.158,171.262,150.895
289.995,190.750,170.886,151.165
287.607,199.847,170.352,151.522
280.430,208.240,171.196,151.669
261.413,217.344,172.462,151.899
243.519,226.896,173.859,151.951
239.210,214.311,171.398,154.644
226.330,203.805,171.539,154.872
211.656,193.986,172.188,154.854
200.795,170.697,171.573,155.479
191.200,147.725,171.044,156.143
201.337,152.185,173.395,154.168
235.875,161.158,174.714,153.371
260.111,176.574,171.258,155.145
270.547,196.015,168.333,157.235
279.585,221.828,164.894,158.042
266.726,242.192,166.075,156.290
244.655,256.195,168.157,154.128
216.259,261.545,169.746,153.039
198.082,257.449,170.423,152.733
189.710,236.053,169.330,154.115
186.951,212.143,168.989,153.882
200.704,183.176,169.073,154.343
210.730,150.775,169.690,153.902
234.361,123.287,173.173,151.495
266.595,123.441,173.485,150.514
283.334,127.818,172.278,151.253
286.294,136.610,171.983,151.983
297.043,153.778,169.084,152.944
279.318,172.879,169.761,152.751
266.742,191.643,169.897,153.046
247.968,207.555,172.136,152.143
227.751,223.681,171.500,152.634
203.523,231.216,172.168,152.238
181.560,228.007,172.555,151.727
149.479,209.734,172.084,151.303
143.356,192.690,172.292,150.464
169.915,183.108,173.826,149.258
208.573,161.592,173.383,149.023
221.553,157.452,174.062,147.844
242.849,166.169,172.606,148.515
237.562,182.199,172.206,148.904
217.968,190.881,174.387,148.541
195.974,195.792,174.692,149.538
199.413,199.889,173.666,149.323
228.721,204.328,173.169,147.847
262.853,197.560,172.596,147.784
274.233,183.349,168.640,148.856
279.852,172.147,168.012,148.414
302.549,155.283,164.755,149.386
305.777,155.575,164.951,147.689
298.193,153.244,165.155,148.506
255.529,173.881,164.153,147.906
240.522,199.972,164.319,149.081
231.644,201.388,162.574,149.858
229.233,202.725,161.922,148.836
205.999,206.329,161.165,147.709
198.105,207.751,159.978,149.308
204.560,209.785,159.017,148.103
243.551,189.823,158.804,146.934
302.223,174.278,158.722,145.193
361.418,175.877,157.552,144.483
400.995,182.759,156.908,143.709
394.485,185.923,156.980,142.944
338.756,172.634,156.406,141.568
282.316,178.792,155.780,140.035
241.229,200.399,154.369,140.530
218.033,209.872,155.666,140.104
211.101,213.557,155.455,141.130
217.619,211.836,154.164,142.321
205.912,204.254,155.402,142.397
208.753,201.187,156.005,141.291
228.083,200.079,155.164,141.360
258.399,200.204,154.715,141.162
290.842,205.744,154.808,140.866
302.391,202.350,154.534,141.206
292.566,198.110,155.611,141.584
266.680,196.377,155.285,141.296
220.925,192.957,154.977,141.081
175.175,171.784,153.898,142.334
145.350,156.272,153.291,142.553
153.171,129.428,151.655,143.856
155.411,116.048,154.535,141.840
152.919,116.890,152.759,144.490
139.790,159.718,149.954,147.844
134.029,208.380,149.133,149.598
142.859,234.375,147.969,151.076
151.714,246.723,150.505,148.252
148.834,246.832,150.891,148.927
153.731,248.532,152.239,147.647
157.816,251.824,152.893,146.620
169.874,231.202,152.476,146.548
184.516,201.690,152.593,145.764
189.580,171.359,152.542,145.671
202.452,173.749,155.126,142.825
220.233,180.987,153.530,144.411
237.079,196.814,151.509,145.466
221.761,204.033,152.907,146.371
213.087,192.815,151.866,146.981
210.387,163.442,151.323,147.646
221.349,143.685,152.411,146.168
234.158,134.785,153.344,146.229
221.144,122.284,155.299,145.364
216.849,115.940,157.628,145.757
226.146,110.197,156.444,147.003
227.449,95.759,156.233,147.940
219.379,120.662,155.884,149.177
221.040,189.736,153.856,150.757
221.180,222.747,151.801,153.091
222.131,231.837,154.110,152.043
215.927,228.006,154.840,152.774
210.176,215.480,154.543,153.322
212.458,204.224,155.242,151.999
212.548,173.962,153.241,153.124
208.961,143.930,153.580,153.530
214.838,139.381,157.237,150.240
234.998,137.939,159.014,148.948
262.288,133.196,158.793,148.595
287.928,131.007,159.758,148.025
283.526,127.292,160.965,148.048
284.642,132.753,159.569,150.022
275.292,144.421,160.863,150.022
266.486,146.987,161.755,150.231
238.841,151.208,162.540,149.909
210.757,171.495,162.783,151.506
186.794,204.140,162.511,152.784
182.739,215.557,163.631,152.897
183.827,221.032,164.305,152.652
173.962,214.507,162.965,156.111
172.109,200.350,162.533,156.983
174.378,196.633,164.845,155.737
189.057,197.686,166.473,155.484
207.526,202.420,168.303,154.257
241.074,195.720,166.348,156.270
278.089,188.176,165.194,157.437
320.155,183.560,164.657,157.636
339.428,175.660,166.256,156.840
326.259,165.210,168.553,156.602
298.813,161.177,169.209,156.526
261.985,159.202,169.013,156.477
224.381,156.329,169.845,156.213
203.293,150.443,170.176,158.529
192.787,151.599,170.646,159.266
182.847,153.795,171.843,159.523
171.658,159.506,171.313,161.447
169.558,166.888,171.854,160.794
188.436,167.380,172.472,161.130
210.834,163.260,171.721,161.205
231.910,157.062,173.596,159.813
260.608,150.970,173.081,160.288
288.720,137.839,171.439,162.514
293.277,122.339,172.528,161.693
278.163,117.491,173.678,162.251
265.174,122.611,172.154,165.263
277.849,143.624,168.662,168.672
272.547,171.832,168.241,170.329
261.122,205.174,167.767,172.462
243.746,234.344,171.146,170.300
233.825,230.146,172.639,170.630
222.662,216.346,173.717,171.081
219.013,202.524,174.808,171.835
220.601,191.805,175.866,172.062
214.578,178.452,176.634,172.600
210.029,170.040,178.578,172.021
199.778,154.273,180.379,172.509
198.194,153.928,181.023,173.513
206.170,181.855,179.505,175.104
222.881,193.206,180.764,173.072
