246.000,226.000,94.000,114.000
241.149,239.594,94.835,114.688
246.798,231.716,94.997,115.475
243.554,244.033,96.136,115.613
247.448,234.067,95.997,116.493
249.015,245.806,97.314,116.288
249.231,238.817,98.385,115.799
250.174,245.414,98.834,116.325
246.875,241.118,99.202,115.911
251.775,244.045,100.117,116.151
247.173,243.838,100.364,115.945
256.431,241.178,101.323,115.825
252.977,241.956,101.175,115.931
262.072,237.790,102.046,115.792
258.862,238.700,101.327,116.274
268.461,235.393,101.947,116.361
261.016,236.068,101.920,117.036
266.895,227.559,102.753,117.008
273.647,225.190,103.980,116.887
280.342,232.398,104.073,117.767
264.430,224.348,103.664,118.197
263.209,219.177,103.224,118.341
268.869,203.548,103.011,119.258
280.068,204.955,104.060,119.783
289.561,192.906,104.319,120.361
317.101,191.649,106.660,119.350
316.050,204.954,106.068,120.656
309.569,203.074,105.545,121.193
300.662,209.858,104.887,122.482
285.920,211.898,104.763,123.402
269.396,214.991,104.459,124.513
247.980,207.264,104.009,124.607
255.025,200.338,104.336,125.418
270.422,195.368,104.460,126.578
287.989,191.811,104.419,128.206
317.298,188.542,106.950,126.323
333.341,198.167,108.249,125.792
330.169,206.706,107.371,126.823
314.708,218.116,107.052,128.567
290.380,220.585,106.494,130.118
259.473,230.216,106.251,131.460
235.772,217.510,107.478,130.043
227.282,200.543,108.329,128.567
255.724,190.319,110.610,126.745
280.962,190.380,111.571,126.375
296.820,191.755,112.031,126.307
321.952,194.107,113.126,125.602
317.093,207.479,111.121,127.477
295.950,210.717,110.080,129.333
274.959,210.039,109.702,130.098
263.794,200.409,109.457,129.154
268.918,195.019,109.379,128.660
291.151,188.732,110.594,127.329
316.050,192.885,112.046,126.536
323.542,201.563,111.776,128.129
321.891,202.898,110.896,128.218
300.831,199.768,110.723,129.435
267.199,201.863,110.453,130.710
229.118,194.127,110.910,130.603
204.139,183.179,111.078,130.962
209.145,169.640,111.641,130.296
237.675,154.417,113.083,129.344
259.649,151.300,113.760,128.609
272.448,161.734,113.071,130.275
283.577,173.876,113.380,132.124
277.244,193.071,113.143,134.647
264.712,211.323,113.417,135.982
253.484,224.481,112.841,137.450
248.371,208.580,113.403,134.906
250.954,183.179,111.224,135.388
259.410,190.776,112.032,134.545
277.651,193.442,112.413,134.145
268.765,210.078,111.957,136.576
255.031,227.074,112.461,136.634
242.647,242.227,113.721,137.390
232.579,244.913,112.918,137.461
223.517,212.111,114.110,134.518
240.778,175.308,115.665,131.770
252.125,153.916,117.313,128.424
277.389,157.681,118.140,129.706
282.423,175.020,117.978,130.441
273.815,208.777,117.177,130.077
252.357,243.403,117.460,131.114
226.280,257.186,116.351,134.240
208.841,244.084,116.790,133.032
211.816,205.377,116.995,131.285
233.535,182.889,118.620,129.322
254.507,188.332,118.743,130.569
279.242,217.091,118.447,132.746
285.285,249.983,117.162,135.858
270.240,266.592,117.009,137.159
247.004,274.008,116.633,138.000
218.752,257.103,117.945,134.572
223.450,215.951,118.558,133.114
254.164,204.848,118.882,132.147
293.759,209.632,119.022,133.090
317.512,216.552,120.194,133.414
331.736,229.363,119.929,135.360
320.556,242.763,118.542,137.709
288.713,243.345,118.082,137.299
248.480,241.437,117.158,138.145
209.621,233.221,117.008,137.648
166.708,225.275,117.361,137.178
146.136,214.607,116.546,136.982
185.482,197.386,117.160,136.093
226.289,177.855,117.533,135.398
257.339,167.601,118.098,135.133
291.160,152.946,119.706,133.830
290.145,151.369,118.233,133.550
267.678,144.239,117.231,133.878
250.793,142.703,116.433,134.773
235.964,140.452,115.085,135.636
251.810,136.247,115.984,134.236
272.780,141.965,116.573,133.646
306.034,150.254,117.437,134.396
325.986,161.188,119.135,134.734
331.291,177.939,119.035,136.763
308.992,178.733,118.081,137.866
268.986,173.685,118.025,137.708
216.401,168.162,117.519,137.594
173.085,160.076,118.406,137.028
150.737,156.492,116.690,137.795
181.319,157.137,120.108,135.225
225.547,158.594,121.976,134.824
264.487,164.231,123.667,135.267
303.416,171.125,124.550,136.786
332.456,174.775,125.674,137.549
310.306,181.055,122.895,140.129
284.000,176.618,121.770,140.108
244.783,166.717,122.260,138.126
210.657,145.321,122.450,135.783
214.126,119.308,122.429,134.353
245.430,114.243,123.597,133.611
251.632,125.782,122.691,137.471
267.970,152.297,122.911,138.953
275.265,184.353,122.039,141.789
258.329,201.579,121.982,141.469
237.585,211.600,121.155,142.958
219.894,215.478,119.627,142.822
214.701,195.255,120.163,139.638
238.177,171.062,121.493,137.979
267.333,161.399,122.146,135.946
271.477,172.022,120.610,138.796
276.985,187.554,120.173,141.220
273.593,220.992,119.358,141.987
267.615,256.575,119.245,143.640
268.619,270.629,119.513,145.110
269.629,263.914,118.375,143.745
277.913,226.657,119.144,140.399
285.223,173.994,119.983,136.034
281.131,132.819,120.719,132.194
274.721,124.585,119.216,132.104
266.680,139.548,117.659,133.957
268.735,204.848,117.197,134.565
282.407,254.099,117.678,132.916
288.797,286.372,119.759,129.602
303.850,292.246,117.867,133.136
308.008,258.852,117.087,131.490
296.494,207.910,117.668,128.450
288.261,154.723,117.527,126.766
289.049,149.506,115.799,127.793
281.102,164.683,114.809,129.321
281.894,224.553,114.899,129.844
296.154,255.226,116.615,127.049
303.919,284.347,116.871,128.950
298.671,277.766,115.009,129.342
296.514,244.270,115.635,126.333
297.568,193.024,116.185,123.394
288.594,168.004,116.765,122.262
285.520,181.230,114.172,126.463
281.423,193.070,113.807,126.667
277.084,238.764,114.438,125.295
273.099,265.426,116.115,123.998
266.849,277.621,115.804,125.612
279.199,281.925,114.903,128.222
266.951,261.402,115.209,126.719
259.199,245.758,114.741,125.616
270.097,251.289,114.715,126.964
246.776,256.865,112.808,130.164
221.190,272.234,112.331,132.059
201.451,281.195,111.140,133.919
182.845,293.221,110.519,135.191
187.660,302.019,111.769,134.712
216.544,287.182,114.675,132.232
247.596,282.415,117.477,130.828
277.642,281.640,118.451,130.721
309.490,273.242,119.562,129.766
317.765,279.363,118.186,131.374
302.414,268.262,117.613,130.473
280.984,260.581,116.900,131.078
245.054,248.739,116.980,130.357
208.093,237.090,116.346,130.615
182.539,233.864,114.749,132.448
167.869,229.368,114.065,131.975
195.464,222.038,116.355,130.509
226.362,214.773,118.425,129.428
255.468,206.985,118.250,129.419
300.851,199.066,118.408,129.361
332.246,192.495,119.310,128.776
349.951,197.470,118.392,130.518
327.847,192.814,117.231,131.335
301.310,186.454,116.087,132.408
260.905,182.982,115.812,133.049
221.817,173.737,115.814,132.796
207.181,155.362,116.011,131.455
234.537,137.720,118.725,129.229
273.924,145.199,119.395,129.694
302.490,150.841,120.724,129.706
331.169,155.813,121.736,129.913
318.158,157.852,120.050,131.552
291.808,149.148,118.790,132.309
253.804,147.810,117.646,133.558
227.928,137.992,117.556,133.392
209.707,137.468,116.122,134.119
240.445,138.577,119.939,132.549
276.225,146.761,121.199,133.832
300.371,155.544,124.134,134.035
318.928,166.262,126.021,134.280
324.165,183.500,125.240,136.958
304.790,194.340,123.442,139.337
275.043,209.232,122.431,142.372
245.601,222.507,121.151,144.626
229.044,217.922,119.930,143.979
234.052,194.971,120.552,142.168
265.723,178.220,122.507,139.780
309.436,181.472,122.764,140.031
335.863,188.960,123.343,141.060
364.494,194.691,124.183,140.803
344.536,196.435,123.528,141.018
303.309,186.249,123.445,140.250
261.274,176.002,123.619,139.541
226.473,155.676,123.681,138.043
226.633,143.577,122.319,137.826
259.936,134.591,123.909,136.398
291.120,136.709,124.492,137.712
308.394,149.857,125.264,139.618
330.673,160.785,126.949,140.319
322.130,179.401,126.152,143.475
289.639,187.706,124.325,145.121
248.186,180.293,124.801,143.940
205.309,159.327,124.178,144.079
161.749,141.199,123.109,144.814
134.570,134.637,122.693,144.388
153.504,124.627,123.300,143.556
184.098,115.474,125.730,141.742
216.971,117.376,127.812,141.619
243.196,123.923,130.262,141.207
276.100,155.919,129.816,142.662
295.508,185.949,129.362,144.112
301.728,209.897,128.882,144.439
277.173,228.824,128.981,145.045
236.075,251.057,127.733,146.855
196.584,248.766,126.794,147.042
165.095,228.399,127.006,144.281
181.853,204.045,127.787,142.778
217.253,177.225,128.790,140.746
254.643,168.463,129.389,140.652
272.184,180.056,127.797,144.002
288.733,198.309,127.768,145.897
286.873,219.993,127.223,147.569
265.578,229.609,126.280,148.511
234.565,231.078,125.045,148.517
199.893,205.850,125.497,146.291
196.196,166.634,126.420,142.742
225.837,124.546,128.253,140.645
266.382,128.179,126.872,143.189
288.466,148.813,126.854,143.205
315.510,183.996,126.912,143.885
320.745,207.582,127.602,144.133
292.496,225.414,126.930,147.348
242.176,227.285,125.919,147.569
189.700,214.600,127.495,144.777
159.302,191.620,127.809,142.139
179.505,149.336,127.634,141.777
223.323,131.291,127.595,141.316
257.707,130.113,129.485,140.671
285.421,134.112,130.649,141.551
302.135,149.360,130.102,143.321
295.811,170.322,128.574,146.480
279.691,182.950,126.610,149.363
261.469,185.954,125.146,149.168
217.441,165.073,125.725,148.484
195.523,147.694,126.295,146.436
236.460,133.691,126.619,145.388
284.231,133.301,128.465,144.409
325.117,138.655,128.593,145.775
348.234,150.156,130.847,145.312
347.690,163.083,128.905,147.970
322.003,159.184,128.061,148.133
283.270,153.786,127.379,147.475
237.916,144.024,128.350,146.164
192.291,136.305,127.055,147.434
180.396,137.090,125.277,146.930
210.757,134.655,127.553,145.232
243.621,135.887,129.487,143.911
284.139,142.563,128.904,145.611
328.713,150.159,129.107,146.692
374.758,155.212,129.484,147.382
385.835,165.624,128.218,148.761
366.681,165.984,126.639,148.409
339.038,156.503,127.240,147.470
283.968,145.381,127.860,145.684
224.461,135.401,128.666,144.244
162.285,127.338,129.015,144.100
106.904,123.197,127.243,145.414
90.402,128.008,124.950,146.977
114.555,131.946,125.917,145.861
154.945,137.247,125.819,145.894
203.919,136.542,127.136,144.420
253.288,138.701,127.677,144.473
314.740,145.822,128.221,145.200
357.021,154.307,128.419,145.913
373.773,166.234,127.665,147.251
357.635,167.407,126.712,146.839
331.519,161.166,126.727,145.978
291.262,152.521,126.702,145.193
251.268,142.981,126.153,145.384
228.180,132.906,124.866,144.552
255.059,135.898,125.148,144.014
281.452,141.278,125.814,144.380
316.607,151.320,126.158,145.453
346.192,157.985,128.547,144.888
369.806,169.190,128.642,146.135
368.025,182.266,127.658,148.144
354.053,195.820,125.213,151.202
341.719,214.674,124.359,153.999
333.788,237.287,124.291,155.986
325.567,244.876,123.698,155.768
316.927,226.129,125.608,150.808
303.230,191.514,127.325,147.118
281.731,136.083,127.801,143.066
285.116,93.067,128.009,140.726
275.753,80.351,127.035,139.926
272.505,93.829,124.991,144.148
267.822,129.214,123.951,146.320
265.288,181.033,123.351,147.185
271.092,219.813,124.434,146.119
274.245,240.405,126.192,145.052
276.212,249.545,123.559,147.617
274.138,228.133,124.531,142.961
280.213,173.720,125.008,139.627
290.376,131.924,125.594,136.503
278.696,106.102,125.632,134.771
271.835,118.025,122.445,139.520
262.394,148.723,120.863,143.097
257.417,198.900,120.115,145.242
254.290,236.471,120.030,147.108
254.953,250.577,119.768,149.026
273.434,214.881,120.239,148.295
284.987,173.571,121.962,144.151
276.445,146.327,123.414,140.454
307.604,136.644,124.470,138.320
299.139,150.734,122.533,140.869
277.166,160.192,120.375,144.153
258.139,168.450,119.279,145.774
255.333,147.486,119.454,144.076
267.279,118.180,119.212,144.500
285.220,129.327,119.253,144.989
291.660,143.330,120.702,146.241
319.159,176.036,122.136,146.913
324.005,199.217,122.893,147.642
306.621,215.853,123.225,148.445
286.144,212.391,123.070,147.753
263.940,172.778,124.451,143.787
247.853,127.211,126.031,139.471
268.894,117.761,125.238,139.920
291.124,137.185,125.263,140.396
315.770,175.006,125.868,140.035
321.530,197.306,126.767,140.156
302.443,208.995,125.430,143.052
270.972,192.729,126.152,140.710
250.900,138.102,126.106,138.000
257.941,107.510,128.038,135.153
284.193,112.046,128.665,137.076
309.299,145.652,127.938,138.896
326.887,177.057,127.160,141.711
314.246,195.671,126.579,145.138
287.547,197.314,126.196,145.549
244.667,184.872,127.454,143.891
215.156,159.216,127.942,141.624
210.371,144.806,126.515,141.416
241.630,147.012,126.768,141.425
263.083,155.494,127.024,142.541
282.400,173.114,128.823,142.304
301.517,189.519,129.715,142.775
297.747,206.590,128.660,145.830
278.737,212.556,126.166,148.118
254.600,203.537,126.434,147.279
239.581,183.706,126.374,145.335
270.082,180.486,127.379,144.002
301.475,180.760,128.742,143.857
322.023,193.574,128.321,145.870
332.248,208.459,127.052,148.031
318.576,200.512,126.364,146.376
292.639,193.316,126.252,146.216
266.834,181.127,127.039,145.446
244.636,164.322,126.261,144.931
271.520,152.345,126.068,144.488
303.417,150.563,127.136,143.679
301.032,162.894,125.646,145.656
320.587,169.695,124.648,145.634
308.421,177.725,123.119,147.114
269.957,173.742,123.235,146.185
235.957,165.759,123.390,145.259
208.276,153.726,124.888,144.114
191.425,139.759,124.668,142.417
231.923,145.088,124.545,142.194
260.525,148.027,126.274,142.631
271.984,168.216,126.607,144.446
297.867,176.877,127.741,144.831
293.096,192.700,126.302,146.822
272.044,192.262,124.599,147.280
251.780,178.001,124.978,146.117
234.725,167.833,124.223,144.539
276.574,170.325,124.337,144.117
306.775,172.267,126.090,144.518
316.049,189.798,126.257,146.416
327.549,201.966,125.154,147.191
306.696,191.597,124.802,146.448
284.743,181.736,124.916,145.649
257.631,169.989,126.222,144.505
232.066,159.497,124.657,144.875
265.068,159.196,126.629,143.324
287.498,164.072,125.557,145.505
297.284,176.142,124.563,146.944
314.911,180.174,124.031,147.150
314.256,178.821,122.675,144.884
294.134,166.611,122.335,143.061
270.679,147.304,122.905,140.149
254.969,127.323,123.270,137.874
254.633,134.218,120.471,137.754
258.515,147.905,119.303,138.815
258.984,161.673,120.244,139.696
262.056,172.850,121.937,139.633
248.520,180.068,121.559,140.518
232.345,186.048,121.033,139.849
216.344,179.329,121.620,137.897
204.872,174.604,121.631,136.109
236.006,188.897,124.267,135.063
272.749,203.581,127.470,134.382
296.758,220.401,128.890,135.026
325.439,229.953,132.598,134.026
321.480,240.681,130.543,135.099
309.090,231.996,129.593,134.657
292.711,223.350,128.826,134.731
284.137,215.758,127.740,133.794
275.245,217.233,126.741,133.779
276.691,226.191,126.198,134.489
279.342,235.350,125.527,134.753
271.376,232.781,124.852,133.672
262.218,227.895,124.205,132.758
249.089,215.235,123.168,131.993
239.878,204.233,121.777,131.477
254.865,209.997,122.915,132.102
279.847,219.022,125.569,131.856
295.085,226.501,125.518,133.103
306.774,224.821,125.559,132.840
294.739,214.423,123.649,132.464
292.633,197.021,123.223,131.141
285.436,177.805,121.940,129.441
293.717,166.351,122.881,128.421
307.350,177.039,123.583,130.814
316.841,187.232,124.301,133.191
325.085,199.687,124.932,135.286
316.224,213.032,123.648,137.373
293.917,208.129,123.185,137.477
281.071,191.390,123.847,135.501
263.111,156.991,124.124,133.689
250.759,137.462,123.641,131.489
261.785,145.319,123.467,134.273
260.650,156.483,122.472,137.187
262.509,171.921,123.441,138.338
248.722,185.253,124.489,138.797
256.800,192.448,124.433,140.712
284.140,192.039,126.695,139.567
306.531,196.230,127.384,140.039
324.053,201.207,127.610,141.680
325.655,211.681,125.864,143.415
302.651,200.097,126.034,141.483
271.135,186.178,126.097,140.250
250.042,172.677,125.739,138.404
239.073,166.008,124.308,137.506
272.576,167.011,128.161,136.007
288.749,173.720,127.809,138.837
300.528,180.838,127.752,141.137
315.528,187.637,128.540,142.401
320.301,197.112,127.693,144.614
312.841,205.122,125.494,145.069
295.997,200.879,125.480,142.456
284.987,202.073,124.461,141.100
294.220,209.291,124.862,140.389
291.925,212.582,124.557,139.137
291.155,218.993,123.793,139.034
