352.000,197.000,56.000,100.000
354.292,195.356,55.063,100.661
356.530,194.155,54.107,101.525
357.908,193.989,53.211,102.273
359.267,194.133,52.676,102.591
359.352,193.905,52.263,102.637
359.059,193.454,51.969,102.855
359.833,193.637,51.596,103.022
358.784,191.313,51.616,102.595
358.054,190.284,51.343,102.966
357.781,188.408,51.207,102.897
357.662,187.572,51.066,102.906
357.233,184.297,50.735,102.829
357.596,184.267,50.533,103.114
358.674,179.511,50.380,103.356
360.045,180.154,50.221,103.806
362.155,173.061,49.825,104.549
363.683,168.733,49.765,104.855
367.050,164.010,49.562,104.988
368.824,169.730,49.488,105.416
370.890,176.825,49.789,105.244
373.739,191.501,49.393,105.685
374.833,216.341,49.220,105.794
375.255,237.728,49.256,105.376
373.922,260.249,49.920,104.036
371.619,267.516,50.254,104.182
371.764,250.494,49.866,105.283
370.444,226.049,49.193,106.331
372.734,207.529,47.615,109.225
371.888,191.570,46.859,111.154
369.864,175.068,46.783,111.987
365.440,156.342,47.044,111.185
360.324,163.044,47.824,110.886
355.620,172.557,49.369,108.989
344.583,190.299,50.631,106.312
328.357,205.390,52.490,103.287
308.387,210.764,52.547,101.807
299.926,210.224,51.996,103.480
306.979,201.832,51.934,102.541
326.862,191.812,52.521,100.885
347.289,169.016,49.720,104.633
350.771,142.547,47.870,107.875
338.897,114.754,48.756,106.689
332.287,111.085,48.779,107.227
334.484,125.746,46.874,110.456
346.667,167.286,45.526,112.342
372.034,245.954,46.781,111.045
381.870,265.716,47.989,109.192
389.596,285.222,49.882,105.907
390.699,271.964,49.548,107.120
382.762,230.437,47.631,109.952
384.765,177.905,46.316,111.468
395.238,151.762,47.942,109.205
395.797,163.741,47.747,109.543
377.833,197.327,46.562,110.585
355.811,243.534,48.483,107.053
337.910,262.415,49.759,105.087
342.150,251.665,49.819,105.463
353.677,220.310,47.685,108.578
362.014,178.170,45.978,111.027
360.464,151.881,47.154,109.983
340.057,137.509,48.246,108.410
328.307,170.354,46.577,111.036
317.577,216.194,45.242,113.390
314.864,255.987,46.810,110.907
317.378,265.961,46.838,109.669
318.252,233.814,45.395,112.184
317.513,182.714,44.418,114.104
315.064,136.896,44.270,114.573
314.091,133.165,44.448,114.780
305.212,157.242,43.342,116.629
302.048,212.362,42.970,117.622
309.880,239.725,46.393,112.033
342.009,240.009,48.403,107.840
356.297,224.917,48.809,108.206
337.636,200.392,49.404,107.009
285.570,155.837,50.164,106.230
287.056,159.981,50.471,106.252
306.769,193.451,48.253,110.031
315.248,230.293,46.646,112.321
322.482,260.653,49.155,107.886
334.172,262.309,49.624,107.357
336.777,229.172,48.091,110.088
324.508,175.777,48.253,110.233
301.653,146.326,49.218,108.900
290.827,150.389,47.514,111.473
280.731,185.791,46.011,113.750
275.132,231.570,46.830,112.452
278.349,244.621,49.065,108.765
291.223,233.586,47.605,110.851
299.709,192.695,46.331,113.252
282.934,129.082,45.720,114.972
274.027,98.819,46.244,114.529
272.545,121.002,44.912,117.198
270.770,182.857,43.783,119.226
269.615,229.567,43.983,119.575
271.615,250.463,47.295,113.669
278.941,248.161,46.770,115.041
276.228,205.525,45.762,117.049
267.573,160.289,45.458,118.237
264.433,141.982,46.420,116.980
251.543,154.564,46.444,116.778
240.350,181.820,45.616,118.253
257.857,224.449,47.948,114.748
264.542,223.405,47.952,114.744
336.025,227.582,50.054,110.261
353.757,211.032,50.191,110.619
349.572,193.287,51.181,109.706
344.299,197.925,51.708,109.229
350.524,198.696,53.350,107.602
360.618,207.200,54.831,105.322
368.453,219.980,54.505,105.097
371.198,230.334,54.237,104.089
367.696,228.532,54.462,104.776
355.129,212.033,54.230,104.951
350.136,212.584,54.290,104.895
349.173,214.547,54.290,104.895
348.388,214.406,54.289,104.896
348.100,214.589,54.289,104.896
262.974,209.674,54.113,105.033
281.798,212.770,54.488,103.145
303.914,213.258,54.816,101.623
326.804,212.286,54.974,100.906
348.447,205.388,53.940,102.447
346.350,187.262,53.709,102.466
334.264,192.206,54.379,101.860
325.865,196.123,53.765,102.153
317.746,194.727,53.355,102.418
320.446,193.802,53.130,102.992
328.853,199.680,53.818,102.704
325.628,202.577,53.232,102.811
303.842,196.347,53.482,101.484
286.063,196.666,53.084,102.222
284.234,190.940,52.557,103.623
294.727,182.925,52.151,103.640
290.419,173.091,52.530,103.220
290.208,165.966,52.413,104.046
296.868,148.130,52.443,104.989
299.979,142.374,52.306,105.626
298.613,143.437,52.791,105.105
304.427,149.385,53.722,103.856
305.310,155.504,53.784,103.538
300.291,157.814,53.855,104.410
310.010,144.695,54.730,102.366
334.226,135.340,58.378,98.352
339.645,138.925,57.715,98.694
336.954,150.957,56.558,98.958
335.867,157.872,56.222,98.700
314.418,160.007,56.021,98.680
313.977,159.547,56.020,98.681
312.989,160.484,56.019,98.682
311.890,162.652,56.019,98.682
310.950,163.815,56.018,98.683
308.064,164.006,56.049,98.656
310.313,163.992,56.053,98.653
394.154,155.631,55.720,97.801
409.123,157.345,55.403,98.501
418.557,167.246,54.941,98.389
410.702,170.597,54.948,97.123
407.368,170.443,55.014,97.062
406.977,173.498,55.014,97.063
407.066,173.514,55.014,97.063
407.214,172.739,55.013,97.063
407.225,173.342,55.013,97.063
407.319,172.518,55.013,97.064
407.671,171.740,55.013,97.064
406.566,173.557,55.012,97.065
399.746,173.723,55.031,97.048
407.116,165.929,53.997,96.976
438.206,168.479,53.761,96.041
449.830,175.691,53.650,96.051
438.426,177.406,53.862,95.678
417.876,173.868,53.169,97.180
420.034,173.797,53.464,97.529
441.493,174.379,53.388,96.808
463.051,174.854,53.584,96.188
484.465,171.281,53.527,95.786
515.545,171.875,53.244,95.585
529.337,175.274,52.868,96.794
528.291,181.574,52.838,97.946
526.344,188.488,53.124,98.370
515.798,191.377,53.408,98.053
490.678,185.792,53.095,96.964
464.772,187.060,52.702,97.013
450.217,190.246,52.375,97.721
452.755,188.582,52.635,97.958
472.902,185.462,53.031,96.623
498.673,186.095,52.904,96.461
488.396,184.525,52.373,96.285
484.162,184.709,52.379,96.280
483.731,186.063,52.378,96.281
483.198,187.609,52.377,96.282
482.665,188.253,52.377,96.282
482.580,186.823,52.377,96.283
482.562,185.523,52.377,96.283
482.392,184.671,52.376,96.283
481.901,185.503,52.376,96.283
407.016,201.855,52.545,96.535
405.514,189.145,52.211,97.610
376.668,176.338,52.041,97.172
353.403,178.760,52.368,96.683
337.480,180.003,51.653,97.480
322.540,181.915,51.475,97.888
313.817,185.101,51.568,97.741
311.256,191.709,52.107,97.335
318.720,195.397,52.064,97.561
333.191,194.488,52.134,98.500
338.821,186.844,51.142,100.963
330.127,179.256,50.923,101.385
316.183,181.782,51.976,100.268
297.192,180.552,51.672,100.241
275.928,179.818,51.575,101.095
262.637,173.392,51.412,101.566
257.890,179.270,52.239,101.463
264.616,182.781,52.564,101.160
280.738,184.763,52.817,100.150
308.555,179.422,53.001,98.189
331.565,179.161,53.671,97.597
340.328,177.164,53.114,98.656
325.461,180.843,53.961,96.842
302.867,184.868,53.886,96.042
284.615,188.406,53.401,96.310
262.507,184.764,52.656,96.460
245.867,182.392,52.155,97.262
243.134,179.111,51.710,99.328
240.706,164.841,51.531,100.575
228.867,148.225,50.630,102.128
238.147,123.611,51.592,100.698
260.131,144.822,50.758,102.536
270.871,176.329,48.815,105.432
289.576,238.359,49.048,105.448
300.227,268.885,50.361,102.900
299.463,270.463,51.108,103.297
299.319,247.763,48.699,106.412
309.271,198.189,47.146,108.370
321.950,171.232,47.899,107.523
335.156,160.062,50.084,106.216
345.948,184.041,47.977,109.550
347.290,235.490,46.010,112.620
349.732,279.206,45.337,114.552
366.016,312.244,47.766,109.970
369.449,323.940,49.433,107.259
366.951,309.018,47.859,110.229
357.223,256.960,46.260,112.839
355.169,211.416,45.900,114.189
329.994,178.698,48.962,110.516
317.365,192.352,49.109,110.898
326.628,227.763,49.297,110.800
345.207,274.933,49.946,109.860
355.986,297.155,50.890,107.298
356.154,308.732,52.002,104.566
346.492,291.663,51.336,105.839
325.699,245.700,50.468,107.304
308.852,200.780,48.608,110.256
308.569,163.009,49.460,109.317
318.490,163.917,50.158,108.801
320.437,206.343,48.743,110.872
321.932,260.719,47.183,113.205
330.174,291.466,48.094,111.556
326.263,311.751,49.988,107.661
314.432,298.948,50.141,108.029
304.443,267.718,48.810,109.759
304.356,196.235,47.463,111.604
324.507,160.564,49.870,108.113
333.295,170.932,48.228,110.275
331.921,221.568,46.776,112.264
322.872,266.912,45.591,113.852
313.165,299.633,47.627,109.846
306.306,303.390,48.968,108.269
306.588,271.859,47.138,110.452
315.955,230.093,45.921,111.817
334.235,192.732,48.345,108.036
345.848,206.654,46.833,110.411
347.513,258.305,45.743,112.094
345.860,313.758,44.780,113.333
338.515,334.795,47.564,109.295
335.574,319.277,46.477,111.976
324.266,267.645,45.467,113.914
305.557,188.700,44.692,115.454
306.442,161.373,47.395,111.801
316.276,176.273,46.563,113.578
325.987,228.983,45.329,115.448
335.442,284.469,45.071,115.840
335.850,310.023,47.044,111.801
331.750,312.136,48.803,109.903
321.881,280.305,47.180,112.018
323.130,275.155,47.134,112.091
323.310,271.452,47.134,112.092
323.476,272.713,47.133,112.092
323.758,268.337,47.133,112.092
322.768,263.149,47.113,112.121
318.476,261.644,47.502,112.072
329.811,279.722,49.612,109.200
336.921,299.968,51.216,106.081
329.485,283.602,50.610,107.473
318.861,250.434,48.769,110.430
306.930,188.128,47.167,113.003
302.704,143.085,48.497,111.626
312.316,139.359,48.805,111.474
310.925,171.806,47.471,113.419
301.618,242.335,46.166,115.268
303.637,277.625,45.851,115.884
312.661,300.610,48.361,110.780
322.381,297.048,47.548,112.147
332.180,264.768,46.176,113.999
333.784,213.670,45.401,115.243
324.630,178.554,45.178,116.047
317.356,161.360,45.091,116.401
314.522,163.972,45.136,116.317
313.030,205.805,44.353,117.639
313.979,243.453,43.966,118.703
321.085,277.969,46.421,114.631
323.649,283.647,47.454,113.049
334.949,259.753,46.301,114.602
344.682,218.734,45.405,115.912
336.868,172.726,46.733,114.634
325.560,158.064,47.046,114.294
324.593,150.732,47.403,114.359
324.921,174.261,46.313,115.802
318.233,215.523,45.379,117.060
324.211,254.953,46.541,115.103
331.211,278.888,48.767,111.025
334.308,284.747,48.635,110.829
336.112,261.120,47.091,112.720
338.076,219.831,45.954,114.584
337.604,176.809,45.229,116.241
327.205,136.834,46.385,115.195
322.295,139.206,47.552,114.322
321.395,150.716,47.330,114.275
322.391,184.560,46.087,116.583
332.278,231.479,45.387,117.926
329.184,264.161,47.388,114.296
316.599,277.112,49.439,109.784
318.105,262.807,47.876,111.818
327.011,221.697,46.428,113.430
328.526,186.631,45.851,114.833
324.869,159.883,47.510,113.184
320.043,152.133,47.259,113.805
315.223,165.420,47.719,113.145
302.240,200.361,48.126,112.072
291.889,226.610,47.003,113.366
284.824,254.802,48.061,111.622
282.394,269.427,49.358,108.563
292.509,270.818,51.048,104.683
323.434,258.580,51.861,102.110
351.274,242.417,53.566,98.638
389.834,238.329,53.459,98.117
416.249,245.415,53.342,97.917
438.908,251.030,53.824,95.987
446.914,258.896,53.682,95.749
434.891,259.739,53.747,95.169
430.158,259.924,53.816,95.106
429.603,261.088,53.815,95.107
430.128,259.773,53.815,95.108
430.073,259.640,53.815,95.108
430.005,259.445,53.814,95.108
430.212,259.095,53.814,95.108
428.898,258.768,53.812,95.111
421.803,257.198,52.229,96.944
429.731,246.485,51.598,97.893
429.681,243.709,50.628,99.153
431.544,240.241,50.682,99.037
375.160,199.543,51.645,97.017
336.665,209.611,51.554,96.066
297.529,228.003,51.556,95.064
266.748,240.667,52.163,93.825
263.391,244.887,52.015,94.434
282.977,242.045,51.934,93.704
287.135,241.879,51.939,93.700
287.324,240.192,51.938,93.700
287.102,239.729,51.938,93.701
286.823,238.900,51.938,93.701
286.728,238.569,51.937,93.701
286.709,237.624,51.937,93.702
286.480,235.642,51.937,93.702
290.911,236.256,51.940,93.699
289.837,233.702,51.936,93.698
284.942,234.449,51.966,93.671
284.333,235.012,51.966,93.671
284.570,234.616,51.966,93.671
284.565,234.363,51.965,93.672
284.043,234.763,51.965,93.672
282.043,233.636,52.079,93.567
281.844,230.731,52.078,93.567
360.004,151.329,51.507,94.873
371.875,147.587,51.827,96.137
387.760,156.587,52.453,96.047
395.006,160.603,52.393,95.694
387.034,158.504,52.686,95.610
356.748,148.426,52.576,95.258
355.485,148.884,52.572,95.260
355.648,148.625,52.572,95.261
355.635,147.841,52.572,95.261
355.498,147.226,52.572,95.261
356.261,147.915,52.571,95.261
356.209,147.599,52.571,95.261
356.507,147.266,52.571,95.262
356.485,147.074,52.571,95.262
309.177,137.206,51.992,95.596
277.176,108.765,51.485,96.811
265.737,111.620,52.300,96.131
243.154,114.809,52.650,95.347
226.971,120.928,53.024,95.774
231.231,125.881,53.913,95.152
250.937,137.631,54.737,94.707
270.883,139.972,54.135,94.499
297.614,139.627,54.075,93.494
326.359,128.752,53.829,94.222
336.598,122.904,52.402,96.659
342.434,124.440,52.036,98.371
337.091,129.427,52.736,98.583
324.301,133.610,53.257,97.336
302.637,135.623,53.250,96.685
269.576,138.208,53.618,96.045
256.138,143.934,53.653,96.297
258.288,142.819,52.765,99.167
267.300,129.001,51.725,100.974
286.981,97.866,51.531,100.407
335.585,78.556,51.578,99.643
366.133,89.095,52.392,99.306
378.624,95.241,53.003,98.623
388.549,115.850,52.117,99.203
381.467,130.262,53.008,97.863
359.416,135.083,53.315,96.258
329.146,145.668,53.218,95.521
312.199,152.669,52.935,96.085
319.103,148.348,52.619,96.923
329.395,133.252,51.431,99.380
333.016,105.390,49.446,102.790
340.751,97.885,49.935,102.321
359.785,111.758,51.117,101.272
382.652,136.002,51.286,101.358
391.839,157.299,51.068,100.969
369.663,179.180,51.283,99.437
361.712,179.388,51.291,99.429
361.453,179.411,51.291,99.430
361.205,178.405,51.290,99.430
361.021,177.052,51.290,99.430
360.620,176.032,51.290,99.430
360.779,176.009,51.290,99.430
360.491,175.124,51.290,99.431
360.825,174.871,51.289,99.431
294.825,157.867,51.378,98.794
326.407,187.630,51.303,98.743
346.344,204.657,50.489,99.225
339.158,220.648,50.672,97.245
316.207,222.566,51.249,96.127
297.683,205.459,49.742,98.687
298.012,164.600,48.996,99.524
326.850,125.035,48.992,98.920
355.285,93.390,49.565,97.581
385.476,86.476,50.179,96.887
397.370,90.770,49.483,98.713
406.765,124.543,48.469,100.790
409.906,157.927,46.521,103.475
407.344,187.627,47.862,100.914
379.007,199.908,48.262,99.498
332.825,205.888,48.359,98.412
309.956,191.479,47.959,98.638
298.992,166.021,45.871,101.846
299.267,133.441,44.433,104.448
309.669,111.527,45.363,102.638
335.621,90.414,47.061,100.472
356.745,103.518,48.309,99.591
378.910,134.706,48.684,99.787
399.168,167.513,48.595,100.110
396.725,196.562,49.337,98.101
365.748,209.183,49.646,96.988
326.827,197.003,49.535,97.552
289.991,165.485,49.167,97.733
253.043,121.738,48.588,98.705
241.949,87.706,47.727,100.335
258.029,68.190,51.760,95.151
296.865,69.376,51.395,96.302
313.988,92.847,50.332,98.021
335.137,134.012,50.698,97.776
356.194,159.254,49.706,99.212
343.612,181.213,50.903,97.202
320.069,182.591,50.969,96.980
311.148,174.617,49.826,99.387
311.447,148.165,47.840,102.545
317.568,133.172,48.162,102.286
326.315,117.903,49.241,100.486
341.274,120.983,50.386,99.817
345.500,138.738,50.186,100.144
334.138,163.704,51.707,98.149
319.255,180.339,52.508,97.651
315.236,186.583,52.507,98.854
320.767,182.259,51.825,101.615
329.481,167.849,50.758,103.160
339.369,139.844,50.037,104.767
319.931,107.403,51.181,103.299
285.707,111.761,51.814,101.984
284.723,144.161,49.300,106.245
298.308,177.716,50.340,105.401
309.474,196.928,51.648,103.361
313.728,190.989,51.011,105.408
333.133,159.758,51.158,104.931
352.014,133.563,49.383,108.120
348.815,112.698,50.622,106.531
332.187,115.520,52.098,104.549
321.070,142.819,51.013,106.430
328.911,178.951,50.774,107.041
317.334,197.553,51.251,104.185
284.806,204.934,51.831,104.139
283.627,191.154,49.586,106.896
301.162,149.295,50.070,106.430
311.093,127.918,50.236,106.693
303.477,128.492,50.517,107.703
305.023,152.682,50.155,108.688
333.225,198.269,51.528,107.016
332.554,214.524,52.649,104.716
325.291,210.922,51.894,105.988
325.854,182.569,51.079,107.306
330.597,171.142,51.662,107.035
322.767,191.963,49.608,109.378
300.588,228.209,49.764,108.429
288.736,261.382,50.875,106.083
297.307,249.512,49.024,109.094
298.649,205.950,47.378,111.666
305.898,162.091,48.551,109.502
329.535,155.428,50.016,108.579
332.060,186.039,47.948,111.862
324.194,247.351,46.327,114.557
313.542,288.252,48.355,110.439
302.784,291.347,49.916,109.220
301.590,268.136,48.200,112.033
302.063,189.008,46.957,113.960
316.122,163.607,50.259,110.128
330.073,184.091,48.512,113.067
330.644,227.643,46.885,115.691
311.405,268.744,48.780,111.702
299.717,276.362,50.976,108.914
291.655,251.959,49.005,112.279
293.621,190.254,49.379,111.270
324.272,170.095,52.085,107.917
337.585,192.237,49.724,111.443
337.980,237.275,47.810,114.555
328.783,276.685,49.815,110.558
305.569,281.494,51.713,107.369
285.669,256.262,49.711,110.560
282.871,193.305,49.568,110.395
307.546,170.975,51.559,108.447
316.524,202.761,50.000,110.806
306.341,282.344,47.927,113.644
306.560,313.142,49.580,110.584
315.450,323.434,50.511,108.640
326.616,298.573,48.532,111.592
334.179,256.692,47.015,113.936
330.958,227.406,47.431,113.607
320.118,238.935,46.403,114.950
311.704,273.746,45.130,117.231
318.354,307.106,47.958,112.327
325.254,308.171,47.025,113.879
324.909,274.194,45.975,115.989
315.135,217.462,46.131,116.823
304.777,194.044,46.633,116.267
297.157,214.315,45.551,118.197
285.343,252.740,47.095,116.016
270.776,269.654,50.158,112.135
269.396,255.032,48.514,114.815
279.233,211.773,47.449,116.018
299.834,166.052,50.829,111.231
319.460,187.374,49.217,113.472
310.891,228.721,47.783,115.332
286.741,276.392,50.168,110.545
279.534,281.782,50.604,109.533
288.932,250.905,49.101,111.411
290.801,246.717,49.095,111.420
292.198,245.054,49.094,111.421
292.660,243.680,49.094,111.422
291.535,238.152,49.063,111.465
280.921,235.318,47.665,113.622
270.488,246.430,50.034,109.421
265.077,243.925,49.925,109.409
267.168,192.249,48.306,111.404
296.110,155.633,49.626,109.362
303.569,148.535,50.536,108.938
292.843,173.083,50.599,108.536
277.541,207.308,51.362,107.221
261.951,225.041,52.726,104.433
244.201,235.813,53.079,103.419
228.398,232.619,53.528,104.128
231.745,224.915,54.190,102.717
258.517,223.408,54.954,101.032
269.893,229.086,54.994,101.297
274.093,229.084,54.744,101.442
287.385,222.600,54.287,102.620
296.509,214.687,52.940,104.822
300.750,194.993,52.084,106.035
307.879,189.165,52.269,106.580
302.493,195.590,53.072,105.724
294.079,200.855,53.118,105.198
286.409,201.413,52.899,105.047
272.187,198.673,52.849,105.117
265.064,201.358,53.364,104.622
279.535,192.404,54.151,102.951
303.309,174.841,53.257,104.403
316.371,157.312,52.980,105.587
334.055,147.919,53.662,104.139
352.802,151.351,54.424,103.024
347.870,156.024,54.721,102.037
324.337,156.804,54.485,101.790
299.477,160.069,54.015,102.345
296.018,163.611,54.068,102.827
292.071,158.880,54.100,103.239
279.607,152.443,54.447,103.968
276.310,145.893,54.201,105.228
287.486,131.354,54.524,105.016
297.811,122.941,53.467,106.571
304.775,124.005,53.859,106.572
307.201,133.287,54.175,106.632
308.422,138.096,54.593,106.630
316.684,142.535,55.072,106.043
325.156,146.179,55.576,105.284
321.833,151.834,55.953,104.025
307.609,157.361,56.174,102.984
300.106,164.642,55.856,102.927
299.880,170.332,56.003,103.232
310.037,175.134,56.377,103.069
320.718,183.218,56.328,102.890
323.565,194.613,55.226,103.725
321.520,203.360,55.657,102.962
316.743,213.809,55.470,103.565
318.025,219.305,55.328,104.494
321.123,222.842,55.498,104.590
320.075,221.951,54.957,105.590
311.910,225.663,54.737,105.250
306.720,231.238,55.138,105.555
309.933,231.294,54.832,106.510
309.620,235.822,55.025,106.451
