228.000,236.000,80.000,64.000
230.561,232.012,81.211,63.695
235.595,235.032,82.300,63.197
236.394,243.050,82.126,63.140
234.650,250.880,82.559,63.112
228.917,255.144,83.899,62.803
226.592,245.910,84.032,62.673
225.278,238.603,84.847,61.899
223.961,229.614,85.700,61.317
226.700,239.632,84.786,62.656
224.936,255.511,84.062,63.886
224.742,262.549,84.105,64.162
225.015,253.636,84.337,64.050
229.714,226.485,83.593,64.863
232.724,218.111,84.060,64.805
235.838,229.790,84.248,65.112
243.334,242.263,88.988,61.648
250.080,232.775,87.175,63.420
250.656,215.544,87.537,63.521
231.649,217.032,92.665,59.876
202.423,219.623,96.931,57.591
177.631,232.619,98.355,57.069
195.387,242.995,100.243,55.620
226.592,251.859,101.318,54.533
229.699,253.962,102.206,54.517
206.365,255.847,102.727,54.330
182.501,252.708,103.605,54.078
162.723,250.479,103.706,53.829
155.642,247.557,103.539,54.164
176.511,247.352,103.638,53.939
196.536,243.208,103.917,53.831
197.767,237.432,104.179,53.850
188.244,231.060,104.551,53.813
185.807,230.518,103.132,54.528
200.956,230.538,103.014,54.832
211.261,226.346,102.354,55.223
203.801,224.239,102.926,54.998
196.419,226.017,101.538,55.781
202.995,238.265,96.654,61.253
210.125,263.493,94.369,64.142
215.712,270.272,92.466,65.308
202.511,270.300,95.952,62.425
188.349,269.048,100.062,59.565
176.898,273.368,101.253,58.459
177.412,277.460,101.804,58.448
191.885,285.180,103.916,57.045
203.378,284.164,103.827,56.766
214.328,287.173,103.767,57.098
205.891,284.103,103.254,57.100
213.691,267.527,102.901,57.494
225.687,251.376,103.999,56.985
240.707,247.747,104.440,56.589
256.907,251.806,103.375,57.695
246.842,263.884,103.800,57.023
224.645,262.091,105.703,55.942
201.411,252.109,106.495,55.366
190.957,248.073,105.850,55.814
199.576,245.691,106.037,55.431
208.751,252.412,105.852,55.599
220.215,254.566,106.332,55.857
229.354,247.656,106.415,56.106
228.679,231.918,106.278,56.306
221.866,228.986,105.941,57.119
228.971,228.458,106.922,56.452
249.067,226.546,109.059,55.366
267.232,224.519,110.397,54.879
278.998,223.651,108.503,56.936
272.660,238.385,107.356,58.678
253.486,252.629,107.900,58.189
237.869,250.303,107.536,58.201
254.528,237.871,107.506,57.971
262.442,231.806,107.791,57.596
264.257,228.183,108.751,57.001
267.556,213.441,107.396,58.136
254.482,197.932,109.325,57.742
235.312,185.673,110.225,57.138
205.456,183.661,110.637,56.702
193.035,177.608,109.878,57.523
198.196,176.351,109.925,57.508
210.248,171.390,110.464,57.555
212.864,164.673,110.828,57.238
221.369,172.688,109.066,58.577
222.284,186.577,107.426,60.037
211.979,200.507,106.310,60.666
210.989,204.686,106.075,60.830
199.055,206.391,108.320,59.700
177.587,203.625,109.371,58.741
174.260,188.519,109.144,59.095
185.049,173.831,111.722,57.671
205.251,174.122,112.905,58.217
229.763,206.858,112.192,59.871
240.794,232.130,106.233,65.363
235.475,246.182,107.176,64.263
223.477,244.080,106.890,63.800
216.894,229.531,107.927,62.608
211.515,215.065,108.780,61.305
218.891,212.313,107.861,60.931
224.447,214.591,108.181,60.637
232.924,213.077,108.658,59.839
232.187,207.310,109.430,59.162
217.783,203.818,111.313,57.919
207.226,206.627,110.112,59.524
210.473,219.828,110.873,59.947
242.202,231.586,116.026,56.278
273.683,220.264,114.889,57.360
267.982,216.859,114.618,57.639
246.626,216.110,114.770,57.992
216.810,225.839,114.683,58.214
203.609,223.194,112.952,59.344
204.083,208.058,111.043,60.597
202.759,203.067,111.587,60.161
210.803,201.303,109.965,60.955
210.346,212.231,110.532,61.190
234.946,224.331,116.115,57.324
273.778,226.348,117.390,57.436
280.656,222.196,115.970,58.620
256.992,211.434,116.973,58.229
204.340,201.153,121.797,55.537
145.710,199.996,124.946,53.752
112.342,193.306,121.707,56.450
129.478,190.953,120.375,57.002
151.792,190.778,118.780,58.044
154.848,186.502,115.867,59.408
164.976,185.954,115.158,59.474
182.278,182.993,115.896,58.770
196.138,180.567,114.547,59.642
204.615,192.856,112.687,60.381
213.586,201.987,111.118,60.577
218.749,201.551,109.969,60.765
221.611,197.202,109.908,60.538
230.534,194.844,108.474,60.423
222.788,205.024,108.044,60.340
226.885,206.841,108.717,59.936
244.871,209.659,110.077,59.486
263.120,220.650,110.425,60.681
278.442,237.222,105.789,65.616
278.434,253.091,103.145,68.534
276.255,269.703,100.723,71.437
277.297,283.352,100.493,71.402
273.136,275.233,99.763,71.807
276.243,267.139,98.822,71.749
275.582,258.376,97.538,72.627
274.301,228.618,96.991,73.064
279.796,198.243,97.082,72.857
274.952,192.977,97.615,72.982
263.445,221.685,96.902,74.137
255.141,258.422,95.299,76.229
252.038,286.027,94.867,77.094
249.425,286.670,94.660,77.073
236.195,269.848,95.770,76.632
223.208,259.257,101.205,71.869
216.894,255.643,100.240,73.037
217.834,246.862,98.579,73.638
217.199,235.644,97.493,73.310
219.477,228.594,97.293,72.775
231.515,227.023,97.228,72.519
236.156,219.256,94.930,73.586
232.773,194.239,94.432,74.318
224.184,165.574,94.902,74.263
224.816,161.466,94.410,73.593
231.048,173.246,94.829,72.982
243.858,178.376,95.278,72.867
244.914,182.757,96.496,72.486
228.718,185.626,101.154,68.666
206.260,195.845,105.489,65.028
181.134,190.997,107.753,62.727
177.811,183.689,108.377,62.079
194.743,167.407,109.598,60.948
209.676,145.533,104.508,64.558
203.885,130.006,105.585,63.032
198.228,126.926,105.247,62.895
207.483,139.799,104.082,63.963
212.385,144.107,101.333,66.176
226.451,142.104,99.580,67.148
232.348,143.907,98.618,68.021
232.201,147.953,97.418,69.062
235.574,163.628,95.690,71.113
227.645,191.024,95.349,71.957
212.294,206.640,95.819,72.098
208.091,208.671,95.010,71.844
206.820,190.994,94.325,72.153
196.364,154.554,93.343,73.034
183.033,116.054,93.634,73.102
182.811,109.280,93.973,72.341
194.199,118.572,94.316,72.203
208.295,141.729,94.472,72.035
227.239,155.080,99.378,68.334
245.485,156.313,97.509,69.112
239.980,151.596,97.171,69.312
239.234,143.121,96.016,69.996
247.837,148.572,94.068,70.662
246.695,153.800,94.284,71.155
234.608,159.805,94.800,70.480
231.926,165.531,94.257,71.916
230.594,180.958,94.842,71.419
235.349,180.540,93.671,71.174
243.189,178.453,92.905,70.778
248.724,171.597,91.140,70.928
246.821,164.473,90.752,70.536
243.539,166.022,90.552,71.741
236.639,209.888,88.801,73.557
247.370,248.317,90.158,73.748
255.483,265.330,92.126,72.443
263.591,270.655,91.337,72.474
255.171,256.687,92.663,72.039
241.179,249.869,93.482,71.238
245.902,248.284,92.489,71.502
261.032,264.716,92.811,70.971
268.351,268.166,91.928,70.794
262.913,259.407,91.992,70.405
252.356,252.069,92.938,68.957
242.757,243.720,93.295,68.777
250.362,234.378,91.908,68.627
264.447,216.036,91.032,68.537
266.481,196.898,90.949,68.361
258.482,188.360,91.998,68.060
260.204,201.700,91.047,69.706
264.697,219.527,90.617,70.459
259.529,225.108,91.847,70.406
245.695,217.034,93.189,69.362
228.683,209.760,94.290,68.816
222.104,218.505,93.307,70.465
228.869,245.245,91.815,72.705
239.902,261.606,93.095,72.032
244.722,246.210,91.767,73.227
230.255,217.595,94.127,71.839
222.247,209.957,94.511,71.089
248.443,214.964,99.188,67.499
277.430,218.225,98.060,68.149
289.531,207.548,96.502,68.936
269.375,185.195,101.255,65.191
225.882,175.411,104.545,62.720
188.574,186.637,106.569,61.720
166.587,188.107,105.156,62.941
171.263,183.079,104.245,62.862
174.531,171.539,101.824,63.936
193.125,169.152,104.654,61.457
226.192,167.449,107.538,59.286
252.309,162.744,106.926,58.956
249.808,160.274,105.840,59.473
229.587,162.114,106.125,58.823
207.334,164.082,106.232,58.217
186.682,173.922,105.271,59.222
181.211,186.011,103.255,61.119
178.438,200.766,100.516,64.269
151.328,211.617,102.179,62.254
132.890,197.374,102.919,61.749
136.821,177.211,99.978,63.425
161.852,178.979,103.337,61.697
188.035,202.005,100.415,65.423
198.273,219.187,97.526,68.629
190.502,232.369,96.608,70.274
180.499,223.874,97.096,69.957
167.892,217.553,96.187,70.804
174.089,218.400,94.530,70.942
185.391,224.816,94.121,70.696
222.033,225.456,97.801,67.171
261.802,216.651,101.610,64.293
292.282,197.743,98.391,66.039
287.698,196.951,97.359,67.723
267.139,213.991,96.794,68.929
248.867,224.672,95.397,70.164
246.130,215.644,94.253,70.509
231.447,197.783,96.077,69.860
208.092,180.323,96.287,69.363
186.002,177.727,96.613,70.499
187.614,197.780,96.183,71.398
217.884,232.450,100.736,68.835
246.580,246.896,98.329,70.622
234.254,244.322,101.076,68.002
212.485,225.311,101.236,67.927
193.424,216.731,98.737,69.770
203.530,221.326,98.303,70.484
229.329,245.581,103.405,66.714
270.112,252.101,100.558,68.030
275.281,241.438,98.058,69.624
260.705,223.674,98.539,69.115
234.165,212.744,101.939,66.242
228.640,196.035,99.593,67.818
254.799,206.748,103.550,64.404
277.668,215.961,99.960,67.056
257.204,214.345,103.365,64.243
232.053,199.982,103.615,63.096
233.699,189.917,100.452,64.828
255.609,185.260,99.038,65.965
274.856,181.120,96.305,67.454
266.446,174.129,96.117,67.964
247.206,167.370,94.952,68.476
248.038,164.950,93.425,69.416
251.998,172.180,92.548,70.481
259.999,174.220,91.446,70.734
272.299,166.768,92.116,69.342
285.798,164.753,91.370,69.082
297.689,185.836,90.813,69.741
303.289,202.673,89.958,70.650
293.145,204.243,90.069,70.877
289.786,197.212,89.873,70.827
274.002,197.212,95.559,66.099
225.259,197.910,100.620,62.691
181.336,209.709,101.228,62.517
195.746,210.781,103.013,61.035
220.103,196.919,105.238,59.237
237.499,185.293,100.424,62.402
229.961,183.140,100.918,61.496
220.967,188.421,98.328,64.378
223.648,201.903,100.157,63.675
256.461,214.273,103.011,61.629
283.893,202.084,102.705,61.223
299.269,181.973,99.304,63.438
300.313,166.859,98.309,64.230
276.800,175.094,100.443,63.165
275.503,197.602,98.170,66.380
293.444,221.715,101.321,64.348
320.428,211.790,102.686,62.913
329.960,189.883,100.183,64.927
320.015,181.508,101.668,62.646
297.101,194.082,103.480,61.686
289.930,197.900,99.758,64.696
289.487,200.702,97.945,66.622
291.204,195.172,95.609,67.876
283.678,189.894,94.649,68.929
283.944,183.351,93.277,69.497
282.437,181.226,92.158,69.837
277.013,181.589,92.099,70.193
266.874,183.255,92.006,70.199
264.354,186.544,91.475,70.536
265.821,189.367,90.939,70.378
264.785,194.078,91.435,70.095
263.954,196.924,91.957,70.082
273.228,201.243,97.623,66.196
290.947,214.334,95.870,67.969
278.702,225.828,99.463,65.399
263.748,223.594,102.297,63.701
258.736,214.445,100.096,66.127
259.662,212.692,101.753,64.743
275.034,221.605,103.786,62.848
271.111,221.986,106.967,61.574
227.421,222.092,109.255,60.156
206.316,216.718,109.429,60.322
220.331,203.812,108.882,60.666
230.922,197.537,104.099,64.498
237.691,197.789,103.996,63.982
241.380,198.001,103.835,63.676
237.869,200.498,104.958,63.091
228.067,210.359,105.329,62.539
242.182,207.699,106.414,62.001
244.048,205.558,106.302,61.869
231.266,203.679,106.727,61.903
237.038,199.634,107.509,61.070
244.147,188.083,107.184,60.675
237.748,183.009,108.200,60.310
232.320,179.657,107.911,60.938
239.900,181.721,109.200,61.201
247.346,192.751,108.473,61.398
237.798,194.298,109.957,60.753
220.572,190.638,111.567,60.536
208.296,174.558,111.071,60.844
