57.000,156.000,198.000,173.000
63.068,148.565,195.303,175.620
67.425,146.259,193.056,178.020
72.118,145.103,191.081,179.936
72.505,145.144,190.133,180.747
76.863,145.975,189.191,181.865
77.389,147.481,189.293,181.690
78.528,149.567,189.360,181.309
81.906,150.175,188.615,181.849
83.815,152.356,187.122,182.836
88.275,152.871,186.471,182.727
91.506,156.221,186.646,181.798
99.996,158.959,186.790,181.120
106.063,160.337,184.696,181.578
106.785,161.091,182.577,182.505
84.405,181.572,181.906,181.093
110.809,176.266,180.807,180.628
116.184,177.152,181.010,180.236
121.082,177.791,180.358,179.970
128.936,176.711,179.865,179.819
136.484,176.707,179.171,179.828
153.757,170.480,177.895,180.108
174.137,169.227,177.517,179.695
173.236,169.210,175.881,180.769
179.081,170.852,175.210,181.048
187.572,170.432,175.047,181.063
202.285,171.373,175.684,181.129
203.227,170.405,174.800,181.871
206.442,172.534,173.964,182.881
181.706,194.801,175.856,180.759
181.189,199.885,177.697,179.241
184.778,201.866,178.820,178.126
185.728,202.307,179.619,176.569
187.566,203.436,180.006,174.781
189.649,202.425,180.331,172.399
194.347,186.337,180.290,172.147
195.176,187.754,180.736,170.531
195.765,189.386,180.873,168.470
198.756,171.969,179.230,168.926
203.232,172.775,179.326,167.482
202.216,156.240,178.885,167.247
204.031,158.378,177.590,166.434
225.247,137.638,177.469,165.429
244.400,137.024,177.874,163.519
242.104,133.874,177.977,161.941
242.396,133.942,177.099,160.513
241.478,134.506,176.248,158.940
242.525,134.759,175.364,157.699
260.576,132.599,174.052,156.784
261.824,129.452,171.635,156.471
265.637,129.235,170.069,155.842
267.748,128.628,168.637,154.938
270.914,128.085,166.875,154.284
275.933,128.288,164.854,154.005
278.900,128.416,163.462,153.719
281.898,130.434,162.304,153.525
285.508,131.159,161.367,153.041
286.067,148.783,159.422,154.369
285.721,147.933,158.397,154.514
286.026,147.048,157.507,154.426
286.424,147.138,156.761,154.288
285.900,148.571,156.656,153.688
286.938,149.632,156.599,153.359
370.417,170.611,155.534,153.774
373.864,174.250,155.078,154.207
379.319,179.417,153.777,155.161
382.818,184.300,153.308,155.329
384.717,189.691,154.174,154.361
362.887,164.374,153.851,154.443
360.845,156.068,153.559,153.317
361.364,148.456,153.106,151.904
379.583,145.721,154.041,150.232
384.263,162.896,153.767,149.398
385.362,184.394,154.903,149.003
386.027,185.886,155.206,149.363
387.383,188.847,156.174,148.615
384.915,191.378,156.782,148.234
383.404,195.065,158.183,146.582
383.452,176.592,158.748,146.113
385.730,177.869,158.489,146.254
386.895,181.723,157.924,146.654
388.505,184.602,157.748,146.427
389.594,186.795,157.728,146.054
389.723,189.635,157.909,145.797
389.530,191.670,158.758,144.929
387.109,193.855,159.952,144.336
385.004,197.536,160.643,143.784
384.089,199.560,161.006,143.585
384.305,200.750,161.963,142.933
383.245,202.218,162.953,141.957
381.395,203.139,162.769,141.566
380.757,204.584,162.607,140.867
379.431,184.993,161.180,142.427
378.934,186.195,160.041,143.774
382.330,189.495,159.797,144.200
379.524,191.481,159.956,144.263
378.964,194.786,160.551,143.598
379.689,197.798,161.035,143.059
377.764,199.706,161.889,142.720
378.379,201.741,162.066,142.448
377.553,204.973,162.397,141.476
377.913,207.270,162.390,140.154
378.767,209.002,162.422,138.644
380.036,211.717,162.190,137.321
381.215,215.818,162.014,135.855
381.820,220.044,162.145,134.093
384.979,203.230,161.188,135.502
389.184,207.227,161.126,136.222
388.822,209.940,161.170,136.122
386.191,212.542,161.788,135.236
383.358,215.614,162.945,134.024
387.106,202.115,161.954,134.574
390.017,209.783,162.271,134.166
389.238,215.751,162.803,133.252
386.783,219.922,162.302,132.339
385.082,222.876,161.579,131.268
388.352,210.409,160.123,131.407
391.191,217.890,159.644,130.748
386.288,226.577,166.230,123.353
379.910,231.604,171.504,117.244
379.158,234.616,175.143,112.312
378.007,237.541,177.207,108.411
377.675,239.323,178.500,105.170
375.984,239.723,178.845,102.930
376.349,240.424,178.605,101.297
377.441,240.801,177.989,100.005
377.901,240.347,177.442,98.906
377.183,242.096,176.885,97.768
377.780,242.251,176.374,96.517
377.897,242.320,175.614,95.646
374.614,242.700,174.240,94.804
379.311,242.147,172.917,94.669
375.219,242.741,172.032,94.030
378.613,242.633,170.461,94.314
379.702,243.169,168.872,94.347
379.289,243.839,167.191,94.490
377.803,245.802,165.524,94.406
378.552,246.818,163.325,94.356
381.314,248.773,161.841,93.939
381.341,250.839,161.421,92.846
382.975,252.427,160.877,91.782
382.822,253.415,160.315,90.824
383.059,254.762,159.455,89.990
380.449,255.574,159.089,88.879
379.738,256.438,158.277,88.294
377.802,256.338,157.042,87.839
379.702,258.110,156.019,87.498
376.533,260.260,155.230,87.148
374.542,262.458,155.151,86.438
373.739,263.121,154.382,85.837
371.512,263.352,153.471,85.245
375.219,263.496,152.451,84.478
376.167,264.579,150.939,83.761
374.397,265.915,150.042,83.077
368.076,266.052,149.620,82.300
364.913,266.209,149.417,81.108
362.402,265.965,149.532,79.869
361.472,265.892,150.088,78.732
335.490,243.423,143.513,84.008
336.086,224.738,135.059,90.240
337.712,222.015,129.220,94.466
336.840,207.659,125.201,98.149
322.682,206.139,122.368,100.194
321.965,206.942,120.176,101.401
319.633,195.994,117.747,103.869
318.021,198.932,116.162,105.297
316.189,201.944,115.479,105.835
312.985,203.234,115.093,105.447
310.582,205.552,114.682,104.885
307.866,197.061,114.285,105.214
306.627,202.654,114.334,104.982
304.040,204.766,113.812,104.892
301.441,196.354,113.240,105.661
300.581,201.939,113.891,104.986
297.880,202.779,113.989,104.426
288.766,191.478,112.180,105.666
290.852,194.870,112.684,104.833
280.679,183.403,110.954,105.858
284.793,186.583,110.436,105.578
284.771,187.788,111.205,103.856
284.566,189.240,112.096,102.083
282.550,180.388,112.654,101.444
281.424,183.555,113.145,100.299
280.646,185.917,113.580,99.170
270.740,185.541,112.417,99.088
271.484,185.919,112.149,98.444
271.343,186.018,112.001,97.843
271.776,187.462,111.804,97.255
272.703,187.799,111.683,96.770
273.020,189.144,111.243,96.849
272.777,189.263,110.775,96.580
272.746,189.128,110.564,96.388
273.119,188.513,110.194,96.491
272.362,189.250,109.497,97.100
271.002,190.084,108.986,97.670
270.160,190.654,108.134,98.801
269.017,190.556,107.349,100.123
269.188,191.337,106.534,101.132
269.297,192.335,105.988,102.106
271.570,194.316,106.038,102.415
272.311,194.429,106.036,102.782
273.089,195.337,106.323,102.756
273.644,195.399,106.545,102.741
274.056,196.057,107.041,102.590
273.725,196.896,106.989,102.798
273.866,197.875,106.777,102.909
274.395,198.922,107.036,102.547
274.799,199.378,107.494,101.942
276.022,199.995,107.765,101.483
276.649,200.236,107.959,101.110
277.801,200.459,108.005,100.808
278.203,200.521,108.358,100.352
276.976,201.510,108.930,99.653
277.590,201.080,109.173,99.200
278.592,201.044,109.324,98.767
268.748,199.909,108.871,98.845
270.781,199.122,108.867,98.611
272.861,199.200,109.261,98.081
276.308,199.492,108.955,97.667
277.703,199.844,109.524,96.727
277.623,200.211,110.156,95.524
277.432,189.638,109.763,94.997
277.580,190.491,109.969,93.894
277.543,189.200,109.538,93.240
277.810,188.489,109.235,92.658
276.778,188.366,109.276,91.830
276.222,187.692,109.277,90.772
275.895,185.690,109.199,89.967
277.072,183.770,108.837,89.420
276.176,181.481,109.126,88.451
276.429,178.814,109.252,87.660
286.229,165.938,110.238,87.377
283.795,163.646,111.129,87.098
288.804,167.526,116.605,82.326
287.394,153.307,115.457,83.781
286.428,151.071,114.558,84.813
290.280,154.719,119.437,80.433
283.869,156.580,122.605,77.821
280.263,156.536,123.901,76.092
276.448,155.400,124.897,74.519
275.325,137.445,120.939,77.927
274.967,121.937,116.548,82.463
267.320,109.018,112.531,86.845
259.463,106.859,109.886,89.510
262.967,105.413,108.467,91.167
264.197,103.175,107.885,92.103
277.321,86.599,106.631,93.523
267.500,86.282,105.461,94.816
271.225,75.702,104.400,96.080
268.689,73.160,103.219,96.821
268.251,71.412,101.957,97.502
268.735,68.240,100.959,97.835
265.679,64.814,100.995,97.286
263.440,62.698,101.527,97.115
261.302,61.530,101.712,97.286
259.069,60.847,101.602,97.487
257.699,61.930,101.414,97.610
257.182,62.146,101.365,97.781
256.720,63.169,101.349,98.168
255.327,63.748,101.550,97.932
253.952,73.873,101.036,98.051
252.387,71.676,100.837,98.176
253.178,71.125,100.454,98.586
254.051,72.112,100.217,98.785
254.915,81.252,99.172,99.245
257.778,78.489,98.913,99.005
258.890,77.834,99.337,98.455
258.883,78.350,99.616,98.259
259.558,78.142,99.887,98.124
261.019,87.722,99.211,98.408
262.686,85.473,99.163,98.347
263.074,84.461,98.994,98.471
263.820,83.484,98.801,98.579
263.096,82.572,98.708,98.391
263.341,82.040,98.340,98.393
263.492,80.526,97.779,98.537
263.319,79.601,97.325,98.249
262.935,78.480,97.124,98.128
262.096,77.498,97.090,97.910
262.132,77.709,96.945,97.762
262.202,76.913,97.217,97.428
262.846,77.077,97.339,97.259
264.576,76.142,97.445,96.975
265.836,74.910,97.408,96.849
266.602,74.527,97.704,96.837
267.899,74.291,97.902,96.718
268.452,74.311,98.114,96.897
268.677,73.576,98.494,97.151
270.995,74.250,98.685,97.523
270.575,73.134,98.887,97.897
269.692,73.380,98.850,98.454
258.518,83.627,99.552,97.776
247.920,83.771,100.299,97.024
251.287,83.110,100.142,97.024
253.154,94.872,100.941,96.033
255.993,93.616,100.966,95.647
257.828,93.673,100.683,95.790
258.811,105.280,101.400,95.446
259.617,104.810,101.646,95.731
261.263,104.230,101.688,96.028
262.010,104.763,101.884,96.459
262.369,105.673,101.928,96.848
263.756,116.310,102.438,96.570
264.338,116.379,102.702,96.791
264.162,116.999,102.899,97.201
265.162,117.990,102.723,97.807
266.107,119.434,102.639,98.343
266.980,133.382,103.805,97.703
268.913,136.441,105.129,97.162
270.771,139.444,106.168,96.942
271.017,141.617,106.736,97.465
269.976,155.130,108.672,96.375
269.655,156.427,110.277,95.587
270.223,160.102,111.233,95.312
261.306,174.441,110.466,95.458
263.481,175.969,109.830,95.723
264.148,176.014,109.108,96.268
264.315,176.316,108.984,96.616
264.714,176.047,108.443,97.801
264.004,176.209,108.090,98.884
264.596,175.630,107.688,100.233
264.153,175.532,107.556,101.457
262.289,190.422,107.536,102.591
260.150,193.136,107.392,104.038
258.682,195.419,107.329,104.846
258.136,196.107,107.463,105.312
257.345,195.047,108.114,105.307
247.060,192.589,107.550,105.087
250.307,191.110,107.684,104.060
243.515,190.527,107.337,103.392
232.769,192.430,107.008,103.045
236.429,193.205,106.778,102.240
200.041,139.909,106.341,101.268
193.333,140.024,107.445,98.693
193.234,141.386,107.526,97.301
191.479,141.357,107.007,96.562
191.880,141.024,105.867,96.283
191.743,140.701,104.816,96.030
191.398,141.136,103.859,95.655
191.878,141.014,103.193,95.012
193.424,141.759,102.536,94.176
194.416,141.866,101.876,93.688
195.609,142.635,102.172,92.347
195.788,144.689,102.502,91.240
198.094,147.121,103.245,89.921
197.666,148.167,103.236,89.394
197.932,148.872,103.876,88.379
197.561,149.581,104.437,87.426
197.004,149.924,104.490,86.873
196.956,151.222,104.218,86.619
195.848,143.499,103.940,86.272
194.459,146.386,104.361,85.334
194.509,146.704,103.788,85.106
194.031,146.975,103.342,84.905
192.926,147.043,102.787,84.807
192.749,147.855,102.123,84.989
193.793,147.631,101.716,84.734
194.178,147.731,101.512,84.381
193.675,148.229,101.307,84.074
194.231,148.465,101.003,83.776
194.354,147.944,100.503,83.781
194.711,147.589,100.222,83.579
195.180,147.565,99.879,83.298
195.253,147.476,99.396,83.191
195.024,147.895,99.030,82.965
195.548,147.845,98.795,82.669
195.262,148.685,98.456,82.445
195.138,148.739,98.342,82.198
195.272,148.716,98.226,81.987
195.561,148.921,98.204,81.650
195.357,148.754,97.986,81.533
196.049,149.137,98.230,81.196
195.985,148.709,97.917,81.218
195.738,148.566,97.624,81.189
196.441,148.754,97.347,80.879
196.238,149.369,97.219,80.803
196.541,149.306,96.930,80.807
196.398,149.539,96.958,80.700
196.189,149.790,96.739,80.617
196.593,149.463,96.521,80.563
196.779,149.838,96.404,80.377
196.611,149.890,96.053,80.369
196.317,150.111,95.998,80.250
195.948,149.422,95.575,80.440
196.302,149.325,95.539,80.260
196.038,149.421,95.554,80.200
196.780,150.063,95.775,80.053
197.555,150.598,95.963,79.953
198.150,151.465,95.772,80.186
197.580,151.603,95.554,80.466
198.824,151.845,93.849,81.856
201.917,151.549,93.307,81.957
201.486,151.429,92.692,81.735
197.037,150.004,90.910,82.564
192.109,142.039,89.754,82.756
181.445,143.581,88.065,82.913
149.078,134.004,87.288,83.614
135.243,133.322,86.016,84.489
122.482,125.643,85.629,83.984
122.116,118.551,85.452,83.342
119.472,117.648,85.416,82.601
121.460,98.174,85.800,82.224
121.493,88.810,85.460,82.434
122.309,84.417,81.817,86.317
122.551,83.939,78.574,89.876
120.100,96.060,78.993,89.064
118.819,95.999,79.176,88.515
129.503,107.853,79.891,87.607
130.053,108.067,80.613,86.618
130.479,108.778,81.209,85.685
130.105,109.891,81.884,84.560
130.483,110.818,82.368,83.708
130.896,111.780,82.627,83.094
130.875,113.113,82.926,82.464
131.221,114.768,83.138,81.865
130.644,115.457,83.157,81.515
119.994,104.778,82.970,81.265
119.910,104.524,82.771,80.944
119.966,105.263,82.672,80.482
120.490,105.422,82.400,80.309
120.565,105.393,82.084,80.291
120.529,105.178,81.753,80.296
120.179,104.953,81.550,80.146
118.869,97.135,80.921,80.476
121.511,92.151,77.143,83.952
123.602,90.349,74.089,86.979
124.006,94.393,74.895,85.764
124.309,98.523,75.959,84.311
124.246,100.613,77.560,82.589
124.333,103.464,78.843,81.432
126.373,109.041,79.612,80.770
124.961,121.840,79.677,79.925
124.571,125.345,79.264,79.639
123.624,127.096,79.141,79.472
123.627,129.267,79.141,79.327
132.952,131.283,79.170,78.762
124.063,123.419,78.760,78.584
125.226,125.303,78.822,78.250
125.484,128.355,78.808,78.081
126.033,130.093,78.615,77.868
126.592,131.061,78.579,77.367
126.100,132.210,78.399,76.961
126.233,127.193,78.536,76.646
125.902,129.378,78.162,76.639
125.958,131.076,77.961,76.321
126.232,132.488,77.769,76.019
125.941,132.275,77.545,75.709
125.308,132.864,77.412,75.211
125.353,133.046,77.267,74.894
125.833,133.234,76.928,74.615
125.989,133.197,76.759,74.363
126.325,133.523,76.483,73.963
126.426,133.444,76.387,73.628
126.628,133.692,76.059,73.374
127.031,128.095,76.215,73.073
127.575,130.658,76.095,73.115
127.931,132.631,75.812,73.107
127.775,132.627,75.623,72.889
128.454,133.484,75.423,72.680
128.763,128.112,75.605,72.483
129.040,130.862,75.799,72.087
129.519,133.064,75.711,71.905
130.091,134.246,75.404,71.736
130.575,135.227,75.167,71.580
131.240,136.019,74.673,71.481
131.801,136.358,74.253,71.254
132.756,131.027,74.157,71.193
133.007,133.575,73.916,71.018
133.398,135.042,73.407,70.959
133.825,130.194,73.420,70.625
133.789,133.342,73.365,70.407
133.779,135.282,72.935,70.492
126.178,128.397,72.640,70.963
127.445,130.938,72.526,71.288
128.248,132.545,72.458,71.285
128.797,133.984,72.323,71.149
128.357,134.708,72.240,70.893
127.691,135.007,72.129,70.611
128.554,129.334,72.026,70.726
129.114,131.992,72.022,70.834
129.974,134.334,71.883,70.778
130.504,135.043,71.932,70.295
131.998,130.227,72.236,70.040
132.829,133.389,72.418,69.956
133.113,135.329,72.261,69.799
133.346,130.636,72.216,69.642
133.791,133.880,72.277,69.417
134.097,136.214,71.946,69.450
133.881,137.406,71.425,69.544
134.436,138.368,70.910,69.473
134.936,133.628,71.137,69.244
134.839,136.403,70.876,69.295
127.111,130.054,70.665,69.663
128.014,132.595,70.736,69.865
128.510,134.149,70.836,69.801
128.952,135.150,70.716,69.668
129.033,135.807,70.581,69.522
129.369,130.253,70.748,69.483
130.057,133.303,70.938,69.394
130.712,135.253,70.799,69.481
131.608,130.214,71.052,69.210
132.625,133.753,71.346,69.215
134.040,135.921,71.369,68.912
125.971,129.555,70.893,69.471
126.989,132.198,70.787,69.888
127.327,133.866,70.645,70.062
127.473,135.457,70.491,70.101
127.810,129.419,70.550,70.212
128.563,132.073,70.725,70.311
129.504,133.373,70.902,70.044
130.141,134.336,70.975,69.756
130.984,135.388,70.831,69.536
132.153,130.329,70.973,69.313
133.507,133.681,71.204,69.276
134.428,135.806,71.229,68.915
126.541,129.286,70.697,69.478
127.821,131.963,70.493,70.032
128.634,133.749,70.382,70.126
128.919,134.947,70.390,69.913
129.013,135.640,70.300,69.806
129.276,130.147,70.493,69.686
129.442,132.634,70.836,69.642
130.062,134.332,70.878,69.583
130.741,135.579,70.768,69.458
131.857,130.348,70.837,69.220
133.428,133.737,71.109,69.161
134.254,135.739,71.164,68.764
134.287,136.992,70.612,68.946
135.240,132.202,70.625,69.035
135.252,134.449,70.342,69.050
135.401,136.841,70.053,69.073
127.646,130.055,69.781,69.574
128.509,132.917,69.905,69.706
129.465,134.754,70.035,69.515
129.302,135.245,70.109,69.352
129.779,135.608,70.002,69.170
129.763,130.123,70.325,68.983
130.834,133.199,70.335,69.048
131.892,135.211,70.112,69.160
132.975,136.646,69.954,69.088
133.678,137.183,69.935,68.665
134.515,137.934,69.642,68.623
134.971,138.806,69.370,68.535
136.460,133.636,69.765,68.337
136.607,136.371,69.509,68.263
136.226,137.989,68.942,68.489
128.475,132.094,69.028,68.634
128.947,133.797,69.202,68.579
129.817,135.659,69.226,68.391
130.636,130.466,69.276,68.369
131.452,133.652,69.518,68.382
132.526,135.679,69.640,68.201
133.980,137.343,69.621,68.048
135.008,138.308,69.229,68.033
136.263,139.193,69.084,67.803
137.145,133.884,69.266,67.652
137.427,136.644,69.036,67.678
129.196,137.120,68.733,67.852
129.314,137.483,68.431,67.808
130.063,137.990,68.287,67.803
131.488,138.294,68.129,67.802
132.365,138.680,68.128,67.598
134.047,139.312,68.094,67.463
135.431,139.608,67.830,67.477
136.799,134.285,68.088,67.285
137.611,137.057,67.922,67.133
129.019,137.481,67.441,67.371
129.697,137.831,67.159,67.563
130.071,137.863,67.137,67.522
130.739,138.031,67.057,67.540
131.447,138.500,67.003,67.469
132.356,138.721,67.055,67.206
133.667,133.395,67.398,67.064
135.197,135.718,67.583,66.774
135.974,144.383,67.420,66.612
136.843,144.649,67.108,66.580
137.504,144.725,66.636,66.608
137.737,144.371,66.206,66.653
138.242,137.616,65.898,66.757
130.077,138.038,65.816,66.746
130.377,138.833,65.557,66.961
139.382,139.846,65.402,66.883
139.486,135.027,66.106,66.486
139.424,137.877,65.882,66.388
139.196,134.219,66.257,66.066
139.241,136.813,66.280,65.863
131.892,137.760,66.000,65.935
132.356,133.349,66.368,65.627
133.420,135.701,66.487,65.414
135.038,136.953,66.319,65.433
135.982,138.559,66.207,65.368
136.950,147.320,65.851,65.395
138.471,147.078,65.644,65.499
131.382,146.879,65.477,65.528
131.942,147.201,65.445,65.338
132.446,139.521,65.460,65.112
133.431,140.095,65.345,65.099
134.522,139.886,65.271,64.899
136.364,140.566,64.863,65.256
137.718,135.230,65.394,64.909
138.845,137.970,65.239,64.806
131.521,138.480,64.997,64.987
131.936,139.101,64.969,64.819
132.643,139.846,64.833,64.879
140.764,135.293,65.187,64.713
140.036,138.282,65.054,64.617
139.822,134.310,65.568,64.224
139.372,137.255,65.620,64.014
139.454,139.125,65.139,64.227
139.757,140.334,64.814,64.312
140.053,135.559,65.254,64.049
140.091,138.062,65.156,63.896
132.656,138.555,65.073,63.928
133.591,139.089,64.846,63.930
134.126,139.528,64.689,63.892
126.254,138.953,63.912,64.588
126.186,139.021,63.301,65.140
126.256,138.451,62.786,65.581
126.275,138.525,62.466,65.868
126.628,138.297,61.973,66.192
127.030,138.113,61.635,66.390
127.519,138.057,61.238,66.629
127.177,137.804,61.127,66.592
127.275,137.981,60.951,66.655
127.379,137.986,60.797,66.666
127.522,138.089,60.645,66.747
126.884,138.028,60.622,66.502
127.008,137.592,60.491,66.573
136.081,138.433,61.060,65.829
143.020,134.035,61.925,65.073
142.021,137.260,62.416,64.404
141.794,134.758,62.975,63.800
140.922,137.906,63.190,63.391
133.939,138.750,63.189,63.353
134.971,139.771,63.095,63.351
135.672,140.062,63.071,63.155
127.963,139.153,62.521,63.599
129.030,138.864,62.143,64.064
130.060,138.829,61.915,64.432
130.805,139.233,61.900,64.480
131.587,139.693,61.592,64.588
132.492,140.234,61.558,64.642
133.495,140.564,61.576,64.531
134.894,134.926,62.364,63.965
135.613,136.918,62.468,64.039
136.460,138.411,62.668,63.757
138.143,139.730,62.764,63.650
131.110,139.672,62.118,64.145
121.815,139.853,59.113,66.774
130.867,133.256,59.710,66.198
140.326,135.538,60.937,64.922
142.090,137.852,61.096,64.616
143.293,133.888,61.667,64.035
143.122,137.256,61.967,63.546
142.915,133.738,62.637,62.793
142.108,136.998,63.057,62.401
141.412,139.659,62.786,62.474
141.788,135.610,63.236,62.195
141.096,137.745,63.335,61.988
134.196,138.760,63.155,62.251
126.207,145.707,62.457,63.035
126.340,144.239,61.953,63.741
126.315,141.659,60.694,65.176
135.253,134.832,60.010,65.722
128.130,139.617,56.046,69.547
121.959,137.044,52.552,73.048
122.358,134.768,49.996,74.935
115.400,123.978,46.753,78.890
109.740,121.487,44.077,82.852
110.384,119.662,41.988,85.866
93.217,139.028,45.961,81.490
92.901,130.653,45.041,82.350
92.797,131.833,44.284,82.818
91.534,139.954,47.828,78.862
89.767,140.511,50.402,75.990
88.486,142.614,52.213,73.685
84.266,144.062,53.907,71.746
84.736,149.728,55.380,70.266
85.080,149.752,55.803,69.560
85.417,149.575,56.224,68.943
80.962,150.312,56.885,68.242
83.546,151.375,57.408,67.500
84.251,151.498,57.513,67.088
79.927,151.948,58.063,66.517
82.566,151.418,58.499,66.031
84.108,151.852,58.528,65.774
84.980,151.356,58.384,65.604
87.660,150.191,55.433,68.059
83.037,150.694,56.525,67.177
85.360,151.609,57.315,66.328
86.757,151.504,57.668,65.746
87.127,151.784,57.881,65.160
81.503,151.689,58.165,64.890
83.628,151.738,58.470,64.542
84.580,151.604,58.656,64.154
84.209,150.906,58.958,63.815
83.886,150.606,59.085,63.514
84.691,150.245,59.102,63.357
