269.000,75.000,34.000,64.000
266.665,73.161,33.464,64.989
262.373,71.166,33.555,65.394
261.320,72.130,33.924,65.386
255.345,71.425,33.928,65.649
254.006,76.731,35.912,63.453
261.207,70.059,35.030,64.157
261.836,63.538,33.555,65.142
263.110,56.335,31.839,66.776
262.678,54.120,30.550,68.186
262.105,51.697,29.683,69.183
260.648,51.292,30.196,68.362
259.514,51.620,30.541,67.890
256.970,62.022,31.222,66.404
253.680,64.630,31.312,65.344
252.312,68.841,30.113,66.448
247.077,69.630,29.457,66.794
242.369,71.069,28.808,67.297
242.712,65.159,28.298,68.070
238.460,65.687,27.916,68.798
238.418,65.591,27.576,69.246
237.605,61.003,28.305,67.658
238.098,63.700,29.074,66.071
238.878,67.356,29.704,64.727
238.623,71.343,29.379,64.501
239.164,74.025,29.365,64.586
239.233,75.282,29.689,64.698
239.914,76.244,30.389,63.719
240.780,75.743,30.487,63.025
242.236,74.568,30.073,63.038
243.038,72.944,28.860,63.866
237.675,72.917,28.968,63.265
240.538,71.916,27.785,64.449
236.472,70.645,27.254,64.703
230.114,64.587,28.284,64.072
227.907,61.007,28.798,63.592
226.107,62.866,29.058,63.146
224.982,64.129,28.155,63.932
224.643,64.783,27.920,64.319
224.653,70.873,28.139,64.656
228.926,66.900,28.486,64.862
227.079,71.412,29.434,63.947
226.134,72.856,29.658,63.895
225.931,74.974,29.821,64.202
226.211,82.078,29.059,65.012
227.372,84.882,28.389,65.410
229.422,84.636,28.149,66.107
230.948,82.089,27.937,66.409
230.361,77.319,29.164,65.262
231.227,79.322,29.858,64.584
236.565,81.450,29.516,65.120
238.380,82.670,28.501,65.905
238.912,83.671,27.965,66.873
237.987,83.894,28.285,66.955
232.167,83.190,28.992,66.620
225.630,83.161,29.501,66.343
221.987,83.037,29.609,66.987
218.032,88.409,28.780,68.253
217.274,86.632,28.082,68.788
217.584,80.900,27.600,69.476
217.521,75.036,27.310,70.213
216.910,69.431,28.030,69.246
216.623,71.278,28.835,67.933
219.697,73.520,28.471,68.618
222.636,73.347,27.995,69.090
227.949,70.403,27.762,69.574
229.820,72.025,27.818,69.830
230.987,74.567,28.898,69.111
229.638,76.364,29.595,68.591
227.488,77.665,30.078,68.615
225.880,77.880,29.507,69.812
219.241,86.013,29.937,69.622
261.520,74.825,30.093,69.732
266.103,74.004,29.349,70.708
266.152,75.209,28.994,71.313
266.705,74.458,28.769,72.003
271.762,80.422,27.852,72.825
270.861,86.451,27.761,72.860
270.125,89.482,27.662,72.261
275.387,83.621,27.243,72.814
275.547,77.431,27.353,72.913
279.917,71.741,27.223,72.679
277.995,72.864,28.171,70.992
276.589,74.246,29.148,69.309
277.192,75.468,28.895,69.345
275.912,82.402,29.428,68.078
274.780,87.901,28.847,68.905
268.745,76.633,29.548,68.177
267.149,76.822,28.628,69.093
261.116,77.918,28.232,69.470
255.396,78.638,27.750,69.900
242.025,85.312,29.112,69.017
252.920,83.257,29.747,68.285
239.931,77.802,30.256,68.368
239.342,78.407,30.811,68.633
239.580,79.939,30.214,70.361
241.215,81.551,29.553,72.463
246.923,86.988,29.253,73.528
247.184,91.785,29.170,73.779
252.623,90.020,29.014,74.181
258.229,88.402,28.671,74.433
257.883,79.581,28.306,75.654
258.232,80.169,28.679,75.981
264.519,81.045,30.402,75.349
269.358,78.225,32.697,73.400
261.482,66.001,33.767,72.286
252.824,59.359,34.374,71.502
244.298,60.285,34.923,70.879
235.952,61.931,35.245,70.511
228.028,67.979,35.060,71.008
226.951,68.199,35.173,71.322
231.027,66.775,34.914,71.180
235.814,71.289,34.762,70.596
233.971,68.631,33.216,72.356
233.377,67.184,31.489,74.819
225.870,68.149,31.963,75.056
226.643,68.418,32.675,75.195
233.786,63.352,34.150,73.495
238.956,63.496,34.470,73.284
244.651,71.180,34.643,73.308
248.938,73.298,35.094,72.957
251.066,75.579,35.319,73.941
257.782,77.498,35.725,74.753
259.527,78.124,35.425,75.641
260.476,83.804,35.264,76.017
279.721,69.505,35.176,75.898
278.639,72.130,35.617,75.927
280.180,73.383,36.283,74.953
287.491,71.218,35.600,76.070
290.495,72.826,35.804,75.999
293.973,73.556,35.588,76.117
300.707,73.859,35.140,75.955
307.970,76.149,34.554,77.195
310.187,78.579,34.776,77.267
311.053,80.300,35.438,76.744
312.034,81.167,35.533,76.568
310.859,81.252,35.496,76.816
308.753,80.729,35.019,76.697
306.187,81.598,34.628,76.807
301.927,80.949,34.751,75.924
298.619,80.812,35.350,75.178
291.927,78.966,35.049,74.798
290.060,76.602,33.409,76.361
288.393,75.468,32.942,76.196
286.785,72.879,32.363,76.071
284.752,72.884,32.364,75.536
282.878,72.521,32.608,73.905
280.416,71.941,32.397,73.171
274.287,71.859,32.527,71.791
275.035,70.937,31.137,72.792
273.596,71.794,31.359,72.291
273.004,73.796,31.814,71.587
274.049,75.569,32.903,70.003
278.446,74.151,32.875,68.781
279.586,73.638,32.824,68.431
285.026,71.955,31.318,69.900
288.042,72.100,30.068,71.208
289.660,71.672,30.129,70.627
289.916,65.572,30.701,69.139
290.008,67.446,31.407,67.024
295.868,70.401,30.914,66.268
296.790,72.072,30.250,65.989
298.506,72.776,29.807,65.882
297.049,74.325,29.707,65.829
295.785,77.275,30.339,64.968
296.515,77.089,31.152,63.656
297.022,75.604,31.753,62.270
297.021,75.807,31.477,61.756
296.431,76.574,31.422,61.654
295.654,78.358,31.515,61.571
295.686,75.260,31.731,61.034
291.127,74.766,31.752,60.335
292.792,73.390,31.633,59.942
294.635,71.790,31.025,60.482
300.338,72.226,31.126,60.883
299.458,73.446,31.125,61.093
288.393,65.773,30.887,61.019
300.275,71.999,32.427,59.193
301.344,71.356,32.110,59.369
297.234,68.857,31.456,59.816
293.358,62.836,29.673,60.744
295.529,62.542,27.849,61.912
302.075,64.245,28.139,61.153
303.299,63.435,28.202,60.341
298.996,59.826,28.177,58.995
300.343,60.445,26.906,59.191
300.612,60.675,25.546,59.721
301.060,60.544,24.362,59.711
300.798,60.317,23.969,59.399
301.179,59.430,24.676,57.770
300.917,59.150,25.207,56.226
300.525,54.002,25.435,55.965
298.914,54.809,25.397,55.899
300.692,54.002,24.411,56.705
301.417,58.307,23.881,57.376
299.739,51.770,24.444,56.212
304.621,57.260,24.740,55.354
305.574,62.072,24.356,55.550
307.321,67.220,23.770,55.821
308.457,65.523,22.705,56.279
308.960,69.061,22.225,56.417
313.380,66.392,22.651,55.183
312.954,67.966,23.413,53.396
308.320,69.163,23.847,52.026
303.980,69.706,24.072,50.719
300.474,70.917,23.279,51.259
296.760,70.982,22.639,51.942
292.986,70.715,22.243,52.158
289.536,70.964,22.818,51.316
309.408,65.481,22.331,51.812
306.128,64.716,22.024,52.047
305.402,66.768,21.703,52.357
304.379,61.193,22.018,51.541
304.264,70.691,22.640,50.808
303.694,70.486,22.618,50.945
303.230,70.731,22.165,51.605
299.260,69.245,21.719,52.058
298.644,69.198,21.500,51.800
298.097,69.856,22.074,50.722
297.982,69.562,22.361,49.811
295.733,71.247,24.769,46.875
300.153,70.509,24.383,46.820
300.446,68.985,23.207,47.741
291.318,79.114,25.598,45.625
295.953,75.719,25.323,45.854
291.783,82.807,27.249,44.247
292.063,85.319,29.248,42.552
287.976,86.672,30.463,41.525
288.670,85.245,29.073,42.768
289.295,84.477,28.374,43.402
289.483,85.048,29.256,42.490
288.115,85.932,30.333,41.900
284.117,84.238,29.474,43.221
279.835,83.090,28.563,44.824
279.729,83.758,27.867,45.895
280.340,82.291,27.237,46.773
281.826,81.704,26.378,47.857
282.971,81.181,25.777,48.386
283.819,79.709,25.168,48.576
285.060,78.479,24.441,48.688
286.298,79.407,23.886,48.861
287.929,79.614,23.137,49.574
287.126,79.462,23.232,49.324
287.672,79.343,23.116,49.620
291.621,79.082,23.304,49.175
290.230,77.366,23.437,48.757
289.909,76.804,23.218,49.156
285.850,75.083,22.996,49.378
284.467,74.727,22.782,49.908
282.958,75.719,22.673,50.053
277.479,76.154,22.713,50.004
276.120,76.945,22.811,50.065
275.017,77.306,23.506,49.625
274.126,76.611,23.878,49.696
272.108,76.091,23.773,49.793
266.789,76.703,24.027,49.789
265.655,76.448,24.263,49.462
264.005,77.583,24.459,48.926
258.590,77.116,25.177,47.851
257.709,77.218,25.194,47.129
247.880,77.508,25.712,46.279
246.721,77.313,25.568,46.448
242.269,77.451,25.560,46.638
240.813,76.825,24.903,47.452
235.416,77.770,24.683,48.004
230.775,72.954,25.266,47.238
230.334,72.610,25.337,46.912
229.441,73.675,25.184,46.633
228.751,79.139,24.978,46.479
228.479,78.458,24.762,46.461
228.141,79.083,24.750,46.052
229.061,83.145,24.612,45.933
228.761,80.030,25.126,44.909
228.928,81.739,25.300,44.139
229.366,83.814,25.160,43.923
230.675,87.846,24.622,44.096
231.404,87.943,23.919,44.060
231.836,91.414,23.731,44.055
232.085,92.411,23.914,43.819
231.964,88.412,24.222,43.146
228.992,90.608,25.823,41.435
229.663,92.584,25.562,41.552
230.422,94.072,24.911,42.268
230.340,93.333,24.437,42.755
230.275,89.122,24.354,42.793
228.063,90.487,25.591,41.264
228.421,91.104,25.382,41.617
225.598,91.362,24.902,42.013
228.493,92.638,25.910,41.049
232.963,93.033,26.651,40.490
237.300,90.060,27.421,39.575
245.843,97.121,26.294,40.975
237.190,96.551,25.380,42.157
