336.000,165.000,26.000,61.000
334.965,166.421,26.686,59.825
329.915,170.345,26.202,60.913
330.495,166.446,26.796,60.394
329.471,166.187,27.790,59.554
335.630,158.954,27.888,59.641
336.570,158.725,28.078,59.474
336.173,158.644,28.341,59.285
328.801,149.378,30.090,57.063
323.577,165.520,29.761,57.620
329.869,174.657,28.272,58.811
330.684,179.950,26.922,59.752
331.073,178.709,25.732,61.488
325.808,170.948,24.966,62.233
325.292,170.254,24.493,63.098
325.380,168.232,24.276,64.207
331.132,157.046,24.654,63.642
326.285,151.431,25.337,62.937
325.530,147.583,27.532,60.383
307.834,137.915,29.784,57.386
301.852,138.266,31.564,55.052
295.310,138.055,32.978,53.062
288.154,137.061,33.763,51.654
279.001,140.709,32.637,52.731
279.720,139.883,31.649,53.619
279.591,134.299,31.247,53.961
285.506,156.098,30.380,54.904
285.240,151.109,29.901,55.442
285.009,158.802,29.390,55.384
285.010,164.840,28.994,55.647
285.212,170.297,28.619,55.794
284.913,165.556,28.085,56.271
284.833,166.164,27.883,56.283
285.140,160.710,27.931,55.956
285.043,159.464,27.716,55.789
289.748,158.219,27.440,55.656
289.334,158.312,27.257,55.060
286.858,159.673,29.326,51.917
286.411,159.951,30.458,49.956
285.587,160.423,31.700,48.090
289.894,165.979,30.262,49.240
290.186,165.632,28.719,50.876
290.420,161.537,27.303,52.279
290.242,162.259,25.839,54.285
289.040,162.078,25.583,54.536
287.980,161.836,25.384,54.543
287.083,157.444,25.240,54.358
286.487,158.206,25.439,53.722
286.407,159.055,25.704,52.809
286.908,160.791,25.609,52.460
285.753,157.640,26.849,50.769
290.452,158.584,26.133,51.157
290.017,158.840,25.512,51.593
290.092,158.974,25.386,51.542
290.714,158.263,24.837,51.769
290.791,158.634,24.569,51.591
290.413,157.675,24.351,51.334
290.155,158.714,24.509,50.489
290.234,159.749,24.398,50.087
290.304,159.522,23.597,50.928
290.018,159.973,22.942,51.752
289.983,159.520,22.359,52.392
285.159,159.752,22.388,52.146
283.627,159.377,22.377,52.150
283.194,155.369,22.555,51.366
278.820,155.498,22.525,51.098
274.929,155.832,22.634,50.647
275.548,160.701,22.432,50.683
274.193,160.455,22.375,50.557
273.168,160.778,22.608,49.975
273.467,160.472,22.045,50.438
272.852,159.981,22.102,50.168
271.451,159.261,22.137,50.002
271.700,159.058,22.190,49.823
271.608,158.302,21.982,49.835
271.481,157.704,21.799,49.913
270.714,157.866,21.921,49.534
270.770,162.306,21.888,49.435
270.489,161.692,21.920,49.124
270.571,161.591,21.876,49.025
270.920,161.276,21.301,49.666
270.880,160.463,20.679,50.628
270.039,160.402,21.032,50.311
269.483,160.406,21.163,50.016
269.262,160.144,21.210,49.637
269.090,159.060,21.359,49.119
268.042,163.564,21.694,48.630
267.865,163.528,21.679,48.377
268.769,158.671,21.127,49.055
273.450,159.081,20.782,49.260
273.434,159.287,20.218,49.878
273.471,160.226,20.502,49.518
273.058,160.012,21.113,48.904
273.258,159.948,21.198,48.455
273.861,159.505,21.240,48.116
274.052,159.765,21.299,47.971
274.169,163.529,21.680,47.528
274.781,162.942,21.875,47.163
279.241,162.171,21.390,47.666
279.674,162.033,21.301,47.576
275.558,161.606,21.560,47.249
275.958,160.446,21.630,47.148
275.880,161.144,21.674,46.935
276.371,160.899,20.957,47.629
276.444,160.104,20.944,47.431
275.603,162.316,21.297,47.092
275.197,161.611,21.188,47.421
275.911,160.787,21.359,47.168
280.647,156.642,21.593,46.638
276.402,157.573,23.304,44.700
276.657,158.200,23.297,44.554
277.781,161.994,23.046,44.970
279.290,161.980,22.656,45.284
283.312,165.258,22.293,45.391
284.340,160.210,21.373,46.543
288.500,164.175,21.478,46.328
289.201,168.096,20.799,47.410
290.279,167.660,20.344,47.748
295.348,167.433,20.339,47.515
294.929,169.812,20.570,47.068
294.604,169.030,20.668,46.904
294.803,167.438,20.908,46.637
295.349,166.695,20.416,47.148
296.151,165.575,20.521,46.958
296.334,165.036,20.578,46.739
295.693,168.648,21.007,46.478
295.935,168.044,21.172,46.164
299.842,171.053,21.087,46.100
299.961,170.380,21.071,45.945
300.129,173.376,21.020,45.816
299.622,170.876,21.173,45.823
303.693,171.561,21.313,45.458
303.637,172.148,21.413,45.195
304.319,167.009,20.791,46.008
308.457,170.760,20.141,46.767
308.864,171.818,19.676,47.734
308.931,172.237,20.075,47.403
304.168,172.280,20.391,46.849
302.898,169.538,22.014,44.969
311.391,170.487,22.155,44.865
315.768,170.279,22.186,44.762
316.598,170.284,22.283,44.642
320.914,166.252,22.244,44.300
328.764,167.897,22.326,43.846
328.829,168.917,22.067,43.958
324.834,172.695,21.768,44.174
333.461,172.378,21.563,44.276
338.221,171.104,21.547,44.156
338.899,170.546,21.530,44.124
334.475,170.407,21.601,44.451
338.849,164.644,21.728,44.428
339.397,168.425,21.729,44.570
339.569,171.954,21.887,44.572
340.184,175.329,21.860,44.882
340.543,170.586,21.913,44.867
341.007,169.020,21.156,45.938
341.260,167.932,20.560,46.802
345.683,163.304,20.285,47.199
346.139,162.053,19.958,47.710
346.295,162.156,20.311,47.365
342.130,166.307,20.930,46.808
345.455,166.541,21.388,46.121
340.196,166.506,21.514,45.716
341.085,162.444,20.745,46.728
345.833,166.945,21.197,46.303
345.693,163.005,21.350,46.116
346.442,153.398,20.929,46.858
351.222,150.837,20.503,47.592
360.272,150.391,20.777,47.477
364.198,155.122,21.608,46.986
364.628,155.535,22.273,46.440
364.632,155.373,22.895,45.887
365.203,149.643,22.873,46.272
365.862,148.647,22.715,46.952
366.304,146.403,21.973,48.566
366.709,146.705,22.322,48.342
366.892,140.535,21.606,49.467
367.671,145.059,22.084,49.038
367.132,145.292,23.138,48.206
363.529,139.697,22.995,48.372
363.617,138.444,23.252,48.061
359.626,137.746,23.086,48.189
358.979,140.525,23.423,47.812
359.596,140.020,23.274,48.192
355.200,144.443,23.817,47.284
354.265,143.167,23.954,47.131
355.416,142.911,23.518,48.072
351.594,143.369,23.158,48.638
352.693,143.328,22.915,48.789
352.593,144.539,23.244,48.236
347.938,145.568,23.118,48.108
338.101,148.978,23.086,48.282
334.177,148.377,22.972,48.525
334.095,148.277,22.937,48.087
329.306,153.096,23.142,47.552
324.775,148.314,23.139,47.404
325.441,147.814,22.191,48.925
325.741,148.038,22.250,48.895
324.633,147.212,22.619,48.536
320.164,145.920,22.765,48.079
319.141,146.752,22.622,48.081
319.103,147.293,22.456,48.057
318.397,145.935,21.742,48.865
316.828,142.523,21.909,48.843
312.122,143.176,22.209,48.433
312.100,141.349,21.432,49.279
312.311,141.121,20.722,50.188
307.961,139.983,20.086,50.992
306.668,139.757,20.701,49.960
305.706,139.359,21.088,49.201
301.234,138.853,21.663,47.813
299.143,141.236,21.681,47.662
294.097,141.136,21.546,47.534
293.052,141.421,21.438,47.580
292.750,143.998,21.610,47.219
291.711,142.738,21.868,46.674
291.443,141.475,21.034,47.730
290.950,142.144,20.275,48.757
290.132,141.982,20.451,48.414
289.398,141.295,20.898,47.505
288.037,142.505,20.930,47.135
288.405,144.974,20.801,46.973
287.507,144.881,20.255,47.294
283.403,146.130,19.725,47.608
283.165,145.003,19.371,47.731
278.738,145.125,19.920,46.821
278.365,147.362,20.295,45.704
277.824,148.254,20.656,44.952
282.204,150.367,20.028,45.264
281.464,151.545,20.512,44.166
280.747,151.392,20.693,43.550
280.324,147.726,20.855,42.957
280.026,151.286,20.824,42.517
283.717,150.815,20.734,42.578
284.309,150.868,19.650,43.963
287.981,148.727,19.020,44.611
291.768,148.935,18.584,45.102
296.213,148.067,19.070,44.406
300.906,145.199,18.622,44.916
313.406,148.181,18.016,45.391
321.401,145.891,17.729,45.456
321.884,146.863,17.399,45.616
330.550,145.913,18.125,44.359
338.703,144.507,18.474,43.257
343.201,143.626,17.739,44.337
343.949,142.371,17.271,45.106
344.391,141.744,16.988,45.435
348.606,142.136,16.583,45.845
349.232,142.657,16.426,45.965
349.667,141.552,16.395,45.735
350.052,140.297,16.069,46.255
349.743,143.049,16.095,46.383
348.552,143.157,16.451,46.111
345.381,141.429,16.359,46.254
344.660,141.389,16.617,45.763
341.284,141.982,16.341,46.059
337.634,142.585,16.080,46.512
337.267,145.680,16.137,46.750
335.977,148.883,16.401,46.415
331.429,151.287,16.558,46.003
331.063,152.086,16.658,45.883
327.839,151.132,16.537,46.445
324.164,151.302,16.314,46.944
324.806,155.887,16.279,46.988
324.986,156.921,16.415,46.669
325.427,157.758,17.169,45.610
321.045,153.989,17.718,44.815
317.387,149.068,17.337,45.279
316.816,148.809,17.140,45.685
313.109,149.540,16.851,46.107
311.917,150.774,17.022,46.249
308.294,149.960,16.944,46.460
308.067,149.980,16.989,46.474
304.440,146.057,16.873,46.708
304.986,144.424,16.791,47.215
304.271,145.305,16.805,47.291
303.381,149.768,17.687,46.318
302.955,153.795,18.513,45.140
302.456,154.071,19.232,44.141
299.032,148.118,18.694,44.984
299.574,146.138,18.326,45.512
299.953,145.180,17.980,46.120
300.090,146.432,17.793,46.542
300.445,146.573,17.714,47.025
300.515,146.550,18.327,46.206
301.509,145.518,18.037,46.806
302.350,146.095,17.804,47.113
302.840,147.013,17.703,47.154
302.977,144.539,17.576,47.060
303.044,145.949,17.341,47.199
303.234,145.913,17.291,47.313
302.946,146.293,18.069,46.428
302.298,147.051,18.694,45.935
299.178,147.315,18.311,46.498
299.612,150.918,18.309,46.761
299.466,151.101,18.371,46.966
298.753,156.085,18.592,46.940
294.133,156.532,19.259,46.499
293.763,157.807,19.700,46.122
292.867,159.066,19.902,46.029
288.727,158.936,20.038,46.128
284.592,159.953,20.008,46.202
283.312,163.839,20.186,45.928
278.426,164.417,20.348,45.772
273.893,164.322,20.471,45.552
268.791,164.744,20.762,45.234
264.966,166.337,20.755,45.143
261.615,168.238,20.669,45.217
258.284,173.901,20.616,45.149
254.833,175.476,20.595,45.248
255.166,176.300,20.665,45.234
255.263,176.439,20.612,45.506
254.617,177.862,20.648,45.574
254.364,181.851,20.714,45.693
254.472,182.288,20.854,45.682
254.722,183.307,21.061,45.476
255.505,183.650,20.931,45.958
256.859,182.177,20.090,47.509
257.890,182.967,20.282,47.521
258.552,183.672,20.497,47.216
258.989,187.789,21.028,46.814
259.712,188.238,21.377,46.478
264.724,193.317,21.493,46.191
265.767,194.466,21.569,46.078
267.043,195.008,21.506,46.357
268.123,195.276,21.275,46.902
269.319,196.116,21.313,47.017
270.746,196.831,21.384,47.165
271.714,198.059,21.532,47.103
272.862,198.353,21.623,47.153
273.570,198.243,21.808,47.338
274.896,197.864,21.831,47.631
276.471,197.372,21.641,48.046
277.847,197.716,21.853,48.160
283.118,202.279,21.880,48.642
284.019,201.752,21.143,50.252
284.636,201.719,20.635,51.654
285.214,203.314,21.020,51.677
289.811,205.323,21.607,51.369
289.921,207.216,22.392,50.996
290.680,207.505,22.843,51.011
291.530,203.768,23.071,50.936
292.609,204.658,23.315,50.901
297.544,205.944,23.123,51.402
303.322,207.495,22.118,52.934
307.778,209.005,21.460,54.090
308.406,210.602,20.875,55.141
309.153,206.352,20.478,55.995
309.501,206.991,20.420,56.455
309.693,208.251,20.432,56.884
