478.000,143.000,80.000,111.000
469.480,145.739,83.112,107.165
470.105,146.279,85.205,103.604
467.959,144.554,86.386,101.267
466.330,143.897,86.867,99.169
464.569,142.505,87.050,97.742
462.877,140.345,86.684,96.925
462.924,139.558,85.959,96.199
461.595,138.234,85.318,95.657
460.754,137.157,84.719,94.990
460.914,135.553,83.963,94.552
460.159,135.368,83.275,93.891
459.808,135.312,82.392,93.359
459.481,135.935,82.007,92.465
459.022,135.053,81.794,91.959
458.100,134.183,81.491,91.421
458.764,132.876,81.404,90.838
456.167,132.825,81.486,90.437
454.326,132.336,81.784,89.800
452.202,132.674,81.973,89.094
450.377,133.325,82.127,88.542
447.117,134.107,82.604,88.408
442.460,134.363,83.283,88.205
438.286,136.185,84.568,87.703
434.105,137.970,85.499,87.358
429.441,140.733,87.118,86.178
422.792,144.280,88.695,85.624
415.495,147.795,91.100,84.925
408.786,152.418,93.661,84.200
398.084,156.401,94.165,83.558
387.286,159.052,94.685,82.665
378.004,162.514,94.981,81.602
369.306,165.821,95.036,80.910
357.628,170.341,94.593,80.557
345.419,173.411,93.724,80.993
333.964,175.063,94.334,81.336
322.520,176.422,96.348,81.320
309.463,178.655,96.328,81.290
296.744,182.955,96.407,80.993
285.886,187.175,95.343,81.728
274.568,188.601,94.357,84.061
265.461,189.922,94.018,85.664
261.303,192.900,94.883,86.640
252.631,194.402,93.495,88.329
249.345,188.435,94.660,88.459
247.792,194.735,94.796,89.298
245.051,189.862,95.448,89.125
245.005,196.008,95.002,89.677
245.897,200.329,94.720,89.893
247.669,193.139,93.335,90.870
251.484,186.303,92.705,90.473
254.566,190.226,92.027,91.176
256.688,183.205,92.045,91.082
257.934,175.555,92.560,90.550
260.887,176.696,92.118,91.466
261.617,165.851,92.516,92.017
263.528,154.427,92.188,92.101
265.601,142.048,91.339,92.679
266.223,129.993,91.388,92.500
267.943,117.417,91.652,92.427
268.200,106.147,91.905,92.275
266.757,95.081,92.295,91.790
267.616,83.833,92.866,90.709
267.970,80.465,93.461,90.813
266.838,77.057,94.011,91.253
267.523,72.636,94.102,92.475
269.389,67.419,93.786,93.669
270.595,62.389,93.107,95.235
270.974,58.715,92.252,96.599
271.556,53.700,91.303,97.686
272.926,51.514,90.897,97.488
276.712,49.735,90.227,97.665
280.677,47.695,89.397,98.101
284.391,44.447,87.812,98.335
287.996,44.776,86.161,98.492
293.839,45.676,84.737,98.350
300.282,46.044,83.251,98.466
306.887,48.753,82.262,98.102
314.540,49.698,81.528,97.651
320.584,53.129,81.272,96.661
326.365,54.637,81.074,95.816
334.701,54.136,81.034,95.276
343.475,53.433,81.098,94.805
353.230,54.572,81.695,93.316
362.961,53.102,81.287,93.213
372.569,53.984,81.421,91.938
387.157,56.471,82.501,89.476
398.554,57.469,82.458,87.908
407.238,61.998,83.111,85.920
423.777,66.019,84.110,84.083
438.274,68.819,85.794,82.622
453.716,69.599,87.863,81.445
464.384,72.585,89.322,80.718
470.459,75.595,91.199,79.498
478.182,79.301,92.539,78.284
490.933,86.229,93.075,77.958
498.317,91.634,92.694,78.241
502.321,95.887,91.865,78.845
507.023,99.302,91.339,79.026
508.215,102.068,91.472,78.354
507.642,106.690,91.284,78.058
505.920,112.321,90.958,77.680
503.098,116.522,90.272,77.659
497.456,119.253,89.615,78.121
492.555,122.720,89.012,78.612
486.826,127.827,88.989,78.688
480.029,131.261,89.567,78.387
468.579,135.497,90.279,77.935
460.942,139.958,90.598,77.820
459.533,144.646,89.547,78.099
451.306,148.076,88.292,78.830
440.739,149.641,87.850,79.432
433.753,152.287,88.259,79.421
423.793,155.109,88.501,79.395
417.038,159.490,90.173,78.426
410.836,164.225,92.373,77.509
401.717,168.569,91.942,77.208
393.989,170.817,91.038,77.244
390.324,175.331,91.393,76.697
380.443,178.986,90.314,77.143
372.839,181.889,88.701,78.300
365.524,187.130,88.923,78.114
358.704,191.519,87.627,78.785
349.817,196.751,87.803,78.667
342.561,201.446,87.895,78.720
333.565,205.265,87.859,78.389
326.463,208.478,88.609,78.352
322.671,211.684,89.013,78.632
314.619,212.834,87.661,80.048
312.650,215.813,86.646,81.547
308.975,210.053,86.814,80.998
306.852,213.277,86.522,81.519
308.863,215.821,86.013,82.774
313.175,207.861,85.545,82.878
319.904,210.836,84.556,83.456
325.631,212.024,84.595,83.642
333.694,213.448,84.847,83.559
343.096,214.374,84.987,83.547
352.000,216.152,85.605,83.015
362.603,219.748,86.321,82.106
372.914,224.433,87.590,80.759
381.568,228.464,89.506,79.616
392.516,231.334,91.039,78.627
406.888,234.228,91.384,78.107
419.302,237.317,91.575,77.816
430.695,242.225,91.934,76.928
437.209,247.018,92.169,76.723
444.425,250.015,92.911,76.280
448.012,257.639,94.078,75.084
452.361,264.142,94.442,74.544
452.078,267.349,95.737,75.015
451.867,270.200,96.566,76.312
448.379,269.785,97.187,78.283
442.811,265.303,97.446,80.224
440.317,253.120,97.736,81.787
436.656,242.456,97.510,82.890
435.292,242.793,97.312,83.818
430.888,243.477,97.294,84.795
431.216,244.526,97.580,85.551
431.069,242.677,97.424,86.426
432.185,233.707,96.870,87.085
433.477,224.194,96.810,86.843
432.928,225.103,96.776,87.363
432.847,217.363,97.642,86.472
432.992,220.643,98.685,85.426
429.704,223.720,99.361,85.245
427.789,225.911,99.249,86.337
425.095,225.948,99.926,87.002
420.640,219.607,101.084,86.603
412.122,222.602,101.775,87.967
400.018,214.166,103.254,87.422
387.583,217.526,103.671,87.831
378.633,219.174,103.127,88.788
366.719,218.221,102.268,89.839
356.263,217.616,101.559,90.564
341.985,215.802,101.895,90.914
327.781,213.428,102.242,91.356
313.095,212.076,102.669,91.932
294.787,202.299,103.494,92.355
282.100,200.900,103.709,93.565
267.359,201.390,104.215,94.800
256.611,200.989,103.290,96.619
247.351,199.473,102.615,98.378
238.576,198.990,102.585,99.527
230.322,196.558,103.230,100.592
221.144,195.895,104.635,101.488
215.980,196.263,106.327,102.451
209.888,195.811,107.721,103.671
202.653,195.019,109.358,105.245
195.386,194.254,110.660,107.719
188.989,196.554,112.069,110.096
182.843,198.283,113.736,112.552
177.165,199.868,115.534,115.225
171.942,201.573,116.808,117.604
168.509,202.249,117.353,120.019
163.383,204.124,117.460,122.506
159.136,206.001,117.815,124.292
155.826,207.427,118.647,125.444
153.882,208.828,119.279,126.367
152.502,209.983,120.121,126.656
151.713,211.556,120.835,126.988
148.746,212.148,121.382,127.394
146.899,213.416,122.124,127.354
146.568,213.920,123.232,126.478
145.384,211.998,124.164,126.208
143.757,208.590,125.049,125.816
142.004,203.171,125.859,124.932
139.848,197.017,126.253,124.511
137.340,189.929,127.000,123.858
131.018,182.533,128.428,122.566
127.813,174.693,127.982,122.790
122.862,167.443,127.581,123.374
108.501,158.269,126.469,124.545
100.005,140.056,127.456,124.312
100.545,127.968,127.085,125.444
97.283,113.566,126.663,126.183
100.730,97.667,125.107,126.719
104.079,88.793,123.387,126.939
109.361,79.774,121.539,127.394
111.416,69.984,120.282,127.955
118.797,62.085,118.362,129.590
120.519,55.258,118.863,129.906
126.021,36.857,118.939,128.874
133.313,30.317,118.384,128.551
139.585,22.753,117.967,127.117
147.958,22.554,118.306,124.880
154.927,19.373,118.547,123.036
154.839,13.900,119.641,122.085
169.226,7.097,118.028,122.569
181.035,6.971,115.780,123.358
184.377,5.194,117.158,123.508
199.989,7.139,116.323,123.569
219.895,6.510,108.523,129.168
221.269,6.622,108.449,128.161
231.769,10.041,106.420,127.386
237.027,10.664,104.631,126.459
240.260,13.661,102.904,124.794
243.294,16.252,101.854,123.012
245.857,19.718,100.097,121.533
248.426,23.733,98.695,119.427
245.157,26.484,97.714,117.211
247.902,28.042,96.016,115.889
245.628,32.051,95.120,113.789
244.373,33.374,93.821,112.193
242.518,33.788,92.049,110.972
241.879,35.480,90.280,110.331
242.236,36.752,89.215,109.351
239.698,40.612,88.095,108.264
241.026,44.305,87.020,107.196
242.160,48.456,86.354,105.447
244.266,51.663,85.244,103.945
248.899,52.492,83.997,103.144
253.331,53.300,82.343,102.612
254.751,55.021,81.629,101.205
258.641,57.591,81.167,99.774
263.611,61.516,80.660,98.892
267.067,63.817,80.177,97.675
269.919,63.632,81.070,96.266
271.691,62.317,82.541,95.120
274.697,60.707,83.261,94.904
276.752,59.634,83.682,94.631
278.720,60.363,82.410,94.807
279.813,60.062,81.047,94.999
282.161,59.850,79.470,95.357
283.597,61.463,78.159,94.828
283.855,61.010,77.429,94.196
283.484,61.283,77.163,93.026
283.157,63.217,76.941,91.566
281.720,65.806,76.993,89.846
281.599,70.105,76.724,88.212
279.792,72.970,76.357,86.916
278.532,76.387,76.039,84.964
276.805,80.233,75.923,82.868
276.021,81.644,75.672,81.908
275.772,83.814,75.491,80.796
276.568,86.716,75.429,79.391
277.408,89.171,74.821,78.667
278.757,92.953,74.078,78.150
281.563,94.917,72.679,78.001
281.752,97.601,71.831,77.486
282.523,99.856,71.304,77.046
284.127,103.675,70.887,76.356
283.870,104.986,70.654,75.792
284.567,107.234,70.299,75.170
284.287,109.789,70.056,74.415
286.024,112.079,70.010,73.369
284.971,114.828,69.642,72.505
284.480,118.876,69.117,72.021
285.569,119.980,68.516,71.673
285.380,123.262,68.069,71.176
287.231,127.718,67.832,70.298
287.937,130.786,67.615,69.974
289.842,133.329,67.726,69.723
291.242,136.033,67.798,69.131
292.960,137.793,67.611,68.482
295.758,139.158,67.239,67.895
297.298,141.158,66.922,66.921
299.153,143.953,66.461,65.776
299.838,147.012,66.197,64.755
302.152,150.181,66.128,63.680
303.026,153.071,66.143,62.464
304.110,156.049,66.330,61.306
306.579,158.466,67.052,59.776
308.064,161.259,67.393,58.774
309.674,164.240,67.797,57.869
310.008,165.143,68.094,57.521
310.843,166.668,68.290,57.133
309.964,167.941,68.421,56.800
309.168,168.370,68.729,56.367
308.388,168.586,68.906,55.939
307.638,168.605,69.181,55.727
308.813,169.490,69.101,55.611
309.978,170.399,68.882,55.439
309.539,171.155,69.031,55.190
310.225,171.006,69.216,55.149
309.908,169.674,69.339,55.343
309.566,167.417,68.826,55.881
311.098,165.508,68.063,56.464
311.792,164.020,67.526,56.695
312.080,161.118,66.801,57.141
312.844,157.593,65.342,57.955
311.520,154.701,64.619,58.135
312.093,151.002,63.668,58.824
311.615,147.621,62.917,59.430
313.015,143.951,62.765,59.424
313.927,139.302,62.577,59.683
314.728,134.598,62.471,60.077
315.412,124.584,61.975,60.922
316.790,121.442,61.590,61.769
319.066,118.322,61.959,62.103
321.420,107.246,61.927,62.418
323.695,104.006,62.543,62.471
327.818,101.131,63.234,62.533
331.164,99.607,64.078,62.622
332.839,88.834,64.533,63.022
336.031,86.060,64.956,63.450
339.592,83.342,65.619,63.798
344.866,81.328,66.630,63.728
347.884,71.128,66.693,64.476
354.940,61.345,66.443,64.746
362.484,60.325,66.519,65.081
369.071,52.801,66.735,64.969
377.307,52.046,66.993,65.444
382.055,42.990,66.910,65.562
391.805,35.665,67.067,65.192
399.954,30.727,67.317,65.049
409.500,31.657,67.940,64.843
417.818,31.506,68.323,64.999
424.822,32.400,67.905,65.349
432.389,32.972,67.530,65.297
441.915,38.115,67.761,64.553
452.958,42.039,68.038,64.300
461.695,50.849,68.169,64.663
467.615,53.655,68.345,64.466
475.774,58.973,69.508,63.291
480.710,70.112,69.793,62.984
485.099,75.310,69.419,62.689
486.801,80.024,69.582,62.228
484.708,92.889,69.122,62.225
482.747,98.328,69.375,61.730
480.108,103.485,69.572,61.500
476.361,107.455,69.319,61.738
470.365,110.823,68.993,62.163
467.793,113.833,68.497,62.871
465.917,117.152,68.076,62.850
460.888,129.143,67.577,63.359
460.446,135.560,67.469,62.994
458.544,139.751,66.919,63.080
457.845,144.535,66.497,63.003
459.058,149.390,65.965,63.005
459.336,153.489,65.977,63.095
460.562,158.669,65.785,63.461
462.618,164.157,65.510,63.367
461.897,169.215,65.184,63.308
464.675,173.042,65.110,63.073
462.530,177.067,65.747,62.691
464.930,181.276,66.288,61.983
467.744,185.761,66.876,60.998
472.953,190.180,66.565,60.981
477.052,192.979,66.249,61.181
478.102,196.270,65.203,61.449
480.086,198.157,64.411,61.980
481.202,197.815,63.860,62.358
481.464,196.789,63.402,62.713
480.217,196.037,63.206,62.732
481.552,195.425,63.370,62.538
478.183,195.115,63.554,62.813
477.245,194.257,64.042,62.827
475.853,191.965,64.824,63.066
476.449,182.933,65.345,63.531
478.655,182.169,66.282,63.344
480.138,179.443,67.043,63.054
481.293,168.616,67.126,63.480
482.245,166.377,67.241,64.110
483.960,164.765,67.503,64.456
485.441,153.358,67.426,65.539
485.737,143.817,67.883,65.714
486.307,142.640,68.626,65.607
487.009,141.041,69.519,65.503
486.278,133.157,70.422,65.506
485.034,131.044,71.534,65.495
484.989,122.193,72.299,65.771
483.207,118.328,72.597,66.687
483.263,108.742,72.655,67.198
482.968,99.395,72.361,67.470
480.242,98.863,71.966,68.009
476.278,96.983,72.175,68.432
470.522,89.055,72.915,68.302
466.560,81.178,73.407,68.726
457.839,72.129,72.923,69.667
449.792,65.426,72.760,69.752
441.616,63.834,72.778,70.446
431.837,60.740,73.134,71.074
421.689,58.410,73.446,71.531
412.528,57.354,74.008,71.855
404.858,56.521,74.835,71.811
394.103,56.687,75.216,72.139
382.770,55.466,75.993,72.270
373.960,53.869,75.130,73.384
365.203,51.574,74.568,74.372
351.473,40.218,74.721,74.506
338.679,37.956,74.065,75.431
329.686,34.474,73.647,76.504
321.681,32.276,73.279,77.427
315.182,30.417,72.544,78.416
307.102,29.281,72.191,79.206
299.896,28.534,71.627,79.826
294.030,28.214,71.458,80.060
285.564,28.349,72.060,79.696
277.534,27.488,72.931,79.844
274.068,26.636,73.674,80.511
270.324,25.799,73.528,81.379
266.728,26.299,73.534,81.813
260.451,27.086,74.282,81.629
256.196,28.183,75.006,81.165
255.093,28.292,75.028,81.171
253.717,29.535,74.909,81.280
250.752,31.197,74.409,81.624
248.899,33.506,74.264,81.677
243.965,36.577,74.280,81.415
239.621,38.951,75.445,80.086
235.320,42.750,76.678,78.742
231.753,45.894,76.779,77.915
227.900,48.102,76.010,77.507
221.948,50.456,74.624,77.546
215.652,53.672,73.959,77.140
211.547,58.248,73.658,76.180
213.497,61.191,72.692,75.831
212.976,64.168,72.149,75.549
211.212,67.558,72.207,74.474
204.506,70.445,73.233,74.031
200.622,73.534,74.528,72.994
197.138,75.348,74.698,72.634
196.651,78.790,75.069,71.666
197.843,80.103,75.507,71.443
197.615,92.981,76.597,70.103
199.382,105.247,77.820,68.990
200.530,107.080,78.311,68.119
200.779,110.966,78.210,67.389
204.037,119.756,77.437,68.382
207.266,131.865,77.693,68.834
208.687,132.616,78.137,69.275
208.907,143.681,78.405,69.306
208.284,155.216,78.462,69.878
208.365,157.899,79.305,69.534
208.346,158.957,79.801,69.267
207.047,159.450,80.091,69.271
207.296,158.903,80.342,69.468
207.223,158.627,80.852,69.514
206.524,158.403,81.297,69.490
207.566,158.134,81.445,69.532
207.055,159.340,81.439,69.719
206.261,160.771,81.796,69.815
205.795,161.140,81.554,70.413
204.756,160.143,81.178,71.193
205.212,160.959,80.930,71.690
204.245,160.993,81.145,71.795
206.339,161.550,81.068,71.626
206.266,161.499,81.106,71.773
206.590,161.562,80.971,72.335
206.045,161.222,80.843,72.538
206.984,162.182,80.446,72.776
207.862,162.050,80.433,72.517
207.062,161.664,80.409,72.640
207.009,162.213,80.253,72.529
206.778,162.470,79.927,72.514
206.573,161.969,79.623,72.276
207.299,162.924,79.588,72.042
206.949,163.693,79.601,71.540
207.058,164.561,79.620,71.000
205.179,164.157,79.696,70.801
205.881,164.064,79.413,70.679
207.401,163.825,79.235,70.391
206.931,163.801,79.298,70.342
208.008,163.932,78.829,70.454
206.666,163.563,79.183,70.436
209.101,164.006,78.948,70.296
207.350,164.837,79.231,70.118
207.010,164.286,79.630,69.704
208.325,164.677,79.759,69.599
207.971,164.677,79.700,69.291
207.752,164.490,79.481,69.277
206.957,164.173,78.860,69.680
208.815,165.199,78.197,69.778
208.794,164.469,77.688,69.778
207.124,165.471,77.301,69.730
208.176,167.099,77.230,69.148
207.557,166.897,76.740,69.018
208.197,167.592,76.679,68.435
208.790,168.110,76.716,67.897
209.233,167.918,76.643,67.734
208.571,167.355,76.806,67.556
208.798,167.257,76.732,67.602
209.083,167.309,76.730,67.627
209.088,166.882,76.761,67.706
208.564,166.229,76.807,67.776
208.855,166.759,76.794,67.729
208.289,166.411,76.821,67.708
208.048,166.460,76.983,67.621
208.652,166.995,76.813,67.487
208.349,166.540,76.791,67.517
208.315,166.608,76.878,67.437
208.616,166.020,76.851,67.315
208.897,166.304,76.757,67.257
208.648,165.927,76.626,67.405
209.716,166.271,76.340,67.422
207.976,166.326,76.348,67.504
208.656,166.887,76.094,67.329
208.034,166.561,76.013,67.128
208.411,167.585,75.880,67.062
208.397,166.477,75.699,66.953
209.154,167.593,75.677,66.737
208.784,167.188,75.468,66.699
208.114,167.798,75.340,66.519
208.967,168.636,75.240,65.996
208.808,168.881,75.198,65.771
208.663,168.951,75.173,65.629
208.445,169.323,75.178,65.482
208.687,169.389,75.263,65.240
208.501,169.264,75.234,65.146
208.441,169.042,75.240,65.146
208.970,169.200,75.209,65.085
208.688,169.353,75.163,65.018
208.528,169.219,75.286,64.882
208.427,169.865,75.409,64.724
208.228,170.442,75.287,64.672
208.772,171.088,75.446,64.385
207.533,170.909,75.292,64.196
207.676,170.517,75.559,63.853
208.115,170.678,75.428,63.743
208.797,171.248,75.570,63.486
208.588,171.700,75.199,63.414
208.526,171.343,74.931,63.423
208.414,171.163,74.816,63.303
208.848,171.853,74.945,63.056
207.595,170.978,74.508,63.154
208.502,170.803,74.626,63.174
208.929,170.453,74.623,63.104
209.309,170.319,74.409,63.182
209.058,170.892,73.994,63.402
209.262,170.410,73.934,63.237
208.744,170.618,73.495,63.622
208.795,170.529,73.342,63.595
208.676,171.185,73.473,63.388
208.212,171.827,73.491,63.201
208.186,172.074,73.603,62.773
208.854,172.809,73.815,62.109
208.888,172.704,73.725,61.792
208.720,172.834,73.694,61.339
209.290,173.251,73.466,61.148
208.381,172.742,73.005,61.051
209.043,172.755,72.702,60.983
209.298,173.374,72.453,61.009
209.538,173.337,72.246,60.808
209.835,173.665,72.142,60.556
208.425,172.818,71.892,60.451
209.060,172.749,71.732,60.552
208.804,172.612,71.219,60.896
208.636,172.348,70.655,60.997
208.600,174.045,70.030,60.748
207.135,174.139,69.316,60.457
198.565,176.895,73.884,55.775
191.242,177.689,76.005,52.760
216.743,144.663,79.673,49.630
199.946,137.347,81.058,47.749
198.479,138.246,82.860,46.271
225.271,157.696,88.755,42.467
219.668,159.921,92.755,39.758
209.175,161.149,95.151,38.289
202.843,161.616,97.592,36.963
199.398,161.509,100.468,35.833
197.245,160.868,102.373,35.199
203.371,159.887,103.596,34.852
204.576,159.408,105.399,34.391
207.123,158.956,106.496,34.381
208.993,157.599,107.654,34.632
213.754,157.335,108.706,34.906
219.778,157.148,110.148,34.859
226.510,157.082,111.273,34.900
233.117,156.758,111.680,35.018
238.369,157.599,112.226,35.147
250.472,157.104,110.461,36.250
255.310,156.890,109.683,36.796
263.283,155.975,108.251,37.192
268.856,157.580,105.931,38.584
270.379,157.587,103.409,40.142
277.364,156.115,99.701,42.087
277.562,149.191,97.934,42.557
289.190,157.077,91.482,48.433
290.524,156.291,87.033,53.219
292.274,147.994,83.535,56.625
291.355,146.940,81.139,59.762
290.401,138.347,79.658,61.471
288.397,137.612,79.202,62.954
287.219,135.526,78.548,65.020
286.382,128.661,79.041,64.592
286.907,129.491,79.607,64.959
295.388,129.514,77.695,66.498
302.942,132.103,75.610,67.561
304.139,133.128,74.048,68.707
304.884,126.683,73.566,68.911
306.018,130.610,72.876,68.997
307.249,131.944,72.080,69.964
306.258,132.199,71.812,71.007
305.833,131.497,71.598,71.353
306.459,130.271,72.020,71.281
306.712,122.985,72.113,71.534
306.965,122.598,72.008,72.058
307.695,115.433,72.367,71.777
306.647,108.724,72.660,71.410
306.057,109.828,73.206,71.129
306.031,111.264,73.853,70.949
306.631,113.434,74.599,70.677
306.862,116.187,74.767,70.785
308.606,117.544,74.534,70.964
311.069,119.159,74.534,70.944
314.409,120.798,74.826,70.732
316.139,122.546,75.183,70.804
320.408,124.790,75.774,70.656
322.419,125.567,77.294,70.564
325.361,124.966,78.742,70.688
326.506,126.277,80.006,71.066
329.665,129.115,81.598,70.609
331.633,132.420,82.738,70.228
334.722,135.720,83.566,70.094
338.155,138.246,84.030,70.207
341.011,141.046,84.353,70.553
342.917,145.000,84.530,70.830
345.530,149.149,84.487,70.972
346.437,153.763,84.370,71.301
348.654,158.233,84.805,71.416
349.619,161.932,84.573,72.104
348.922,164.826,84.316,72.703
342.825,166.928,84.579,73.527
338.569,172.462,85.426,73.500
331.046,178.987,86.843,73.056
323.962,184.890,88.132,72.882
315.843,191.215,88.500,73.110
310.019,197.153,87.984,73.235
303.326,201.163,87.040,73.971
299.029,205.119,86.387,74.549
292.569,209.631,85.663,75.144
291.561,214.393,84.295,76.000
291.397,219.176,83.304,76.404
293.943,222.862,82.459,76.717
294.247,227.574,82.334,76.755
293.960,233.173,82.118,76.625
300.024,239.207,82.096,76.249
303.710,242.769,81.254,76.777
308.096,244.029,80.789,77.008
308.612,245.197,80.698,77.267
307.981,246.486,80.999,77.572
309.082,246.539,80.923,77.832
308.947,246.241,81.328,78.030
307.844,246.542,81.496,78.358
308.572,244.906,81.420,78.830
308.856,246.327,81.999,78.763
308.404,245.908,82.034,79.103
307.545,245.703,82.044,79.418
308.933,245.268,82.163,79.574
307.738,245.666,82.182,79.703
309.189,245.244,82.348,79.743
307.089,245.630,82.568,80.082
308.718,244.976,82.588,80.329
307.546,245.540,82.658,80.604
308.137,245.589,82.754,80.799
308.010,245.955,82.979,80.863
307.282,244.978,82.918,81.216
308.277,245.047,83.038,81.121
306.958,245.691,82.981,81.329
308.856,245.136,83.024,81.658
306.802,245.043,83.195,81.831
307.935,245.257,83.341,81.818
307.455,245.817,83.727,81.719
307.517,244.155,83.212,82.139
308.608,245.338,83.284,81.875
306.749,245.799,83.342,82.136
307.999,244.024,82.793,82.558
308.865,245.244,82.974,82.227
306.875,244.677,83.061,82.358
309.735,244.932,83.138,82.432
307.132,244.856,83.283,82.246
306.863,245.471,83.413,82.144
308.017,245.023,83.199,82.327
307.385,245.603,83.219,82.457
307.140,243.967,82.774,82.685
308.877,245.003,82.681,82.555
306.495,245.658,82.967,82.503
308.379,244.036,82.636,82.894
306.516,245.012,82.968,82.820
308.667,244.344,83.114,82.852
307.039,244.948,83.241,82.754
308.205,244.224,83.086,82.834
308.193,244.923,83.339,82.692
306.260,244.836,83.105,83.026
308.787,244.544,82.970,83.087
306.575,245.064,83.436,83.018
308.819,244.518,83.418,83.195
307.129,245.175,83.607,83.061
307.780,244.969,83.531,83.049
306.730,244.535,83.415,83.280
307.683,243.918,83.305,83.325
307.270,244.385,83.363,83.383
307.290,244.766,83.374,83.364
307.172,244.457,83.379,83.203
307.698,245.184,83.319,83.104
308.120,244.417,83.007,83.107
307.527,245.100,83.246,83.016
308.453,244.388,82.954,83.073
307.180,244.798,83.239,83.116
307.686,245.327,83.260,83.174
308.046,244.555,83.011,83.123
307.342,245.261,83.262,83.043
307.488,244.305,82.913,83.067
308.250,245.155,83.166,82.803
307.805,244.818,83.209,82.693
306.985,244.507,83.244,82.755
308.152,244.402,83.339,82.748
306.639,244.638,83.634,82.777
308.022,244.516,83.696,82.663
306.241,245.021,83.768,82.679
308.908,245.001,83.749,82.865
306.623,244.333,83.821,82.703
308.355,244.495,83.593,82.749
306.872,245.164,83.742,82.795
306.791,245.148,83.675,82.850
308.063,244.548,83.532,82.933
306.324,245.064,83.667,83.056
307.422,244.774,83.613,83.018
306.894,244.917,83.311,83.216
308.570,244.144,83.213,83.213
306.758,244.645,83.453,83.153
308.473,244.767,83.490,82.972
306.720,245.284,83.684,82.898
308.013,244.683,83.447,83.015
306.353,245.141,83.513,83.072
308.609,244.949,83.301,83.237
306.797,245.157,83.396,83.338
308.172,244.549,83.242,83.232
306.694,245.158,83.438,83.162
307.842,244.405,83.246,83.212
307.142,244.637,83.224,83.276
307.236,245.145,83.305,83.190
307.435,244.481,83.015,83.143
307.489,244.622,83.205,83.118
307.816,245.372,83.358,82.930
306.941,244.848,83.167,83.141
308.649,245.709,83.234,82.844
306.659,244.895,83.193,83.167
309.035,245.258,83.213,83.135
306.940,243.770,83.185,83.127
308.539,244.161,83.081,83.052
307.054,244.958,83.245,83.034
307.101,244.773,83.088,82.945
308.029,244.028,82.964,83.045
307.801,245.003,83.112,82.943
306.920,244.789,83.096,82.936
308.072,244.381,82.998,82.900
307.886,245.414,83.153,82.690
307.127,245.702,83.203,82.687
308.253,243.733,83.000,82.848
308.182,244.644,83.153,82.745
307.404,245.066,83.359,82.779
307.749,245.306,83.330,82.664
307.162,245.462,83.375,82.699
307.408,244.495,82.825,82.994
308.630,244.576,82.835,82.770
306.850,245.199,82.979,82.676
307.561,244.853,82.824,82.655
307.645,245.398,83.045,82.584
307.797,245.264,82.980,82.625
307.014,245.073,82.959,82.770
308.240,244.198,82.859,82.847
308.402,245.118,83.019,82.739
306.438,244.620,83.035,82.961
308.955,244.654,83.082,83.108
307.281,245.072,83.439,83.007
307.097,244.443,83.343,83.093
307.459,245.281,83.457,82.863
308.021,244.399,82.984,82.937
307.560,245.121,83.147,82.790
306.887,245.046,83.185,82.773
307.861,244.769,82.984,82.831
306.791,245.072,83.139,82.792
306.426,243.948,83.096,82.837
305.122,242.738,83.172,82.924
303.461,240.580,83.581,82.813
301.689,238.117,83.405,82.840
298.744,235.401,82.554,83.079
299.679,231.945,82.050,83.304
300.855,228.632,82.060,83.216
303.664,225.550,82.214,82.896
305.128,222.863,82.535,83.039
309.408,219.390,83.484,82.879
313.504,215.949,84.375,83.026
318.244,212.424,85.607,83.012
322.351,208.537,87.080,82.823
326.845,197.660,87.979,83.011
332.619,194.882,88.433,83.236
336.767,191.218,88.844,83.534
346.094,179.487,88.917,84.028
351.373,168.763,88.774,84.806
359.373,168.898,88.484,85.355
367.148,158.080,89.444,85.369
373.492,147.609,90.745,84.909
378.367,138.752,91.892,84.311
390.229,140.663,91.931,84.557
395.577,139.373,92.899,84.914
406.532,140.093,93.024,85.417
416.693,139.992,93.409,85.954
418.807,138.753,95.400,86.063
422.988,138.241,96.619,86.413
424.608,137.144,97.707,86.969
427.558,137.202,99.110,87.932
432.208,137.258,100.180,88.997
436.034,139.856,101.255,90.062
438.935,140.532,101.496,91.930
442.145,143.038,102.265,93.001
446.875,142.330,101.546,95.756
448.138,144.413,100.879,97.372
452.717,148.077,100.517,98.303
457.012,149.865,99.812,99.449
459.433,151.691,98.679,100.394
461.871,156.422,97.659,100.736
464.662,159.316,97.047,100.764
465.777,164.287,96.463,100.448
468.849,166.479,96.847,99.786
468.826,169.597,96.625,99.704
471.790,171.623,96.653,99.831
473.447,173.917,96.903,99.757
472.657,176.278,96.341,100.233
471.834,177.985,96.003,100.504
471.942,181.743,95.353,100.500
471.022,184.206,94.530,100.515
470.012,186.695,93.575,100.176
468.149,188.201,92.774,100.105
467.505,187.656,91.726,100.004
466.152,187.762,90.998,99.305
463.235,187.510,90.726,98.103
461.930,185.675,89.971,97.209
459.214,185.490,89.246,96.843
457.535,183.508,88.368,96.745
456.352,181.708,87.732,96.612
455.342,181.146,87.334,96.536
454.950,180.459,86.932,96.545
455.412,179.308,86.695,96.569
455.985,177.970,86.354,96.757
457.351,176.460,86.041,96.714
459.432,174.424,85.799,96.803
461.946,171.339,85.297,96.797
464.672,169.092,84.804,96.469
466.562,168.591,84.536,96.102
468.363,167.211,84.629,95.640
467.910,165.915,84.595,95.423
469.828,166.124,84.753,95.096
470.409,164.609,83.896,95.120
469.277,163.048,82.839,95.393
468.851,163.579,82.005,95.351
469.676,166.683,81.001,95.003
463.569,166.371,81.174,94.260
462.357,165.826,81.258,93.843
462.043,165.969,80.659,93.354
459.947,165.153,80.503,92.982
459.532,163.782,80.534,92.318
461.969,162.947,80.834,91.622
463.353,161.735,82.203,90.579
462.637,160.828,83.967,89.911
463.348,161.148,85.394,89.558
463.685,161.341,87.413,89.376
463.986,161.123,88.986,89.723
464.817,161.418,90.471,90.083
464.989,162.392,92.186,90.312
465.278,162.527,93.845,90.059
464.071,161.954,94.727,90.398
464.536,161.933,94.655,90.985
461.941,159.520,94.114,92.295
466.667,157.799,93.767,93.066
467.251,155.725,94.121,92.878
472.113,154.078,94.067,93.461
471.481,152.362,93.845,93.902
469.456,151.392,93.126,94.846
464.576,151.544,92.261,95.392
458.439,151.869,91.716,95.531
451.167,151.862,91.418,95.735
443.838,152.088,91.424,95.791
436.789,153.053,91.590,95.864
430.414,153.995,91.433,95.869
425.346,156.591,91.862,95.460
423.601,158.527,92.838,95.110
421.539,157.169,93.664,94.424
419.797,155.206,95.011,94.053
417.150,153.194,96.818,94.636
417.271,152.823,96.429,96.720
433.469,155.107,94.775,99.050
437.163,156.365,92.435,101.414
439.442,158.096,91.084,102.664
443.312,159.421,89.374,103.752
446.093,160.319,88.132,104.403
445.345,160.718,88.177,104.619
437.513,160.146,88.762,104.580
431.005,158.447,89.905,104.066
425.964,159.751,91.403,103.249
420.401,161.180,93.377,102.229
416.018,164.028,95.320,101.240
413.175,166.495,97.167,100.830
409.698,169.727,99.266,99.947
404.822,172.907,100.833,98.823
398.670,177.403,103.812,96.904
382.784,183.851,105.865,95.857
363.938,176.878,106.490,95.228
348.280,182.547,105.292,94.551
337.397,185.224,106.423,94.833
325.592,188.205,107.405,96.436
316.710,190.630,107.238,99.554
301.354,194.218,106.638,101.086
297.547,196.988,107.104,102.365
287.976,195.728,107.138,104.029
281.147,194.416,106.769,105.723
272.275,193.613,107.197,106.995
263.876,193.565,106.721,108.656
257.318,190.351,105.629,109.594
255.743,189.380,104.433,110.261
252.386,187.061,103.932,110.422
252.436,185.383,103.946,109.925
252.831,181.672,104.170,109.282
254.000,179.504,105.136,108.868
258.149,177.339,106.043,108.308
263.837,174.907,106.909,108.206
272.027,170.047,108.259,108.473
279.327,161.497,108.596,109.188
287.256,153.747,109.203,109.657
294.937,145.373,109.406,109.984
302.545,136.717,109.384,110.528
304.823,116.891,108.848,110.981
306.457,110.538,107.666,111.597
308.963,104.234,106.786,112.163
309.676,98.373,105.620,112.944
311.240,93.605,105.153,112.684
310.562,88.511,105.083,112.521
306.301,84.768,104.366,112.759
303.497,81.231,102.938,113.996
299.564,75.662,101.605,114.803
295.915,70.213,101.110,114.621
290.557,64.058,100.400,114.759
283.698,53.284,99.569,113.458
279.855,52.617,98.002,112.907
274.158,51.456,97.108,112.219
269.854,52.553,95.966,111.493
268.737,53.829,94.615,110.776
266.952,55.649,93.417,109.681
266.303,56.628,92.059,108.720
265.420,58.383,91.145,107.091
267.722,61.205,90.436,105.684
270.487,63.794,89.885,104.321
274.513,65.163,89.516,103.108
276.173,66.613,89.922,101.702
283.004,68.800,89.757,100.571
291.989,73.242,88.812,99.004
298.779,79.230,87.991,96.953
305.449,85.279,87.554,94.207
311.492,91.539,87.505,91.298
318.528,98.085,87.071,88.804
326.246,106.318,86.690,86.232
333.654,113.016,86.572,84.313
339.853,118.606,86.785,82.900
344.843,134.353,86.733,81.648
349.665,140.423,87.049,80.279
353.767,147.470,86.506,79.333
356.652,155.977,86.529,78.264
356.611,163.309,86.529,77.564
353.567,164.484,86.792,77.830
346.720,164.481,87.607,78.427
339.572,167.021,89.007,77.989
333.651,171.819,90.943,77.325
326.929,175.637,91.931,77.073
318.183,180.989,91.375,77.449
312.650,185.260,90.881,78.604
306.593,186.480,89.627,80.059
298.957,185.632,88.936,81.269
293.779,183.395,88.055,82.710
287.488,180.901,86.912,84.095
287.610,177.026,86.584,84.205
291.218,174.886,86.246,84.222
292.819,172.165,85.802,84.109
297.002,169.747,84.692,84.510
300.824,168.627,83.753,85.109
305.233,167.960,83.465,85.189
305.511,166.818,83.267,84.993
308.543,165.088,82.891,84.810
310.721,155.097,83.003,83.979
315.236,154.320,83.008,83.176
315.404,154.516,83.142,82.749
315.942,155.703,82.649,82.825
316.054,155.659,82.032,83.076
312.294,155.287,81.781,83.464
304.876,146.366,82.332,83.339
301.606,146.964,82.928,83.031
295.009,147.062,84.266,82.788
288.966,146.540,85.506,82.601
285.059,146.511,86.458,82.274
281.923,144.530,87.019,82.779
281.485,143.145,88.072,82.924
280.449,141.822,88.650,83.713
282.677,141.434,88.986,83.990
288.357,142.294,88.551,84.067
295.147,141.257,87.159,84.237
294.430,140.122,86.414,84.911
293.637,140.848,85.429,85.648
295.435,141.557,84.485,86.095
297.122,141.680,84.293,86.653
294.267,142.228,84.133,87.226
295.423,140.520,84.137,87.721
295.959,140.082,84.065,88.309
294.654,140.152,84.631,88.363
294.323,137.897,84.562,87.950
295.014,136.709,84.733,87.183
296.719,135.468,84.616,86.693
296.973,136.100,84.640,85.940
296.341,136.366,84.365,85.402
297.362,135.282,84.375,84.703
298.181,134.838,84.470,83.871
299.390,134.698,84.287,83.133
301.477,134.264,84.107,82.565
301.078,133.596,84.109,82.329
301.328,132.642,84.255,81.731
301.263,133.717,84.398,81.322
301.633,133.735,84.637,81.031
301.705,133.668,84.538,80.861
301.476,134.709,84.423,80.565
302.828,134.388,84.392,80.377
301.795,134.002,84.795,80.277
302.040,133.453,85.100,80.093
302.768,134.050,85.430,79.532
303.465,135.049,85.510,79.051
303.598,134.747,85.807,78.932
302.882,134.613,86.108,78.645
302.824,135.312,86.539,78.283
301.541,136.774,87.231,78.016
302.173,136.251,87.423,77.754
300.083,135.739,87.885,77.733
300.559,135.880,88.474,77.191
299.851,135.785,88.877,76.982
298.402,135.394,89.325,76.747
298.096,135.905,89.765,76.248
297.804,134.974,89.602,76.356
298.733,133.622,89.388,76.349
298.824,133.282,89.378,76.179
298.640,132.137,88.729,76.696
299.445,130.598,88.186,77.109
300.576,128.933,87.557,77.818
300.147,129.139,86.748,78.609
300.167,129.799,86.093,78.996
298.710,129.486,85.526,79.059
296.068,130.276,85.148,79.177
293.773,130.802,85.006,79.130
292.449,130.832,84.636,79.056
293.996,129.962,83.676,79.247
294.143,130.357,83.113,79.295
290.512,123.034,82.724,78.976
293.512,124.167,82.018,78.771
294.224,124.287,81.106,79.275
294.601,124.403,80.601,79.154
295.948,123.940,80.123,78.782
296.904,123.683,79.682,78.417
298.989,122.709,79.416,78.003
298.912,121.956,79.068,77.735
300.917,122.192,78.409,77.440
302.343,121.911,77.589,77.513
304.656,121.090,76.516,77.700
306.207,119.963,75.783,77.828
309.436,118.676,75.212,78.008
313.272,118.074,74.884,78.063
316.807,117.837,75.132,77.934
319.926,117.129,75.346,77.818
322.809,117.277,75.227,77.986
325.426,117.718,75.235,77.710
329.257,118.384,75.213,77.498
333.896,118.789,75.226,77.028
338.386,119.717,74.970,76.886
343.388,120.258,74.734,77.016
347.772,122.762,75.544,76.234
350.693,124.849,76.253,75.874
355.480,127.211,76.670,75.781
358.483,128.377,76.743,76.005
362.448,129.606,76.895,76.113
366.498,130.970,77.125,75.631
370.758,132.367,77.283,74.998
374.788,133.277,78.148,74.084
377.353,134.237,78.795,73.437
379.352,135.594,79.477,73.073
381.387,137.067,79.950,72.786
382.788,137.079,80.002,72.737
385.381,137.443,80.413,72.537
385.319,137.186,81.419,72.308
385.571,137.457,82.129,72.242
385.709,137.811,82.475,72.317
384.092,138.732,82.841,72.628
383.385,138.774,82.647,73.239
385.076,138.628,82.475,73.837
384.662,138.509,82.576,74.283
383.983,137.582,82.786,74.534
386.736,136.844,82.165,75.120
386.531,136.156,81.705,75.725
388.492,136.677,81.491,76.300
388.345,137.197,81.136,76.868
390.590,137.930,80.817,77.158
392.586,138.240,80.715,77.612
395.689,138.597,80.207,78.429
398.189,140.218,80.115,78.654
401.309,141.866,80.534,78.558
404.498,144.385,80.782,78.405
407.234,146.688,81.115,78.154
410.719,148.133,81.331,78.083
412.770,150.965,81.469,78.040
414.122,154.435,81.889,77.888
416.223,157.602,82.745,77.432
417.654,159.521,83.472,77.128
418.189,162.469,84.346,76.854
417.726,165.607,85.049,76.963
416.289,168.661,86.048,76.830
415.497,170.724,86.949,76.817
413.778,173.013,87.457,76.883
411.242,175.504,88.259,76.731
409.229,170.760,88.932,76.708
406.215,174.672,89.128,77.293
399.762,174.825,88.688,77.443
394.067,173.667,88.140,77.594
388.842,173.463,88.459,77.723
384.492,172.755,88.684,78.180
378.027,172.640,88.647,78.937
374.358,162.809,88.347,79.358
369.116,163.504,88.648,79.680
361.825,162.750,88.270,80.395
358.216,154.107,86.760,81.095
355.377,153.952,85.623,81.535
353.056,145.315,83.747,82.245
352.608,144.505,82.206,82.931
352.747,144.339,81.141,83.592
350.658,144.654,81.112,83.285
351.253,143.811,80.927,82.946
352.062,141.982,80.165,82.845
