23.000,88.000,66.000,55.000
24.133,88.844,69.464,51.972
23.257,87.779,70.055,51.599
22.692,87.964,70.493,51.417
22.255,88.863,72.247,49.738
22.393,89.982,73.572,48.573
20.700,90.951,74.403,47.855
20.008,91.958,74.993,47.300
21.210,92.106,75.411,46.498
21.894,91.569,75.044,46.081
21.732,91.444,74.981,45.672
22.572,91.287,74.884,45.396
20.958,90.906,74.602,45.147
21.745,89.999,74.017,45.054
22.928,89.647,73.753,44.755
23.500,88.737,73.692,44.512
23.375,87.901,73.763,44.298
24.550,87.465,73.226,44.213
24.720,87.013,72.740,43.925
24.689,86.745,72.153,43.511
24.846,87.115,71.836,43.262
26.669,88.042,71.386,43.064
26.455,87.753,70.875,43.026
28.222,87.516,70.378,42.854
26.614,87.509,70.205,42.450
28.525,87.622,69.945,42.087
28.570,87.784,69.566,41.894
30.361,86.342,67.590,43.244
30.222,86.890,67.993,42.579
31.403,87.093,67.891,42.008
31.925,87.511,67.459,41.816
33.291,88.052,67.285,41.430
33.213,87.951,66.635,41.072
34.387,87.937,65.960,40.902
36.039,87.902,65.214,40.674
36.514,87.696,64.753,40.493
37.477,86.387,62.920,41.841
38.758,84.671,61.574,42.614
39.538,83.558,60.227,43.083
41.306,82.803,59.408,43.228
42.303,80.699,58.679,43.434
42.496,80.709,58.482,43.243
42.119,80.577,58.139,43.311
43.305,80.851,58.114,43.153
44.320,81.714,57.787,43.307
44.463,83.633,57.487,43.258
45.086,85.121,57.209,43.154
44.849,85.902,56.695,43.122
45.685,86.443,56.504,43.071
46.004,86.615,56.460,42.720
45.532,86.743,56.046,42.431
46.160,85.882,55.794,42.277
45.848,86.621,55.457,42.120
47.079,84.717,54.703,42.050
46.556,85.298,54.379,41.867
47.650,85.638,54.229,41.732
47.134,85.716,53.900,41.550
48.464,87.554,53.619,41.177
48.803,88.046,53.277,41.026
47.934,88.816,53.006,40.889
48.170,89.908,52.771,40.663
49.518,89.773,52.568,40.227
49.908,89.592,52.250,40.029
49.762,89.964,52.113,39.719
49.943,90.770,51.855,39.441
51.066,90.188,51.605,39.159
50.938,88.695,51.298,38.952
49.565,89.121,50.995,38.654
51.223,88.330,50.475,38.633
51.537,88.437,50.418,38.503
49.830,88.060,50.175,38.250
52.333,86.480,49.698,38.161
51.887,86.088,49.442,38.181
51.881,86.912,49.233,38.161
52.903,85.542,48.958,38.011
52.007,85.205,48.774,37.739
53.260,87.532,48.406,37.577
53.771,86.877,48.207,37.233
54.438,86.549,47.927,36.958
54.069,85.951,47.833,36.648
55.076,85.809,47.561,36.523
55.069,86.094,47.427,36.217
54.406,85.030,47.339,35.936
55.608,83.943,47.007,35.739
55.562,84.156,46.918,35.566
55.868,83.911,46.611,35.441
55.884,86.069,46.659,35.128
56.360,85.063,46.472,34.942
56.580,85.653,46.312,34.904
56.594,85.711,45.963,34.849
55.774,86.327,45.909,34.564
56.958,85.253,45.382,34.526
56.877,85.585,45.269,34.350
57.198,85.558,46.271,33.147
57.241,85.856,46.980,32.120
56.592,85.901,46.202,32.433
58.035,86.431,46.730,31.637
56.428,85.547,45.744,32.083
57.272,86.374,46.315,31.196
56.234,85.925,45.330,31.517
57.483,86.313,45.946,30.611
55.900,86.170,44.667,31.169
56.608,86.980,45.424,30.426
55.513,87.660,45.856,29.738
55.830,86.199,44.612,30.479
55.549,85.113,43.881,30.705
55.900,82.942,43.147,30.815
57.434,83.086,43.791,29.825
56.737,82.225,44.631,28.958
56.541,81.765,45.003,28.366
56.667,81.417,45.138,27.852
55.878,81.033,45.127,27.392
55.914,80.568,45.218,27.080
55.372,81.168,45.549,26.589
54.876,80.985,45.592,26.254
55.435,81.751,45.515,26.160
54.551,84.881,45.307,26.123
54.046,84.764,45.349,25.835
53.548,87.824,44.969,25.853
53.812,88.004,44.901,25.674
53.471,87.928,44.750,25.691
53.452,87.774,44.539,25.519
53.649,88.632,44.305,25.403
53.228,88.449,43.877,25.382
53.731,88.238,43.757,25.330
53.845,87.445,43.782,25.220
52.447,86.645,43.848,25.066
52.323,85.835,43.517,25.115
53.107,84.945,43.359,25.100
51.835,84.439,43.121,25.032
52.139,84.265,43.153,24.775
51.273,84.335,43.023,24.613
50.589,84.896,43.194,24.388
50.253,85.134,43.110,24.159
50.276,85.269,42.851,24.096
50.101,85.388,42.933,23.804
49.464,85.685,43.037,23.561
49.390,85.137,42.907,23.575
48.467,84.887,42.652,23.627
48.385,84.970,42.482,23.673
47.999,85.017,42.620,23.515
47.578,85.172,42.493,23.403
46.816,88.276,42.635,23.166
46.272,86.639,42.475,23.096
46.213,86.011,42.184,23.206
46.574,85.640,42.204,23.109
45.003,85.628,42.335,22.976
45.906,85.793,42.315,22.871
44.804,86.149,42.294,22.731
45.416,86.103,42.131,22.690
43.430,86.082,41.902,22.694
43.575,86.749,41.911,22.598
42.769,86.954,41.969,22.445
42.413,86.928,41.883,22.350
42.100,86.550,41.824,22.359
41.962,85.871,41.659,22.356
42.106,84.424,41.163,22.444
40.079,83.194,41.054,22.434
40.545,83.254,41.167,22.181
40.274,83.561,41.164,22.012
39.798,83.811,41.147,21.780
38.544,84.397,41.182,21.576
38.399,84.890,41.092,21.497
38.107,85.026,41.027,21.380
36.771,83.978,39.334,22.713
37.091,82.847,38.021,23.671
36.549,82.502,36.635,24.650
36.931,82.230,35.885,25.207
36.790,81.780,35.351,25.614
37.786,80.890,34.685,26.022
37.746,80.137,34.437,26.221
37.385,80.864,34.552,26.180
36.405,81.209,35.619,25.249
35.915,81.357,36.539,24.411
35.100,81.877,37.032,23.800
34.982,82.219,37.472,23.361
35.077,82.102,37.943,22.979
35.238,82.384,38.216,22.705
33.259,85.161,38.119,22.590
33.656,84.578,38.336,22.263
32.903,84.813,38.910,21.861
32.671,84.992,39.126,21.635
30.156,85.471,39.158,21.517
29.667,88.113,39.170,21.339
28.721,87.374,39.183,21.222
29.700,87.264,38.768,21.272
27.258,87.314,38.905,21.208
27.396,87.560,38.749,21.202
26.194,87.439,38.501,21.208
27.208,86.531,37.592,21.897
26.220,86.624,36.519,22.822
27.425,86.430,35.785,23.305
26.083,89.544,36.192,22.839
26.575,89.494,36.282,22.689
24.750,89.864,36.586,22.497
25.714,88.935,36.054,23.000
24.610,89.434,36.176,22.836
24.332,89.511,36.398,22.634
23.174,89.737,36.819,22.449
23.779,89.770,37.305,21.986
23.462,89.079,37.457,21.677
23.020,89.524,37.682,21.452
21.802,90.021,37.772,21.343
21.705,89.891,37.828,21.176
21.221,90.472,37.865,21.026
18.844,90.784,38.379,20.717
18.856,90.973,38.924,20.564
19.373,90.526,39.141,20.482
17.715,89.967,39.219,20.585
17.572,86.309,39.015,20.752
18.208,86.356,38.904,20.857
17.424,86.197,38.922,20.883
16.538,85.386,38.992,20.923
16.079,84.994,38.877,20.951
16.671,84.387,38.795,20.971
16.884,84.114,38.713,20.986
17.156,82.644,37.791,21.770
16.209,85.637,37.972,21.638
15.769,85.445,38.057,21.527
15.072,85.570,37.829,21.453
15.678,85.729,37.721,21.323
15.920,85.464,37.517,21.158
17.623,85.278,37.177,20.975
17.044,85.321,37.059,20.911
17.619,85.210,36.997,20.822
16.368,84.076,35.912,21.591
17.672,84.241,35.586,21.452
18.606,84.247,35.901,21.208
16.574,81.012,35.039,21.969
17.425,80.689,34.266,22.584
18.090,80.535,33.683,22.956
18.320,80.692,33.135,23.277
18.762,80.842,32.754,23.442
18.067,84.050,33.651,22.468
17.068,84.582,33.955,21.813
18.010,84.252,33.015,22.317
18.571,84.254,32.395,22.591
18.788,83.556,31.792,22.969
19.635,84.131,31.480,23.265
18.597,84.626,31.994,22.622
18.503,84.921,32.492,22.016
18.826,84.462,32.019,22.277
19.058,84.519,32.643,21.551
19.707,84.551,33.248,20.817
20.619,84.397,33.491,20.394
19.364,84.673,33.644,20.051
18.039,87.782,34.042,19.601
19.059,88.029,34.541,19.313
18.803,87.820,34.473,19.284
19.277,87.675,34.597,19.221
19.560,87.476,34.682,19.194
18.925,86.917,34.801,19.126
18.286,87.065,34.848,19.108
17.515,86.929,34.845,19.049
18.023,86.583,34.808,19.021
18.024,82.631,34.513,19.277
18.172,84.573,33.855,19.746
19.018,84.044,33.371,20.198
19.058,85.763,33.068,20.385
19.609,85.565,32.557,20.760
19.299,85.868,32.383,20.904
19.023,87.609,32.057,21.127
19.735,87.403,31.401,21.770
20.516,86.644,30.827,22.398
20.634,86.915,30.450,22.720
21.149,85.889,30.347,22.732
21.331,85.932,30.061,22.921
21.391,85.760,29.798,23.024
21.837,85.557,29.495,23.135
21.543,85.233,29.504,23.069
20.901,88.404,30.341,22.192
21.167,87.097,30.114,22.226
21.050,86.365,29.890,22.182
22.158,85.751,29.659,22.169
22.849,84.609,29.145,22.245
23.346,84.123,28.839,22.241
23.546,83.765,28.565,22.254
24.347,83.218,28.397,22.130
24.492,82.473,28.080,22.074
25.184,81.662,27.899,21.918
26.117,80.911,27.703,21.760
24.896,80.923,27.390,21.872
26.058,84.368,28.528,20.719
25.214,84.196,29.391,19.945
23.603,85.046,30.178,19.325
25.259,84.797,29.565,19.907
24.434,87.803,30.254,19.441
25.221,84.288,29.671,19.992
26.011,83.633,29.343,20.359
26.067,83.863,29.990,19.875
25.686,83.905,30.367,19.564
26.105,84.158,30.704,19.270
26.412,84.174,31.161,18.916
26.925,84.045,31.379,18.689
26.861,84.320,31.687,18.423
27.004,87.247,31.849,18.074
26.953,87.124,31.954,17.814
26.326,87.350,32.089,17.517
24.534,87.647,32.381,17.174
25.475,88.412,32.609,16.959
26.604,88.120,32.719,16.862
26.528,87.873,32.743,16.858
26.416,87.513,32.758,16.824
26.350,87.008,32.755,16.768
27.458,86.563,32.624,16.798
26.063,85.425,31.591,17.552
26.927,88.042,31.615,17.395
27.836,88.177,31.409,17.153
25.413,88.153,31.880,16.740
25.327,88.115,32.156,16.569
26.032,87.655,32.211,16.476
26.017,87.477,32.283,16.388
25.649,87.187,32.272,16.344
25.944,86.947,32.239,16.338
26.245,86.651,32.162,16.286
26.224,86.429,32.127,16.262
27.153,86.311,31.830,16.266
26.340,86.251,31.772,16.231
27.013,86.396,31.659,16.222
27.923,86.407,31.502,16.248
27.120,88.694,31.591,16.146
26.582,88.155,31.435,16.142
27.357,87.963,31.224,16.150
26.858,87.669,31.147,16.140
27.053,87.958,31.052,16.128
27.331,90.379,31.056,16.092
27.433,89.995,30.759,16.189
27.525,88.981,30.593,16.162
27.342,89.019,30.260,16.211
27.889,89.356,30.302,16.158
28.126,89.315,30.442,16.121
27.043,89.000,30.478,16.124
27.222,88.807,30.374,16.195
27.632,88.579,30.324,16.175
28.449,88.221,30.296,16.148
28.441,88.004,30.185,16.166
28.420,88.290,30.103,16.152
28.515,88.513,29.976,16.148
29.796,88.052,28.597,17.027
28.737,88.152,28.632,16.898
29.366,88.620,28.719,16.687
30.267,88.958,28.626,16.478
30.591,89.451,28.652,16.354
30.054,91.716,28.644,16.134
28.793,91.690,28.904,15.876
28.548,91.298,29.103,15.698
28.340,90.435,29.092,15.675
28.775,89.831,29.001,15.688
29.315,89.763,28.730,15.709
30.145,89.773,28.454,15.782
31.033,90.171,28.295,15.665
30.870,92.266,28.245,15.697
30.412,91.916,28.430,15.533
30.477,91.456,28.526,15.390
29.778,90.935,28.602,15.229
30.251,90.938,28.450,15.121
31.317,91.250,28.218,14.999
32.234,91.011,28.173,14.925
31.092,90.978,28.311,14.809
32.132,90.794,28.355,14.717
31.540,90.280,28.391,14.681
32.897,89.774,28.412,14.636
32.810,89.143,28.386,14.636
32.501,88.619,28.335,14.637
33.258,88.261,28.304,14.654
34.132,87.247,27.729,15.167
34.751,88.602,26.897,15.799
35.429,88.523,26.701,15.695
36.211,88.187,26.748,15.540
36.315,88.276,26.616,15.422
37.717,88.433,26.649,15.205
38.078,88.586,26.705,15.001
38.125,88.337,26.846,14.819
38.065,88.362,26.885,14.666
38.569,88.315,26.861,14.623
39.632,88.637,26.958,14.533
40.232,88.831,27.017,14.419
39.773,88.908,27.080,14.304
41.031,89.158,27.119,14.198
41.165,88.976,27.084,14.191
42.477,88.897,27.084,14.143
42.514,88.644,27.072,14.144
44.044,88.407,27.149,14.091
43.791,88.176,27.258,13.956
45.038,88.162,27.122,13.992
44.926,87.812,27.158,13.948
46.144,87.443,27.020,13.946
46.639,89.538,26.959,13.974
48.338,89.218,26.971,13.907
48.690,88.586,26.946,13.906
49.234,85.846,26.908,13.904
50.218,85.535,26.767,14.009
52.178,85.126,26.092,14.602
52.323,87.399,26.155,14.497
53.662,87.207,26.087,14.441
55.558,86.914,25.439,14.995
55.771,88.843,25.272,15.153
57.173,90.476,24.782,15.542
58.728,89.792,24.585,15.660
58.870,91.358,24.495,15.737
59.503,90.926,24.386,15.829
60.170,90.710,24.624,15.627
60.811,89.914,24.518,15.738
62.916,86.900,24.246,15.932
63.685,89.231,23.804,16.374
65.571,88.420,23.321,16.848
66.757,88.323,22.913,16.975
67.983,88.701,22.532,17.193
69.032,88.965,22.331,17.266
70.127,89.452,22.249,17.208
70.958,89.559,22.041,17.235
72.557,89.489,21.970,17.158
73.451,89.575,21.644,17.202
75.159,89.615,22.412,16.428
75.417,88.249,22.407,16.528
75.874,87.492,22.145,16.722
77.624,87.060,22.133,16.767
78.577,87.177,22.015,16.817
80.452,86.757,21.795,16.777
81.421,86.293,21.608,16.723
82.058,86.330,21.608,16.644
84.266,86.331,21.684,16.630
84.730,87.783,21.536,16.790
85.893,86.891,21.542,16.752
86.898,86.775,21.697,16.638
87.801,87.409,22.361,15.809
88.653,87.410,22.121,15.883
89.248,87.681,21.870,16.045
90.400,87.418,21.585,16.119
91.899,87.360,21.340,16.212
92.440,87.626,21.262,16.072
92.569,88.238,22.073,15.363
92.945,88.651,22.531,14.840
92.585,88.807,22.851,14.302
93.715,88.807,23.016,13.976
94.278,89.056,23.164,13.732
94.563,89.288,23.425,13.493
95.142,89.279,23.504,13.351
96.046,89.095,23.594,13.231
97.966,88.779,23.464,13.244
97.964,88.688,23.349,13.234
98.874,89.156,23.344,13.164
99.929,89.478,23.394,13.199
99.633,88.868,23.494,13.110
100.062,88.569,23.638,13.001
100.510,88.618,23.666,12.892
100.902,88.540,23.726,12.815
102.282,88.130,23.459,12.901
101.960,87.742,23.498,12.937
102.822,87.521,22.916,13.463
104.281,88.930,22.368,13.918
104.444,88.547,22.211,14.093
103.342,90.445,22.509,13.890
103.644,88.014,22.689,13.812
103.498,88.105,22.793,13.737
103.564,88.222,22.904,13.670
104.724,88.438,23.005,13.562
105.352,88.590,22.354,14.232
106.205,88.674,21.833,14.833
106.546,88.962,21.446,15.330
107.099,88.910,21.081,15.481
107.108,88.919,20.923,15.583
107.350,88.895,20.682,15.647
108.000,88.710,20.489,15.728
107.375,88.736,20.416,15.872
106.200,88.426,20.961,15.436
106.378,88.032,21.019,15.387
106.435,88.389,21.491,15.029
106.266,88.582,21.753,14.802
106.203,87.555,21.728,14.875
106.990,87.288,21.527,15.049
107.393,88.934,21.461,15.129
106.614,87.885,21.462,15.189
106.856,87.490,21.252,15.341
107.127,87.468,21.120,15.452
106.348,87.405,21.220,15.357
106.261,88.907,21.253,15.370
106.281,88.792,21.197,15.417
106.457,88.499,21.177,15.457
105.559,88.628,20.779,15.697
106.861,89.015,21.287,15.197
106.603,89.400,21.181,15.236
106.016,88.800,21.002,15.182
106.343,88.793,20.935,15.176
105.940,89.037,21.584,14.535
105.870,90.881,21.937,14.075
105.914,90.690,22.184,13.715
106.060,90.811,22.277,13.384
105.948,90.281,21.687,13.852
106.498,90.579,22.023,13.521
106.036,90.495,22.262,13.275
104.926,92.333,22.555,13.084
104.162,92.250,22.591,12.989
103.748,92.094,22.792,12.856
103.864,91.635,22.871,12.768
103.317,91.269,22.933,12.659
103.868,89.893,22.681,12.878
103.061,89.681,22.870,12.742
103.132,88.746,22.542,13.007
103.552,88.381,22.052,13.541
102.464,88.278,22.165,13.430
102.489,88.267,22.245,13.341
102.203,90.366,22.313,13.291
101.338,89.987,22.364,13.222
101.951,89.953,22.439,13.131
100.896,89.721,22.573,13.027
101.332,89.959,22.735,12.880
101.213,90.270,22.621,12.897
101.309,90.412,22.487,12.942
101.594,90.668,22.321,12.884
100.633,91.022,22.324,12.835
100.853,93.131,22.269,12.853
101.116,92.914,22.371,12.689
100.612,92.490,22.563,12.632
100.274,90.294,22.714,12.536
99.639,90.093,22.891,12.410
99.908,89.937,22.905,12.389
99.979,89.719,22.941,12.357
100.601,89.644,22.997,12.313
100.368,89.405,23.037,12.290
100.079,87.369,23.118,12.236
100.350,89.152,23.148,12.248
101.046,89.140,23.058,12.199
101.118,89.057,22.850,12.274
101.611,88.769,22.739,12.307
102.230,88.240,22.510,12.425
102.531,87.804,22.317,12.406
103.355,87.147,22.279,12.340
103.339,86.943,22.045,12.477
102.978,86.875,21.972,12.423
103.950,88.585,21.745,12.353
103.523,88.400,21.976,12.126
103.836,88.141,22.032,12.000
104.080,87.935,22.081,11.974
104.426,87.857,22.173,11.920
104.237,87.941,22.196,11.908
105.561,87.688,22.209,11.893
105.323,87.758,22.190,11.881
105.662,87.702,22.246,11.844
105.427,87.663,22.263,11.826
106.250,87.619,22.290,11.789
106.856,87.432,22.297,11.713
107.389,86.558,21.639,12.321
108.048,87.401,20.858,13.119
108.718,87.409,20.376,13.561
108.686,86.763,20.190,13.752
109.572,86.908,19.849,13.981
109.863,87.040,19.632,14.102
110.477,87.170,19.426,14.188
110.427,87.308,19.839,13.698
110.631,86.804,19.828,13.695
111.353,86.898,19.594,13.834
111.237,86.527,19.494,13.835
111.904,87.022,19.327,13.976
112.027,87.017,19.285,13.894
112.357,87.081,19.166,13.932
112.138,87.015,19.159,13.880
112.179,86.679,19.167,13.877
112.221,86.833,19.176,13.856
112.203,86.271,19.199,13.754
112.222,88.271,19.719,13.268
112.050,88.124,20.191,12.893
112.675,88.090,20.471,12.638
111.902,87.869,20.731,12.388
112.521,87.304,20.894,12.225
111.804,87.266,20.869,12.170
112.182,87.277,20.856,12.146
111.659,87.166,20.678,12.161
111.863,87.082,20.705,12.090
111.558,87.107,20.834,12.097
111.431,87.217,20.814,12.107
111.823,87.511,20.683,12.105
111.240,87.751,20.702,12.071
111.493,87.919,20.722,11.989
111.439,88.116,20.696,11.901
111.185,87.894,20.677,11.819
111.051,88.382,21.001,11.693
110.127,88.097,21.476,11.492
110.177,87.811,21.717,11.419
110.403,87.427,21.721,11.378
110.101,88.825,21.787,11.363
110.011,90.442,21.653,11.553
110.197,90.298,21.557,11.721
110.345,90.420,21.582,11.673
110.024,90.086,21.638,11.688
109.731,89.723,21.809,11.577
109.412,89.563,21.909,11.538
109.966,89.513,21.987,11.523
109.685,89.271,22.091,11.497
110.107,89.017,22.099,11.464
109.951,88.867,22.261,11.416
108.953,90.479,22.365,11.397
107.898,90.027,22.481,11.358
107.202,89.798,22.509,11.385
108.410,89.273,22.500,11.445
108.804,89.364,22.418,11.681
108.522,89.471,22.398,11.799
108.253,89.728,22.171,11.961
109.913,87.726,21.225,12.695
109.185,89.609,21.530,12.473
108.846,88.974,21.493,12.510
109.156,89.055,21.611,12.470
108.795,88.895,21.646,12.432
107.677,89.152,21.892,12.260
109.133,89.477,22.254,12.124
108.703,89.360,22.584,11.991
108.547,88.936,22.685,11.938
108.491,88.581,22.747,11.863
108.764,88.361,22.788,11.839
108.547,89.985,22.835,11.817
108.364,87.877,22.872,11.775
108.333,88.042,22.922,11.744
108.461,89.767,22.997,11.654
108.176,89.246,23.059,11.633
108.376,88.996,23.101,11.597
106.609,90.791,23.235,11.524
107.967,90.342,23.308,11.479
107.584,90.053,23.312,11.471
106.956,89.730,23.341,11.469
107.612,89.181,23.344,11.472
106.794,87.139,23.549,11.324
106.522,89.038,23.560,11.336
106.722,88.737,23.563,11.342
105.987,88.696,23.740,11.221
105.826,88.541,23.801,11.179
105.660,86.541,23.910,11.090
105.227,86.728,24.000,11.026
104.898,86.828,24.126,10.928
105.233,87.014,24.076,10.960
105.351,88.612,24.059,10.970
104.921,88.317,24.314,10.766
104.062,88.221,24.517,10.646
104.582,87.996,24.458,10.699
104.801,87.982,24.419,10.734
104.454,88.058,24.505,10.669
105.080,89.674,24.286,10.848
105.231,89.798,24.237,10.985
103.906,89.784,24.094,11.122
104.176,89.610,24.078,11.162
104.307,87.533,24.089,11.195
103.776,87.386,24.256,11.095
103.674,87.411,24.256,11.109
103.675,87.187,24.250,11.124
103.187,87.270,24.273,11.149
104.865,87.352,24.254,11.182
104.449,87.433,24.232,11.197
103.900,87.509,24.221,11.198
102.513,87.709,24.427,11.038
102.142,87.769,24.771,10.796
102.056,89.801,24.651,10.906
102.983,88.902,24.066,11.385
103.435,88.721,23.580,11.721
104.435,88.860,23.293,11.814
103.755,88.771,23.380,11.819
103.273,86.450,23.450,11.793
103.175,86.289,23.526,11.738
103.139,88.212,23.540,11.735
102.887,88.046,23.584,11.703
102.421,87.865,23.615,11.672
103.613,87.478,23.602,11.668
103.191,87.536,23.746,11.630
104.158,89.706,23.440,11.754
104.261,89.567,23.077,11.913
104.464,91.259,23.153,11.924
104.375,91.031,22.945,12.039
104.518,90.726,22.842,12.138
104.466,90.679,22.734,12.197
104.976,90.684,22.620,12.243
104.412,90.642,22.620,12.177
105.046,90.640,22.578,12.057
104.759,90.803,22.709,11.979
105.351,90.711,22.777,11.915
106.121,90.367,22.885,11.853
105.900,88.220,22.910,11.842
105.647,88.132,22.986,11.812
105.407,88.076,23.096,11.755
106.701,89.749,23.094,11.794
106.802,89.433,23.105,11.805
106.376,87.022,23.372,11.675
106.854,86.692,23.444,11.676
107.161,86.593,23.537,11.648
106.806,86.258,23.591,11.637
107.377,86.176,23.613,11.631
107.328,85.935,23.768,11.567
108.377,85.470,23.843,11.588
108.596,87.177,23.843,11.657
108.501,86.977,23.877,11.648
108.900,86.755,23.848,11.661
108.573,86.699,23.925,11.754
109.906,86.573,23.970,11.827
109.778,86.573,23.941,12.000
109.779,86.421,24.015,12.005
110.635,86.294,24.110,11.960
110.775,88.232,24.063,12.064
110.438,88.205,24.117,12.079
110.513,88.126,24.146,12.088
110.824,87.863,24.177,12.093
110.623,87.804,24.186,12.100
110.689,87.680,24.188,12.097
110.922,87.362,24.196,12.104
111.811,87.131,24.176,12.113
112.076,89.087,24.167,12.182
112.536,88.998,24.182,12.191
112.158,89.129,24.195,12.184
112.307,89.038,24.215,12.167
113.246,88.949,24.215,12.171
113.456,88.764,24.216,12.167
113.704,88.569,24.246,12.150
115.165,88.543,24.276,12.137
115.888,88.072,24.308,12.134
115.656,87.949,24.346,12.144
116.108,87.220,24.043,12.419
117.046,86.845,23.643,12.860
117.534,86.791,23.345,13.155
118.172,86.710,23.134,13.359
119.095,88.774,23.249,13.299
119.433,85.802,23.065,13.476
119.552,85.744,23.112,13.426
119.891,83.231,22.918,13.618
120.157,82.887,22.451,13.997
120.504,82.686,22.096,14.323
120.975,82.716,21.836,14.570
119.920,82.574,21.577,14.755
120.981,82.222,21.260,15.052
121.262,81.957,21.109,15.262
121.766,81.722,21.019,15.419
120.051,81.909,20.777,15.648
120.989,81.782,20.692,15.808
121.686,84.331,21.099,15.458
120.828,84.437,21.564,15.086
123.175,84.611,21.897,14.874
123.235,84.517,22.389,14.552
124.395,84.289,22.702,14.374
123.865,86.138,22.853,14.281
123.394,85.670,23.084,14.121
124.988,85.244,23.273,13.984
124.363,87.035,23.403,13.900
124.304,84.270,23.568,13.793
125.756,86.279,23.756,13.671
125.775,86.046,23.848,13.586
126.345,86.004,23.963,13.519
126.388,85.897,24.008,13.481
128.494,85.467,23.622,13.932
128.442,87.666,23.716,13.920
129.235,89.814,23.845,13.848
129.996,89.388,24.000,13.794
131.090,89.159,24.072,13.759
131.123,88.948,24.108,13.751
131.337,86.244,24.129,13.714
133.276,85.871,24.165,13.695
133.079,85.282,24.232,13.645
133.774,84.741,24.370,13.598
135.474,84.675,24.418,13.617
136.912,84.493,24.507,13.661
137.226,84.350,24.552,13.628
139.218,84.038,24.719,13.519
138.789,84.013,24.803,13.457
140.755,83.848,24.914,13.356
141.128,85.761,25.039,13.265
140.791,85.515,25.205,13.166
141.289,85.029,25.246,13.138
143.254,84.681,25.306,13.090
144.762,86.732,25.352,13.067
144.974,86.370,25.381,13.037
146.826,85.984,25.402,13.034
147.977,85.472,25.394,13.040
148.386,84.837,25.416,13.027
149.969,86.516,25.460,12.996
150.456,85.697,25.472,13.049
151.758,85.641,25.547,13.033
152.364,85.430,25.513,13.080
153.106,84.962,25.501,13.068
154.636,87.189,25.556,13.064
155.994,87.279,25.555,13.101
157.390,87.076,25.500,13.127
157.359,86.864,25.548,13.167
157.646,86.915,25.545,13.222
157.852,86.732,25.520,13.297
158.418,86.767,25.601,13.299
160.108,86.467,25.508,13.366
160.634,86.023,25.481,13.394
161.377,84.641,24.869,13.921
162.864,83.797,24.393,14.406
163.226,83.652,24.628,14.308
162.386,81.150,24.839,14.181
162.214,83.665,25.047,14.101
163.859,83.601,25.194,14.060
164.689,83.538,25.276,14.027
165.536,83.571,25.241,14.033
166.157,83.150,25.156,14.021
166.986,84.350,24.246,15.044
169.346,83.929,23.719,15.649
169.011,83.273,23.286,16.111
169.644,83.660,23.007,16.357
169.651,84.905,22.831,16.614
170.014,84.207,22.666,16.867
169.427,84.478,23.297,16.321
169.639,84.766,23.928,15.778
170.129,85.079,24.228,15.460
171.627,85.114,24.458,15.245
172.750,85.419,24.803,14.964
172.132,85.459,24.965,14.840
172.835,85.737,25.078,14.730
172.403,85.840,25.280,14.596
171.960,86.214,25.463,14.465
171.993,86.307,25.664,14.219
173.336,86.691,25.537,14.153
173.180,86.891,25.435,14.096
174.106,86.885,25.361,14.065
174.099,86.749,25.281,13.958
174.625,86.367,25.306,13.794
175.227,86.129,25.191,13.791
175.115,85.606,25.241,13.717
176.360,85.567,25.358,13.542
175.501,85.618,25.059,13.707
175.050,85.857,25.152,13.597
175.007,87.667,25.550,13.357
174.770,87.137,25.810,13.176
176.454,87.127,25.727,13.154
176.386,88.874,25.812,13.125
175.644,88.178,25.913,13.064
176.963,87.916,25.661,13.172
176.319,87.269,25.721,13.235
176.563,87.256,25.705,13.267
176.156,86.927,25.832,13.246
176.151,86.424,25.893,13.211
177.837,86.232,25.928,13.231
177.381,87.885,25.953,13.273
177.945,85.059,25.492,13.621
177.796,86.979,25.571,13.612
177.563,86.626,25.549,13.696
177.363,86.095,25.653,13.575
177.310,87.906,25.754,13.580
177.367,87.193,25.792,13.597
176.913,86.421,25.730,13.611
177.155,85.733,25.518,13.808
176.971,85.142,25.392,13.925
175.658,87.418,25.473,13.862
175.233,87.293,25.598,13.758
174.596,86.942,25.674,13.691
174.239,86.638,25.792,13.597
174.416,86.421,25.870,13.558
174.779,86.260,25.918,13.526
175.686,88.571,25.884,13.542
175.098,88.178,25.906,13.553
175.208,87.422,25.941,13.543
174.360,86.830,25.979,13.487
174.314,85.809,26.088,13.384
173.929,85.189,26.137,13.422
172.944,84.752,26.139,13.387
173.150,86.446,26.284,13.323
172.492,85.707,26.282,13.280
172.731,85.466,26.284,13.259
172.011,87.424,26.275,13.240
171.310,86.789,26.249,13.217
171.205,86.399,26.196,13.239
171.518,85.880,26.178,13.224
170.947,85.495,26.190,13.240
170.586,85.126,26.187,13.230
170.013,84.993,26.286,13.195
168.573,84.976,26.701,12.884
168.307,84.420,26.852,12.844
169.275,84.137,26.831,12.888
169.010,85.638,26.880,12.938
168.791,84.929,26.670,13.055
168.770,84.691,26.380,13.251
168.117,84.192,26.380,13.289
167.738,84.089,26.286,13.351
168.229,83.963,26.311,13.347
168.062,85.511,26.375,13.391
167.149,84.902,26.356,13.433
166.591,84.520,26.435,13.404
168.352,86.392,26.432,13.456
167.344,85.665,26.512,13.458
168.669,87.811,26.516,13.469
169.518,89.600,26.435,13.580
168.432,89.024,26.495,13.592
169.321,88.482,26.605,13.592
170.257,88.367,26.599,13.665
167.052,88.379,26.664,13.681
169.456,88.399,26.654,13.674
168.220,88.393,26.633,13.753
168.938,88.211,26.615,13.846
168.953,85.295,26.656,13.846
170.137,84.912,26.644,13.874
169.145,83.793,26.218,14.329
168.686,83.426,26.161,14.354
169.007,82.929,26.176,14.345
168.994,82.752,26.185,14.262
169.934,82.407,26.258,14.218
168.901,84.417,26.497,14.218
168.546,83.982,26.768,14.204
168.210,84.074,26.971,14.145
168.321,84.101,27.160,14.081
168.496,83.904,27.169,14.096
169.587,83.701,27.100,14.170
170.012,84.876,26.471,14.857
170.249,85.142,26.684,14.815
170.127,85.149,26.714,14.808
170.239,84.890,26.784,14.853
170.547,84.849,26.760,14.833
170.148,86.999,26.975,14.839
171.353,83.695,26.283,15.358
171.319,85.732,26.473,15.268
172.094,85.222,26.506,15.265
171.275,84.361,25.930,15.737
172.282,84.425,26.105,15.612
170.486,83.121,25.644,15.977
172.256,85.657,25.944,15.760
171.694,85.494,26.376,15.574
171.972,82.601,26.442,15.522
172.453,81.293,26.031,15.953
172.795,80.337,25.769,16.319
173.288,79.752,25.340,16.699
173.342,79.821,25.128,16.935
171.865,79.643,24.765,17.260
170.629,79.883,25.119,16.898
172.236,81.011,24.787,17.155
172.551,80.616,24.541,17.370
173.475,83.321,25.019,17.014
173.483,82.931,25.362,16.786
173.180,82.221,25.034,17.129
172.227,82.149,25.433,16.819
172.357,82.552,25.789,16.544
172.372,82.618,26.069,16.318
171.640,82.010,26.246,16.169
172.251,81.774,26.543,15.931
171.497,81.586,26.779,15.917
171.223,81.187,27.013,15.791
171.158,81.157,27.110,15.768
170.503,80.938,27.271,15.703
170.065,80.362,27.534,15.658
169.563,80.301,27.594,15.683
170.299,80.035,27.745,15.637
169.416,80.299,27.814,15.623
168.821,80.345,27.862,15.734
168.377,80.258,27.863,15.814
168.393,79.950,27.922,15.791
167.542,79.663,27.907,15.893
168.116,79.353,27.974,15.891
167.750,79.233,27.991,15.895
167.789,78.568,28.196,15.850
166.748,78.334,28.259,15.828
166.040,78.156,28.414,15.940
166.240,78.048,28.487,15.969
165.418,77.995,28.423,16.107
165.558,76.822,27.957,16.520
166.191,76.309,27.402,17.093
165.952,75.714,26.994,17.508
166.328,74.923,26.726,17.886
166.722,74.713,26.558,18.076
166.322,74.586,26.267,18.419
165.817,74.319,26.099,18.625
165.230,75.946,25.937,18.822
164.744,75.622,25.699,18.993
164.727,75.182,25.602,19.211
164.193,76.720,25.660,19.257
163.664,76.365,25.699,19.306
161.702,76.455,26.216,18.818
164.121,75.552,26.072,18.986
163.800,75.415,26.042,19.083
163.019,75.434,25.802,19.195
162.068,75.601,26.415,18.653
162.135,75.298,26.302,18.846
161.005,75.478,26.699,18.399
160.366,77.988,27.296,17.891
160.096,76.970,26.782,18.275
158.905,77.130,27.121,17.909
158.577,77.330,27.637,17.487
158.764,77.493,27.882,17.291
157.947,77.824,28.173,17.093
157.316,77.692,28.384,16.959
157.745,77.674,28.432,16.859
157.644,77.714,28.608,16.795
157.361,75.208,28.700,16.735
157.627,75.006,28.740,16.845
157.089,72.645,28.833,16.819
156.853,72.852,28.894,16.810
154.926,72.830,29.107,16.680
155.593,72.723,29.346,16.539
154.505,73.233,29.741,16.534
154.386,73.526,29.777,16.400
154.020,73.953,29.994,16.359
153.375,74.254,30.154,16.340
154.162,74.220,30.276,16.302
153.383,74.164,30.361,16.414
152.720,73.712,30.609,16.429
152.978,74.182,30.808,16.327
153.002,74.078,30.790,16.411
153.705,74.034,30.551,16.607
153.348,74.294,30.363,16.725
153.211,74.140,30.288,16.870
154.292,74.396,30.264,16.817
153.396,74.524,30.270,16.705
153.169,74.418,30.462,16.771
152.852,74.453,30.539,16.850
152.291,74.431,30.637,16.916
152.257,73.808,30.527,17.060
151.365,74.171,30.867,17.009
152.401,76.101,30.678,17.004
152.827,76.032,30.634,17.134
151.882,76.098,30.809,17.177
151.186,75.872,30.965,17.155
151.754,75.461,30.923,17.189
150.935,75.350,31.211,17.182
151.659,74.562,31.173,17.261
151.580,74.045,31.356,17.214
150.959,73.907,31.608,17.214
151.852,73.635,31.572,17.259
151.349,73.355,31.687,17.315
151.569,72.860,31.930,17.426
150.742,72.984,31.781,17.583
150.591,73.234,31.920,17.536
151.812,73.338,31.858,17.475
151.517,73.844,31.973,17.499
151.152,74.171,32.309,17.524
150.690,74.046,32.461,17.594
151.668,73.486,32.399,17.762
151.159,72.829,32.156,17.782
150.965,73.050,32.433,17.772
