76.000,79.000,64.000,52.000
74.727,78.626,65.950,51.118
74.480,78.558,66.769,50.819
73.043,79.587,67.155,50.744
72.451,78.383,68.052,50.518
73.398,78.855,68.773,50.359
71.848,78.688,69.015,50.581
71.285,77.786,69.426,50.755
71.578,78.265,69.459,50.854
70.717,78.081,69.632,51.030
71.758,77.348,69.762,51.108
70.094,77.548,69.792,51.282
71.594,76.729,69.752,51.288
70.879,76.832,69.925,51.417
71.524,76.329,70.069,51.507
70.174,76.318,70.601,51.363
71.088,76.631,70.653,51.345
70.083,76.574,71.036,51.189
70.820,75.749,70.917,51.188
71.033,76.360,70.655,51.259
71.302,76.800,70.816,51.062
69.386,77.231,70.877,51.022
70.906,75.588,70.680,50.847
70.446,75.779,70.646,51.212
70.820,77.193,70.750,51.201
70.545,75.843,70.443,51.319
70.703,76.273,70.073,51.452
71.393,76.734,70.104,51.487
70.691,76.379,70.284,51.503
70.961,77.549,70.295,51.394
70.654,76.441,70.419,51.259
71.443,77.312,70.378,51.257
71.094,76.832,70.543,51.271
71.600,78.188,70.195,51.257
71.927,77.777,70.227,51.266
71.399,76.972,70.305,51.285
71.657,78.000,69.946,51.264
71.243,77.046,70.087,51.289
71.324,76.935,69.828,51.301
71.525,76.817,69.732,51.236
72.575,76.181,69.618,51.045
70.544,77.010,69.919,50.899
72.048,76.326,69.682,50.942
71.448,76.502,69.564,50.877
72.094,76.827,69.247,50.936
71.819,75.338,69.447,50.690
72.580,76.223,69.131,50.755
71.849,75.121,69.039,50.762
72.686,75.910,68.505,50.753
72.473,74.837,68.377,50.770
72.670,75.980,68.347,50.587
72.328,76.363,68.367,50.474
71.583,75.423,68.790,50.242
72.632,76.542,68.529,50.311
71.210,75.044,68.662,50.193
72.766,75.489,68.377,50.380
72.644,75.698,67.800,50.405
72.797,76.636,67.455,50.238
72.047,76.170,67.736,49.925
72.518,76.018,67.451,49.820
71.706,75.902,67.388,49.625
72.849,75.422,67.196,49.336
72.175,77.545,68.918,47.482
71.673,78.784,70.358,46.001
72.143,78.420,70.708,45.301
69.452,79.265,71.876,44.409
70.530,81.036,73.131,43.204
67.155,80.400,73.871,42.367
67.982,80.874,73.861,41.856
65.965,79.946,73.997,41.941
66.761,80.234,73.881,42.048
66.333,80.554,73.817,42.445
66.519,80.766,73.882,42.736
66.662,80.850,74.006,42.687
65.707,80.153,73.734,42.892
65.117,80.123,73.946,42.710
66.885,79.288,73.927,42.853
65.506,79.628,74.194,42.686
64.649,78.737,74.478,42.229
67.011,78.157,74.045,42.455
66.107,77.839,73.488,42.634
66.655,78.054,73.348,42.526
64.563,79.394,73.153,42.390
65.654,78.068,73.244,42.358
67.792,77.454,70.636,44.548
68.890,76.855,69.038,46.291
69.112,76.249,67.978,47.283
70.244,75.495,67.166,47.820
70.300,74.377,66.424,48.368
69.454,74.829,65.823,48.740
69.641,74.313,65.704,48.948
69.779,74.343,65.651,49.098
69.467,75.368,65.580,49.033
71.112,75.142,65.663,49.218
69.629,75.863,65.293,49.462
70.286,75.828,65.680,49.362
69.459,76.783,65.740,49.275
69.319,75.194,66.149,49.186
68.732,76.215,66.082,49.299
69.596,75.783,66.492,49.035
68.935,75.732,66.878,48.902
69.194,75.642,66.955,48.838
67.508,74.761,67.195,48.684
68.688,74.933,67.364,48.509
67.859,75.264,67.164,48.470
68.195,74.299,67.021,48.529
67.886,73.432,66.951,48.468
67.389,73.912,66.913,48.235
68.242,75.204,68.827,46.460
64.800,76.239,70.294,44.961
65.890,76.945,71.489,43.928
65.556,76.829,71.842,43.321
65.113,77.671,72.875,42.154
64.334,78.397,73.496,41.292
64.754,77.960,74.084,41.128
64.484,76.459,74.279,41.419
64.712,72.719,71.156,44.048
65.938,77.757,72.062,43.643
66.242,77.362,72.585,43.118
64.506,77.231,72.442,43.151
67.680,78.264,73.451,42.222
64.448,77.576,73.496,41.676
65.850,76.149,73.265,41.677
67.158,75.370,70.579,43.945
67.296,75.832,70.965,43.525
67.097,76.158,71.378,42.821
65.507,76.213,71.253,42.475
69.238,76.348,71.329,42.255
65.208,77.623,71.595,41.537
65.033,77.776,71.239,41.279
67.039,78.135,70.818,41.434
65.944,79.152,70.669,41.541
68.336,77.788,68.485,43.607
68.532,77.154,66.995,45.054
69.203,76.417,65.741,46.336
69.068,78.366,65.152,46.952
69.885,78.877,64.165,48.175
71.739,78.810,63.254,48.893
71.192,77.964,62.628,49.187
69.806,77.362,62.217,49.154
71.217,77.651,62.377,48.722
71.468,77.947,62.295,48.516
70.139,79.208,64.333,46.579
70.621,79.697,63.992,46.737
70.843,80.110,63.886,47.009
70.795,80.278,63.650,47.301
70.297,80.374,63.523,47.428
71.421,79.370,63.658,47.394
71.586,80.346,64.091,47.163
71.595,78.577,64.271,47.093
71.705,78.501,64.233,47.194
71.789,76.656,64.300,47.269
72.123,76.592,64.314,47.307
71.126,75.303,64.611,47.116
71.887,75.175,64.876,47.007
72.305,74.158,64.736,47.318
70.872,74.552,64.702,47.368
72.833,73.739,64.584,47.451
71.695,73.511,64.474,47.733
71.682,72.970,64.734,47.762
72.651,73.203,64.473,48.014
71.780,72.472,64.238,48.034
73.407,73.484,64.180,48.027
71.665,71.818,64.288,47.910
74.372,72.906,64.265,47.957
71.675,71.035,64.311,47.760
73.644,71.956,64.687,47.641
72.700,72.857,64.581,47.699
72.846,72.122,64.542,47.873
72.751,72.872,64.417,47.912
73.988,73.635,64.591,47.931
72.832,74.206,64.660,47.757
72.548,72.901,64.717,47.716
73.367,74.008,64.281,47.995
73.265,74.103,64.290,47.964
72.834,74.205,64.100,48.081
72.463,73.189,64.439,47.829
73.084,72.386,64.540,47.857
72.962,73.489,64.394,47.957
72.307,71.744,64.474,47.944
73.863,72.209,64.322,48.131
72.668,72.330,64.430,48.153
72.367,72.950,64.208,48.112
72.496,74.038,64.191,48.022
72.662,74.767,64.238,47.865
72.134,74.894,64.313,47.782
72.420,75.737,64.565,47.598
72.692,74.829,64.663,47.685
72.290,75.818,64.606,47.813
72.746,76.126,64.597,47.836
71.920,75.598,64.778,47.843
72.261,74.794,64.941,47.768
71.029,75.736,65.003,47.779
71.592,73.544,65.177,47.850
71.706,74.874,65.269,47.967
71.188,74.121,65.330,47.982
71.934,72.505,65.225,48.039
70.741,73.656,65.410,48.192
70.455,73.039,65.520,48.191
72.018,73.423,65.521,48.209
70.302,71.855,65.486,48.199
71.615,72.947,65.858,48.260
70.394,72.044,65.692,48.498
70.303,71.590,65.740,48.538
69.893,72.311,65.911,48.691
70.560,72.422,66.186,48.489
70.893,71.505,66.000,48.768
70.164,71.146,65.908,48.983
70.808,71.914,66.304,48.838
69.771,72.281,66.295,48.955
69.917,72.297,66.263,49.091
69.022,73.730,66.099,49.271
69.673,73.350,66.139,49.355
70.203,74.152,66.271,49.393
69.131,73.833,66.563,49.364
69.518,73.738,66.621,49.691
68.958,73.821,66.361,49.976
68.782,72.807,66.382,50.179
68.703,73.304,66.372,50.244
68.623,72.953,66.644,50.119
68.353,74.407,66.873,49.962
67.636,73.826,67.181,49.849
67.897,74.084,67.262,49.643
67.280,73.503,67.493,49.706
67.651,73.636,67.458,49.836
67.170,74.574,67.138,49.982
67.404,74.137,67.406,49.691
66.629,73.833,67.456,49.815
66.890,73.067,67.642,49.863
66.800,72.276,67.583,49.918
66.872,71.328,67.659,50.098
65.946,71.950,67.823,50.311
66.115,71.148,67.680,50.318
66.166,70.153,67.509,50.630
66.398,70.213,67.608,50.721
64.781,69.948,67.588,50.804
65.977,69.357,67.581,50.930
64.287,69.419,68.183,50.771
65.373,69.083,68.301,50.807
63.388,69.843,68.303,50.848
65.029,70.262,68.389,50.789
63.122,70.015,68.385,50.948
64.203,70.351,68.428,50.772
61.796,72.462,70.103,48.958
62.462,69.836,69.700,49.098
62.429,71.821,70.965,47.740
61.012,72.903,71.744,46.761
61.538,71.828,71.841,46.533
60.625,72.155,72.162,46.099
59.760,72.228,72.577,45.908
61.012,72.692,72.900,45.702
60.977,71.875,72.900,45.492
60.614,71.652,73.276,45.256
59.548,71.762,73.280,45.355
61.289,71.786,73.015,45.751
59.949,71.310,73.252,45.664
59.942,71.297,72.939,45.732
59.530,70.812,72.687,45.761
60.141,70.644,72.582,45.962
58.514,71.308,72.875,45.648
59.721,70.727,72.792,45.826
59.694,71.040,72.808,45.758
59.183,71.179,72.693,45.770
59.601,69.714,71.372,47.321
61.316,67.938,69.903,48.900
61.461,67.825,68.754,50.094
61.080,67.616,68.176,50.873
63.448,67.694,67.715,51.621
61.438,68.082,67.546,51.995
63.342,68.363,67.227,52.248
62.738,68.461,66.913,52.425
62.921,68.705,67.216,52.328
62.737,68.052,67.685,52.287
63.175,67.247,67.371,52.654
63.349,68.964,67.441,52.841
62.143,69.266,67.465,52.974
63.163,70.994,67.480,52.886
63.313,71.051,67.703,52.644
63.187,71.642,67.447,52.659
64.634,72.166,67.269,52.636
63.787,71.810,67.552,52.454
64.131,72.103,67.363,52.480
63.240,71.715,67.315,52.462
65.087,71.302,67.093,52.661
64.398,70.859,67.145,52.449
64.817,70.710,66.818,52.532
64.769,70.482,66.789,52.399
64.998,70.527,66.945,52.023
66.337,70.456,67.155,51.830
65.249,70.580,67.383,51.683
65.677,70.740,67.367,51.521
67.089,70.624,67.172,51.550
66.627,69.800,67.179,51.438
67.064,70.260,66.834,51.418
66.788,68.958,67.038,51.174
66.733,69.831,67.021,51.101
67.165,69.139,66.781,51.213
67.248,68.362,66.475,51.333
67.669,68.810,66.273,51.383
67.237,69.460,66.259,51.179
68.685,68.889,66.287,51.228
68.007,69.486,66.240,51.075
68.127,70.309,66.014,51.045
69.415,70.365,65.705,50.956
69.142,72.088,65.404,51.069
70.483,72.271,65.190,50.937
70.034,71.524,65.425,50.933
71.501,72.056,65.103,51.036
70.234,71.326,65.452,50.764
71.206,71.601,65.224,50.681
70.927,71.290,65.077,50.649
71.372,69.717,65.223,50.413
72.463,69.668,64.805,50.459
72.078,69.396,64.551,50.671
71.829,69.281,64.295,50.531
72.686,68.897,64.486,50.334
72.326,70.278,64.507,50.143
73.345,69.873,64.413,50.027
74.345,70.767,64.026,50.299
74.168,70.648,63.735,50.479
74.053,70.391,63.527,50.494
74.542,70.424,63.605,50.633
74.912,69.914,63.651,50.713
75.992,70.451,63.622,50.793
75.125,71.289,63.795,50.644
75.724,70.850,63.395,50.785
76.461,71.244,63.135,50.908
76.481,72.023,63.290,50.880
75.980,72.787,63.416,50.826
77.967,72.208,63.517,50.544
77.565,73.921,63.513,50.523
76.923,73.905,63.784,50.113
78.046,73.230,63.498,50.121
77.632,73.125,63.519,50.036
77.437,72.733,63.447,50.053
78.027,72.310,63.435,49.956
78.116,72.711,63.477,49.791
78.294,73.734,63.322,49.727
77.876,73.299,63.750,49.319
78.096,73.314,63.568,49.247
76.851,74.365,65.485,47.164
77.780,72.450,64.979,47.320
77.347,72.515,66.475,45.768
77.595,72.750,67.631,44.539
78.308,72.433,68.111,43.739
77.117,72.258,68.737,42.995
77.359,72.980,68.968,42.563
76.718,73.602,69.858,41.707
76.824,70.261,67.891,43.551
77.429,75.138,68.630,42.844
77.867,74.785,68.541,42.596
78.767,73.599,66.731,43.983
79.112,74.376,65.275,45.005
79.944,74.079,64.266,45.649
79.914,73.165,63.422,46.127
81.285,73.091,62.607,46.605
80.901,73.242,62.018,46.804
81.806,73.403,61.593,46.800
80.820,75.269,61.204,46.762
81.180,75.883,60.718,46.868
81.627,76.289,60.291,46.919
82.160,77.041,59.960,46.909
80.987,76.400,60.160,46.600
81.577,75.362,59.835,46.515
80.403,73.776,59.936,46.288
81.663,73.685,59.674,46.438
80.513,72.716,59.615,46.272
82.652,72.611,59.482,46.378
81.648,72.342,59.392,46.252
81.909,72.811,58.992,46.098
82.014,72.477,58.726,46.140
81.986,73.576,58.907,45.919
82.478,73.543,58.860,45.962
81.769,72.682,58.814,45.901
81.482,71.938,58.708,45.789
81.990,71.875,58.743,45.415
81.601,71.850,58.598,45.175
82.215,72.418,58.383,44.921
82.918,78.182,60.706,42.691
81.808,78.547,62.487,41.059
79.071,79.910,63.689,39.697
78.388,79.203,64.380,38.958
77.076,79.226,64.776,38.652
77.945,79.269,64.894,38.617
77.957,79.557,65.268,38.593
78.607,78.496,63.969,39.763
80.839,77.709,62.399,41.006
81.231,77.152,61.142,42.059
81.777,77.055,60.095,42.958
82.686,76.947,58.742,43.859
83.028,76.846,58.351,44.260
83.217,77.504,57.992,44.580
83.509,77.328,57.939,44.588
83.125,77.885,57.856,44.620
83.633,77.239,57.549,44.886
83.433,76.000,57.502,44.896
81.026,76.755,58.853,43.509
82.882,76.195,58.326,43.830
83.269,77.234,57.701,44.242
83.743,77.839,57.205,44.558
84.341,77.495,56.918,44.674
83.028,77.660,56.314,45.006
83.557,78.837,56.424,45.045
84.986,79.337,56.240,45.029
84.183,79.070,56.055,45.032
83.041,78.718,56.216,44.633
83.970,78.452,56.980,43.856
83.931,78.166,57.179,43.457
83.252,77.201,57.392,43.155
84.539,79.496,59.119,41.239
83.671,80.533,60.179,39.976
81.991,80.828,61.285,39.028
82.607,81.355,61.470,38.603
80.777,82.565,62.219,37.597
79.693,83.552,62.881,36.585
77.333,83.914,62.332,36.427
78.043,82.936,62.031,36.587
78.901,83.313,61.896,36.432
77.985,83.441,61.248,36.666
79.030,83.418,60.780,37.150
79.366,81.960,59.112,38.959
80.519,82.692,57.436,40.196
81.362,81.593,56.383,40.972
81.823,80.308,55.992,41.446
82.522,80.301,55.182,42.149
81.943,78.943,54.870,42.460
81.442,78.402,54.612,42.717
83.268,79.703,54.358,42.757
82.000,78.992,54.270,42.959
81.413,79.363,54.192,43.279
82.056,78.741,54.241,43.540
81.985,78.427,54.380,43.554
82.254,78.075,54.303,43.574
81.353,78.088,54.230,43.534
82.264,77.533,53.903,43.650
81.905,77.450,53.839,43.409
82.082,77.119,53.841,43.337
81.249,78.563,53.663,43.330
81.656,79.481,53.354,43.508
82.051,80.125,53.495,43.266
81.128,79.831,54.030,42.919
81.813,80.316,54.720,42.271
81.941,80.845,56.438,40.639
80.967,80.985,57.444,39.602
80.614,81.420,58.074,38.813
81.122,81.424,58.909,38.051
81.821,81.872,59.229,37.596
81.665,82.400,59.029,37.500
82.759,82.213,58.959,37.513
82.378,81.816,59.040,37.397
82.137,81.945,59.250,37.242
82.371,81.846,59.716,37.089
81.299,81.498,60.070,36.812
82.808,81.251,60.401,36.720
82.730,80.842,60.631,36.655
83.078,80.408,60.634,36.767
83.607,80.199,60.444,36.936
83.953,79.635,60.156,37.163
86.328,78.944,59.948,37.354
86.229,79.169,59.756,37.585
86.103,79.428,59.619,37.749
87.041,79.038,59.450,37.919
86.461,79.345,59.588,37.996
88.707,79.500,58.763,39.008
88.870,77.749,58.167,39.806
89.348,76.940,57.451,40.591
90.621,76.513,57.156,40.959
90.305,76.413,57.100,41.055
90.973,77.532,57.232,41.200
91.461,76.848,56.902,41.613
91.310,77.339,56.805,41.794
92.737,77.428,56.737,41.811
92.302,77.741,56.479,42.008
92.499,78.915,56.277,42.008
93.723,77.578,56.520,41.746
92.867,78.551,56.484,41.925
93.885,79.202,56.189,42.087
93.375,78.171,56.213,42.061
94.985,78.760,55.890,42.205
94.736,78.339,56.065,42.136
95.756,77.994,56.328,42.075
96.762,78.086,56.478,41.959
95.090,77.720,56.120,42.052
97.127,78.966,55.933,41.884
96.341,79.499,55.680,41.928
97.519,80.269,55.772,41.779
96.501,81.720,55.699,41.641
97.543,82.587,55.841,41.334
96.778,81.524,56.237,41.253
98.394,81.947,56.273,41.033
97.849,82.524,55.467,41.224
97.875,81.126,54.749,41.414
98.870,81.423,54.781,41.312
99.322,80.942,54.909,41.127
99.634,80.743,55.066,41.087
98.744,80.211,55.900,40.755
100.060,80.765,56.043,40.783
100.669,80.158,56.264,40.796
100.113,79.161,56.676,40.894
101.423,80.063,56.459,41.037
101.535,80.525,56.016,41.417
102.954,79.789,56.335,41.322
103.133,79.850,56.319,41.129
103.814,78.555,56.392,41.264
105.185,78.859,56.731,41.316
105.601,76.366,57.148,41.337
105.913,77.075,57.183,41.589
108.045,76.787,57.392,41.636
109.044,75.517,57.531,41.728
110.118,75.239,57.312,42.133
110.114,74.623,57.173,42.497
111.408,75.067,57.292,42.733
112.242,76.032,56.950,43.061
111.983,77.175,56.942,43.247
115.137,77.081,56.477,43.457
115.871,76.628,56.330,43.371
116.192,76.967,55.498,43.614
118.246,77.157,54.812,43.862
118.878,77.652,54.830,43.504
120.473,76.540,54.969,43.016
122.215,76.916,54.560,43.138
122.936,75.957,54.661,42.734
125.022,75.127,54.513,42.402
126.366,75.969,54.367,42.609
126.875,75.086,54.708,42.211
129.309,75.893,54.901,42.237
129.697,73.440,54.916,42.143
131.520,73.795,54.714,42.408
132.775,73.488,54.334,42.399
133.940,73.198,53.972,42.562
134.561,76.545,54.147,42.173
136.290,75.584,54.214,41.918
137.375,75.683,54.343,41.808
138.585,75.162,54.070,41.771
140.534,75.189,53.777,41.946
141.391,74.544,53.711,42.079
142.791,73.912,53.343,42.105
144.050,73.544,53.089,42.192
145.887,74.187,53.252,42.143
145.907,74.357,53.265,42.192
147.659,75.516,53.291,42.086
148.583,75.518,53.213,42.196
148.849,75.695,53.144,42.028
149.768,74.902,53.354,41.980
151.636,75.507,53.345,41.987
152.145,74.716,53.639,41.836
153.674,74.223,53.277,42.184
155.239,74.090,53.322,42.344
154.786,76.055,53.538,42.299
155.841,75.830,53.550,42.278
156.996,76.485,53.761,42.281
158.288,77.580,54.146,42.155
159.014,77.934,54.556,42.158
160.784,79.576,54.415,42.413
161.358,79.121,54.244,42.382
162.140,82.478,54.777,41.989
163.354,81.207,55.067,41.772
163.795,82.270,55.372,41.498
167.181,81.005,55.101,41.738
166.863,79.844,55.204,41.742
167.627,79.429,54.945,41.990
168.955,84.922,56.183,40.639
168.453,80.684,55.772,40.852
169.996,79.864,55.460,41.252
170.215,78.561,54.930,41.881
171.530,84.057,56.424,40.167
171.333,79.898,56.403,40.127
171.971,85.052,57.285,38.903
172.725,84.429,58.029,38.006
172.328,83.926,58.258,37.329
173.728,82.952,58.525,36.931
173.845,82.680,58.825,36.454
174.897,82.582,58.909,36.164
174.920,82.352,58.867,35.877
176.055,81.422,58.638,36.004
175.533,79.175,57.387,37.406
176.430,77.696,56.402,38.714
177.378,77.432,55.508,39.703
179.648,76.270,54.998,40.519
178.532,76.609,54.887,40.910
180.373,76.311,54.714,41.351
179.418,76.676,54.674,41.721
181.090,76.984,54.720,42.004
180.471,77.105,54.475,42.548
181.847,76.835,54.726,42.738
181.885,76.396,54.931,42.623
182.067,76.923,55.164,42.827
182.328,76.430,55.371,42.882
182.412,77.182,55.650,43.069
184.041,76.535,55.770,42.940
183.915,75.591,55.830,43.132
183.886,75.758,56.033,43.090
184.507,75.771,56.264,43.117
185.470,74.804,56.232,43.300
186.356,75.307,56.717,43.198
186.381,75.429,56.861,43.155
186.730,75.228,57.077,43.129
186.013,75.628,57.157,43.344
187.266,74.754,57.157,43.369
187.313,75.755,57.287,43.493
187.926,76.503,57.434,43.370
188.545,81.213,58.800,41.867
186.970,78.423,58.841,41.888
187.499,77.226,58.812,41.996
187.095,77.669,58.628,42.216
189.306,76.200,58.375,42.250
189.150,76.837,58.407,42.268
190.557,77.372,58.302,42.449
190.541,76.546,58.021,42.757
191.654,77.351,57.984,42.658
192.033,76.748,57.984,42.645
191.210,77.737,58.273,42.575
192.246,77.562,58.318,42.678
193.897,78.924,59.588,41.282
191.612,79.358,60.383,40.094
194.264,76.932,59.772,40.608
193.773,77.528,60.386,39.729
193.881,78.091,60.809,39.075
194.032,79.122,61.354,38.325
194.817,78.410,61.104,38.074
195.075,78.903,61.010,37.553
192.940,79.473,61.410,37.039
193.473,79.351,61.334,36.939
195.004,79.910,60.991,36.942
194.284,79.435,60.973,36.688
195.741,79.448,60.821,36.715
195.580,79.151,60.720,36.685
195.386,78.945,61.156,36.516
194.599,78.933,61.277,36.444
196.659,78.717,61.240,36.366
195.601,77.796,60.999,36.307
195.213,77.198,60.870,36.412
194.924,76.993,60.852,36.288
194.003,76.861,61.142,36.221
193.317,76.713,61.179,36.202
193.607,75.972,61.119,36.354
194.168,76.095,60.924,36.489
191.521,76.366,61.057,36.332
193.033,75.848,61.029,36.407
191.831,76.147,60.971,36.393
193.235,76.540,60.858,36.477
190.330,76.344,61.008,36.335
191.635,76.222,60.860,36.543
190.277,76.338,61.278,36.434
189.385,76.224,61.448,36.545
189.968,75.912,61.297,36.773
188.817,75.812,61.461,36.737
189.596,76.150,61.001,37.040
188.463,76.160,60.984,37.022
188.978,76.320,60.896,36.898
187.765,76.354,61.234,36.743
187.398,75.950,61.214,36.716
188.739,76.227,60.930,36.743
187.046,76.290,60.913,36.839
186.671,77.275,61.338,36.542
185.960,77.813,61.482,36.416
185.846,77.641,61.455,36.196
185.574,78.197,60.957,36.385
186.362,78.146,61.008,36.201
184.844,77.325,61.123,36.017
185.783,77.453,61.217,35.920
184.288,77.143,61.439,35.691
184.624,77.572,61.458,35.936
184.498,78.315,61.603,35.761
184.102,78.203,61.491,35.812
183.621,78.100,61.862,35.695
183.861,77.028,61.870,35.949
183.597,77.521,62.349,35.681
181.893,77.193,62.810,35.587
183.437,76.921,62.737,35.688
180.964,77.190,62.650,35.565
181.622,76.690,62.792,35.572
180.351,78.182,62.755,35.374
181.045,78.112,62.930,35.254
179.322,78.207,63.246,34.944
179.431,78.405,62.777,35.272
180.102,77.676,63.029,35.265
178.915,78.086,63.062,34.972
179.154,77.910,62.804,34.957
179.842,77.892,62.517,34.875
178.836,77.962,62.153,34.844
179.172,76.957,62.009,34.992
178.727,77.637,62.034,34.890
178.828,77.758,62.045,34.720
179.220,78.205,61.707,34.711
178.752,78.337,61.261,34.858
178.680,78.263,61.352,34.829
178.677,78.403,61.459,34.822
178.261,78.059,61.637,34.920
179.106,78.096,61.244,35.249
178.296,77.979,61.426,35.143
177.770,76.521,61.432,35.290
179.218,77.109,61.737,35.084
178.356,77.152,62.099,34.908
178.550,76.645,61.984,35.179
178.212,76.362,62.073,35.265
178.887,76.107,62.152,35.371
178.999,75.831,61.814,35.604
177.630,75.711,61.918,35.551
177.303,76.091,62.052,35.579
179.777,80.024,61.970,35.792
179.224,78.055,61.814,35.988
178.703,77.270,61.947,35.895
180.076,76.102,61.553,36.225
177.680,75.958,62.001,35.943
179.090,76.479,62.227,35.934
179.436,75.347,62.266,36.044
179.897,75.342,62.364,36.084
180.469,79.059,62.361,36.375
179.879,77.116,62.923,36.327
179.235,76.219,63.063,36.378
178.329,76.250,63.386,36.445
179.007,75.080,63.588,36.709
180.261,74.613,63.849,36.642
180.248,73.318,63.775,36.810
181.900,72.081,63.686,36.967
178.775,71.732,63.822,37.087
180.691,70.920,63.823,37.329
180.396,70.731,63.943,37.267
181.069,70.722,63.630,37.536
180.673,70.682,63.804,37.183
181.461,70.959,63.757,37.309
180.087,71.291,63.703,37.295
180.519,71.644,63.939,37.174
181.439,72.356,64.106,37.095
180.220,72.281,64.429,36.782
181.119,73.529,64.357,36.752
181.223,73.990,64.313,36.768
181.283,73.847,64.405,36.538
181.395,74.120,64.523,36.284
182.010,74.568,63.865,36.423
181.960,73.757,63.196,36.610
182.412,73.866,62.880,36.681
182.211,73.745,63.008,36.482
182.309,73.597,62.645,36.642
183.067,73.912,62.347,36.866
183.705,73.515,62.474,36.584
183.202,73.858,62.414,36.500
183.703,73.349,62.664,36.241
184.275,73.821,62.458,36.198
182.685,73.780,62.704,35.915
182.994,74.050,62.801,35.656
183.527,73.646,62.686,35.615
183.988,73.338,62.398,35.756
183.526,72.916,62.423,35.620
184.511,72.132,62.105,35.827
184.666,72.060,62.099,35.582
184.059,71.291,62.144,35.539
185.945,70.003,61.763,35.955
184.552,69.681,61.884,35.861
186.787,69.435,61.373,36.174
185.501,68.628,61.239,36.229
185.105,67.995,61.386,36.093
183.886,67.870,61.440,35.987
184.571,67.812,61.531,36.017
183.980,67.494,61.623,36.166
183.925,67.917,62.212,35.986
182.994,67.457,62.361,36.123
183.292,66.919,62.459,36.315
184.223,66.616,62.174,36.509
183.415,66.238,62.015,36.573
184.378,66.542,62.044,36.552
184.713,66.143,61.708,36.484
182.828,67.161,61.956,36.155
184.249,67.553,61.302,36.532
182.999,68.141,61.260,36.455
184.749,68.344,61.423,36.352
183.590,68.370,61.491,36.201
183.432,68.646,61.530,36.133
184.467,69.514,61.513,36.089
182.440,69.719,61.737,35.887
183.064,69.946,61.823,35.845
181.997,70.377,61.685,35.869
182.368,71.076,61.545,36.000
185.200,71.828,61.674,35.616
182.845,71.826,61.474,35.697
182.455,71.126,61.690,35.684
183.334,70.764,61.740,35.633
181.877,70.748,62.050,35.424
182.255,70.278,61.859,35.632
182.300,69.703,62.034,35.608
181.310,69.904,61.987,35.646
182.466,69.798,62.292,35.553
180.819,70.178,62.538,35.473
181.644,70.487,62.539,35.596
180.836,70.020,62.494,35.501
179.750,70.340,62.781,35.520
182.257,70.079,62.513,35.790
180.542,69.628,62.595,35.780
180.500,69.440,62.447,36.093
180.452,69.675,62.607,36.102
179.168,69.239,62.731,36.146
179.970,70.272,62.979,36.083
179.000,69.979,63.164,36.058
179.521,69.935,62.972,36.267
179.442,70.466,63.294,35.985
180.676,71.370,63.256,35.993
177.721,71.950,63.332,35.769
179.503,72.870,63.176,35.987
180.060,73.580,62.935,36.095
178.849,73.761,63.223,35.956
179.737,73.829,63.205,35.956
178.720,73.756,63.167,35.968
179.477,73.798,62.544,36.225
179.665,72.399,62.412,36.351
179.974,72.109,61.916,36.555
178.329,76.520,62.087,36.466
178.268,74.986,62.377,36.436
178.235,74.011,62.510,36.489
179.771,73.730,62.440,36.615
178.238,74.326,62.099,36.740
178.596,74.525,61.807,36.901
178.172,75.265,61.423,37.054
176.699,75.423,62.182,36.629
179.690,75.610,61.630,36.976
179.218,75.963,61.444,36.934
179.076,77.211,61.279,36.985
178.062,77.760,61.665,36.698
179.123,81.941,61.332,36.956
176.646,80.918,61.438,36.907
178.357,79.918,61.316,36.928
178.545,78.273,60.813,37.260
177.581,77.377,61.056,37.078
178.422,75.954,61.001,37.291
178.402,74.323,61.123,37.393
178.953,74.281,61.178,37.212
178.999,74.283,60.978,37.215
179.563,74.888,61.231,37.143
177.826,75.740,61.353,36.987
178.908,76.353,61.902,36.703
180.220,80.841,61.902,36.700
178.192,79.803,62.307,36.525
179.321,79.502,62.391,36.379
177.494,78.403,62.506,36.295
179.204,77.787,62.603,36.275
179.217,77.388,62.347,36.373
179.257,76.621,62.679,36.143
179.281,76.258,62.779,36.093
180.156,76.205,63.064,36.037
179.267,76.625,62.867,35.986
179.207,77.686,63.508,35.722
179.542,77.449,63.405,35.768
179.160,77.014,63.019,35.872
180.354,76.577,62.757,35.992
178.909,76.181,62.944,36.113
180.667,76.343,62.891,36.120
179.883,76.404,62.973,35.946
180.581,76.297,62.891,35.970
180.242,77.426,63.194,35.739
180.837,77.416,62.768,35.885
180.313,78.857,62.906,35.644
179.959,77.838,62.726,35.975
180.309,78.088,62.882,35.837
181.434,77.491,62.729,36.096
180.284,78.008,62.797,36.153
180.500,76.609,62.525,36.518
181.740,77.551,62.693,36.474
181.788,77.699,62.548,36.480
180.053,78.579,62.795,36.284
181.739,77.873,62.727,36.464
182.879,77.906,62.604,36.620
182.166,78.468,62.436,36.774
181.695,77.637,62.405,37.036
183.419,77.389,62.256,37.044
182.334,76.858,62.432,37.061
183.376,76.753,62.412,37.219
183.511,75.385,62.556,37.413
183.756,74.738,62.581,37.471
184.522,75.194,63.001,37.113
184.232,75.364,63.524,36.881
183.401,75.665,63.723,36.742
185.403,75.251,63.703,36.883
183.819,74.309,63.842,36.949
185.315,73.796,63.989,36.962
183.582,74.555,64.449,36.768
186.004,74.017,64.600,36.970
183.711,73.847,65.179,36.940
184.387,73.959,65.642,36.718
185.049,74.343,65.619,36.860
185.757,74.347,65.617,36.993
185.972,73.605,65.527,37.173
185.641,75.062,65.619,37.158
184.400,74.696,65.559,37.374
186.829,73.994,65.296,37.793
185.808,74.691,65.620,37.732
186.221,74.834,65.959,37.553
186.079,75.076,66.171,37.460
186.017,75.194,66.389,37.334
185.554,76.054,66.729,37.155
187.397,80.499,67.174,36.952
188.460,78.712,66.937,37.206
187.204,77.721,66.950,37.443
187.389,75.972,66.733,37.739
187.484,76.620,66.922,37.786
188.846,77.143,67.225,37.685
188.772,76.960,67.065,37.944
187.806,77.193,67.349,37.815
188.221,77.340,67.737,37.701
189.436,77.777,67.979,37.879
189.903,77.603,67.790,38.055
189.021,77.810,68.196,38.079
190.425,78.466,68.353,38.162
190.436,77.686,68.355,38.310
190.056,77.778,68.584,38.381
190.004,78.423,68.903,38.335
190.777,77.672,69.152,38.536
191.846,77.815,69.342,38.676
192.634,77.309,69.072,39.218
192.732,76.621,69.157,39.587
192.576,77.497,69.648,39.637
192.880,77.265,69.869,39.802
193.305,77.870,69.979,39.943
192.538,77.948,70.384,40.055
