70.000,51.000,107.000,87.000
67.419,54.724,111.476,82.046
66.360,52.365,110.832,82.247
62.775,56.047,114.458,78.762
64.884,54.045,112.881,80.031
63.339,54.102,115.567,77.293
58.040,55.529,117.728,75.436
59.555,58.772,120.136,73.656
57.837,58.032,120.735,72.447
55.306,57.976,121.133,71.681
54.681,59.760,121.742,70.462
57.816,59.703,120.977,70.113
56.742,59.411,120.703,69.649
57.261,57.707,120.976,69.035
57.609,59.196,121.079,68.830
58.894,59.676,120.585,68.321
56.721,59.498,120.286,67.907
58.069,59.789,119.699,67.716
56.664,59.604,119.125,67.625
57.339,59.979,118.113,67.830
60.692,60.617,117.567,67.453
56.093,61.458,117.094,67.189
55.754,62.962,116.857,66.686
55.290,61.262,116.671,66.302
54.994,62.164,116.024,66.075
53.896,62.904,115.703,65.915
58.085,61.006,115.679,65.435
57.071,61.721,115.384,65.050
57.955,61.239,114.888,65.222
58.307,61.207,114.145,65.171
57.611,61.807,113.523,65.181
58.948,59.781,113.419,65.068
59.357,59.712,113.261,65.034
59.598,59.158,112.861,64.992
59.809,58.445,111.891,65.315
57.955,58.319,112.132,65.020
54.892,57.524,111.652,65.163
56.993,58.352,112.038,64.851
56.573,59.041,111.842,64.885
56.040,59.097,111.517,65.046
57.852,59.138,111.296,65.011
59.734,59.050,110.888,65.157
59.730,58.724,110.441,65.319
58.498,59.090,110.192,65.520
55.303,59.470,110.977,64.905
59.643,59.981,110.084,65.589
60.009,59.935,110.016,65.694
60.552,60.851,110.516,65.672
58.495,60.677,110.973,64.947
61.364,60.839,110.555,64.720
61.502,61.025,110.499,64.394
63.586,60.375,109.589,65.087
64.625,60.997,108.742,65.608
66.811,61.971,108.147,65.765
63.078,63.010,107.874,65.470
63.493,62.991,107.931,65.135
64.948,62.922,108.202,65.004
64.930,63.210,107.633,65.236
62.448,64.194,108.284,64.532
66.875,64.887,108.486,64.070
66.309,65.791,107.908,64.159
63.661,65.437,107.679,63.702
64.690,66.015,107.198,63.722
65.227,65.382,107.282,63.277
64.328,65.252,107.620,62.791
65.075,65.544,107.486,62.683
66.598,64.139,107.109,62.879
66.976,64.835,107.325,62.857
66.033,65.622,106.713,63.175
66.990,65.325,107.349,62.566
65.418,63.916,107.841,62.350
63.861,63.848,107.840,62.216
67.488,61.633,107.488,62.586
65.046,62.223,107.907,62.357
66.906,60.471,108.225,62.371
65.249,60.615,108.041,62.315
65.947,61.141,107.890,62.743
65.810,61.580,107.568,62.885
64.410,62.558,108.062,62.783
63.528,62.893,108.340,62.748
63.723,62.624,108.218,62.853
64.881,63.281,107.933,62.993
62.457,63.165,107.482,63.458
65.030,62.154,106.613,64.014
64.234,62.139,107.144,63.939
65.017,62.443,106.479,64.359
62.935,62.425,106.891,64.282
61.976,62.608,107.146,64.050
62.173,63.092,107.347,63.879
64.310,63.334,107.170,63.849
61.092,64.247,107.367,63.860
62.007,63.239,107.154,63.911
63.203,63.502,107.198,63.865
62.340,63.498,107.264,63.900
63.117,63.558,106.679,64.116
64.032,63.169,106.503,64.165
64.182,63.565,106.163,64.126
62.765,63.725,106.319,63.293
65.201,63.458,105.773,63.423
65.403,62.866,106.073,62.735
68.152,63.710,106.339,62.020
66.416,63.239,105.780,62.285
66.518,62.336,105.356,61.990
67.871,62.240,104.586,61.744
67.765,62.052,104.573,61.157
68.967,61.750,103.941,61.007
68.267,63.266,103.375,60.852
69.902,62.297,102.847,60.757
69.700,61.624,102.064,60.877
70.763,62.541,101.604,60.616
71.265,62.752,100.503,60.784
71.798,62.974,99.950,60.949
73.133,63.569,99.512,61.001
70.821,63.820,99.306,60.693
71.540,60.383,97.115,62.431
75.579,60.534,95.273,63.838
75.752,60.971,93.725,65.127
73.528,62.454,95.624,63.258
76.549,64.935,97.303,61.767
75.056,66.001,98.449,60.708
74.180,66.681,99.320,59.879
74.453,67.437,99.958,59.225
75.411,67.859,100.835,58.664
72.769,68.564,101.062,58.479
73.635,68.887,101.891,57.924
73.032,69.186,101.842,58.128
74.116,69.716,102.184,57.827
74.438,69.622,102.484,57.784
74.851,72.026,102.187,57.990
73.522,72.756,102.258,57.919
75.909,73.750,102.799,57.078
75.135,73.664,102.558,57.076
74.636,72.749,102.183,57.125
76.449,71.831,102.323,56.756
77.648,67.773,99.263,59.297
81.161,68.478,100.235,58.197
80.076,68.724,100.201,58.084
79.947,65.529,97.765,60.259
82.819,66.663,98.748,59.003
82.567,63.411,96.086,60.896
84.593,61.943,94.363,62.293
87.558,63.161,95.702,60.709
83.368,63.655,96.653,59.397
87.070,63.505,97.057,58.253
86.830,63.464,96.729,57.798
88.375,63.495,96.783,57.450
90.011,63.011,97.305,56.554
85.886,62.905,97.265,56.184
90.261,62.963,97.169,55.674
91.399,63.037,97.475,55.102
91.421,63.248,97.815,54.413
89.619,62.553,98.029,53.894
91.178,63.739,98.222,53.202
91.540,64.790,98.573,52.836
92.987,65.654,98.553,52.667
93.179,66.640,98.303,52.772
91.974,66.112,98.319,52.657
94.832,67.512,98.425,52.700
94.627,68.112,98.055,52.785
97.615,69.710,98.526,52.466
94.313,70.069,97.800,52.721
95.843,70.138,97.799,52.428
96.051,69.993,97.823,52.281
96.864,70.938,97.971,51.973
98.184,70.757,98.065,51.681
99.443,70.767,97.265,51.738
99.747,70.657,96.472,51.704
104.887,70.299,95.483,51.881
107.039,71.058,95.352,51.805
106.880,71.993,95.116,51.477
104.718,68.215,91.105,54.836
107.575,66.990,88.894,56.743
109.957,66.041,87.060,58.415
111.847,73.992,89.560,55.982
111.481,72.960,90.765,54.545
112.391,72.588,91.171,53.507
112.777,72.232,90.943,52.835
113.523,70.567,91.165,51.959
112.349,69.293,91.416,51.237
115.619,69.833,91.041,50.895
114.542,69.830,90.749,50.415
114.329,69.056,89.980,50.403
118.075,68.456,89.602,50.058
117.108,67.853,89.706,49.558
116.959,66.767,88.819,49.672
118.410,65.195,85.011,52.289
120.857,63.247,82.473,54.131
123.049,62.720,80.281,55.637
124.779,61.054,78.416,56.529
126.889,62.156,77.105,57.120
128.407,62.560,76.305,57.520
128.259,56.466,75.606,57.172
130.202,58.912,75.118,56.876
131.974,59.051,74.281,57.230
133.664,61.228,74.053,57.187
133.278,63.355,73.629,57.299
133.993,62.657,73.190,57.342
134.661,62.421,73.008,57.158
134.668,62.214,72.127,57.240
137.499,62.735,71.753,56.949
137.943,63.526,71.085,56.884
138.327,62.572,70.770,56.434
138.452,64.962,70.557,55.941
140.655,65.830,70.068,55.794
140.589,66.322,69.765,55.530
143.688,65.405,69.347,55.241
142.560,67.630,68.709,55.096
145.800,67.536,68.198,54.863
143.673,66.627,68.099,54.580
146.848,67.217,67.636,54.517
146.566,66.441,67.195,54.606
148.641,67.389,66.925,54.517
148.129,67.338,66.484,54.170
151.080,68.309,66.109,53.874
148.120,67.692,65.796,53.251
152.044,68.538,65.370,52.770
152.996,69.574,65.102,52.137
153.627,69.833,65.028,51.332
153.670,70.407,64.965,50.473
154.786,68.732,64.431,50.199
155.790,69.955,63.470,50.221
157.366,69.776,63.249,49.750
158.985,71.657,62.887,49.654
157.907,70.121,62.420,49.574
160.830,70.503,62.183,49.466
159.389,69.916,61.720,49.264
162.455,68.985,61.783,48.922
161.723,69.489,61.804,48.417
162.964,68.988,61.458,48.273
163.418,69.345,61.319,48.026
163.787,70.375,61.199,47.761
163.651,72.215,63.121,45.768
162.851,72.490,65.133,43.975
164.878,74.063,66.827,42.468
165.034,73.834,68.123,41.583
166.372,74.768,69.706,40.723
165.885,75.698,70.668,40.281
165.661,75.592,71.291,39.950
165.554,75.192,71.352,40.054
167.456,75.468,71.779,40.055
167.993,75.073,72.310,39.907
165.612,75.128,72.682,39.726
167.446,74.914,72.505,40.044
168.361,74.377,72.609,40.169
169.116,75.130,72.295,40.487
170.218,74.310,71.946,40.713
170.412,74.691,72.042,40.656
170.344,73.600,72.154,40.587
169.115,73.932,72.555,40.276
173.739,74.249,72.254,40.493
171.284,74.015,72.711,40.231
172.895,73.116,72.939,40.111
172.805,73.096,72.810,40.085
175.064,71.773,73.323,39.702
176.375,70.716,72.866,40.243
175.620,68.963,73.356,40.009
177.217,69.318,73.374,40.222
177.981,68.859,73.060,40.372
177.377,69.344,73.133,40.545
179.207,68.639,72.530,40.913
178.661,68.780,72.621,40.913
180.107,69.346,72.696,41.000
180.108,69.037,72.599,41.017
180.922,69.072,72.519,40.867
183.011,69.405,72.073,41.115
183.235,70.271,72.433,40.812
183.401,70.194,72.706,40.486
184.398,70.303,72.196,40.822
179.726,70.849,69.766,42.773
185.954,72.229,69.790,42.026
186.815,72.944,69.830,41.828
184.825,72.977,70.450,41.301
186.349,74.714,70.449,41.124
187.644,74.683,70.486,41.064
188.523,73.110,70.647,40.883
187.624,72.992,70.768,40.768
188.216,72.202,70.509,40.757
189.369,70.293,70.392,40.834
191.477,70.317,70.201,40.793
191.499,69.756,70.294,40.716
191.448,69.101,70.893,40.462
191.314,70.550,70.806,40.212
192.940,70.347,70.813,39.957
191.081,70.353,71.034,39.623
192.795,72.150,70.712,39.566
191.455,72.386,71.044,39.375
189.974,72.485,70.639,39.472
192.763,71.640,70.445,39.255
191.663,71.440,70.331,39.033
192.288,70.895,70.759,38.515
192.309,70.565,70.846,38.119
191.839,70.127,70.563,38.196
194.778,70.381,69.608,38.620
194.431,70.050,70.146,38.070
194.121,69.765,70.096,38.104
192.591,71.854,70.279,37.829
196.482,73.877,70.276,37.671
195.644,73.038,70.308,37.466
194.942,74.523,70.163,37.397
195.195,75.024,69.770,37.525
195.576,75.196,69.951,37.171
195.862,73.178,69.957,37.008
196.294,73.273,68.942,37.590
197.263,71.268,68.388,38.234
197.082,72.408,67.383,38.829
199.334,72.246,67.092,39.095
199.025,72.363,67.221,39.187
199.441,72.080,67.170,39.030
201.662,73.070,67.782,38.675
200.027,73.420,67.408,38.783
201.023,74.098,67.487,38.559
199.574,72.942,67.787,38.439
202.509,74.483,67.416,38.410
201.362,76.434,68.050,38.101
201.512,76.734,68.285,37.835
203.587,76.664,68.378,37.958
204.803,76.875,68.585,37.807
204.581,77.450,68.811,37.635
204.432,76.491,68.620,37.540
204.524,75.808,68.640,37.348
207.143,76.080,68.017,38.015
206.593,75.544,67.537,38.456
208.034,75.297,67.791,38.190
206.739,75.070,68.051,37.744
209.133,75.692,67.725,38.028
209.476,75.947,68.147,37.515
209.935,76.776,68.395,37.496
210.702,76.910,68.862,37.167
209.688,76.676,68.587,37.484
209.303,77.336,68.971,37.307
211.132,78.200,69.413,36.841
209.889,78.080,69.158,36.971
210.394,77.326,69.297,36.999
209.841,77.596,69.342,37.035
211.333,76.499,69.129,37.250
210.739,75.925,69.071,37.311
212.382,76.175,68.609,37.630
212.918,75.809,68.435,37.975
212.766,76.107,68.403,38.004
212.747,76.583,68.344,38.042
215.612,76.800,68.133,38.204
214.858,76.139,68.684,37.812
214.931,75.707,68.648,37.780
214.381,76.017,68.746,37.661
215.922,74.761,68.690,37.826
215.581,73.658,68.513,37.823
216.565,73.330,67.947,38.065
214.772,73.803,67.934,38.040
216.594,79.035,67.924,38.079
214.285,80.397,67.670,38.161
217.743,81.910,67.728,38.274
216.382,81.658,67.034,38.530
217.573,81.351,66.576,38.622
218.261,80.224,66.518,38.617
218.987,78.781,66.344,38.822
218.077,75.623,66.103,38.806
221.716,68.059,65.942,38.907
219.476,66.057,65.993,38.840
221.436,64.031,66.187,38.861
222.240,63.751,66.152,38.647
222.004,64.003,66.252,38.288
220.993,65.925,66.306,38.007
222.341,66.863,66.179,38.012
221.347,72.326,66.410,37.839
223.687,72.870,66.422,37.885
222.222,73.612,66.350,37.994
222.929,78.556,66.592,37.701
222.292,77.038,67.117,37.288
224.646,76.824,67.007,37.332
224.622,76.433,66.890,37.406
224.768,75.114,67.025,37.520
225.275,74.952,67.349,37.405
225.032,73.752,67.266,37.614
224.800,73.803,67.103,37.770
224.838,73.924,67.105,37.913
225.006,73.459,67.459,37.655
226.079,73.520,67.538,37.641
226.832,73.013,67.540,37.696
226.989,73.338,67.406,37.838
226.675,73.269,67.611,37.804
226.885,73.591,67.733,37.765
226.372,74.351,67.473,37.790
226.461,74.380,66.841,38.257
226.425,75.348,67.009,38.095
225.956,76.588,67.008,38.226
225.989,78.059,67.177,38.258
223.798,78.512,67.549,38.056
225.471,78.838,67.463,38.208
227.870,80.287,67.582,38.331
224.008,81.701,67.736,38.506
225.680,81.148,67.776,38.567
226.247,81.469,67.225,38.919
223.792,79.934,67.475,38.783
224.954,78.285,67.465,38.329
225.810,76.669,67.228,38.359
226.399,75.032,66.840,38.423
225.101,75.105,66.441,38.612
225.415,76.942,66.158,38.766
224.729,77.835,65.964,38.953
226.769,78.889,65.709,39.396
225.624,79.639,65.757,39.246
225.398,79.436,65.934,39.249
224.018,77.849,66.480,38.953
225.230,77.756,66.427,38.937
225.035,77.246,66.278,38.915
223.885,76.967,66.182,38.625
224.619,75.949,66.214,38.312
223.873,75.186,66.238,38.054
225.536,74.204,66.110,38.105
226.279,73.235,66.302,37.915
226.333,72.564,66.240,37.962
222.114,73.060,63.853,40.034
227.489,73.283,64.312,39.486
227.451,73.916,64.935,38.808
226.174,74.487,65.285,38.480
225.956,75.513,65.713,38.058
224.112,75.080,66.323,37.646
224.021,75.146,66.681,37.256
224.072,74.124,66.858,37.269
224.243,72.507,67.030,37.442
223.637,72.574,66.970,37.618
224.838,72.247,67.271,37.590
224.707,72.427,67.256,37.341
224.587,73.431,67.398,37.563
223.690,74.197,67.732,37.345
218.979,79.462,67.585,36.935
220.083,76.540,67.783,36.827
222.520,73.679,67.629,37.456
221.986,73.062,67.062,38.251
221.881,73.498,66.852,38.716
222.087,73.638,67.324,38.412
220.897,73.835,66.987,38.519
220.795,74.161,67.958,37.717
220.369,74.025,67.722,37.642
217.575,73.669,67.558,37.652
212.105,72.061,65.132,39.939
218.997,73.377,65.078,39.601
218.694,73.761,64.915,39.228
214.721,78.517,64.838,39.026
211.430,77.185,64.883,38.455
214.459,75.609,65.092,38.050
214.089,74.991,65.917,37.502
214.704,73.940,66.500,37.201
213.849,74.921,66.383,37.348
213.991,75.577,66.586,37.059
214.176,75.060,66.910,36.932
213.492,74.745,66.253,37.384
213.719,76.565,65.919,37.402
212.570,77.229,65.836,37.397
212.017,77.151,65.699,37.490
211.552,77.001,65.660,37.549
210.861,77.189,65.381,37.640
209.739,75.404,65.524,37.997
211.033,75.188,66.286,37.779
210.016,74.578,67.068,37.639
209.295,75.971,66.816,37.663
208.059,75.484,67.379,37.422
209.045,76.884,67.192,37.207
207.181,76.818,66.540,37.522
206.451,76.324,66.761,37.418
207.404,75.908,67.000,37.548
207.085,76.091,66.885,37.474
205.651,75.061,67.013,37.457
206.201,74.022,67.355,37.451
207.474,73.828,67.448,37.417
206.889,74.777,67.720,37.100
207.307,75.368,68.518,36.782
206.593,75.750,68.694,36.721
205.224,75.533,68.794,36.809
205.265,75.529,68.901,36.916
205.637,75.207,69.284,36.904
205.453,75.813,69.162,36.999
205.780,77.061,69.477,36.845
204.960,76.941,69.285,37.094
205.757,77.132,69.923,36.826
205.134,77.824,70.189,36.618
202.953,77.060,70.101,36.778
202.584,77.798,68.998,37.378
202.031,77.806,68.562,37.523
203.272,77.101,67.990,37.932
203.368,76.481,67.826,37.890
204.553,76.435,67.795,37.924
204.493,76.205,67.943,37.480
204.338,75.466,68.043,37.410
202.425,75.292,67.973,37.542
202.574,75.102,67.640,37.848
202.962,74.965,67.685,37.997
202.284,75.269,68.459,37.511
202.444,75.076,68.775,37.332
202.330,74.495,69.165,37.331
202.225,74.724,69.581,37.467
201.574,75.374,69.678,37.474
200.758,75.364,70.167,37.395
199.891,75.998,69.851,37.746
199.778,74.753,70.507,37.638
200.065,75.358,70.404,37.558
199.853,76.215,69.950,37.765
199.674,76.057,69.604,37.803
199.346,76.839,69.255,37.806
199.765,76.239,69.686,37.605
199.915,75.845,69.368,37.733
201.338,76.053,69.214,37.620
198.213,75.846,69.566,37.285
197.045,76.319,70.670,36.905
197.837,75.484,70.870,36.970
197.162,75.707,71.177,37.025
196.371,76.090,71.036,37.161
194.659,74.695,70.658,37.610
196.693,73.986,70.416,37.706
195.406,73.214,70.448,37.902
195.813,72.464,70.389,38.050
196.496,72.242,70.444,37.971
195.997,72.499,70.916,37.575
195.016,72.203,69.932,38.027
192.577,77.698,69.258,38.331
195.619,76.979,69.009,38.415
196.850,75.575,69.230,38.209
195.427,74.952,69.370,37.991
198.307,74.122,69.756,37.779
197.283,73.532,70.580,37.389
198.089,73.889,70.696,37.520
197.501,72.967,71.581,37.337
196.457,73.292,70.990,37.862
197.667,72.957,71.443,37.901
200.000,72.615,72.010,37.799
197.862,72.894,71.981,37.908
197.835,72.469,72.161,37.885
196.025,73.331,71.889,38.081
197.375,73.472,72.068,38.062
195.678,74.100,72.219,38.231
198.600,74.275,72.335,38.200
199.067,74.199,72.432,38.204
198.250,74.999,72.056,38.377
199.399,74.614,71.995,38.367
199.067,74.004,71.775,38.473
198.753,74.436,71.552,38.461
199.823,74.381,71.788,38.376
200.921,74.317,71.935,38.344
199.366,74.566,71.490,38.580
197.446,74.105,71.057,38.597
199.320,73.844,70.703,38.817
198.378,74.044,71.193,38.755
199.173,73.961,71.787,38.575
199.210,73.711,71.996,38.709
202.250,74.420,71.649,38.980
202.361,74.616,71.986,38.887
200.370,74.698,71.936,38.557
201.236,74.158,72.002,38.784
200.452,73.621,72.634,38.563
201.337,74.090,72.740,38.584
203.627,74.106,72.766,39.005
203.828,73.609,72.889,38.835
202.457,74.076,72.797,38.665
205.704,73.518,72.788,38.854
205.396,73.022,73.218,38.744
204.101,74.015,72.976,38.797
206.195,73.764,73.692,38.431
205.008,73.897,73.539,38.486
203.764,73.260,73.817,38.253
200.889,73.320,73.445,38.564
203.571,72.919,73.540,38.581
204.590,72.335,73.805,38.620
202.033,72.818,73.457,38.920
207.917,72.412,73.578,38.776
201.861,70.280,70.983,41.275
207.141,70.256,72.003,40.517
202.588,68.974,69.164,42.989
204.011,68.338,67.447,44.380
204.453,67.779,66.213,45.351
214.538,69.706,68.904,43.418
215.549,70.775,70.962,42.319
213.166,71.043,72.377,41.621
212.761,70.899,73.168,41.401
214.712,71.692,74.269,40.767
214.608,72.126,74.921,40.210
215.773,72.492,75.913,39.804
214.274,73.362,76.039,39.644
209.474,80.327,76.155,39.488
212.697,79.535,76.167,39.245
208.684,79.886,75.605,39.287
212.185,79.306,75.366,39.190
214.813,79.207,74.988,39.309
217.019,79.180,75.199,38.983
219.126,78.244,75.600,38.906
220.134,77.330,75.672,39.081
221.152,70.690,75.756,39.242
224.302,71.445,75.703,39.646
225.521,71.377,75.955,39.915
222.735,78.368,76.337,39.650
224.075,77.891,76.680,39.513
223.082,78.054,77.799,39.075
223.706,78.096,78.559,38.682
225.393,77.967,78.643,38.860
222.459,77.357,78.044,39.078
217.955,75.298,74.972,41.806
222.429,73.747,72.110,44.195
226.270,74.651,72.962,43.515
228.926,75.158,73.733,42.949
233.017,68.711,74.746,42.359
229.220,76.598,75.462,41.859
233.720,69.808,75.737,41.894
233.205,70.065,76.220,41.820
235.184,70.296,76.603,41.758
236.681,70.094,76.915,41.675
238.079,69.855,77.452,41.546
237.759,69.687,77.866,41.498
238.294,69.987,77.945,41.761
238.795,69.322,78.716,41.595
240.215,68.857,79.128,41.504
242.260,68.272,80.022,41.208
241.518,67.896,80.137,41.385
242.743,67.687,80.441,41.522
246.143,67.439,80.060,41.977
247.561,66.679,80.905,41.940
249.592,66.030,80.794,42.473
248.979,66.319,80.896,42.814
248.783,67.622,81.032,43.119
246.747,66.541,80.797,43.244
249.181,66.368,81.054,43.272
251.445,66.124,80.965,43.446
253.943,66.753,81.236,43.721
252.462,66.678,81.576,43.835
253.194,66.028,82.545,43.739
254.362,66.976,82.583,44.233
254.764,67.318,82.897,44.679
257.845,67.132,83.178,44.854
257.790,67.830,83.673,44.855
257.728,68.756,83.831,45.035
253.259,77.100,84.925,44.519
246.082,84.442,84.802,44.441
244.169,84.049,84.461,44.034
258.277,75.416,85.165,43.815
251.329,75.432,85.127,43.667
255.244,76.556,85.342,43.407
252.574,76.672,85.332,43.106
255.356,77.502,86.005,42.650
257.541,85.811,86.467,42.251
252.276,85.278,85.481,42.579
254.473,85.469,84.669,42.685
250.297,85.163,84.460,42.329
252.794,85.159,83.963,42.212
255.474,85.364,83.533,42.370
257.821,85.991,83.524,42.074
252.628,86.155,82.962,41.913
253.698,86.656,82.686,41.969
257.213,85.976,82.536,41.678
257.343,86.388,81.882,41.791
259.772,85.800,81.936,41.286
261.706,86.270,81.691,41.070
263.886,86.172,81.466,40.863
258.354,86.082,81.552,40.481
261.386,85.643,81.403,40.290
263.110,86.820,81.163,40.486
266.597,87.765,80.864,40.328
275.309,87.706,81.273,39.880
267.493,93.392,81.319,39.510
260.215,91.676,81.409,39.311
263.016,90.836,81.207,39.339
265.543,89.785,81.182,39.256
