143.000,125.000,30.000,54.000
141.186,127.859,31.849,51.505
141.139,128.756,33.299,49.343
140.379,130.156,34.444,47.583
140.287,130.639,35.130,46.387
139.571,132.057,35.693,45.343
139.202,132.274,36.044,44.509
139.861,133.465,36.343,43.788
139.410,133.731,36.432,43.399
139.322,134.867,36.390,42.949
139.601,133.560,36.005,43.059
140.362,134.040,35.805,42.827
142.744,133.388,35.700,42.512
138.949,134.494,35.648,42.390
139.451,133.719,35.391,42.467
139.506,132.522,35.088,42.519
142.589,131.152,34.843,42.767
139.187,133.834,33.014,44.396
140.554,132.866,31.768,45.689
145.315,133.430,30.696,46.948
143.989,134.227,31.400,46.424
140.330,135.511,30.493,47.216
141.154,134.608,29.832,47.979
137.828,135.587,28.939,48.663
139.027,135.690,28.424,49.152
140.129,136.664,27.974,49.735
136.363,136.749,27.470,50.334
132.165,134.066,26.117,51.759
132.858,134.178,24.448,53.749
133.131,134.275,23.381,55.212
133.770,134.639,22.395,56.565
133.889,139.771,21.749,57.069
133.604,142.996,21.373,57.090
133.764,141.389,20.924,57.070
134.395,141.419,20.608,56.964
134.725,143.517,20.422,56.935
134.523,141.607,20.189,56.769
134.613,137.271,19.962,57.025
134.513,140.373,19.961,56.805
134.555,139.434,19.909,56.955
134.820,138.847,20.012,56.828
135.654,140.993,21.017,55.357
135.767,140.062,22.120,53.832
131.484,139.099,22.830,52.961
135.971,131.173,24.580,51.026
131.041,134.615,24.960,50.262
131.469,134.844,25.141,49.906
132.410,135.439,25.258,49.735
139.642,132.236,26.660,48.339
144.471,131.551,27.982,47.008
145.852,132.607,29.505,45.587
149.908,133.004,30.639,44.712
153.933,134.068,31.421,44.158
153.235,135.857,31.892,43.964
150.728,138.461,32.318,43.830
146.541,138.522,32.732,43.634
146.043,138.126,32.978,43.280
144.322,138.994,33.358,43.135
142.146,140.845,33.714,42.993
138.321,146.390,32.260,44.978
138.578,147.892,30.942,46.188
139.702,148.794,30.108,47.217
140.585,147.146,29.463,48.163
141.920,146.329,28.809,48.960
138.502,149.518,28.263,49.539
139.441,143.770,27.931,50.105
140.208,142.742,27.841,50.289
141.535,138.312,29.103,49.080
151.015,134.629,28.502,49.615
150.813,129.469,28.218,50.035
154.620,124.297,28.074,50.246
158.857,114.186,27.910,50.477
158.941,104.839,27.838,50.657
158.863,99.273,27.467,51.284
158.499,94.286,27.461,51.445
157.460,88.155,28.589,50.434
155.985,84.118,30.433,48.734
167.389,80.139,31.435,46.992
168.139,78.892,30.390,47.802
178.798,89.722,32.111,46.262
183.801,102.196,33.410,45.513
184.846,107.773,34.305,45.158
185.476,107.436,35.099,44.729
184.074,103.709,36.114,44.001
183.513,104.575,36.916,43.568
183.129,104.781,37.478,43.296
182.573,105.326,37.989,43.101
182.398,105.177,38.402,42.968
181.934,105.501,38.892,42.805
181.889,105.872,39.188,43.094
181.709,106.171,39.594,43.266
182.139,105.886,40.113,43.046
181.980,105.624,40.687,42.702
182.328,106.103,40.879,42.938
182.456,107.288,40.714,43.771
181.483,106.548,41.271,43.645
181.560,104.719,41.533,43.610
181.433,103.977,41.701,43.678
181.576,104.239,41.715,44.081
181.570,105.219,41.603,44.631
181.442,106.072,41.609,45.173
182.667,106.078,41.721,45.685
182.128,106.830,42.012,46.011
182.187,107.868,42.420,46.297
181.388,108.299,42.568,46.838
181.198,108.026,42.782,47.138
180.289,106.967,43.144,47.306
179.605,105.805,43.492,47.366
179.790,104.467,43.539,47.692
180.244,103.564,43.479,47.769
180.420,102.505,43.624,47.716
179.596,102.038,44.092,47.190
179.572,101.174,44.559,46.512
179.132,100.061,44.927,45.941
179.776,99.524,44.892,45.750
180.167,98.925,45.034,45.493
179.848,99.388,44.953,45.586
180.260,100.041,44.787,45.915
180.124,101.734,44.406,46.397
181.191,102.442,43.761,47.156
180.527,103.161,43.683,47.411
180.236,103.218,43.801,47.474
180.087,102.743,43.909,47.587
180.720,102.121,43.736,47.624
180.161,102.323,43.788,47.565
180.563,101.826,44.029,47.214
181.687,101.401,43.942,46.892
176.972,95.648,43.878,46.740
177.390,96.197,43.860,46.596
178.456,96.827,43.792,46.488
178.850,97.551,44.074,46.430
178.576,98.700,44.277,46.491
179.022,99.226,44.483,46.265
177.950,94.946,44.952,45.975
176.346,90.049,45.550,45.461
175.247,88.368,46.148,44.819
177.008,82.675,47.101,43.670
176.950,82.923,48.384,42.286
173.540,107.247,50.128,40.801
170.789,101.496,51.759,39.661
170.116,95.268,51.744,40.251
164.501,90.458,53.640,38.541
163.500,90.696,52.935,39.383
156.019,86.176,53.941,38.478
148.721,86.605,54.491,37.994
147.580,86.521,53.403,39.309
148.679,92.516,50.062,43.096
150.147,92.617,46.765,46.708
147.838,80.092,46.747,46.988
145.933,80.101,46.567,47.629
145.268,80.945,46.573,48.167
150.053,81.004,46.796,48.483
149.674,80.390,47.332,48.477
137.699,89.883,45.124,51.104
137.011,91.364,43.337,53.306
130.782,91.742,42.022,54.800
123.011,97.836,43.970,53.209
114.235,99.032,44.383,53.440
114.347,99.487,44.430,53.394
121.642,99.706,44.616,53.243
122.930,99.566,43.886,53.854
130.628,98.250,43.941,53.719
125.444,97.821,43.200,54.450
126.468,97.487,43.204,54.679
127.163,95.944,42.537,55.415
175.599,90.570,43.915,54.024
175.385,92.316,44.783,53.234
177.315,98.591,45.001,52.854
177.908,99.996,45.582,52.292
178.433,101.341,45.485,52.388
178.498,102.544,45.674,52.563
178.795,103.688,45.824,52.751
178.350,104.704,46.146,52.797
178.929,105.003,46.301,52.809
179.068,104.956,46.489,53.000
177.593,101.456,47.131,52.684
177.674,103.186,47.234,52.943
176.568,104.384,47.347,53.479
177.508,105.754,47.487,53.908
176.251,106.157,47.522,54.332
177.164,101.968,47.470,54.954
178.792,102.594,47.271,55.318
180.190,104.032,47.147,55.977
182.277,104.338,47.106,56.174
182.255,100.217,47.479,56.443
181.206,101.334,47.898,56.514
181.239,101.723,48.076,56.778
181.789,101.861,48.274,56.920
183.105,101.616,48.413,57.134
182.133,101.339,48.522,57.438
182.313,101.852,48.439,57.611
182.588,101.656,48.723,57.476
183.326,101.806,48.948,57.315
183.873,102.418,48.859,57.590
178.674,103.143,49.421,57.427
178.810,103.684,49.851,57.331
176.821,105.558,50.277,57.351
178.913,114.025,50.418,57.612
183.604,127.338,49.907,58.396
190.608,132.571,48.311,60.191
197.070,131.357,47.267,61.405
198.562,129.477,45.194,63.725
199.667,129.455,43.532,65.539
199.463,136.058,42.468,66.333
198.971,135.730,41.910,66.491
200.157,134.648,41.245,66.834
207.048,131.829,40.261,67.482
207.430,128.988,39.803,67.835
207.066,133.767,40.197,67.286
205.104,132.367,40.547,66.818
199.910,130.315,40.841,66.491
200.993,121.659,41.349,65.973
200.946,121.014,42.000,65.359
180.748,86.750,40.868,66.714
180.332,79.631,40.022,67.598
175.365,72.438,39.644,68.355
140.510,58.397,39.690,69.253
134.139,52.274,41.771,67.391
127.484,43.851,41.631,68.244
120.274,36.351,41.133,68.902
112.990,28.390,40.005,70.275
106.966,27.098,37.570,72.421
58.798,23.170,38.520,70.751
56.811,27.410,38.840,69.900
50.178,30.442,37.482,70.933
60.280,24.604,38.648,69.663
53.495,20.385,41.208,66.856
52.498,23.347,45.196,63.231
52.324,26.914,48.034,60.693
53.022,27.595,48.943,59.286
51.835,21.784,50.095,57.047
52.119,23.382,50.604,55.565
52.063,24.505,49.993,54.946
52.163,25.709,49.105,54.747
52.438,26.435,48.235,54.974
52.989,26.700,47.512,55.128
53.023,26.739,46.654,55.233
53.994,26.698,46.115,55.162
54.380,26.222,45.432,55.127
54.297,26.130,44.973,54.888
54.052,26.703,44.804,54.584
54.619,26.943,44.608,54.159
54.630,26.905,44.164,53.965
54.842,27.126,44.032,53.562
54.798,27.230,43.659,53.450
55.221,26.881,43.395,53.131
55.114,27.312,43.180,52.790
55.387,27.143,43.042,52.493
55.045,27.258,42.947,52.038
55.366,26.696,42.919,51.682
54.505,26.685,42.871,51.132
55.106,26.668,42.889,50.787
54.183,27.207,43.042,50.187
55.311,26.852,42.875,49.990
54.301,27.097,42.911,49.515
55.415,26.913,42.792,49.434
55.256,27.227,42.866,49.052
55.147,27.270,42.760,48.805
54.925,27.419,42.706,48.642
55.077,27.400,42.721,48.282
55.230,27.392,42.734,48.020
54.417,27.820,42.861,47.582
55.150,27.752,42.505,47.658
55.291,27.618,42.409,47.459
55.433,27.496,42.347,47.313
54.615,27.728,42.520,46.883
55.324,27.924,42.412,46.855
54.994,28.050,42.173,46.859
55.719,28.224,41.947,46.968
55.534,28.448,41.812,46.957
55.324,27.891,41.691,46.864
56.225,28.095,41.747,46.680
55.099,28.036,41.648,46.520
56.248,27.977,41.488,46.517
55.047,28.057,41.563,46.321
55.760,28.073,41.546,46.174
55.433,28.221,41.581,45.976
56.192,28.172,41.552,45.924
55.393,28.348,41.695,45.593
54.930,28.336,41.438,45.702
56.130,27.961,41.235,45.802
55.691,28.199,41.186,45.573
56.161,28.265,41.145,45.459
55.263,28.437,41.255,45.171
55.751,28.356,41.222,45.143
55.353,28.562,41.308,44.990
55.846,28.532,41.248,45.025
55.420,28.652,41.329,44.902
55.044,28.483,41.120,45.057
56.304,28.115,40.829,45.278
55.792,28.624,41.140,44.821
55.180,28.696,41.071,44.672
55.366,28.851,41.020,44.575
55.566,28.911,40.955,44.526
55.651,28.941,40.906,44.483
55.795,29.012,40.871,44.460
55.577,28.610,40.737,44.539
56.034,28.910,40.888,44.203
55.486,28.636,40.871,43.988
55.956,29.068,41.033,43.742
55.407,28.802,40.984,43.677
55.619,28.860,40.821,43.711
55.768,28.906,40.726,43.727
55.912,28.969,40.618,43.772
55.173,28.719,40.793,43.587
56.348,28.605,40.685,43.541
55.906,28.422,40.823,43.204
55.628,28.458,40.944,42.767
56.351,28.821,40.881,42.636
55.325,28.691,41.192,42.223
56.096,28.916,41.065,42.231
55.753,28.957,41.251,41.974
55.341,29.054,41.319,41.631
56.066,29.141,41.190,41.545
55.239,28.626,41.375,41.219
55.401,28.927,41.332,41.007
56.183,29.383,41.143,40.931
56.154,29.330,41.165,40.710
55.405,29.110,41.331,40.459
55.545,29.098,41.307,40.206
55.531,29.160,41.304,40.006
55.620,28.898,41.312,39.803
55.605,28.624,41.325,39.368
56.036,28.220,41.467,38.897
55.640,28.010,41.672,38.293
55.279,28.040,41.740,37.870
55.480,28.176,41.700,37.660
55.181,28.196,41.805,37.373
54.891,28.262,41.951,36.899
55.083,27.852,41.713,36.818
54.856,27.968,41.752,36.453
55.492,27.623,41.696,36.235
55.042,27.747,41.702,35.735
55.421,28.036,41.336,35.509
55.558,27.788,41.317,35.154
55.427,28.237,41.026,34.924
55.856,27.816,40.952,34.587
55.741,28.410,40.752,34.420
55.556,28.686,40.554,34.316
56.179,28.235,40.486,34.057
56.007,28.733,40.306,33.934
56.046,28.895,40.210,33.823
56.637,28.444,40.108,33.604
55.845,28.785,39.983,33.433
56.617,28.768,40.063,33.236
56.618,28.823,40.034,33.142
56.695,28.795,40.015,33.050
56.731,28.790,39.988,33.007
55.728,29.090,39.792,32.888
56.174,29.074,39.649,32.786
56.621,29.032,39.565,32.680
56.757,29.060,39.562,32.579
56.930,29.027,39.566,32.514
57.016,29.041,39.569,32.477
56.516,28.936,39.627,32.403
56.412,29.384,39.384,32.372
57.147,29.087,39.203,32.444
56.229,29.599,39.158,32.371
56.886,29.278,39.023,32.447
56.991,29.372,39.023,32.284
57.152,29.418,39.013,32.175
57.286,29.356,39.020,32.094
57.353,29.315,39.029,32.036
56.785,29.086,39.069,31.991
56.715,29.767,38.964,31.913
57.261,29.234,38.797,31.997
56.528,29.913,38.806,31.923
57.081,29.439,38.690,32.009
56.952,29.354,38.644,31.887
56.861,29.210,38.616,31.783
56.844,29.075,38.607,31.724
56.760,29.913,38.457,31.729
56.987,29.610,38.494,31.668
56.901,29.548,38.488,31.655
57.119,29.262,38.473,31.642
56.874,29.917,38.489,31.521
57.134,29.566,38.473,31.569
57.011,29.405,38.441,31.600
57.391,29.780,38.392,31.521
57.227,29.583,38.346,31.600
56.978,29.366,38.334,31.639
57.291,29.716,38.249,31.578
57.368,29.305,38.216,31.653
57.077,29.859,38.213,31.580
57.612,29.040,38.106,31.628
56.876,29.560,38.061,31.597
57.196,29.073,37.872,31.612
57.452,29.369,37.903,31.588
57.133,29.808,38.036,31.530
57.451,29.330,37.839,31.579
57.099,29.708,37.973,31.512
57.373,29.235,37.814,31.556
57.087,29.683,37.979,31.491
57.479,29.291,37.802,31.534
57.489,28.999,37.742,31.546
57.223,29.685,37.573,31.551
57.549,29.276,37.678,31.473
57.368,29.509,37.628,31.387
57.781,29.678,37.642,31.269
57.645,29.915,37.599,31.224
58.019,28.913,37.594,31.198
57.524,29.243,37.577,31.162
57.902,29.374,37.621,31.076
57.350,29.665,37.600,31.079
57.751,29.737,37.624,31.049
57.747,29.937,37.682,31.012
57.801,29.666,37.600,30.998
57.784,29.882,37.672,30.962
57.869,29.617,37.609,30.952
57.907,29.761,37.673,30.922
57.468,30.068,37.700,30.942
58.007,29.619,37.624,30.946
57.522,29.906,37.641,30.962
57.618,29.631,37.620,30.920
57.572,29.839,37.712,30.902
57.567,30.032,37.775,30.882
57.594,29.776,37.685,30.905
57.581,29.942,37.741,30.896
57.590,29.640,37.682,30.889
57.582,29.883,37.727,30.878
57.688,29.580,37.677,30.870
57.760,29.760,37.733,30.885
57.868,29.960,37.752,30.902
57.431,29.836,37.730,30.904
57.931,29.919,37.770,30.892
57.510,29.779,37.770,30.895
57.521,29.903,37.802,30.892
57.618,30.004,37.852,30.863
57.691,29.729,37.767,30.860
57.750,29.902,37.783,30.875
57.795,30.047,37.838,30.868
57.387,29.915,37.822,30.858
57.779,30.018,37.846,30.855
57.361,29.826,37.816,30.844
57.817,29.908,37.818,30.855
57.365,30.245,37.814,30.883
57.854,29.202,37.812,30.923
57.467,29.566,37.737,30.959
57.968,29.658,37.765,30.936
57.510,30.019,37.732,30.960
58.058,29.614,37.666,30.936
57.608,29.891,37.640,30.972
57.553,29.637,37.562,30.970
57.489,29.800,37.603,30.982
57.606,29.422,37.519,31.009
57.497,29.486,37.538,31.009
57.378,29.461,37.604,30.977
57.854,29.379,37.603,31.014
57.892,29.246,37.611,31.038
57.347,29.259,37.586,31.081
57.738,29.188,37.571,31.099
57.748,29.099,37.574,31.087
57.606,29.435,37.416,31.068
57.591,29.308,37.503,31.060
57.612,29.187,37.547,31.055
57.622,29.177,37.646,31.003
57.878,29.145,37.735,30.970
57.674,29.164,37.847,30.912
57.695,29.210,37.964,30.851
57.671,29.218,38.029,30.805
57.740,29.241,38.084,30.771
57.793,29.293,38.098,30.765
57.792,29.249,38.098,30.766
57.701,29.253,38.061,30.788
57.564,29.175,38.005,30.844
57.229,29.066,37.870,30.933
57.868,28.862,37.747,31.012
57.330,29.587,37.518,31.157
57.864,29.471,37.501,31.175
57.875,29.399,37.549,31.136
57.269,29.417,37.471,31.186
57.610,29.339,37.498,31.183
