144.000,63.000,57.000,89.000
143.696,67.423,56.094,88.876
143.858,63.994,54.595,90.317
143.760,65.378,53.985,90.472
144.061,63.615,52.962,90.742
143.182,63.531,52.409,90.743
145.152,63.463,52.166,90.707
144.468,64.329,51.776,90.473
145.452,63.888,51.457,90.465
145.064,64.890,51.098,90.263
145.781,64.371,50.994,90.030
145.437,64.339,50.847,89.877
145.391,65.227,50.619,89.908
145.701,64.425,50.476,89.681
145.369,65.133,50.560,89.300
144.448,64.140,50.459,89.329
146.046,64.395,50.470,89.058
145.672,64.072,50.366,88.885
145.695,64.818,50.105,88.639
145.231,65.425,50.148,88.548
146.598,64.920,50.061,88.709
145.785,65.395,50.113,88.744
144.855,63.945,50.003,88.830
145.770,65.526,50.257,88.242
145.510,65.711,49.998,88.205
146.309,65.401,49.663,88.162
145.464,65.111,49.620,88.022
146.673,65.033,49.713,87.781
146.132,63.792,49.719,88.005
145.206,63.621,49.480,87.732
146.297,65.768,49.538,86.909
146.053,64.283,48.900,87.315
147.111,65.526,49.153,86.456
146.888,64.785,48.614,86.676
146.364,64.419,48.775,86.309
146.189,65.352,49.059,85.620
145.762,65.149,48.768,85.365
144.824,64.909,49.088,84.895
144.251,63.816,49.299,84.518
145.162,64.153,49.251,84.484
145.066,64.322,49.506,84.121
145.242,63.852,49.728,83.744
145.331,63.085,50.230,82.931
144.221,64.969,50.661,81.530
144.463,62.154,51.065,80.604
145.099,64.523,51.467,79.195
144.094,64.259,51.391,77.962
143.773,63.137,51.602,76.645
145.564,65.577,51.531,75.527
144.402,67.536,51.053,75.260
146.130,66.644,52.298,75.331
144.403,66.908,53.301,75.572
144.061,66.340,54.281,76.024
144.446,69.905,53.686,77.054
144.575,67.622,52.925,78.535
145.022,67.919,52.355,79.473
143.261,65.966,53.851,79.395
142.540,66.015,54.854,79.900
142.941,68.342,54.323,80.425
143.782,66.395,53.797,81.140
144.365,64.438,55.165,81.130
143.223,65.338,56.118,81.077
143.238,65.886,57.162,81.119
142.907,65.238,58.132,81.437
142.714,65.927,59.183,81.432
142.105,65.407,59.608,82.319
141.660,63.816,60.034,83.012
139.027,65.203,60.333,83.421
139.745,63.794,60.819,84.116
139.122,64.914,61.349,84.659
138.345,65.406,62.093,85.080
138.188,64.917,62.222,86.000
138.342,64.808,62.413,86.807
138.006,65.508,62.791,87.793
138.249,65.231,62.801,88.980
138.969,65.235,63.190,89.787
140.472,66.439,61.945,91.126
141.568,66.317,60.990,92.714
140.834,65.983,60.570,93.800
141.371,65.949,60.560,94.809
140.406,67.446,61.009,95.252
142.584,66.237,60.366,96.456
142.248,66.278,60.715,96.685
141.436,64.534,60.632,97.082
141.545,65.058,60.695,97.244
142.115,65.038,60.461,97.813
141.592,65.136,60.500,97.886
141.886,65.514,60.010,97.896
142.280,66.343,59.732,97.734
142.561,65.431,59.530,97.684
138.375,66.254,61.854,95.724
137.477,62.917,64.642,92.489
137.001,66.805,66.237,90.386
136.269,66.797,67.308,90.023
137.690,66.913,68.571,89.299
138.213,67.281,69.446,89.197
137.398,67.514,70.504,88.737
137.865,66.892,70.868,89.036
136.891,66.582,71.673,88.683
137.787,67.476,72.669,88.152
138.025,67.282,73.341,88.365
136.983,67.550,74.004,88.509
137.249,67.404,74.497,88.749
137.046,66.447,74.978,89.060
136.439,66.332,75.501,89.170
136.128,66.689,76.125,88.921
136.541,67.672,76.494,88.637
137.194,67.370,76.960,88.496
136.905,66.071,77.196,88.647
136.375,66.624,77.272,89.085
134.535,65.163,77.209,89.872
133.580,65.749,77.868,89.979
133.172,65.926,77.459,90.783
134.886,65.503,77.156,91.343
136.447,65.263,76.879,91.873
135.829,64.983,76.747,92.509
136.310,60.421,77.941,91.065
134.383,64.055,78.179,90.958
135.475,63.816,77.683,91.924
136.087,64.152,77.882,92.252
135.414,65.064,77.914,92.700
135.402,64.052,77.961,93.176
134.000,65.536,77.951,93.468
133.316,64.442,77.721,94.140
130.852,65.428,77.932,94.536
129.946,65.231,79.227,94.150
129.054,65.744,81.066,93.216
127.151,66.171,82.262,92.487
125.998,66.488,83.569,91.357
125.063,67.160,85.795,90.105
123.812,69.536,87.407,88.671
147.734,72.750,85.769,88.924
155.290,70.497,83.890,90.034
163.554,73.179,82.311,90.380
162.941,74.913,80.709,90.449
164.030,74.386,79.012,90.937
164.929,75.063,77.626,90.949
164.642,74.083,76.734,90.874
164.879,74.174,75.864,90.699
165.509,74.741,75.090,90.310
165.641,74.132,74.240,90.128
173.672,71.668,73.458,91.096
167.958,73.901,73.057,91.343
166.976,77.404,69.448,92.359
165.606,73.232,66.050,93.749
165.099,73.808,64.101,93.613
165.261,74.076,62.069,93.777
166.332,70.819,60.391,94.438
166.850,71.015,59.276,94.105
168.287,73.200,58.067,93.676
167.716,74.291,57.363,92.660
167.338,75.917,56.394,91.659
168.590,75.312,55.385,91.593
168.897,73.661,54.363,91.530
169.805,74.311,54.187,91.135
168.607,74.189,53.669,91.003
170.266,74.086,53.678,90.791
169.362,75.216,53.014,90.481
170.030,74.932,52.377,90.483
171.118,75.331,51.879,90.436
170.556,75.267,51.373,90.244
171.859,74.968,50.919,90.247
170.160,75.185,50.653,89.755
170.721,75.829,50.765,89.477
170.564,75.075,50.377,89.660
171.671,75.845,50.203,89.384
171.056,75.238,49.796,89.206
171.347,76.800,49.895,88.717
172.636,75.447,49.314,89.121
172.185,74.651,49.067,89.102
172.943,75.992,48.902,88.924
171.921,75.111,48.650,88.637
172.949,75.185,48.389,88.614
172.450,76.366,48.504,88.101
172.804,74.429,48.039,88.244
172.149,77.455,48.530,87.326
172.329,75.958,48.046,87.771
172.370,75.856,47.937,87.731
172.779,75.795,47.884,87.741
172.991,76.035,47.906,87.741
172.115,75.539,47.777,87.569
172.565,77.112,47.746,87.465
172.902,74.866,47.436,87.556
172.580,75.791,47.469,87.501
172.770,75.310,47.208,87.668
173.162,76.120,47.213,87.744
173.209,75.391,47.134,87.665
173.402,76.127,47.159,87.677
174.943,74.353,46.532,88.867
176.122,75.042,46.637,88.975
176.540,75.837,47.029,89.174
177.074,74.965,46.923,89.581
177.924,77.536,47.431,89.147
179.425,75.746,47.438,89.822
180.568,76.716,47.610,89.794
181.629,77.793,48.021,89.742
183.176,77.829,47.793,90.325
183.818,76.281,47.719,91.365
185.012,76.054,48.393,91.440
185.795,76.255,48.602,91.409
185.968,75.859,49.169,91.350
185.362,77.912,49.853,90.738
185.156,76.282,49.740,90.959
185.345,77.425,49.959,90.683
185.271,77.676,50.126,90.573
185.725,77.712,50.227,90.471
187.051,78.564,50.321,90.397
187.717,77.001,49.865,91.176
188.811,76.332,49.168,92.415
191.323,77.140,48.743,92.808
195.856,78.326,48.611,93.289
199.818,79.578,48.399,94.143
203.132,80.030,48.671,94.911
205.006,81.173,49.246,95.150
207.694,80.193,49.194,95.928
210.455,82.593,49.377,95.933
212.261,82.647,49.363,96.736
213.817,83.351,49.656,97.295
214.325,82.690,50.509,96.761
213.680,84.196,51.284,96.444
214.173,83.950,51.896,96.057
214.405,82.539,51.906,96.476
214.197,86.192,51.710,96.733
217.504,85.777,51.413,97.026
218.064,85.064,51.484,97.322
217.510,86.371,51.913,96.408
216.997,84.431,52.290,96.345
217.947,81.743,52.581,96.435
220.161,77.643,52.496,96.981
219.686,76.654,52.712,96.739
220.061,75.507,53.040,96.138
220.163,77.154,53.364,95.314
219.910,76.114,53.401,95.091
219.148,76.774,53.261,95.279
217.886,76.670,53.058,95.580
215.569,78.704,52.740,95.599
213.123,76.733,52.139,96.325
209.829,77.734,51.775,96.273
203.170,76.452,51.081,97.246
199.769,75.398,50.920,97.283
196.441,75.579,50.776,97.147
193.158,75.530,50.498,97.072
184.522,74.522,50.065,97.335
182.633,75.128,49.888,97.392
180.126,73.490,49.761,97.266
177.530,74.165,49.770,96.790
174.604,75.176,50.202,95.864
171.681,74.527,50.203,95.508
169.095,74.283,50.279,94.785
167.570,75.272,50.653,94.031
166.897,75.044,50.302,93.453
167.249,74.826,50.188,93.004
167.043,74.749,49.876,92.598
166.654,74.883,49.636,92.202
167.233,76.844,49.736,91.322
167.270,75.739,49.693,90.816
166.973,75.797,49.317,90.831
165.571,77.064,49.363,90.346
173.495,77.328,48.360,91.048
173.349,78.857,48.147,91.100
176.415,79.322,47.945,91.705
183.207,78.641,47.579,92.581
184.396,78.810,47.661,93.369
188.667,80.053,47.766,93.723
193.847,80.615,47.773,94.894
198.933,82.031,47.949,95.749
202.630,81.287,48.402,96.446
205.728,82.401,49.140,96.848
207.164,83.043,50.003,96.932
208.014,81.145,50.753,97.015
206.998,83.430,51.984,96.395
206.554,83.754,52.688,96.451
206.544,83.002,53.211,96.488
205.358,84.155,53.474,96.370
202.384,84.063,53.724,96.872
198.361,82.242,53.704,97.176
194.337,81.376,53.435,97.291
187.907,80.867,52.835,98.080
185.105,79.445,52.623,98.321
182.371,78.889,52.148,98.270
175.681,79.572,51.577,98.362
173.970,76.910,50.869,98.459
170.789,77.120,50.791,97.509
168.362,79.008,51.208,96.218
168.143,77.225,51.158,95.534
166.553,80.827,52.046,93.739
165.765,78.757,52.062,93.478
167.344,79.428,51.678,93.448
166.693,78.707,51.888,93.106
166.789,79.085,51.759,92.673
168.576,79.448,51.106,92.947
171.790,79.824,50.644,93.444
175.071,81.210,50.042,94.327
181.602,80.669,49.549,95.110
181.503,80.725,49.238,96.015
186.666,80.289,48.694,97.313
191.175,81.773,48.527,97.940
195.712,80.928,48.465,98.736
198.639,82.803,48.498,98.532
201.097,82.413,48.811,98.448
201.012,83.440,49.185,97.848
203.253,83.461,49.482,97.523
204.379,84.066,49.750,97.515
205.573,84.797,50.545,97.212
206.046,85.910,51.157,96.339
205.263,86.731,51.579,95.835
205.735,84.636,51.829,95.702
206.365,85.542,52.475,94.968
205.476,84.247,52.442,95.270
205.551,85.269,52.907,94.610
205.415,86.190,53.104,94.298
206.534,84.891,53.262,94.066
204.603,88.247,53.210,93.506
204.630,86.464,52.942,93.761
205.194,86.237,53.118,94.010
206.425,85.035,53.316,93.878
204.770,88.241,53.155,93.922
204.597,86.010,52.944,93.826
205.167,85.907,53.139,94.041
205.772,85.910,53.233,94.019
204.299,86.932,53.196,94.250
204.485,87.253,53.018,94.301
205.261,86.160,52.845,94.578
206.497,85.032,53.152,94.236
204.534,87.036,53.209,94.202
205.089,84.555,52.986,94.349
205.456,86.850,53.390,93.673
