141.000,73.000,27.000,34.000
140.875,73.304,27.548,33.550
141.103,74.014,27.965,33.086
140.649,75.517,28.199,33.204
141.755,73.204,28.258,33.422
141.416,73.984,28.505,33.345
142.248,73.545,28.762,33.232
142.735,74.287,28.838,33.112
143.668,73.786,28.890,33.163
143.627,74.201,29.030,33.193
144.601,74.496,29.035,33.308
144.550,73.708,28.933,33.665
145.688,74.122,28.894,33.649
146.451,74.309,28.987,33.800
146.843,74.546,29.007,33.956
147.033,74.154,29.098,34.151
148.354,73.554,29.132,34.206
149.247,74.099,29.206,34.088
150.108,73.166,29.202,34.273
151.025,73.366,29.335,34.240
153.249,73.771,29.677,34.148
153.006,73.991,29.796,34.357
153.719,73.663,30.090,34.446
155.120,73.737,30.352,34.594
157.110,73.941,30.585,34.617
157.495,73.877,30.711,34.937
158.810,74.373,31.092,34.915
159.930,74.313,31.266,35.132
161.495,74.129,31.598,35.320
162.373,73.737,31.872,35.495
164.447,73.449,32.137,35.510
164.811,73.556,32.305,35.615
165.755,73.559,32.508,35.720
166.971,73.353,32.691,35.748
167.900,73.053,32.710,35.930
169.220,73.439,32.901,35.913
170.053,73.771,32.929,36.029
171.504,72.839,32.686,36.432
172.602,73.271,32.691,36.451
172.710,72.529,32.696,36.807
174.347,72.796,32.924,36.829
173.593,72.556,33.084,36.947
174.584,72.443,33.145,36.972
174.058,71.838,33.100,37.102
174.830,72.068,33.290,37.061
174.369,71.974,33.336,37.243
174.165,72.219,33.308,37.367
173.355,71.999,33.241,37.591
172.743,71.581,33.182,37.853
171.756,71.868,33.278,37.948
170.169,71.987,33.352,38.072
169.311,71.787,33.366,38.219
168.317,71.618,33.446,38.226
167.050,71.356,33.488,38.287
165.231,71.420,33.620,38.285
163.308,71.738,33.675,38.447
161.614,71.688,33.601,38.623
160.298,71.253,33.473,38.838
159.014,71.057,33.515,38.938
157.062,71.304,33.559,39.090
152.013,71.019,33.819,39.409
151.921,71.984,34.057,39.429
149.557,71.702,33.945,39.766
148.278,71.154,33.891,40.007
146.828,71.349,33.826,40.106
144.288,71.057,33.914,40.181
142.140,70.760,33.819,40.272
140.363,71.500,33.823,40.211
137.837,71.090,33.794,40.366
136.837,70.857,33.875,40.263
132.677,71.109,34.192,39.917
132.878,71.060,34.466,39.462
130.628,71.105,34.390,39.490
128.313,71.058,34.346,39.462
127.168,71.058,34.240,39.332
125.301,71.653,34.284,39.058
123.462,71.826,34.213,38.896
121.850,71.937,34.149,38.824
120.017,72.385,34.130,38.839
118.802,72.172,34.064,38.860
115.967,72.398,34.326,38.805
115.531,72.546,34.499,38.704
115.085,72.703,34.619,38.621
114.375,72.093,34.647,38.714
113.269,72.019,34.729,38.751
112.197,71.900,34.620,39.016
111.889,72.466,34.620,39.241
111.599,72.509,34.635,39.545
111.120,71.858,34.668,39.940
110.504,71.824,34.757,40.319
109.622,72.116,34.868,40.740
109.524,71.755,34.882,41.335
109.200,71.695,35.059,41.781
108.534,71.190,35.068,42.290
107.826,70.682,35.288,42.715
106.832,70.147,35.790,42.970
105.904,70.316,36.294,43.310
105.842,69.912,36.851,43.707
105.732,69.442,37.409,44.082
105.353,68.972,37.969,44.252
105.357,68.394,38.437,44.513
105.333,68.345,39.031,44.606
104.883,68.056,39.419,44.937
105.202,67.798,39.647,45.214
105.552,67.645,39.867,45.576
106.186,67.684,40.007,45.852
106.927,67.954,40.163,46.261
107.858,68.336,40.197,46.810
108.906,68.852,40.385,47.296
110.084,69.135,40.352,47.894
112.800,69.443,40.331,48.369
113.842,69.200,40.347,48.980
115.244,69.229,40.493,49.343
116.781,68.843,40.471,49.716
118.444,69.239,40.472,49.908
120.237,68.491,40.439,50.080
121.825,68.678,40.622,49.885
123.762,69.401,40.744,49.507
124.522,68.992,40.595,49.527
126.820,69.321,40.608,49.231
129.923,68.439,40.232,49.214
130.319,69.663,40.393,48.939
131.371,68.896,40.146,48.948
132.519,68.914,39.872,48.945
133.893,68.744,39.519,48.669
135.571,68.675,38.972,48.328
136.635,69.481,38.522,47.990
138.164,68.566,37.812,47.745
139.885,69.223,37.275,47.360
141.559,69.222,36.675,47.282
144.055,69.877,36.113,47.008
144.957,70.680,35.888,46.386
146.199,71.899,35.661,45.803
147.233,72.559,35.339,45.171
147.870,72.444,35.181,44.606
149.353,73.005,35.033,43.978
149.853,73.332,34.698,43.599
150.383,72.815,34.334,43.335
151.174,73.666,34.188,42.880
151.751,74.392,33.988,42.530
152.718,75.642,34.013,42.020
153.037,75.767,33.830,41.893
153.407,75.129,33.496,41.903
153.479,75.623,33.286,41.546
154.202,77.018,33.338,41.094
154.767,77.726,33.179,40.715
154.764,78.173,32.898,40.577
154.161,78.923,32.639,40.422
155.157,80.045,32.490,39.991
154.557,80.640,32.406,39.764
154.563,82.101,32.446,39.251
154.419,81.625,32.323,39.120
154.762,82.673,32.347,38.612
154.310,83.442,32.295,38.074
154.489,84.032,32.286,37.480
153.821,84.685,32.264,36.902
154.202,85.572,32.431,36.193
154.547,86.547,32.620,35.428
154.625,87.978,32.880,34.614
154.671,88.751,32.963,33.928
155.451,89.824,33.144,33.138
155.238,90.231,33.155,32.603
155.477,90.379,33.136,32.162
155.489,91.065,33.107,31.786
155.823,91.652,33.123,31.363
155.827,91.968,33.011,31.083
155.655,92.200,33.010,30.857
156.120,92.560,32.986,30.447
155.999,93.078,32.805,30.323
155.504,92.404,32.691,30.242
155.015,92.895,32.726,30.081
155.286,93.184,32.677,29.783
154.819,93.031,32.722,29.626
154.121,93.050,32.654,29.516
154.297,92.949,32.574,29.398
153.914,92.090,32.539,29.380
153.579,91.093,32.164,29.558
152.737,91.100,31.958,29.591
152.818,90.001,31.647,29.722
152.437,90.059,31.245,29.860
151.840,88.355,30.820,30.315
151.478,88.025,30.646,30.477
151.203,86.892,30.397,30.769
150.247,86.294,30.151,31.151
149.318,85.846,30.042,31.311
148.913,84.999,30.162,31.486
148.784,83.910,30.256,31.799
148.762,83.290,30.310,32.154
148.711,82.721,30.252,32.549
148.612,81.821,30.141,33.140
149.225,80.357,29.874,33.781
149.494,80.114,29.781,34.245
149.149,79.577,29.720,34.638
149.293,78.919,29.789,34.856
149.282,78.719,29.859,35.098
149.551,78.259,29.842,35.290
149.330,77.599,29.846,35.476
149.185,77.319,29.949,35.587
149.456,77.155,29.942,35.834
149.845,76.951,29.988,35.936
149.517,76.209,29.974,36.091
149.394,75.843,30.084,36.167
149.299,76.433,30.370,35.904
149.584,75.413,30.385,35.963
149.475,75.302,30.449,35.936
149.610,75.203,30.482,35.943
149.787,75.132,30.534,35.986
149.663,75.336,30.791,35.894
149.289,75.427,30.988,35.800
148.552,75.616,31.128,35.715
147.357,75.793,31.330,35.771
146.853,75.989,31.399,35.870
145.794,76.381,31.657,35.693
144.527,76.559,31.829,35.716
142.782,76.502,32.011,35.580
140.702,77.034,32.381,35.360
138.512,76.859,32.842,35.244
135.983,77.218,33.153,35.230
133.515,77.882,33.362,35.203
131.778,78.018,33.432,35.304
125.907,77.648,33.299,35.759
125.512,77.927,33.231,36.031
122.544,79.006,33.229,36.222
119.839,78.564,33.034,36.828
117.695,78.029,32.852,37.380
114.710,77.953,32.923,37.634
112.466,77.179,32.747,38.087
109.964,77.088,32.820,38.253
108.436,77.073,32.863,38.508
107.340,77.006,33.100,38.487
104.013,76.607,33.380,38.693
104.022,75.937,33.613,38.626
102.714,75.482,33.901,38.624
101.276,74.916,34.240,38.601
100.677,74.498,34.420,38.635
99.505,74.125,34.513,38.714
99.209,73.557,34.652,38.862
98.636,73.384,34.818,39.052
98.047,73.230,34.858,39.296
97.419,73.659,35.180,39.337
96.746,73.259,35.133,39.570
96.984,72.828,35.282,39.666
96.320,72.267,35.419,39.995
95.889,71.353,35.603,40.189
95.386,71.538,36.200,40.150
95.498,71.222,36.456,40.236
95.041,70.841,36.580,40.592
95.266,70.550,36.738,40.844
95.859,70.983,36.996,40.896
95.825,71.817,37.239,41.020
96.661,73.018,37.312,41.033
96.276,73.094,37.362,41.284
97.024,73.440,37.347,41.502
96.899,74.914,37.426,41.591
97.474,74.620,37.369,41.926
96.399,74.846,37.419,42.114
96.611,74.729,37.416,42.282
95.614,74.829,37.534,42.406
93.978,74.749,37.545,42.542
93.349,74.238,37.517,42.626
89.493,74.312,37.850,42.685
90.529,74.352,37.694,42.751
88.517,73.984,37.849,42.681
86.571,73.781,37.800,42.784
84.891,73.931,37.982,42.754
82.848,74.286,38.106,42.734
80.895,73.982,38.062,42.775
78.600,74.014,38.126,42.813
76.439,74.223,38.110,42.937
73.889,74.210,38.220,42.970
67.462,74.525,38.546,42.952
68.730,74.402,38.268,43.072
65.915,74.293,38.468,43.134
62.569,74.080,38.639,43.208
58.908,73.926,38.818,43.242
55.445,73.684,39.036,43.304
52.613,73.535,39.113,43.343
49.175,73.576,39.287,43.456
45.740,73.793,39.395,43.554
42.800,73.446,39.446,43.657
37.025,73.815,39.569,43.785
38.188,73.978,39.189,43.881
35.242,73.957,39.212,43.814
32.361,73.984,39.181,43.796
30.330,74.153,39.020,43.717
28.148,74.439,39.069,43.566
25.686,74.723,39.074,43.524
24.566,74.583,38.761,43.647
22.428,74.475,38.672,43.607
21.016,74.538,38.655,43.513
16.885,74.108,38.833,43.525
17.314,74.645,38.708,43.659
15.860,74.822,38.650,43.598
13.616,74.775,38.716,43.532
12.645,75.222,38.622,43.521
11.362,74.918,38.467,43.490
10.184,74.933,38.431,43.566
9.178,74.848,38.382,43.627
8.480,74.866,38.301,43.677
8.113,74.616,38.107,43.898
6.932,74.046,38.129,43.868
6.646,74.102,38.038,43.854
5.978,73.843,38.036,43.795
6.210,73.451,37.916,43.753
5.848,74.276,38.047,43.552
5.641,74.015,37.993,43.584
5.851,73.499,37.899,43.614
5.400,73.265,37.880,43.501
5.349,73.626,37.976,43.393
5.567,73.348,37.857,43.349
6.086,72.559,37.705,43.362
5.897,72.756,37.794,43.230
6.480,72.513,37.703,43.308
6.205,73.050,37.747,43.154
6.659,72.798,37.807,43.114
7.041,72.609,37.760,43.123
7.339,72.938,37.863,43.046
8.064,72.680,37.860,43.100
8.628,72.486,37.858,43.158
9.876,72.818,37.772,43.180
12.351,73.312,37.899,43.055
12.227,73.506,38.003,43.088
14.504,73.777,38.015,42.880
17.011,74.928,38.085,42.666
19.504,75.894,38.135,42.550
21.753,76.823,38.126,42.472
24.924,78.046,38.116,42.353
28.390,79.929,38.258,42.089
31.894,81.651,38.374,41.868
34.912,83.722,38.361,41.676
42.518,88.010,38.629,40.785
42.679,89.416,38.688,40.887
46.186,91.132,38.553,40.941
49.770,93.333,38.572,40.601
52.634,96.019,38.611,40.229
56.093,97.982,38.488,39.916
58.718,100.334,38.504,39.577
61.644,102.555,38.553,39.232
64.215,104.990,38.634,38.704
66.922,107.028,38.689,38.359
70.709,110.019,38.518,37.946
71.964,112.041,38.617,37.947
74.248,113.966,38.497,38.069
76.395,115.651,38.487,38.078
78.235,116.722,38.617,38.028
80.274,118.144,38.530,38.141
81.724,119.338,38.470,38.129
83.801,120.536,38.297,38.193
85.769,121.334,38.265,38.073
87.201,122.324,38.187,38.111
89.815,123.749,38.154,37.962
90.619,124.954,38.419,37.811
92.191,125.747,38.495,37.807
93.107,126.366,38.574,37.988
94.306,127.039,38.765,38.041
95.241,127.464,38.800,38.238
97.075,128.051,38.705,38.609
98.228,128.695,38.684,38.852
99.730,129.261,38.718,39.128
101.282,129.559,38.630,39.493
103.471,130.580,38.684,39.638
104.183,130.859,38.763,39.842
104.920,131.048,38.840,40.129
105.560,131.057,38.810,40.418
106.107,130.475,38.866,40.791
106.039,129.869,38.971,41.051
107.061,129.255,38.857,41.574
107.193,128.150,38.989,41.820
107.125,126.755,38.967,42.107
107.764,125.620,38.916,42.678
108.427,124.294,38.637,42.877
108.350,122.988,38.490,43.167
108.565,121.855,38.350,43.353
109.089,121.383,38.148,43.575
110.049,120.996,37.872,43.995
110.636,119.999,37.589,44.277
111.577,119.451,37.426,44.387
112.841,118.068,37.318,44.429
113.125,117.394,37.350,44.683
113.731,116.853,37.464,44.683
115.676,115.523,37.682,44.431
115.860,115.585,37.838,44.454
116.232,115.331,38.079,44.350
116.803,114.976,38.404,44.044
117.097,114.575,38.692,43.951
117.444,114.371,38.963,43.637
117.490,114.113,39.287,43.405
117.667,113.812,39.435,43.138
117.630,113.213,39.460,42.951
117.511,112.585,39.511,42.969
117.808,111.675,39.837,42.765
117.038,111.347,40.088,42.642
117.236,111.129,40.362,42.501
117.305,111.091,40.602,42.466
118.005,111.068,40.862,42.246
118.537,110.781,41.129,41.984
118.909,110.930,41.276,41.850
120.357,110.684,41.524,41.535
121.469,110.223,41.606,41.328
123.278,110.309,41.708,40.922
126.701,109.125,42.139,40.407
126.653,109.697,42.396,40.194
129.347,109.473,42.569,39.845
132.455,109.105,42.675,39.500
135.254,108.404,42.850,39.048
138.811,107.741,42.973,38.580
142.370,107.300,43.173,38.105
145.927,107.701,43.226,37.576
148.895,107.188,43.368,37.128
152.228,106.213,43.479,36.775
159.519,104.933,43.095,36.666
160.371,105.001,42.620,36.699
162.631,103.133,42.051,36.710
165.057,101.602,41.665,36.640
167.539,100.461,41.463,36.280
170.028,99.263,41.092,36.065
171.986,99.499,40.676,35.926
173.928,99.038,40.224,35.699
175.480,98.735,39.786,35.529
176.547,98.456,39.430,35.395
177.795,97.983,39.134,35.157
178.163,97.947,38.726,35.154
178.592,97.274,38.350,35.221
178.144,96.928,38.059,35.301
177.651,96.773,37.749,35.382
177.550,96.376,37.648,35.320
176.876,96.304,37.347,35.476
176.111,96.098,37.115,35.587
175.052,96.259,37.061,35.539
174.509,96.622,37.088,35.353
172.274,96.133,36.897,35.533
171.377,96.050,36.937,35.465
170.311,96.921,36.717,35.488
168.967,96.820,36.598,35.471
167.369,96.723,36.555,35.455
166.292,96.767,36.685,35.332
165.583,96.524,36.812,35.193
165.246,96.174,36.779,35.005
164.830,95.700,36.686,34.875
164.630,95.615,36.564,34.866
165.709,94.221,36.459,34.693
165.806,94.325,36.432,34.554
166.842,93.908,36.486,34.326
168.055,93.232,36.481,34.115
169.393,92.291,36.441,34.043
170.768,90.631,36.248,33.986
175.787,91.246,36.056,34.059
177.011,90.132,35.864,34.055
181.719,89.685,35.633,34.025
183.392,88.255,35.504,33.972
189.143,87.493,35.378,33.969
189.991,87.369,35.233,33.913
191.941,87.069,34.994,33.931
197.093,87.080,34.617,34.087
199.160,86.866,34.440,34.152
201.084,85.891,34.236,34.323
203.051,85.542,34.279,34.513
205.595,85.221,34.291,34.632
207.700,85.118,34.505,34.523
210.307,84.349,34.686,34.386
213.834,84.171,34.619,34.453
214.877,84.585,34.983,34.201
216.749,84.199,35.197,33.944
218.462,83.038,35.408,33.672
220.476,83.175,35.550,33.383
223.088,82.070,35.627,33.054
225.080,80.459,35.767,32.769
227.532,79.343,35.803,32.758
229.811,78.141,35.814,32.718
232.211,77.955,35.581,32.787
236.815,76.031,35.305,32.889
237.319,76.378,35.256,33.061
239.286,76.408,35.137,33.239
241.864,75.306,35.107,33.396
243.071,74.383,35.139,33.557
244.037,73.880,35.253,33.688
245.746,73.107,35.307,33.785
246.481,73.085,35.255,34.105
247.156,72.144,35.057,34.627
247.233,72.476,35.016,35.163
247.978,71.621,34.920,35.696
248.040,71.771,34.945,36.030
248.094,71.550,34.997,36.303
247.496,71.355,35.070,36.583
246.737,71.198,35.256,36.756
245.703,71.364,35.499,36.990
244.409,71.027,35.674,37.260
243.658,70.627,35.971,37.488
242.312,70.283,36.362,37.400
240.982,70.182,36.822,37.343
238.249,70.387,37.441,37.215
237.873,70.571,37.796,37.384
236.525,70.545,38.287,37.385
234.203,70.636,38.637,37.488
232.762,71.023,38.871,37.654
231.113,71.349,39.250,37.727
229.464,71.939,39.443,37.800
227.005,72.359,39.702,37.821
225.326,72.811,39.773,38.051
223.827,73.087,39.742,38.266
219.924,73.023,39.843,38.520
220.111,73.341,39.385,39.021
218.028,73.664,39.423,39.222
216.171,74.222,39.329,39.418
214.695,74.275,39.245,39.681
212.654,74.346,39.139,39.882
210.765,73.839,38.920,40.263
208.781,74.427,38.988,40.320
206.941,74.109,38.769,40.509
205.818,73.894,38.395,40.761
203.269,73.531,38.155,41.124
204.693,72.922,37.587,41.636
202.897,73.248,37.365,41.892
202.860,72.821,36.866,42.380
201.586,72.420,36.583,42.773
202.742,73.096,36.244,42.905
201.655,72.804,36.069,43.062
201.663,72.727,35.781,43.264
201.423,72.267,35.556,43.392
201.902,72.266,35.261,43.463
201.653,72.540,35.024,43.570
202.127,72.505,34.585,43.706
202.105,72.648,34.296,43.844
202.387,72.683,34.002,44.059
203.019,72.254,33.618,44.219
203.275,72.521,33.496,44.207
204.186,72.788,33.283,44.212
205.001,72.539,33.237,44.322
205.241,72.895,33.178,44.176
206.088,72.627,33.111,44.020
206.448,72.593,33.331,43.766
205.993,72.236,33.636,43.457
206.845,72.285,33.754,43.173
206.967,72.208,33.959,42.855
207.750,72.187,34.085,42.614
207.989,72.087,34.308,42.090
208.620,71.958,34.521,41.606
