83.000,200.000,35.000,131.000
85.260,200.946,35.807,130.691
87.008,200.084,36.752,129.839
90.742,198.004,37.015,130.329
96.320,200.101,37.182,130.871
102.425,200.695,37.341,131.748
104.374,199.723,37.340,133.228
107.558,196.322,37.492,134.298
111.276,195.443,37.616,135.064
112.898,201.193,38.125,136.334
115.227,199.367,38.638,137.919
118.222,197.449,39.310,139.510
120.014,196.157,40.499,140.370
120.232,196.257,42.151,140.392
122.726,197.825,43.528,138.639
124.841,196.058,44.551,137.632
128.032,196.911,45.254,136.595
133.125,201.810,45.531,136.029
137.249,202.817,45.547,136.022
141.442,201.473,44.954,136.189
144.116,199.087,44.334,136.869
148.109,198.197,43.271,137.735
149.676,196.531,42.050,138.129
151.736,196.661,41.372,138.626
161.303,197.393,41.121,140.019
161.786,194.898,41.302,141.110
165.485,191.937,41.293,142.279
171.795,190.971,41.120,143.250
174.443,189.501,41.505,144.412
174.589,187.923,41.799,146.123
177.036,185.756,42.046,146.581
177.675,184.461,42.600,146.278
181.447,188.673,43.344,145.878
183.876,185.032,43.832,146.035
188.677,187.482,44.458,145.620
192.588,185.483,44.992,146.256
196.445,187.881,45.850,146.173
202.051,188.728,46.834,145.669
204.597,183.558,48.483,144.322
208.820,186.460,50.246,141.812
211.179,184.471,51.245,142.058
213.493,188.821,52.664,141.372
214.666,182.770,53.704,140.299
217.095,184.961,54.556,139.611
218.143,188.186,55.542,138.413
219.701,186.938,56.432,137.839
221.030,191.254,57.247,136.632
223.972,194.793,58.392,134.613
239.074,192.441,58.496,134.581
242.449,193.872,58.842,134.309
246.440,193.446,58.781,135.450
250.578,194.909,58.157,136.850
253.646,190.817,57.444,137.854
258.820,193.491,56.454,138.669
264.632,192.120,55.421,139.611
281.446,187.788,52.905,143.062
285.885,190.550,51.026,146.462
288.928,187.624,50.426,147.963
293.950,190.803,50.295,148.340
298.996,188.869,50.055,149.092
303.895,184.443,49.629,150.428
309.565,184.542,49.384,150.861
314.919,183.108,48.784,151.081
320.868,180.941,48.062,151.972
324.291,186.231,48.223,152.042
327.027,185.994,47.660,152.452
331.791,186.052,47.495,152.016
338.063,187.420,47.200,150.706
342.177,192.493,47.194,150.475
345.920,195.138,47.391,149.040
349.874,196.701,47.525,148.505
353.667,195.290,47.629,147.952
356.703,193.985,47.889,147.738
360.448,196.003,47.597,149.277
364.225,199.135,47.610,149.971
368.713,197.913,47.408,149.816
372.939,200.536,47.666,150.524
376.151,199.898,47.746,150.957
380.699,196.499,47.511,151.860
382.694,192.813,47.856,151.275
383.013,190.752,48.128,150.294
394.458,192.606,48.145,149.366
393.789,186.358,47.843,148.411
392.705,191.692,47.531,147.953
392.029,186.494,47.046,147.821
390.206,189.492,47.164,146.893
379.272,191.562,46.364,147.897
379.651,191.973,46.356,147.046
380.048,193.616,46.139,147.833
380.504,194.289,47.099,147.803
378.714,184.069,47.757,148.147
375.182,187.746,48.680,147.698
374.958,187.395,49.333,147.415
373.083,188.072,49.821,146.031
368.349,189.714,50.624,144.011
363.788,201.859,50.472,143.299
362.698,200.665,49.100,145.188
360.619,200.401,47.878,145.979
358.719,196.271,46.915,148.378
360.156,194.612,46.434,148.831
361.097,192.388,45.985,149.787
359.314,195.139,45.995,149.680
356.712,200.937,46.772,147.917
356.909,205.174,47.535,145.846
356.728,205.824,47.851,144.668
356.489,206.925,48.207,143.946
356.515,209.262,48.630,143.758
358.362,210.837,48.804,143.738
359.369,211.791,48.969,143.596
361.177,212.976,48.526,142.868
362.680,215.220,47.355,143.112
364.647,210.289,46.415,143.061
365.658,209.591,45.742,142.775
366.843,208.393,45.112,143.635
367.063,203.802,44.728,143.776
366.865,204.531,44.391,144.304
366.514,205.301,44.044,143.911
367.129,207.431,43.671,144.171
367.814,209.673,43.729,143.402
370.105,206.109,43.975,144.413
371.487,205.139,44.656,144.910
373.167,203.951,45.424,145.911
374.662,203.814,45.943,146.802
376.836,204.733,46.681,147.696
378.098,200.266,47.587,149.077
381.377,199.501,48.692,149.114
383.964,200.933,49.843,149.125
397.167,202.180,50.330,150.015
398.939,204.393,51.488,149.905
400.849,204.994,51.935,150.158
415.585,198.712,52.453,150.279
427.941,199.181,52.632,151.627
440.137,199.541,52.613,153.782
451.448,195.654,52.391,155.022
452.650,197.569,53.104,155.534
455.055,193.793,54.054,155.053
458.326,193.638,54.634,155.064
461.670,192.692,54.962,155.182
464.153,194.433,55.426,155.281
466.728,195.559,55.463,155.493
469.298,195.984,55.598,155.070
472.837,196.716,55.651,155.124
475.547,196.508,55.975,154.740
478.339,195.495,55.791,154.725
490.125,200.304,55.433,155.179
490.923,198.572,55.643,154.730
493.905,197.088,55.251,154.125
497.173,199.594,54.952,153.677
501.256,198.736,54.461,153.500
505.750,204.371,54.246,153.150
510.372,203.988,53.909,152.181
512.387,205.530,53.598,150.858
511.321,206.632,53.057,149.319
509.308,204.071,52.348,148.612
504.328,198.437,52.308,148.307
490.182,198.264,51.246,148.346
483.613,198.404,51.386,146.835
477.229,198.203,51.420,145.965
470.282,196.778,51.658,144.789
463.708,200.913,51.693,143.631
459.186,206.140,51.218,143.600
457.044,206.514,50.420,143.375
446.696,205.015,49.988,142.617
445.632,204.094,49.202,142.498
444.100,204.897,48.523,142.087
442.509,203.845,47.961,141.478
441.190,200.506,47.653,141.685
440.401,204.174,47.576,142.057
439.569,206.119,48.109,141.948
440.151,201.679,48.259,142.496
440.996,197.838,47.411,143.509
440.616,196.925,47.279,143.753
440.881,192.219,46.435,144.575
439.602,192.885,46.234,145.644
439.667,193.622,46.281,145.557
438.802,197.256,46.046,146.360
439.237,195.770,47.158,145.353
438.124,194.405,47.964,144.976
438.066,195.004,48.568,145.517
437.184,194.340,49.398,145.575
435.059,196.693,50.920,145.066
422.061,199.224,51.052,145.588
409.708,194.215,49.867,146.754
406.783,190.223,48.678,148.716
405.768,188.003,47.354,150.223
404.171,187.675,46.942,150.160
401.956,193.651,46.777,149.752
400.219,189.074,46.512,150.363
400.752,193.353,46.266,150.606
400.214,194.077,46.250,151.242
389.468,197.845,46.254,150.828
389.682,195.963,46.284,151.570
389.194,193.764,46.615,150.679
386.744,191.372,46.749,151.128
384.309,188.408,47.348,150.609
383.099,189.910,47.259,151.275
380.267,194.621,47.758,150.891
376.093,194.882,47.850,150.681
375.194,195.267,47.926,150.310
373.638,196.229,48.704,148.800
368.924,196.721,49.351,147.057
366.051,196.640,49.062,145.908
365.229,189.123,47.902,145.322
363.486,184.240,46.735,145.251
363.526,185.207,46.451,144.375
361.495,188.700,45.976,145.763
363.873,194.415,45.871,146.354
364.812,200.627,46.016,147.839
363.254,195.546,46.714,147.077
363.075,196.805,46.862,147.275
360.105,191.839,47.080,147.725
357.398,188.612,47.112,147.450
356.799,186.511,46.271,148.462
355.648,185.151,45.527,147.951
356.085,185.994,44.598,148.515
354.195,183.362,44.616,147.977
355.130,187.908,44.869,147.433
354.221,185.267,46.018,145.705
352.157,187.508,46.956,144.433
347.203,187.437,48.329,143.290
345.149,187.398,49.009,142.154
342.816,185.994,49.520,139.670
341.809,185.617,49.702,136.997
340.366,186.552,49.217,135.563
337.579,187.601,48.913,133.894
334.774,187.604,48.247,133.377
332.728,191.874,47.900,133.807
329.478,194.118,47.977,134.856
327.019,196.692,48.291,135.673
325.729,190.304,48.200,137.256
326.035,187.942,47.718,138.864
324.819,185.747,47.420,139.851
323.038,185.779,47.043,140.140
320.393,185.116,46.678,139.549
316.520,185.512,46.280,140.094
314.445,183.535,45.814,141.126
313.920,180.265,45.394,142.518
313.673,182.052,45.277,143.069
312.911,182.416,45.085,144.175
312.486,181.780,45.611,144.034
311.482,180.210,45.819,144.624
310.424,178.914,45.765,145.706
300.012,174.270,44.990,145.457
299.121,174.962,44.177,144.715
297.988,177.713,43.300,145.469
296.859,178.802,43.126,145.523
293.709,177.687,43.180,146.146
290.131,180.591,44.190,144.472
285.772,183.464,45.152,142.612
281.216,183.508,46.241,140.291
274.387,184.563,47.468,137.702
268.850,181.908,47.465,136.741
