139.000,112.000,51.000,36.000
139.347,114.585,50.574,35.729
140.112,115.947,50.219,35.612
140.227,117.470,49.923,35.581
139.473,118.584,49.697,35.447
140.003,119.985,49.459,35.533
139.314,119.515,49.214,35.875
139.259,120.135,49.182,35.863
139.389,120.129,48.989,35.955
139.490,120.136,48.853,36.020
139.572,120.152,48.756,36.066
139.639,120.175,48.688,36.098
136.354,119.689,49.079,36.015
136.971,119.008,49.075,36.215
136.427,119.371,49.116,36.132
136.732,118.425,49.151,36.314
136.350,118.240,49.219,36.228
137.157,117.175,49.315,36.351
136.052,116.904,49.357,36.295
136.767,116.350,49.474,36.340
136.077,116.115,49.433,36.387
135.825,115.312,49.523,36.496
136.517,114.567,49.567,36.553
136.470,113.789,49.495,36.588
136.795,113.596,49.521,36.548
137.576,112.696,49.339,36.633
138.342,112.607,49.281,36.429
138.067,111.821,49.312,36.443
138.853,111.570,49.349,36.316
140.310,111.337,49.262,36.336
140.147,110.756,49.049,36.324
141.532,110.344,49.021,36.373
140.588,109.541,49.067,36.396
141.807,109.843,49.117,36.369
142.278,109.579,49.227,36.495
143.536,109.391,49.170,36.488
144.527,109.570,49.165,36.449
147.172,108.081,49.032,36.448
150.037,106.992,48.902,36.452
151.653,106.843,48.859,36.422
154.745,107.321,47.612,37.431
157.810,106.604,46.801,38.025
160.884,106.021,46.601,38.262
163.740,107.780,46.327,38.569
165.930,108.612,46.179,38.789
168.619,109.251,46.252,38.932
170.628,110.893,46.103,39.301
171.877,110.778,46.130,39.563
173.455,109.419,46.182,39.584
174.935,109.405,46.411,39.717
177.097,106.437,46.756,39.584
179.517,104.498,46.932,39.683
181.749,103.575,47.006,39.940
183.417,101.510,47.162,40.100
184.083,100.590,47.160,40.471
184.979,98.798,47.388,40.663
185.194,97.682,47.561,41.125
186.006,96.201,47.997,41.388
186.451,95.989,48.368,41.747
187.427,95.821,48.467,42.408
188.386,95.841,48.710,42.830
188.478,96.825,49.018,43.335
189.155,96.564,49.444,43.461
189.330,96.720,49.783,43.763
189.720,97.498,50.047,44.033
189.585,98.165,50.142,44.399
188.484,98.111,50.366,44.602
188.593,97.717,50.554,44.849
188.398,98.639,50.739,45.094
188.180,97.956,50.811,45.153
188.303,98.037,51.131,45.259
187.874,98.501,51.115,45.361
187.677,97.615,51.175,45.550
187.668,98.596,51.205,45.651
186.106,97.247,51.435,45.533
185.587,98.040,51.409,45.627
184.223,98.556,51.521,45.596
184.138,97.602,51.403,45.686
184.167,97.835,51.436,45.749
183.190,97.770,51.465,45.701
182.137,97.631,51.582,45.587
181.865,97.052,51.542,45.405
180.177,97.385,51.631,45.237
179.644,96.938,51.531,44.950
178.248,96.537,51.241,44.811
177.954,97.316,50.958,44.714
177.192,96.368,50.717,44.582
175.813,96.517,50.603,44.421
174.762,96.555,50.683,44.131
173.639,95.971,50.564,44.029
172.458,96.207,50.385,43.887
171.857,96.790,50.370,43.765
171.244,98.155,50.303,43.735
171.095,98.108,49.985,43.610
171.389,98.481,49.828,43.631
170.715,98.828,49.590,43.730
170.959,100.723,49.501,43.884
171.862,101.313,49.543,43.756
171.354,101.342,49.336,43.574
172.012,102.217,49.180,43.538
170.842,102.259,48.934,43.476
171.768,101.470,48.959,43.320
170.616,100.627,48.743,43.207
170.908,99.909,48.803,43.152
169.773,99.989,48.647,43.032
169.108,99.600,48.624,42.947
167.925,100.885,48.996,42.800
166.675,101.149,48.879,42.756
166.667,100.700,48.813,42.552
166.604,101.087,48.800,42.632
166.498,101.238,48.683,42.665
166.991,101.940,48.707,42.776
166.471,102.291,48.701,42.832
166.678,102.150,48.670,42.783
166.542,102.329,48.409,42.886
166.905,101.877,48.330,42.795
165.735,101.026,48.039,42.810
166.043,100.119,48.095,42.731
166.354,99.588,48.015,42.835
166.509,99.443,47.885,42.802
167.174,98.216,47.766,42.815
167.064,97.579,47.812,42.654
166.688,96.853,47.755,42.530
166.879,95.300,48.075,42.263
167.012,94.500,48.081,42.136
165.844,93.794,48.153,41.931
165.769,92.571,48.367,41.711
165.495,91.089,48.525,41.404
165.379,90.052,48.435,41.282
165.248,88.660,48.405,41.229
165.378,88.088,48.249,41.467
166.153,87.145,48.093,41.625
166.666,86.467,48.092,41.580
167.214,86.016,48.099,41.529
167.353,84.760,48.289,41.348
167.781,84.100,48.081,41.462
167.885,83.582,48.050,41.484
168.399,83.263,47.827,41.680
168.494,83.156,48.109,41.451
168.632,82.106,48.397,41.162
168.775,81.332,48.408,41.014
169.205,81.430,48.461,41.022
169.303,80.610,48.612,40.963
169.346,80.142,48.779,40.957
169.112,79.024,48.888,40.911
169.503,78.362,48.760,41.290
169.907,77.741,48.669,41.418
170.161,77.323,48.684,41.644
170.301,77.101,48.772,41.752
170.511,77.104,48.737,41.961
170.507,76.878,48.729,42.069
170.176,76.590,48.714,42.041
169.485,75.958,48.499,42.231
168.992,75.734,48.344,42.362
169.412,75.059,48.331,42.231
169.748,75.410,48.421,42.090
169.959,74.780,48.263,42.110
170.435,74.512,48.424,41.998
170.980,74.116,48.389,42.022
171.744,74.191,48.542,41.946
172.112,73.707,48.477,42.094
172.470,73.244,48.431,42.199
172.607,73.112,48.249,42.403
172.718,73.010,48.120,42.548
172.859,72.839,47.977,42.708
172.540,72.614,47.927,42.700
172.862,72.452,48.013,42.668
172.549,72.221,47.953,42.672
173.379,72.106,47.839,42.709
173.327,72.049,47.630,42.803
173.244,72.004,47.482,42.870
173.479,72.775,47.285,43.516
173.676,73.577,47.348,44.143
173.747,73.801,47.507,44.435
173.734,73.980,47.726,44.608
173.236,74.063,48.072,44.655
173.573,75.334,48.152,45.192
173.269,76.215,48.262,45.493
172.649,76.314,48.313,45.794
171.812,77.004,48.779,45.813
171.081,77.547,49.019,45.982
171.021,78.411,48.974,46.418
171.192,79.572,48.906,46.763
170.860,80.556,49.144,46.897
170.758,82.033,49.172,47.060
170.558,83.488,49.284,47.135
170.527,84.458,49.502,47.219
170.733,85.303,49.556,47.435
170.556,85.915,49.745,47.546
170.594,87.177,49.959,47.758
170.599,88.603,50.036,47.805
170.624,89.796,50.183,47.902
170.943,91.632,50.137,47.869
170.347,92.274,50.423,47.598
170.078,93.813,50.617,47.401
169.848,94.447,51.153,47.067
169.694,95.541,51.569,46.918
169.646,96.082,51.948,46.736
169.325,97.547,52.078,46.778
169.474,97.059,52.165,46.707
169.360,98.978,52.401,46.685
169.599,99.064,52.668,46.648
169.158,100.466,52.620,46.713
169.040,101.828,52.833,46.710
169.269,103.327,52.991,46.726
169.056,104.103,53.021,46.691
169.171,105.888,53.317,46.566
169.309,106.727,53.498,46.410
169.567,107.150,53.650,46.266
169.278,107.958,53.749,46.202
169.640,109.267,53.586,46.252
169.431,110.258,53.641,46.213
169.589,111.506,53.713,46.240
168.914,113.227,53.650,46.247
169.161,113.721,53.719,46.241
169.167,115.285,53.676,46.237
168.600,116.597,53.730,46.253
168.165,118.350,53.981,46.256
167.844,118.625,54.033,46.409
167.832,119.875,53.946,46.710
167.613,121.237,53.920,47.017
167.428,122.159,54.067,47.195
167.176,123.049,54.249,47.341
167.401,122.485,54.414,47.562
167.064,123.308,54.401,47.883
166.331,123.709,54.556,48.060
165.788,124.327,54.820,48.094
166.601,124.846,55.021,48.179
165.967,125.934,55.118,48.385
166.250,125.784,55.191,48.681
165.877,126.064,55.273,48.822
166.123,126.229,55.305,49.035
166.640,126.275,55.308,49.277
166.523,126.109,55.315,49.555
166.396,126.130,55.277,49.719
166.097,126.260,55.260,49.798
166.306,125.706,55.365,49.991
166.236,125.548,55.247,50.124
166.356,125.023,55.248,50.226
166.464,124.358,55.247,50.254
166.531,123.812,55.390,50.009
166.478,122.235,55.324,49.831
165.684,120.548,55.501,49.251
166.215,119.404,55.311,48.817
167.788,118.373,55.080,48.274
167.375,116.149,54.852,47.715
167.126,114.648,54.761,47.058
167.391,113.300,54.319,46.630
167.884,112.059,54.081,46.253
168.245,110.440,53.863,45.817
168.487,110.740,53.624,45.601
168.991,108.828,53.398,45.363
169.381,108.843,53.489,45.147
169.643,108.982,53.427,45.034
168.839,107.640,53.164,44.925
169.410,108.132,52.958,44.906
169.128,106.922,52.607,45.023
169.187,106.423,52.259,45.284
168.905,105.428,51.933,45.346
167.730,104.927,51.762,45.556
167.260,104.993,51.292,45.875
167.733,103.812,50.867,46.126
166.708,102.075,50.448,46.369
167.989,100.776,49.924,46.596
168.659,99.602,49.599,46.771
169.320,98.209,49.523,46.963
170.246,96.755,49.378,47.270
170.114,96.612,49.455,47.246
170.055,95.310,49.412,47.510
171.034,94.421,49.428,47.699
171.469,92.835,49.361,47.951
172.175,92.142,49.723,48.004
172.703,91.882,50.010,48.133
172.634,91.385,50.398,48.177
173.229,90.951,50.606,48.313
173.621,90.687,50.769,48.511
173.905,90.072,50.937,48.830
174.311,90.175,51.345,48.894
175.399,90.078,51.777,48.951
176.432,89.819,52.247,49.122
177.227,89.013,52.580,49.483
177.890,88.936,53.183,49.610
177.854,88.285,53.486,50.059
177.608,88.924,54.139,50.112
177.724,88.768,54.812,50.321
177.410,88.620,55.036,50.743
177.468,87.970,55.224,50.990
177.855,87.599,55.534,51.215
177.495,87.747,55.713,51.479
177.265,87.625,56.058,51.594
177.577,87.585,56.236,51.732
177.534,87.409,56.569,51.897
177.298,87.515,56.731,52.149
177.156,87.137,57.034,52.342
176.767,87.213,57.339,52.366
176.277,86.971,57.672,52.622
175.967,87.407,57.706,52.810
175.170,87.779,57.992,52.844
175.115,88.566,58.194,52.753
173.566,88.825,58.191,52.719
174.090,88.772,57.826,52.969
173.951,88.859,57.572,53.102
173.306,88.721,57.186,53.292
173.585,87.854,56.784,53.631
173.704,86.967,56.422,53.858
173.626,86.018,56.064,54.085
174.643,85.553,55.847,54.212
173.283,85.212,55.670,54.379
173.585,84.853,55.371,54.501
173.807,84.325,54.966,54.687
174.956,83.824,54.558,54.841
175.116,83.591,54.345,55.067
175.337,82.885,54.255,55.163
174.634,83.193,54.241,55.208
174.939,82.600,54.241,55.243
174.461,82.611,54.039,55.612
174.565,82.997,53.789,55.793
174.985,83.085,53.754,55.615
174.620,82.466,53.944,55.573
173.696,82.599,54.053,55.673
173.936,83.215,54.175,55.501
175.407,83.070,53.841,55.508
175.954,82.600,54.110,55.409
175.560,83.086,54.287,55.378
176.149,82.165,54.370,55.263
177.431,81.758,54.256,55.262
176.926,81.978,54.301,55.294
177.775,80.995,54.308,55.136
177.696,80.750,54.152,55.293
178.133,80.675,53.895,55.396
178.732,80.566,53.784,55.404
179.105,80.596,53.830,55.449
178.671,80.636,53.666,55.603
179.268,80.914,53.808,55.629
179.936,81.627,53.700,55.562
180.641,81.762,53.391,55.679
179.741,81.679,53.222,55.857
180.436,82.538,53.295,55.771
180.045,81.204,52.977,56.069
181.259,82.625,53.122,56.128
181.085,81.684,53.101,56.316
181.137,81.418,53.275,56.391
180.203,81.781,53.602,56.077
180.707,82.412,53.595,56.088
179.620,81.465,53.783,56.319
180.599,83.061,54.021,56.258
179.414,81.958,54.211,56.347
178.378,82.826,54.515,56.245
178.914,82.985,54.670,56.260
178.467,83.700,54.647,56.208
178.577,83.557,54.781,56.215
179.055,84.383,55.028,56.258
179.029,84.386,54.981,56.228
179.131,84.705,54.908,56.214
179.070,85.100,54.773,56.230
179.323,84.266,54.947,55.877
178.929,85.193,54.889,55.899
179.440,85.933,55.023,55.754
180.490,84.653,55.139,55.618
180.605,84.323,55.053,56.054
180.640,83.114,55.024,56.449
181.511,84.453,55.065,56.617
181.705,82.255,55.235,56.702
181.787,83.574,55.244,56.954
181.956,82.589,55.323,57.236
182.212,83.236,55.512,57.251
182.418,82.502,55.674,57.292
182.253,82.418,55.693,57.570
183.017,82.687,55.855,57.780
183.165,81.988,56.162,57.956
182.951,82.773,56.323,58.052
183.397,80.988,56.818,57.928
183.558,81.440,56.660,58.329
183.807,81.635,56.877,58.414
183.085,80.956,57.119,58.449
183.670,80.701,56.908,58.917
184.894,80.923,56.822,59.138
183.797,81.583,57.217,58.870
184.863,81.449,57.441,58.872
184.751,82.062,57.627,58.870
184.077,82.178,57.530,58.824
184.974,82.163,57.722,58.799
185.129,81.717,57.710,58.940
185.705,82.610,57.568,59.060
185.792,81.932,57.609,59.147
186.390,82.298,57.825,59.215
186.521,83.318,57.907,59.132
186.521,82.791,58.085,59.044
186.828,82.758,58.177,59.075
186.308,82.166,58.022,59.342
187.125,83.019,57.949,59.527
186.577,81.951,57.870,59.761
187.092,82.922,57.950,59.667
186.598,81.934,57.941,59.858
187.532,82.909,57.970,59.748
187.314,82.208,58.118,59.845
187.637,82.842,58.389,59.852
187.349,83.707,58.357,59.824
187.788,82.866,58.487,59.822
187.273,82.557,58.574,59.891
187.705,83.098,58.666,59.868
187.328,82.641,58.732,59.911
187.281,83.176,58.707,60.055
188.187,83.207,58.785,60.160
187.775,82.533,58.871,60.279
187.328,83.598,58.956,60.168
188.232,82.600,59.087,60.184
187.472,83.706,58.963,60.293
187.757,83.149,59.043,60.145
187.202,82.491,59.072,60.249
187.310,82.962,58.838,60.365
187.915,83.034,59.058,60.398
187.341,83.554,59.307,60.322
187.676,82.820,59.329,60.035
187.374,83.056,59.522,60.113
187.752,83.175,59.465,60.123
187.148,83.703,59.532,60.173
187.452,83.150,59.470,60.048
187.917,83.016,59.227,60.328
187.283,83.688,59.321,60.316
187.884,82.807,59.432,60.008
187.130,82.986,59.466,60.142
187.775,83.017,59.544,60.052
187.708,82.873,59.593,60.184
187.626,82.472,59.619,60.227
187.717,82.448,59.628,60.401
187.800,82.414,59.609,60.570
187.986,82.425,59.656,60.577
187.822,82.250,59.597,60.552
188.168,82.241,59.560,60.593
188.322,82.246,59.531,60.596
189.005,82.359,59.534,60.603
189.207,82.861,59.589,60.470
189.473,82.099,59.628,60.449
189.671,82.649,59.579,60.593
190.035,82.482,59.717,60.716
189.915,82.770,59.639,60.967
189.225,83.027,59.635,61.139
188.973,82.456,59.851,61.005
188.129,82.228,59.602,61.195
187.681,81.563,59.625,61.131
187.031,81.784,59.434,61.367
186.747,81.494,59.422,61.435
185.251,80.965,59.380,61.340
185.199,81.817,59.305,61.304
184.171,81.429,59.210,61.168
183.820,82.079,59.020,61.185
183.103,82.531,58.973,60.927
182.631,82.348,58.986,60.677
182.866,81.728,58.862,60.750
182.938,82.649,58.747,60.800
182.248,82.043,58.690,60.633
182.520,82.461,58.472,60.595
182.368,82.872,58.246,60.572
181.402,82.818,58.087,60.437
181.676,82.804,58.030,60.205
181.027,82.844,58.059,59.954
180.424,83.347,57.933,59.829
181.157,83.369,57.706,59.665
181.086,83.418,57.517,59.647
181.471,83.626,57.496,59.305
180.418,83.938,57.469,59.049
181.186,84.621,57.234,59.101
179.693,84.157,57.258,58.803
180.898,82.993,56.873,59.184
181.265,84.273,56.794,59.067
181.592,84.872,56.746,59.005
181.299,83.892,56.883,58.775
181.982,85.198,56.778,58.771
183.006,84.277,56.787,58.600
182.684,85.402,56.749,58.476
183.580,85.269,56.748,58.450
183.703,85.251,56.803,58.449
184.508,85.487,56.999,58.382
184.983,85.439,57.189,58.369
184.507,85.279,57.270,58.415
186.167,85.674,57.591,58.419
186.122,85.435,57.530,58.672
185.948,85.439,57.224,59.074
187.330,85.039,57.273,59.278
187.521,84.802,57.127,59.568
188.022,85.295,57.244,59.817
189.433,84.673,57.364,59.996
188.908,85.809,57.485,60.005
189.783,84.626,57.632,59.987
190.533,83.798,57.603,60.191
191.390,82.879,57.530,60.695
192.219,84.491,57.855,60.358
192.783,84.854,57.943,60.234
193.783,84.128,58.113,60.165
193.711,84.188,58.116,60.357
194.449,83.669,58.244,60.267
195.590,83.658,58.422,59.837
196.822,84.656,58.436,59.329
198.138,84.856,59.009,58.346
198.807,86.119,58.924,57.990
199.869,87.145,58.785,57.422
200.353,88.159,59.036,56.581
200.714,88.326,59.094,56.003
200.554,88.491,58.930,55.549
200.300,88.968,58.789,55.294
200.391,89.258,58.530,54.988
199.611,88.911,58.033,55.039
198.783,88.797,57.636,55.246
197.555,88.240,57.033,55.727
196.179,87.155,56.939,55.938
194.631,86.505,56.689,56.620
192.973,85.134,56.627,57.391
190.550,84.322,56.587,57.946
190.096,83.798,56.637,58.500
189.411,83.536,56.765,58.681
187.403,83.177,56.990,58.714
187.082,81.994,57.000,59.130
186.825,82.622,57.016,59.146
186.422,81.308,56.951,59.348
185.285,81.686,56.826,59.521
185.355,81.437,56.973,59.212
185.172,81.713,57.120,59.243
184.512,80.854,56.855,59.268
184.543,81.480,56.723,59.418
185.590,80.729,56.717,59.306
185.325,81.965,56.721,59.206
184.418,82.090,56.887,58.947
183.851,82.115,56.992,58.818
183.762,81.447,56.885,58.943
183.405,81.313,56.734,58.954
182.509,80.556,56.668,58.770
182.661,79.709,56.525,58.880
182.329,78.508,56.369,58.716
182.467,77.339,56.235,58.612
182.231,75.957,55.999,58.346
182.532,74.466,55.613,58.364
181.914,73.630,55.381,58.233
182.144,72.008,54.864,58.384
182.245,72.283,54.483,58.362
182.555,72.196,54.201,58.384
182.703,71.738,53.879,58.508
182.893,71.476,53.756,58.516
182.830,71.688,53.619,58.416
183.008,71.733,53.516,58.408
183.345,71.567,53.411,58.330
183.391,70.547,53.423,58.098
183.765,70.147,53.319,57.964
183.429,71.555,53.334,57.529
183.569,70.111,53.493,57.273
182.931,70.615,53.373,56.807
183.252,71.131,53.672,56.217
183.553,70.420,53.749,56.021
183.500,71.216,53.762,55.606
183.708,71.634,53.667,55.359
183.867,71.430,53.433,55.326
184.314,72.188,53.026,55.536
183.851,72.379,52.965,55.738
184.397,72.760,52.818,56.080
183.934,74.578,52.835,56.310
183.910,75.678,52.829,56.723
183.958,76.217,53.026,57.039
183.564,77.340,53.156,57.475
183.840,78.129,53.267,57.959
183.064,79.856,53.572,58.319
182.187,82.061,53.797,58.395
181.850,83.143,54.170,58.670
181.054,85.540,54.605,58.683
179.699,88.125,55.211,58.355
179.501,91.050,55.708,57.696
178.424,93.312,56.351,56.801
178.047,96.141,57.023,55.746
177.115,98.717,57.580,54.693
175.828,99.835,57.811,54.210
176.089,103.861,58.184,53.419
174.934,104.785,58.269,52.901
174.200,108.034,58.078,52.445
174.019,111.695,58.119,51.683
173.476,114.465,58.113,51.036
172.580,116.562,58.132,50.397
171.301,119.331,57.933,49.926
171.321,120.720,57.996,49.476
170.506,123.131,57.657,49.293
169.678,123.493,57.472,49.174
169.264,124.240,57.323,48.984
168.742,124.686,56.992,48.931
167.348,124.745,56.623,49.118
166.552,124.374,56.412,49.040
166.024,123.200,56.296,48.936
165.665,123.311,56.098,48.723
165.507,121.376,55.920,48.589
165.030,122.335,55.890,48.288
164.387,120.684,55.825,48.047
163.050,120.832,55.580,48.058
163.063,119.278,55.600,47.831
163.077,119.883,55.396,47.861
163.435,118.809,55.557,47.765
162.651,117.708,55.600,47.760
163.672,117.386,55.796,47.595
163.905,119.415,55.899,47.438
164.446,120.411,55.899,47.377
164.825,120.188,56.096,47.081
165.582,119.441,56.026,46.930
164.873,116.938,55.813,46.807
163.082,114.646,55.489,46.891
160.221,111.547,55.317,46.769
158.106,109.621,55.160,46.865
155.862,109.914,54.845,47.393
154.167,110.762,54.649,47.885
153.762,111.645,54.424,48.519
154.382,112.380,54.219,48.888
155.820,114.517,54.409,48.980
157.215,115.111,54.724,48.885
158.044,115.070,55.130,48.795
158.795,116.586,55.436,48.677
159.595,116.339,55.629,48.364
159.455,115.061,55.971,47.916
159.470,112.894,56.107,47.581
157.643,110.419,56.029,47.459
158.219,108.644,56.113,47.510
157.424,106.817,55.947,47.712
156.208,104.833,55.896,47.924
154.461,104.488,56.077,48.176
153.964,103.052,56.091,48.436
152.736,102.481,56.128,48.935
151.464,101.569,56.533,48.987
151.708,101.742,56.497,49.504
152.100,102.357,56.402,49.792
150.613,101.813,56.521,49.718
150.590,101.243,56.512,49.860
149.312,99.891,56.482,50.012
148.524,97.963,56.944,49.901
146.812,95.870,57.467,49.866
144.975,94.940,58.434,50.043
144.535,93.322,59.010,50.479
144.776,92.439,59.178,51.042
145.691,92.709,59.865,51.649
146.255,93.340,59.889,52.365
146.311,93.812,59.884,53.180
146.777,94.098,59.626,54.103
146.408,93.592,59.780,54.327
145.890,92.605,59.972,54.390
145.289,91.444,60.421,54.264
143.802,91.108,60.891,54.003
142.618,89.396,61.033,53.899
141.339,87.500,61.817,53.630
140.771,88.394,62.330,53.877
140.283,87.442,62.628,53.889
140.845,89.248,63.099,54.342
140.807,89.888,63.585,54.460
141.542,91.804,63.655,54.915
141.569,93.629,63.754,55.247
140.148,93.629,63.609,55.420
140.942,92.802,63.521,55.430
141.420,93.632,63.417,55.491
141.024,93.670,63.412,55.313
139.314,94.338,63.204,55.292
139.862,92.177,63.251,55.086
138.434,92.231,63.478,54.836
138.452,90.398,63.592,54.782
137.788,91.108,63.589,55.197
138.025,91.025,63.792,55.354
140.189,91.837,63.745,55.647
140.909,93.041,63.862,55.800
143.124,93.432,64.342,55.813
145.259,92.410,63.979,56.461
147.039,95.131,63.658,56.529
146.545,94.822,63.452,56.684
144.878,94.592,63.198,56.785
143.529,94.924,63.359,56.840
141.018,92.790,63.859,56.349
139.307,93.172,64.632,56.101
136.856,93.778,64.976,56.210
134.517,94.364,65.133,56.473
132.044,95.234,65.193,56.881
132.327,97.567,64.944,57.578
131.758,99.228,64.355,58.353
133.014,99.457,64.422,58.400
134.180,99.656,64.445,58.588
134.341,100.829,64.515,58.618
133.880,98.688,64.745,58.313
131.476,100.160,64.914,58.536
132.974,98.874,64.877,58.590
134.614,97.776,64.867,58.779
136.450,97.763,65.033,58.580
138.041,97.320,64.883,58.574
139.386,96.483,65.051,58.489
140.747,97.798,64.709,58.810
143.790,97.217,64.510,58.914
145.853,96.448,64.892,58.607
148.093,96.285,64.740,58.755
149.343,96.700,64.630,58.774
146.844,96.965,64.404,58.566
144.713,95.473,64.450,58.647
142.056,95.682,64.477,58.867
139.034,96.073,64.649,58.829
137.009,97.630,64.733,58.972
135.495,99.973,64.834,59.028
136.491,103.162,64.908,59.195
136.858,104.148,64.778,59.358
135.980,104.058,64.896,59.375
134.854,104.686,64.944,59.458
133.852,105.799,65.018,59.376
130.434,106.847,65.574,58.929
130.406,107.377,65.749,59.005
129.833,106.806,65.969,59.088
129.500,106.738,66.174,59.135
129.495,105.579,66.381,59.335
128.436,104.542,66.720,59.533
128.505,102.994,66.917,59.574
126.634,101.075,67.117,59.632
125.199,99.613,67.278,59.719
122.764,97.252,67.332,59.775
119.451,94.397,66.924,60.027
116.233,93.825,66.860,59.972
111.797,91.886,67.148,59.390
107.779,92.939,67.692,58.356
103.059,92.125,67.912,57.743
99.836,92.220,68.274,57.100
98.165,91.145,68.224,56.826
97.771,90.339,68.168,56.530
98.014,89.628,67.975,56.104
98.252,90.745,67.789,55.910
97.851,89.359,67.777,55.633
94.570,91.485,68.346,55.081
94.004,89.839,68.766,54.640
92.070,91.256,69.130,54.541
92.886,88.832,69.421,54.489
93.930,90.641,69.537,54.441
93.951,89.300,69.445,54.395
93.123,91.893,69.448,54.814
95.074,90.016,69.148,54.868
93.494,92.126,69.311,55.001
91.824,90.168,69.343,54.835
90.725,90.926,69.678,54.825
86.924,89.876,69.403,55.039
84.762,90.510,69.201,55.376
80.856,90.528,69.306,55.395
75.824,89.219,69.182,55.450
74.430,87.943,69.227,55.005
72.340,88.382,69.014,54.988
75.191,89.100,69.080,55.088
78.751,91.882,69.401,55.020
84.901,92.821,69.279,55.215
93.310,94.456,69.118,55.608
98.210,96.873,68.726,56.300
100.772,96.716,68.235,57.259
100.617,97.569,68.108,57.784
98.660,96.407,68.560,58.211
95.409,97.124,68.861,58.500
94.527,94.339,68.987,58.417
94.971,94.981,69.180,58.439
94.796,94.679,69.515,58.386
97.475,95.562,69.090,58.841
100.555,96.056,68.996,59.140
103.246,96.453,68.689,59.788
106.605,96.371,68.237,60.513
109.524,95.683,68.424,60.940
112.532,95.606,68.495,61.405
116.406,94.042,68.859,61.768
119.388,95.826,69.137,62.136
123.221,95.997,69.270,62.760
128.258,96.163,69.722,63.413
130.193,97.178,70.156,63.513
132.058,95.825,70.690,63.715
131.719,95.595,71.426,63.565
131.595,95.442,72.008,63.639
132.338,95.371,72.362,64.016
135.673,93.517,72.504,64.349
140.147,93.314,72.925,64.573
147.040,90.827,72.843,65.056
153.696,91.396,72.285,66.054
160.549,91.540,71.825,66.624
164.689,93.312,72.793,66.616
167.291,93.387,73.782,66.614
170.902,93.892,74.170,66.939
174.860,94.196,74.419,67.555
178.298,95.091,74.413,68.291
183.283,96.208,74.458,68.777
187.263,97.488,74.813,69.020
192.091,98.950,75.299,68.937
195.929,99.363,76.053,68.449
199.980,99.471,76.828,68.094
204.419,100.763,77.532,67.575
207.588,99.539,77.777,67.422
210.678,99.613,78.665,66.825
214.272,99.503,79.113,66.511
216.233,98.587,79.608,66.144
219.559,99.249,79.928,66.067
221.567,99.139,80.217,65.744
222.311,99.916,80.390,65.504
222.652,100.107,80.680,65.408
223.003,99.896,81.046,65.261
223.123,99.411,81.128,65.166
222.919,99.564,81.136,65.143
222.833,98.688,81.149,65.032
222.767,98.832,81.087,65.054
222.611,98.767,81.125,64.950
222.802,98.738,81.064,64.971
222.342,99.796,81.049,65.035
221.177,100.389,80.835,65.395
218.158,100.693,80.268,65.863
214.714,99.988,79.696,66.260
210.893,98.443,78.915,66.633
208.564,96.640,78.264,66.678
206.722,96.171,77.690,67.027
205.251,95.722,77.365,67.407
205.803,96.170,77.420,67.600
205.637,99.169,76.821,67.949
202.475,99.657,76.467,68.020
198.261,98.560,76.426,68.168
192.569,97.304,76.307,68.381
185.781,95.488,76.215,68.917
180.474,93.469,75.931,69.813
175.103,92.355,76.035,70.255
170.003,90.366,75.808,70.794
166.746,89.250,75.406,71.522
161.761,89.686,75.669,71.517
158.783,90.181,75.955,71.358
155.254,89.510,75.884,71.071
152.241,90.067,76.100,70.569
146.623,90.686,76.661,69.937
141.766,89.863,77.079,69.365
138.989,89.171,77.138,69.217
136.184,90.961,77.516,68.775
132.923,91.430,77.116,68.491
129.440,91.034,76.865,68.182
128.868,90.785,76.769,67.988
125.857,92.521,76.398,68.108
123.251,92.335,76.422,68.036
122.383,94.285,76.047,68.009
119.889,94.996,76.010,67.831
118.700,96.892,75.410,67.813
116.716,97.348,75.038,67.954
115.160,98.688,74.728,67.919
113.724,98.842,74.556,67.899
111.645,97.345,74.420,67.656
110.268,96.011,74.504,67.528
108.780,97.145,74.226,67.506
105.636,96.440,74.528,67.051
104.679,97.729,74.270,66.995
103.239,97.204,74.160,66.947
103.893,95.924,74.288,66.608
104.511,94.101,74.309,66.454
105.542,94.821,74.612,66.102
106.292,94.178,74.647,65.911
106.797,96.003,74.395,66.029
106.789,98.135,74.142,66.297
105.716,102.285,74.043,66.543
105.036,105.513,74.128,66.699
105.002,108.321,74.078,66.756
104.631,110.614,74.410,66.749
103.839,109.214,74.760,66.843
101.874,107.194,74.909,67.048
101.160,103.343,75.408,66.972
103.038,96.224,75.673,67.118
103.349,93.093,76.247,66.623
103.957,86.457,76.492,65.942
105.129,83.620,76.838,65.606
106.285,80.455,77.313,65.058
107.480,80.371,78.151,64.755
109.411,81.091,78.868,64.409
112.112,82.790,79.306,64.092
113.753,88.023,79.428,64.279
115.040,94.610,79.007,64.763
113.245,96.925,78.112,66.364
112.663,102.330,77.389,67.615
111.549,105.400,77.243,68.466
111.266,105.524,77.701,69.077
110.106,103.459,77.966,69.893
109.870,100.526,78.063,70.632
109.337,97.206,78.409,70.959
108.598,94.632,79.149,70.930
107.967,92.705,79.942,70.810
107.685,87.135,80.304,70.558
108.543,81.589,80.845,70.398
109.344,77.309,81.488,70.439
109.356,75.478,82.670,70.395
111.154,75.799,83.672,70.352
111.215,77.517,84.534,70.572
113.117,81.579,84.687,70.974
114.948,88.160,84.792,71.236
116.989,92.188,85.057,71.739
118.776,92.739,84.698,72.732
120.090,93.612,84.586,73.495
121.098,91.065,85.188,73.624
122.236,88.663,85.669,73.866
123.056,86.401,86.330,73.465
123.588,83.086,87.022,73.131
123.530,80.249,87.643,72.956
123.224,76.534,88.445,72.836
120.181,76.157,89.771,73.026
120.114,74.284,90.464,73.312
119.215,73.003,91.213,73.320
118.969,71.235,92.107,73.470
118.477,69.132,92.822,73.492
117.715,65.200,93.360,73.602
117.641,65.165,93.902,73.697
116.882,64.598,94.491,73.806
117.902,67.213,94.751,73.948
119.940,70.214,94.965,74.050
120.158,73.757,95.054,74.845
120.750,80.151,94.325,76.014
121.256,86.148,94.430,76.811
121.898,88.698,93.958,78.248
121.041,90.463,93.491,79.505
120.759,91.323,93.591,80.448
118.530,89.332,94.506,80.783
118.930,85.509,95.063,80.766
119.390,83.363,95.796,80.519
120.217,78.509,96.381,80.434
121.117,74.982,97.562,80.390
121.128,72.229,98.575,80.485
121.288,68.684,99.486,80.239
122.878,64.617,100.076,80.050
123.802,65.475,101.021,79.894
122.872,66.971,101.891,79.918
122.409,71.564,102.099,80.598
122.277,75.795,102.206,81.830
120.654,84.552,102.351,83.165
118.906,91.643,101.381,85.128
117.088,100.395,100.085,86.427
116.125,107.855,98.613,88.019
114.593,108.072,98.456,88.791
113.373,101.949,98.382,89.508
113.039,94.759,98.477,90.108
111.878,88.977,99.355,89.524
111.931,81.276,100.473,88.505
113.183,72.924,101.234,87.820
113.859,67.370,102.952,87.079
113.751,65.172,105.056,86.384
113.174,64.295,106.722,85.850
112.391,67.234,108.245,85.630
109.483,72.274,109.134,86.001
105.920,78.808,109.061,87.663
103.762,89.369,109.761,88.803
99.386,96.623,109.467,90.861
100.029,103.114,107.962,93.005
98.397,108.259,107.582,94.178
94.507,107.611,108.112,95.297
95.499,100.129,107.772,96.522
93.695,92.281,108.642,96.114
92.795,80.250,109.488,95.691
91.690,71.017,110.863,95.110
90.440,63.819,112.766,94.395
88.718,60.456,115.101,93.636
85.316,60.961,117.397,93.294
82.119,66.737,119.400,93.473
80.363,74.204,120.056,94.439
78.897,85.934,120.619,95.145
77.580,96.155,120.453,96.128
76.853,100.192,118.884,98.553
76.819,102.897,117.864,100.552
74.132,99.083,117.887,102.162
74.641,91.929,118.169,102.466
75.143,78.155,118.401,102.452
76.160,65.500,119.214,102.185
78.271,56.897,120.727,101.381
79.007,48.600,122.620,100.371
79.466,43.973,124.310,99.803
77.243,41.496,126.671,99.194
74.348,40.729,127.961,99.162
71.476,43.230,129.728,99.155
70.139,51.412,130.197,99.930
68.077,62.142,130.732,100.514
65.836,74.087,130.771,101.231
63.051,86.972,130.902,101.737
62.395,96.292,129.857,103.241
61.191,100.953,128.326,105.268
59.672,99.610,127.402,107.276
58.844,94.215,126.933,108.686
59.005,84.840,126.662,109.396
59.986,71.260,126.838,109.091
61.451,61.522,127.515,108.204
61.896,52.069,128.600,107.592
63.242,44.345,130.022,106.958
63.515,40.535,131.938,106.295
61.087,38.729,133.788,105.927
59.847,42.870,135.157,106.379
58.496,50.619,135.911,107.045
56.197,64.015,136.483,107.445
55.441,77.652,136.130,108.411
55.982,91.831,136.052,108.969
52.885,102.193,134.597,111.604
50.815,109.394,132.933,114.535
49.441,109.309,132.246,117.975
46.668,103.127,131.848,120.880
50.040,92.073,131.542,122.554
50.912,79.833,131.778,123.437
53.866,64.424,132.252,123.123
56.654,51.847,134.020,121.191
59.200,45.661,136.830,119.483
58.194,40.980,139.337,118.593
58.115,39.885,142.156,118.302
57.149,45.165,144.253,118.388
54.627,54.094,145.350,119.163
54.272,66.593,146.104,119.481
56.423,79.650,146.575,119.538
55.733,94.876,146.764,120.558
54.774,104.391,146.732,123.127
51.010,106.437,147.068,126.335
48.382,100.863,147.269,129.363
48.755,90.171,146.582,132.003
50.965,75.044,145.655,134.589
53.439,59.301,146.125,135.091
56.418,42.737,147.066,133.983
59.551,29.834,149.149,132.329
57.598,24.812,152.052,130.711
57.376,24.961,154.667,129.709
56.290,26.365,156.758,129.338
51.928,34.393,157.887,129.600
51.083,47.146,158.546,129.977
50.426,60.681,158.808,130.320
48.783,75.249,158.654,130.632
48.658,85.265,158.336,132.620
45.482,86.877,158.473,135.188
43.864,79.047,157.682,137.994
44.604,68.000,157.513,140.031
45.113,54.631,157.621,140.588
46.399,38.501,158.370,139.368
49.529,23.327,160.391,137.264
50.109,18.706,162.376,135.103
50.691,13.698,164.057,133.217
48.253,16.549,166.147,131.153
49.543,18.638,166.990,130.205
48.216,24.068,168.461,129.891
46.143,32.890,167.889,131.221
45.626,45.892,166.598,132.801
46.630,60.609,165.001,134.247
48.682,77.271,164.169,135.353
47.627,90.371,164.190,137.037
46.168,94.960,163.921,139.937
42.771,91.066,163.750,143.018
42.624,82.424,164.107,144.697
44.907,68.743,162.661,146.570
47.287,54.187,162.205,147.398
50.267,39.916,163.045,146.939
49.726,32.417,165.244,145.854
48.425,28.735,167.392,144.236
47.684,30.417,169.172,143.499
48.846,35.773,169.566,143.430
47.694,46.307,169.041,144.605
50.825,59.653,168.278,145.808
50.209,71.522,169.488,146.459
48.599,80.256,171.638,147.607
46.958,82.104,172.908,149.697
45.331,73.202,174.059,151.646
44.303,63.290,174.767,152.426
45.458,53.305,174.216,152.909
46.770,42.525,174.177,152.460
47.845,33.943,173.593,151.892
48.185,32.764,174.203,149.954
49.606,33.500,174.499,148.456
49.099,39.302,173.732,147.906
52.725,51.950,172.703,148.066
52.701,69.873,172.407,148.990
48.245,85.046,173.566,149.634
46.690,90.402,175.071,149.952
42.462,87.515,177.386,149.878
40.222,77.357,177.069,150.277
40.875,68.766,175.325,151.276
45.199,55.452,173.486,152.453
52.689,41.380,171.740,152.880
58.229,25.310,170.449,151.569
59.917,17.841,169.710,147.840
64.339,18.807,168.982,143.539
64.758,18.445,166.944,140.869
68.732,25.345,165.491,138.511
69.254,34.467,163.469,137.533
71.577,45.300,162.053,136.434
72.874,52.921,160.253,135.450
76.363,57.495,158.315,134.482
79.765,58.775,157.531,132.941
81.227,52.069,155.439,131.668
83.814,43.522,153.135,129.805
86.715,35.487,150.756,127.619
90.582,26.718,148.519,125.321
94.175,20.680,146.640,122.533
98.741,20.203,144.830,120.034
101.975,22.835,143.173,117.636
104.958,29.272,140.779,116.829
104.905,39.174,138.097,117.300
107.189,53.252,136.272,116.261
109.421,66.789,134.706,115.765
108.938,76.347,133.340,115.564
111.579,81.142,131.580,116.349
109.843,80.992,130.018,116.865
111.941,74.832,129.431,116.884
113.328,66.790,128.947,116.049
115.111,57.028,128.973,113.935
118.416,49.267,128.999,110.642
121.447,40.155,128.540,107.978
125.671,31.929,127.633,105.623
127.171,28.530,127.202,103.116
129.098,29.465,125.946,101.594
130.997,32.195,124.827,100.374
131.179,40.466,123.526,100.255
132.139,51.397,122.077,100.268
134.954,65.237,121.041,99.927
135.533,70.545,119.608,101.899
136.339,77.934,117.344,103.683
138.145,84.430,115.879,104.511
139.841,84.055,115.364,105.057
137.012,76.862,114.816,106.008
138.464,67.434,115.160,106.187
140.866,60.328,116.090,103.216
141.726,51.356,116.185,100.294
142.380,42.904,116.025,97.875
144.770,35.884,115.660,95.749
146.150,32.649,115.051,93.745
149.140,32.442,114.530,92.091
149.733,35.212,113.677,91.077
150.232,40.406,112.477,90.206
150.898,49.927,110.966,90.158
150.445,60.495,109.677,90.461
152.040,68.858,107.631,91.729
152.405,75.601,105.179,94.127
151.322,78.881,103.406,96.521
152.605,82.937,102.233,97.325
150.396,82.114,102.210,97.668
150.732,75.156,102.381,97.644
150.095,69.150,102.878,97.015
150.894,61.190,103.504,95.024
152.587,58.928,104.403,91.967
150.601,52.535,104.797,89.529
150.576,48.402,105.117,87.089
151.978,45.788,104.927,84.949
152.318,46.089,103.918,83.785
153.144,49.138,102.595,83.025
152.754,53.274,101.613,82.276
152.644,60.772,100.296,82.273
153.092,67.560,98.659,82.746
154.807,70.782,96.825,84.450
155.291,75.453,94.531,87.029
154.552,78.888,93.615,88.221
154.022,77.817,93.349,88.842
152.900,74.411,93.267,89.171
153.582,68.464,93.475,88.298
153.121,63.645,93.381,86.724
151.699,61.795,94.468,83.742
152.077,56.658,95.177,81.212
154.244,56.716,94.659,79.423
154.991,57.411,93.991,78.076
154.499,61.261,93.344,77.182
155.555,66.866,92.178,77.241
156.657,71.600,90.247,79.341
155.792,77.054,88.669,81.537
155.986,83.034,87.659,82.782
155.359,90.516,87.318,83.095
158.197,94.175,86.725,83.265
157.505,92.546,86.540,82.537
159.067,84.838,86.357,81.587
159.804,78.396,86.598,81.090
163.166,72.575,86.841,80.626
164.474,68.175,87.025,79.712
167.917,66.444,86.626,78.527
171.814,66.211,86.160,77.084
172.726,65.473,85.872,75.551
173.183,68.016,84.994,74.935
174.222,70.009,83.435,75.540
175.613,74.295,81.818,76.523
175.690,78.548,80.249,77.954
178.234,84.414,79.085,78.790
178.370,88.727,78.871,79.011
177.609,90.337,78.795,78.133
177.289,86.902,78.321,77.207
177.732,79.860,77.665,76.891
178.285,73.568,76.737,76.548
178.434,68.423,76.208,75.508
180.536,67.534,75.311,74.277
181.285,66.247,74.627,72.886
181.491,66.946,73.471,72.006
183.943,69.454,72.455,71.412
182.700,72.702,71.592,71.416
184.000,76.191,70.487,71.870
185.275,80.568,69.562,72.657
184.934,85.003,69.586,72.436
185.217,86.390,69.454,71.944
183.564,84.336,69.060,71.564
182.654,79.606,68.571,71.112
183.033,76.772,67.617,70.973
181.960,74.168,66.611,70.349
183.421,71.704,65.521,69.970
180.911,71.394,64.563,69.624
178.919,72.273,63.789,69.352
176.974,73.533,63.190,69.074
174.705,74.771,62.683,68.946
173.170,76.803,62.177,68.659
172.563,80.938,62.308,67.698
175.432,86.325,62.602,66.847
178.712,88.381,63.103,65.383
183.575,88.961,63.383,64.518
189.151,90.488,63.157,63.941
194.690,92.518,63.566,63.169
199.609,93.583,63.492,62.485
205.091,95.782,63.946,61.076
209.584,98.528,65.184,59.139
212.530,101.753,66.220,57.608
214.845,103.999,67.463,56.142
216.649,105.981,68.420,54.791
218.520,106.857,68.983,53.758
220.410,108.255,68.856,53.074
220.525,108.667,68.470,52.529
220.532,108.642,67.784,52.296
219.453,108.729,67.567,51.737
217.317,108.358,66.992,51.415
216.546,108.803,66.465,50.995
215.183,107.755,65.607,50.732
212.990,107.488,64.562,50.546
209.857,107.577,63.591,50.530
206.471,106.057,62.667,50.533
203.175,104.868,61.716,50.723
198.272,104.595,61.062,50.843
193.987,103.054,60.385,50.996
189.788,101.275,59.660,51.198
184.911,99.201,58.892,51.335
181.473,98.507,58.407,51.254
178.000,96.586,57.861,50.977
175.257,95.768,57.619,50.445
173.038,95.096,57.260,49.804
170.051,93.765,56.474,49.465
168.282,92.755,55.602,49.381
167.735,92.499,54.807,49.136
166.382,92.181,54.131,48.715
166.184,92.827,53.464,48.241
165.656,92.898,53.131,47.616
165.424,92.819,52.749,47.160
164.371,93.827,52.631,46.586
165.653,93.427,52.155,46.376
164.112,94.731,51.543,46.161
165.329,94.265,51.331,45.891
165.046,94.527,51.119,45.678
165.749,95.557,50.811,45.676
166.271,95.346,50.536,45.433
166.849,96.855,50.235,45.448
167.956,96.263,49.994,45.472
168.218,98.244,49.991,45.335
169.613,98.781,50.062,45.101
171.416,99.672,50.072,44.953
172.466,100.878,50.198,44.796
173.440,101.993,50.199,44.700
174.542,103.629,50.095,44.731
176.523,106.112,49.994,44.693
177.846,108.960,49.966,44.569
179.367,110.394,50.297,44.166
181.288,111.948,50.278,43.821
182.776,113.620,50.266,43.603
184.600,115.157,50.229,43.425
186.216,116.991,49.969,43.209
187.588,119.244,49.809,43.104
190.445,120.715,49.818,42.652
191.089,121.926,49.843,42.246
193.043,123.819,49.637,41.933
195.371,125.031,49.467,41.491
197.334,126.928,49.253,41.022
199.534,127.990,48.906,40.664
201.134,129.570,48.564,40.383
202.664,129.936,48.365,39.841
204.595,131.002,48.124,39.476
205.809,129.556,48.031,38.780
206.768,129.546,47.650,38.412
208.690,128.830,47.423,37.819
210.433,127.797,47.076,37.371
212.984,127.436,46.652,36.987
215.539,126.729,46.315,36.539
216.444,126.402,45.981,36.041
218.129,126.206,45.514,35.722
220.238,126.559,44.968,35.418
220.991,126.509,44.577,35.028
221.898,127.400,44.193,34.757
223.090,127.999,43.776,34.397
224.098,128.600,43.412,34.039
225.167,129.995,42.963,33.664
224.951,130.406,42.546,33.321
225.791,131.749,42.167,33.031
225.967,131.852,41.970,32.530
226.503,132.404,41.741,32.207
227.456,131.893,41.515,31.879
227.778,131.240,41.100,31.565
228.378,130.414,40.754,31.285
228.184,130.498,40.344,31.096
228.739,129.723,40.125,30.898
229.676,128.943,40.014,30.543
231.051,126.677,39.589,30.338
231.703,125.434,39.218,30.114
232.233,123.954,39.002,29.907
232.743,122.837,38.710,29.689
232.854,122.736,38.308,29.660
233.184,122.376,38.166,29.578
233.548,122.488,37.865,29.605
233.683,122.243,37.697,29.449
233.574,123.375,37.461,29.402
233.779,123.944,37.338,29.285
232.896,124.240,36.980,29.365
232.114,125.265,36.759,29.433
231.545,124.982,36.642,29.209
231.428,124.993,36.540,29.111
231.707,126.488,36.278,29.004
233.487,126.289,36.109,28.887
234.762,125.975,35.955,28.833
235.541,126.892,35.872,28.844
235.972,126.694,35.948,28.728
235.262,126.622,35.669,28.737
232.733,126.891,35.259,28.773
230.291,127.186,34.639,28.851
228.016,126.665,34.037,28.922
224.894,126.890,33.380,29.025
221.825,126.435,32.800,29.069
218.639,125.930,32.481,29.059
215.601,125.589,32.123,28.906
212.867,125.438,32.004,28.562
211.075,125.914,31.921,28.367
209.218,124.896,31.740,28.283
208.042,125.978,31.735,28.189
207.226,125.712,31.679,28.053
206.760,125.495,31.705,27.913
206.484,125.624,31.661,27.826
206.146,125.977,31.693,27.807
206.521,125.954,31.806,27.674
206.694,126.659,31.897,27.469
207.190,125.851,31.882,27.299
207.119,126.403,31.884,27.262
208.286,126.479,31.717,27.290
209.235,126.234,31.768,27.254
209.756,125.632,31.956,27.058
209.784,125.504,31.989,27.087
210.227,124.551,32.017,27.135
210.797,125.064,31.938,27.245
211.880,126.055,32.110,27.389
213.024,127.586,32.325,27.382
214.045,129.692,32.496,27.513
215.233,131.649,32.733,27.657
215.791,134.151,32.978,27.769
215.642,136.720,33.335,27.829
215.050,138.957,33.622,28.063
214.124,140.433,33.768,28.271
213.776,141.826,34.072,28.357
213.655,142.290,34.172,28.451
213.549,142.583,33.941,28.538
214.411,142.166,34.244,28.416
215.502,141.985,34.306,28.329
216.493,142.152,34.300,28.352
217.833,141.627,34.162,28.344
218.852,142.461,34.089,28.403
219.979,142.612,34.179,28.337
221.186,143.042,34.233,28.235
222.152,141.877,34.297,28.263
222.695,141.532,34.555,28.376
223.770,141.037,34.779,28.460
224.220,140.911,35.362,28.607
225.064,142.758,35.535,28.775
225.359,144.772,35.820,28.944
225.095,150.981,36.001,29.321
225.363,160.313,35.643,30.059
224.651,173.374,34.869,30.709
