118.000,69.000,114.000,162.000
116.956,62.144,113.439,164.062
118.087,58.932,113.585,165.856
116.634,58.297,113.683,167.713
117.140,56.984,113.956,169.147
116.413,56.752,113.987,170.243
116.879,56.816,114.222,171.040
116.262,56.820,114.701,171.752
116.900,55.485,114.978,172.346
116.409,54.642,115.097,173.083
114.910,55.079,115.261,173.503
114.954,56.786,115.607,174.025
113.674,56.165,115.822,174.329
112.691,56.462,115.994,174.521
109.695,56.903,116.286,175.140
108.948,58.025,116.446,175.386
105.775,58.518,116.530,175.917
104.439,59.739,116.710,176.289
101.290,59.814,116.980,176.433
97.693,61.816,117.240,176.453
94.091,60.551,117.157,176.848
94.713,56.597,116.698,176.217
90.879,52.588,116.734,173.678
90.921,50.159,116.815,169.902
88.932,51.953,116.732,166.210
89.619,52.107,116.123,162.619
88.753,52.260,115.215,159.584
89.574,52.117,114.200,156.792
89.965,50.377,113.736,153.904
89.516,50.022,112.672,151.270
89.389,47.276,112.425,148.291
89.703,46.624,111.557,145.797
90.424,45.086,110.522,143.215
90.921,45.306,109.456,140.729
91.827,46.016,108.215,138.648
92.167,46.477,107.051,136.538
93.445,46.142,105.550,134.790
95.026,46.948,103.778,133.295
96.875,47.510,102.761,131.632
98.059,45.992,101.830,129.797
100.773,46.909,100.439,128.627
102.962,46.933,99.104,127.420
105.102,48.030,97.764,126.274
107.792,47.070,96.839,124.995
109.007,51.364,100.113,121.869
109.739,53.267,102.560,119.510
111.201,54.595,104.493,117.786
113.014,54.508,105.770,116.740
115.365,55.480,106.807,115.951
117.160,55.337,107.670,115.317
118.939,56.418,108.197,114.853
120.743,56.228,108.829,114.522
121.933,56.539,109.078,114.618
123.406,57.871,109.048,115.111
125.511,58.669,109.259,115.523
127.360,59.955,109.109,116.348
128.979,60.854,108.905,116.975
130.186,61.232,108.871,117.739
131.796,62.026,108.685,118.935
131.753,63.425,107.743,120.744
133.230,65.323,107.405,122.011
133.973,67.419,106.857,124.082
135.088,71.048,106.263,127.041
135.418,71.246,105.943,130.030
135.448,72.374,105.834,132.861
136.787,73.919,105.454,135.384
136.739,74.126,105.124,138.466
138.191,76.096,105.141,142.119
138.150,75.616,105.779,144.519
137.680,76.847,106.306,147.402
137.860,74.717,106.980,149.830
139.599,68.444,107.338,152.239
139.298,71.246,106.815,155.113
138.267,67.484,107.188,157.715
137.015,71.782,107.885,159.933
138.964,65.125,108.523,161.703
135.739,69.781,109.384,163.315
137.813,65.103,110.501,164.560
133.964,68.731,111.064,165.717
135.948,63.170,111.746,166.166
134.372,61.971,111.852,165.672
134.092,61.194,111.841,164.777
133.460,61.679,111.502,163.877
135.039,62.947,110.476,164.051
136.086,62.947,108.684,165.496
136.757,65.228,106.664,167.335
136.764,66.523,104.760,169.412
137.294,61.062,103.559,169.469
137.590,68.376,100.861,171.384
138.963,66.769,97.372,175.500
142.313,64.570,94.282,178.336
144.430,66.600,91.956,180.279
143.710,65.065,90.652,180.739
143.746,62.704,89.715,180.870
141.582,62.711,90.002,179.468
140.657,63.272,89.702,178.781
139.524,63.954,89.410,177.951
138.110,63.941,89.103,177.319
138.022,62.535,88.590,177.781
137.449,63.497,88.073,177.514
135.790,65.311,88.083,177.027
136.738,64.765,87.405,177.166
135.317,66.432,87.172,176.830
137.976,64.919,86.506,177.035
135.569,65.151,86.826,175.701
135.728,64.499,86.367,175.741
136.038,64.951,85.907,175.862
136.447,64.669,85.374,175.914
137.079,66.003,84.819,176.016
137.088,67.491,84.799,175.761
136.692,67.020,84.420,175.840
137.385,65.890,84.210,175.576
136.989,68.112,84.159,175.176
137.299,67.526,84.032,175.127
137.727,66.806,83.977,175.099
136.583,67.087,84.113,174.618
137.734,67.069,83.773,174.740
137.103,68.060,83.837,174.311
137.067,67.874,83.903,174.025
137.231,67.205,83.887,174.050
136.401,67.165,84.161,173.686
136.804,67.549,84.174,173.804
136.793,67.389,84.429,173.475
135.951,67.653,84.617,173.148
136.328,67.491,84.617,173.439
136.051,68.595,84.591,173.394
136.158,66.794,84.650,173.773
135.775,67.662,84.771,173.730
135.212,68.640,84.942,173.046
136.405,66.482,84.748,173.454
136.575,67.475,84.698,173.213
135.839,68.176,84.920,172.592
136.288,68.098,84.842,172.129
136.120,68.309,84.986,171.481
137.103,67.283,85.127,170.907
135.087,68.735,85.274,170.458
135.535,67.094,85.626,170.408
133.496,66.200,86.543,170.040
130.599,65.519,87.743,170.189
128.769,65.699,89.056,169.947
126.829,66.433,90.979,168.863
125.523,66.466,92.864,168.200
122.462,66.028,94.316,168.249
121.736,65.197,95.828,167.480
119.667,63.465,97.833,166.136
116.870,64.280,99.893,164.341
114.543,62.375,101.332,163.594
113.077,63.260,102.827,163.701
110.519,63.971,104.158,164.664
110.438,64.509,105.389,165.906
108.229,64.834,106.470,166.953
108.205,63.769,107.681,167.947
107.519,62.384,108.597,168.792
105.962,62.527,109.073,169.677
106.103,62.137,109.751,170.971
105.572,62.219,110.270,171.739
105.449,60.992,111.000,172.177
103.807,60.853,111.590,172.722
104.794,60.502,111.993,173.116
104.228,61.349,112.095,173.595
104.093,60.494,112.323,173.914
102.531,59.455,112.674,174.397
104.156,60.955,112.544,174.812
103.009,59.157,112.860,174.797
103.535,61.437,112.784,175.010
104.734,59.835,113.026,174.629
104.926,59.052,113.270,173.921
105.701,56.690,113.986,172.310
105.826,56.670,113.994,170.004
106.376,55.757,114.308,167.000
105.926,54.775,114.173,164.310
102.284,56.730,117.392,159.010
100.783,60.291,118.408,156.259
101.898,63.969,119.533,153.748
94.558,65.440,113.238,159.017
95.777,65.300,109.368,161.406
95.670,64.188,105.538,163.899
96.120,65.748,101.609,165.433
96.439,65.305,97.956,167.275
97.464,67.035,95.250,167.664
97.807,68.021,92.611,167.939
99.258,70.368,90.168,168.117
99.481,70.549,88.397,168.190
99.833,70.589,86.498,167.944
101.163,72.054,85.108,167.711
100.956,70.805,83.659,167.599
101.877,72.886,82.828,166.778
101.264,73.492,81.794,166.232
100.611,73.207,80.856,165.345
101.114,72.483,79.706,164.909
101.472,70.678,78.547,164.174
101.889,71.016,77.728,163.600
104.461,72.009,77.019,162.645
103.981,73.853,76.246,161.488
105.091,75.695,75.749,160.185
104.745,76.082,75.171,159.109
105.804,78.284,75.108,157.773
105.787,78.572,74.523,157.219
105.687,79.319,73.879,156.861
106.657,78.217,74.013,156.104
105.736,78.907,73.524,155.300
106.299,79.228,73.108,154.196
107.003,80.016,72.863,152.922
105.810,80.857,72.300,151.990
105.569,81.337,71.824,150.955
105.893,81.565,71.389,150.288
104.753,82.706,71.068,149.450
106.272,81.947,70.733,149.026
105.175,84.114,70.440,148.156
106.450,82.205,70.123,148.211
104.808,84.403,69.671,148.282
105.518,84.980,69.413,147.898
104.911,86.413,69.226,147.695
105.157,87.350,68.929,147.475
105.322,88.177,68.650,147.492
105.976,90.851,68.562,146.863
105.709,90.611,68.924,146.251
105.746,90.840,69.123,145.715
105.214,89.978,69.171,145.555
105.543,90.084,69.019,145.438
106.439,90.076,68.942,145.659
104.923,87.184,68.568,145.723
104.713,84.560,68.771,145.731
106.092,80.533,68.949,145.533
107.037,80.461,69.804,144.882
106.663,81.164,70.045,143.748
108.029,79.122,70.746,142.635
108.039,75.190,70.967,142.360
109.426,71.801,72.070,141.921
120.301,44.097,79.620,135.032
118.390,43.017,85.673,129.616
115.921,39.860,90.796,124.640
116.780,41.748,94.765,121.540
116.784,46.308,97.018,121.286
116.358,50.511,98.107,122.978
113.712,53.519,98.811,126.365
114.425,56.824,99.387,130.342
113.577,58.978,100.108,134.696
111.881,56.401,101.048,139.767
111.855,56.509,101.948,144.696
110.227,53.523,102.875,148.580
109.669,52.547,104.203,151.642
109.122,51.235,105.305,154.406
110.251,50.432,106.317,157.232
110.949,48.375,106.634,160.168
111.034,49.262,107.186,161.982
110.115,50.576,108.219,164.010
113.375,50.424,108.730,165.563
111.581,49.961,108.965,166.831
114.016,49.685,109.376,168.403
112.199,51.329,109.595,169.305
114.082,51.350,109.789,170.557
112.819,52.069,109.828,171.273
114.319,53.390,110.112,172.418
113.937,53.695,110.467,172.748
112.551,54.005,110.868,173.377
113.092,55.183,111.335,173.900
111.964,54.614,111.801,174.070
111.993,55.903,111.807,174.583
111.208,57.051,111.929,175.053
110.754,57.176,111.827,175.619
112.311,58.120,112.147,176.088
110.328,57.493,112.314,176.674
111.356,59.900,112.187,176.861
110.065,59.107,112.506,177.389
111.587,60.186,112.439,177.710
111.027,60.175,112.552,177.711
110.102,58.880,112.903,177.454
111.305,59.079,113.441,176.906
111.169,56.474,113.874,175.635
111.165,54.322,114.544,173.725
109.317,52.357,114.894,171.320
109.286,53.279,114.815,168.109
108.798,52.420,115.106,164.056
107.756,54.712,114.857,160.491
106.420,54.989,114.178,157.673
107.356,55.148,113.016,154.933
106.573,56.421,112.234,152.223
106.746,57.175,111.483,149.440
106.764,58.409,110.449,147.243
106.057,59.377,109.551,144.886
105.983,60.699,108.935,142.541
105.442,62.481,107.884,140.531
105.541,62.153,107.200,138.751
105.516,62.220,106.416,136.673
105.586,62.408,105.353,134.638
105.331,64.110,104.555,132.427
104.954,65.317,103.492,130.625
105.021,65.011,102.201,129.154
104.985,65.707,100.994,128.101
102.760,67.394,103.552,125.055
101.265,67.397,105.334,122.520
100.189,69.048,106.638,120.487
100.472,70.963,107.789,118.874
99.944,71.310,108.164,118.131
100.507,71.333,108.610,117.133
100.824,73.291,108.419,116.712
99.817,73.133,108.524,115.897
100.043,73.501,108.602,115.407
100.117,73.644,108.658,115.031
99.043,74.138,108.540,114.604
99.595,73.647,108.863,113.933
99.311,75.029,108.584,113.959
98.793,74.935,108.627,113.647
98.516,75.474,108.482,113.663
98.538,76.403,108.356,113.749
98.369,76.314,108.433,113.619
99.038,75.219,108.530,113.331
97.641,76.052,108.763,113.332
98.677,73.062,109.048,113.074
99.841,74.221,108.513,114.008
98.280,73.546,108.501,114.018
98.832,74.146,108.321,114.525
99.498,74.063,108.005,115.108
99.729,74.112,107.990,115.528
99.436,74.657,107.856,116.339
100.444,75.239,108.192,116.966
100.099,75.523,107.795,118.189
102.076,74.956,107.513,119.533
102.897,74.472,106.677,121.773
104.356,74.095,105.761,124.247
102.876,74.199,104.810,127.555
104.742,75.563,103.954,132.264
103.286,78.073,103.569,136.780
103.479,80.123,103.672,141.146
103.031,76.441,104.273,145.051
101.971,75.170,104.786,148.889
100.604,73.558,105.904,151.807
99.018,70.810,106.957,154.833
97.674,69.060,107.872,157.389
96.585,68.043,108.623,159.838
94.725,67.166,109.510,162.180
94.136,65.620,110.266,164.324
93.420,66.953,111.062,165.555
91.500,65.245,111.879,167.074
91.285,65.859,112.855,168.136
90.316,64.237,113.638,169.437
89.007,64.640,114.189,170.824
87.657,63.906,115.014,171.849
86.584,64.018,115.545,173.177
84.875,61.967,116.143,174.053
83.385,63.633,116.138,175.055
81.615,63.460,116.332,175.522
79.776,63.058,116.369,176.270
78.215,65.148,116.510,176.601
75.264,63.608,116.633,177.436
74.366,64.001,116.689,177.745
72.470,62.080,116.807,178.078
72.863,61.657,117.119,177.802
69.336,61.380,117.452,177.767
76.772,63.314,115.055,180.373
75.678,65.334,112.667,182.360
79.431,65.481,109.500,185.543
82.187,65.295,105.902,188.151
84.916,65.410,102.602,190.346
87.519,64.642,99.687,192.048
89.357,63.423,97.471,192.708
90.131,63.047,95.526,193.256
90.885,63.181,93.843,193.514
91.025,63.169,93.079,192.927
91.383,62.722,92.273,192.572
92.237,62.295,91.673,192.248
90.822,62.034,91.598,191.267
91.858,63.517,91.354,190.507
91.836,63.173,91.201,189.993
93.351,61.738,91.164,189.348
93.486,62.096,91.510,188.581
94.095,62.377,91.318,188.348
93.972,63.012,91.450,187.994
95.720,62.529,91.001,188.071
96.866,62.895,90.864,188.022
97.057,63.592,90.984,188.018
99.808,61.453,90.346,188.650
98.405,63.950,90.591,187.733
102.127,62.393,89.581,188.296
102.317,62.859,89.487,188.169
102.195,61.970,89.397,188.090
103.351,63.178,89.129,188.081
103.523,61.358,88.836,188.249
104.776,62.789,88.646,187.701
106.760,62.009,88.119,187.517
107.282,61.527,87.936,187.257
107.297,62.309,87.841,186.818
108.481,60.823,85.293,190.097
109.681,60.034,83.377,192.410
111.232,58.201,82.185,193.888
111.808,56.845,81.083,195.293
113.895,56.023,80.230,196.392
113.844,55.637,79.681,197.024
115.565,54.357,79.383,197.589
114.856,55.621,79.382,197.774
115.074,54.418,79.183,198.150
115.414,52.245,79.055,198.583
115.543,51.686,79.452,198.506
115.936,52.562,80.096,198.023
115.624,52.169,80.675,197.240
115.192,51.821,81.360,196.540
113.949,51.981,82.247,195.821
114.555,51.217,82.756,195.524
113.906,52.084,83.755,194.469
113.086,52.057,84.336,193.682
112.051,49.859,85.146,193.273
111.322,48.803,86.040,192.846
109.536,51.000,87.725,191.840
109.436,53.566,88.557,191.361
109.573,53.858,89.388,191.038
110.769,53.981,90.027,191.716
110.889,51.441,90.793,192.478
110.003,51.994,92.414,192.130
109.578,48.589,93.825,191.681
105.897,46.986,96.303,190.083
103.780,44.670,98.311,188.625
101.290,45.330,100.012,187.177
100.309,47.276,101.274,186.434
99.700,49.002,102.410,186.025
99.143,51.429,102.891,186.137
98.525,51.837,103.522,186.472
98.287,53.045,104.021,186.559
97.585,53.088,104.455,186.434
96.887,55.124,104.942,186.054
96.092,57.056,105.503,185.962
95.590,58.111,105.855,186.155
95.447,58.943,105.943,186.518
95.095,61.505,106.253,186.992
95.074,62.206,106.401,187.820
94.966,62.061,106.517,188.296
95.617,62.493,106.635,188.830
94.444,61.893,106.890,189.475
94.757,62.079,106.945,189.972
94.668,62.031,106.988,190.157
93.527,60.192,106.880,190.354
94.580,57.113,106.512,190.489
93.748,56.591,106.604,189.969
94.570,56.221,106.369,189.052
94.178,56.313,106.332,188.127
94.438,54.127,106.447,186.542
98.135,57.465,109.129,181.057
96.187,58.349,111.052,175.702
95.593,59.175,112.867,171.160
93.981,60.937,113.582,167.690
92.073,62.009,117.202,162.022
91.956,63.237,118.884,158.478
90.718,65.751,120.489,155.275
92.668,71.505,121.753,153.297
84.615,73.384,114.884,159.266
85.280,70.237,110.765,162.698
85.618,71.209,106.303,165.089
86.798,71.493,102.079,167.588
88.044,70.704,98.451,169.023
89.218,71.387,95.500,169.490
88.818,67.528,92.187,171.135
89.786,66.733,89.529,171.539
91.299,64.333,87.289,171.972
91.630,64.537,85.714,171.760
92.048,61.935,83.998,171.629
93.351,62.539,83.124,170.660
93.120,63.862,81.893,170.216
93.457,63.865,81.092,169.445
93.529,65.222,79.820,169.276
94.059,65.318,79.420,168.171
93.839,66.847,78.866,167.597
92.726,68.171,78.103,167.044
92.617,69.178,77.605,166.158
91.032,70.913,76.948,165.055
92.759,67.595,76.210,164.236
92.943,68.722,75.727,163.244
92.445,70.224,74.994,162.527
92.554,70.153,74.572,161.917
92.461,69.753,73.979,161.301
92.919,70.538,73.446,160.615
92.320,71.754,73.140,159.787
93.582,70.659,72.752,159.438
93.969,72.823,72.556,158.526
94.141,72.354,72.305,158.238
93.391,73.227,71.752,157.669
93.407,73.580,71.576,156.732
93.528,72.093,71.168,156.479
92.963,72.866,70.958,156.067
93.959,72.461,70.965,155.463
93.318,72.861,70.566,155.298
93.947,71.558,70.710,154.675
93.511,72.448,70.366,154.376
94.050,72.906,70.321,153.597
94.113,73.475,70.253,152.761
94.392,73.784,70.119,152.321
93.886,74.309,69.877,152.001
94.269,74.801,69.669,151.787
94.197,73.302,68.295,153.805
94.865,73.734,68.706,152.977
94.499,72.585,68.531,153.131
95.190,73.616,68.815,152.417
94.434,74.780,68.577,152.054
94.738,74.044,68.577,151.935
94.553,74.463,68.589,151.758
94.175,74.276,68.596,151.779
94.435,73.233,68.641,151.548
93.372,74.343,68.575,151.095
95.517,74.508,69.022,150.723
94.387,74.156,67.646,152.528
94.777,72.396,68.036,152.001
94.532,74.144,68.253,151.262
95.489,75.906,68.408,150.532
94.136,76.550,68.164,150.720
95.801,76.654,68.646,150.413
95.066,77.448,68.552,150.343
94.905,76.661,68.684,150.646
94.621,76.986,68.698,150.346
94.796,76.634,68.523,150.315
94.816,77.440,68.526,149.995
94.264,77.895,68.519,149.875
95.303,78.199,68.589,149.404
94.093,77.512,68.255,149.267
94.746,75.463,66.825,151.012
95.915,73.230,65.890,152.667
96.004,74.020,66.165,151.688
94.514,80.331,65.241,152.735
92.907,75.913,64.342,153.729
94.151,71.950,63.368,154.687
94.011,70.273,62.612,155.488
93.204,79.206,61.865,155.940
92.185,85.169,60.845,156.684
92.756,79.117,60.053,157.291
93.101,85.372,59.153,157.929
93.794,79.405,58.620,158.364
93.922,75.642,58.058,158.668
93.258,71.287,57.630,158.978
92.798,78.991,57.148,158.971
91.772,74.145,56.598,158.960
91.377,81.440,56.344,158.714
91.023,75.994,56.044,158.603
91.344,72.473,55.892,158.450
91.501,70.964,55.723,158.195
91.615,77.025,55.368,158.043
91.795,72.597,55.168,157.638
92.194,70.263,54.993,157.277
91.926,77.824,54.674,157.085
92.398,72.681,54.496,156.859
92.601,70.458,54.319,156.696
93.036,71.073,54.227,156.302
92.174,78.865,53.917,156.243
92.971,74.894,53.840,155.928
92.771,71.604,53.718,155.693
92.734,70.779,53.549,155.461
92.510,78.968,53.391,155.386
92.341,86.069,53.228,154.877
92.210,80.207,53.065,154.735
92.980,75.126,52.994,154.648
93.341,71.661,52.997,154.510
92.838,71.433,52.969,154.215
93.044,70.991,52.959,153.895
92.414,79.758,52.843,153.740
92.107,75.295,52.777,153.533
91.863,82.346,52.625,153.410
91.848,77.605,52.552,153.355
91.830,84.330,52.346,153.315
91.811,80.572,52.238,153.253
92.340,76.129,52.263,153.104
92.203,83.426,52.141,153.017
91.932,79.769,52.116,152.892
91.464,86.620,51.999,152.490
91.705,81.835,51.867,152.377
91.664,76.975,51.900,152.312
91.833,84.356,51.808,152.281
92.193,78.656,51.811,152.222
92.212,74.823,51.791,152.002
91.847,82.364,51.722,151.842
91.521,89.292,51.652,151.450
91.686,84.085,51.611,151.367
92.973,80.617,51.700,151.254
94.096,87.565,51.694,151.118
94.000,75.023,51.768,150.808
93.806,75.697,51.878,150.400
93.676,76.165,51.900,150.042
93.332,83.057,51.749,150.086
93.700,90.387,51.653,149.878
94.041,85.880,51.597,149.840
94.045,93.250,51.551,149.492
94.370,88.410,51.509,149.527
94.738,78.048,51.584,149.308
96.023,78.358,51.668,149.168
97.018,76.670,51.738,149.091
96.024,75.948,51.909,148.880
95.004,76.633,52.107,148.542
93.886,86.571,52.087,148.192
92.844,84.495,52.032,148.222
129.089,60.169,61.599,137.803
122.837,60.179,71.536,126.121
116.926,65.194,79.609,117.735
112.927,71.697,84.751,113.265
110.849,76.899,88.008,111.673
109.576,81.306,89.867,112.191
109.142,83.927,90.919,113.884
109.384,86.813,92.029,115.945
109.906,91.181,93.032,119.066
109.010,96.378,94.157,122.884
109.341,99.220,95.119,127.883
109.224,96.538,96.439,132.342
109.464,93.687,98.095,136.219
106.475,92.399,99.141,140.208
106.846,90.088,100.430,144.013
105.615,89.323,101.415,147.166
104.889,89.133,102.643,150.032
104.070,87.871,104.201,152.293
104.009,87.245,105.209,154.948
102.955,85.332,106.160,157.246
104.141,85.387,107.105,158.974
102.489,83.607,108.094,160.588
102.966,83.525,108.715,162.367
102.669,81.663,109.767,163.425
102.616,82.317,110.359,164.559
102.474,82.399,111.224,165.701
103.373,75.563,111.570,166.183
103.126,75.384,111.603,165.730
104.062,73.780,111.656,163.999
104.291,74.444,111.474,162.251
104.081,71.074,111.188,159.727
103.396,67.552,111.062,156.675
104.663,66.268,110.677,153.671
105.250,66.132,110.151,150.663
106.792,67.244,109.483,148.365
101.621,69.328,112.895,142.968
101.594,70.597,115.256,138.542
100.279,71.462,116.984,135.180
99.044,72.616,118.151,132.509
98.956,73.349,118.808,130.706
98.712,73.888,119.150,129.138
98.646,73.072,119.477,127.792
98.335,72.739,119.455,126.536
97.490,71.834,119.646,124.727
97.284,72.154,119.513,123.367
98.085,71.358,119.566,121.909
97.136,71.817,119.417,120.759
96.224,72.292,119.076,119.777
97.354,73.021,118.291,119.323
96.706,72.875,118.038,118.276
97.310,73.583,117.700,117.504
97.010,73.408,117.470,116.547
96.301,73.401,117.150,115.765
96.405,75.067,116.645,115.410
96.626,75.769,116.566,114.828
96.931,76.426,116.424,114.231
96.758,75.585,116.099,113.485
97.067,76.441,115.741,113.176
96.985,76.876,115.375,112.670
97.028,77.192,114.830,112.583
98.286,77.081,114.505,112.487
97.656,76.768,114.115,112.053
97.972,76.654,113.735,111.931
98.729,76.125,113.566,111.479
97.772,75.997,113.273,111.099
98.759,75.908,113.030,110.831
98.524,75.362,112.739,110.535
99.091,76.233,112.644,110.313
99.136,75.758,112.633,109.982
99.613,76.427,112.407,110.001
98.576,75.641,112.521,109.612
99.067,77.659,112.084,109.752
99.088,76.211,112.119,109.390
99.700,76.633,111.831,109.178
100.171,76.873,111.677,109.104
100.314,76.765,111.552,108.923
100.142,76.736,111.203,109.036
101.201,77.261,110.827,109.178
101.530,76.562,110.726,109.311
102.173,77.279,109.995,110.084
102.753,76.543,110.102,109.960
102.160,76.250,109.661,110.447
101.726,76.948,109.539,110.440
102.982,77.188,109.648,110.277
101.558,76.739,109.317,110.504
101.750,77.801,108.994,110.985
101.393,78.504,108.873,111.142
99.915,77.825,108.903,111.070
99.902,78.516,108.528,111.426
98.953,79.463,107.749,112.643
97.565,81.102,106.914,114.392
98.014,82.737,105.807,117.207
97.913,83.729,104.621,119.992
96.208,86.257,103.493,123.580
95.745,88.364,102.916,127.639
94.096,89.461,102.628,131.841
92.754,89.327,102.948,135.212
89.685,89.711,103.625,137.543
87.847,86.125,104.594,139.610
84.758,86.459,105.202,142.229
82.878,82.919,106.138,142.708
82.022,80.425,106.754,143.000
80.725,77.597,107.512,143.561
80.256,75.584,107.333,145.265
78.496,75.951,106.769,148.060
76.312,76.286,106.701,150.275
76.157,76.480,106.859,151.487
76.304,76.591,107.154,152.371
76.301,78.428,107.222,152.632
84.618,79.896,101.891,158.663
86.324,77.660,97.626,163.262
89.638,76.862,93.816,167.108
90.452,76.968,90.692,170.029
88.585,68.510,89.092,170.326
88.805,71.251,87.821,171.001
87.547,63.736,87.926,169.805
102.053,77.949,83.368,175.600
102.659,77.286,79.673,180.350
103.135,74.240,77.172,183.772
105.513,73.226,74.862,186.967
106.527,70.534,72.979,189.287
107.028,67.647,71.456,191.206
106.249,65.837,70.429,192.572
107.619,63.488,69.848,193.652
107.622,61.870,69.208,194.696
107.252,61.406,68.868,195.305
106.875,58.652,68.984,195.320
107.440,58.179,68.881,195.001
108.283,58.758,68.733,194.765
108.762,58.346,68.463,194.751
109.410,57.684,68.218,194.767
109.698,57.056,67.941,194.731
109.468,57.036,67.658,194.720
110.502,56.956,67.401,194.778
110.181,55.068,67.140,194.966
110.514,55.433,66.964,194.920
110.911,55.965,66.753,194.794
111.724,55.569,66.424,194.687
112.206,56.420,66.197,194.177
112.788,56.235,65.982,193.666
113.179,55.762,65.875,193.112
113.610,56.152,65.889,192.759
115.347,55.837,65.678,192.702
116.029,55.090,65.563,192.264
116.911,55.091,65.473,191.977
118.493,54.964,65.394,191.890
119.354,55.005,65.317,191.828
121.505,54.279,65.204,191.745
121.051,55.662,65.223,191.489
122.054,56.563,65.436,191.198
123.632,56.447,65.466,191.161
124.830,55.226,65.680,190.985
126.336,53.829,65.705,190.693
127.128,54.157,65.941,190.001
128.851,53.864,65.989,189.556
129.877,50.784,65.719,189.861
129.932,51.757,65.768,189.509
131.665,52.859,65.853,189.024
131.722,54.095,65.894,188.996
131.830,54.012,65.780,189.259
132.400,51.600,65.753,189.272
132.072,51.556,65.728,189.474
132.556,49.192,65.700,189.328
132.506,50.259,65.681,189.194
131.983,48.011,65.636,189.503
132.046,47.838,65.957,189.097
131.421,46.989,66.050,188.903
132.916,47.398,66.127,188.180
132.803,48.286,66.099,187.695
133.400,47.806,66.045,187.564
132.960,48.511,66.132,187.522
133.720,48.483,65.960,187.811
133.614,47.294,66.112,187.880
132.408,47.718,66.465,187.303
132.260,49.193,66.611,187.057
131.723,49.562,66.858,186.603
131.855,47.951,66.843,186.634
130.352,49.633,67.502,185.554
130.976,50.683,67.666,185.165
128.098,50.483,68.668,184.545
127.175,50.166,69.304,184.670
125.484,49.211,70.356,183.942
123.710,46.588,71.491,183.683
122.504,45.333,72.857,182.720
120.257,46.615,74.464,181.602
119.628,47.937,75.629,181.211
119.668,48.524,76.389,181.192
116.704,49.514,79.818,177.830
113.588,51.831,83.083,175.439
112.785,51.624,85.846,173.454
111.765,48.789,88.039,172.188
110.193,48.328,90.526,169.781
109.522,49.650,92.539,167.646
105.620,50.567,95.421,164.722
104.421,49.380,98.790,161.605
101.174,51.109,101.117,159.856
99.399,52.285,102.496,159.598
97.800,56.239,103.331,160.309
96.752,56.077,104.074,162.084
96.738,55.419,104.858,163.444
95.890,56.761,105.911,164.597
96.056,56.821,107.092,165.300
95.455,57.549,108.161,166.679
96.306,56.095,109.071,167.779
96.034,55.523,109.834,168.768
94.896,55.339,110.390,169.675
95.861,54.469,110.649,170.683
96.177,55.387,110.641,171.363
96.149,55.491,110.716,172.490
96.959,56.583,110.611,173.376
96.569,55.274,111.246,173.848
97.260,56.418,111.053,174.767
98.085,55.195,111.654,174.902
98.559,57.163,111.959,175.252
99.753,56.358,112.476,175.444
100.253,56.195,112.700,175.703
101.966,56.329,113.262,176.105
102.173,55.898,113.394,176.557
102.608,55.324,113.673,176.912
104.379,55.460,113.703,177.385
103.681,56.861,114.126,177.370
103.910,56.789,114.407,177.629
104.479,56.476,114.656,177.897
104.937,56.620,114.620,178.258
105.379,54.895,115.076,177.884
104.323,59.010,115.737,178.089
106.801,52.240,116.058,176.624
105.896,56.880,116.922,175.757
108.679,50.364,117.131,172.815
110.708,49.611,116.678,169.592
112.385,47.580,116.510,166.037
114.848,50.477,116.210,162.268
115.245,50.355,116.552,158.238
117.530,51.336,115.909,155.250
118.103,52.945,119.929,148.904
118.480,53.966,122.912,144.149
118.715,56.118,125.271,140.041
119.985,56.459,126.256,137.031
121.852,56.515,126.498,134.481
123.256,56.063,126.170,133.023
124.303,56.168,125.715,131.513
125.586,56.466,125.308,129.771
127.037,56.770,124.792,128.531
128.340,57.089,123.709,127.842
128.451,58.579,123.040,127.355
131.133,59.973,122.361,126.907
131.711,59.071,122.522,125.594
133.311,60.133,122.696,124.669
134.596,60.651,122.890,123.867
135.907,59.539,123.141,122.789
136.147,59.843,122.901,122.101
135.939,59.415,122.584,121.525
135.720,59.767,121.972,121.182
134.710,60.669,121.495,121.082
135.862,61.226,121.414,120.635
136.639,61.317,120.928,120.210
136.868,61.065,120.916,119.686
135.163,61.182,121.022,119.101
136.191,61.535,120.807,118.581
136.587,61.375,120.639,118.035
135.631,61.996,120.612,117.663
136.423,62.012,120.377,117.252
135.699,62.012,120.535,116.671
135.680,62.330,120.322,116.351
136.873,62.677,120.250,115.875
135.495,62.076,120.100,115.275
135.307,61.277,120.206,114.852
135.511,60.773,120.266,114.322
134.672,61.054,120.106,113.530
134.134,60.802,119.631,112.937
134.121,60.092,119.181,112.401
133.040,60.411,118.495,111.967
130.794,60.575,118.073,111.435
129.946,59.912,117.819,110.933
129.014,59.928,117.377,110.478
127.584,60.200,117.208,110.075
127.241,60.671,116.607,109.801
125.659,61.260,116.424,109.264
125.326,61.175,116.352,108.913
124.665,60.347,115.769,108.683
124.786,60.535,115.350,108.587
123.456,60.318,115.221,108.075
123.129,60.032,115.061,107.497
122.716,59.470,114.956,106.853
121.889,58.438,114.632,106.392
120.316,59.727,114.165,106.371
118.859,59.159,114.096,105.906
117.905,59.922,113.902,105.626
117.030,60.303,113.398,105.578
114.816,59.447,112.874,105.692
113.749,59.205,112.216,105.860
111.840,57.988,111.671,106.056
109.397,56.410,111.634,106.123
106.790,55.245,111.312,106.414
106.617,55.041,111.330,106.749
105.799,56.497,110.611,108.328
106.901,58.353,109.663,110.181
107.749,60.354,108.400,112.764
109.062,61.518,107.265,115.224
110.296,63.903,106.128,117.850
110.042,65.652,105.470,120.317
111.523,68.474,105.184,122.915
112.630,70.014,105.154,125.361
112.137,71.335,105.669,127.414
111.736,69.685,106.179,129.377
112.268,69.955,106.594,131.720
110.226,69.387,107.114,133.835
