134.000,55.000,60.000,88.000
132.758,56.619,61.045,87.329
132.637,55.026,61.436,87.406
130.209,56.595,63.446,86.228
129.575,56.142,64.782,85.640
128.762,57.939,65.681,85.354
129.092,56.694,66.744,85.285
128.780,56.408,67.359,85.237
128.946,57.997,68.085,84.966
128.919,56.840,68.348,85.315
128.253,57.546,68.744,85.239
127.800,58.284,68.824,85.406
127.711,60.750,68.958,85.909
132.149,58.205,69.515,86.366
130.930,58.698,69.548,86.761
131.470,58.897,69.881,86.905
130.006,59.500,69.806,87.101
125.970,59.163,70.072,86.636
120.941,59.370,70.834,85.832
115.975,56.570,70.860,86.152
110.940,56.035,70.988,86.257
98.132,57.842,71.654,85.825
94.625,56.420,71.349,86.127
89.697,59.384,72.175,85.648
84.610,62.618,73.122,85.087
81.393,66.936,73.812,84.986
78.708,68.375,74.330,85.157
78.938,73.365,74.393,85.155
80.434,75.456,73.813,85.538
81.453,79.329,73.725,84.873
81.931,83.649,73.096,84.416
83.452,84.521,72.760,84.267
86.608,84.952,73.209,83.682
89.854,86.458,73.438,83.026
95.350,86.844,74.400,82.151
107.214,87.644,74.956,81.340
116.229,86.698,75.231,80.744
121.842,87.404,75.484,80.149
126.405,88.002,75.571,79.905
132.240,90.769,75.617,79.223
136.746,94.184,75.120,78.744
141.744,97.879,74.672,78.429
151.301,102.508,74.150,78.311
150.592,99.905,73.739,78.878
149.753,101.419,73.077,79.313
151.458,101.994,72.924,79.626
151.982,103.907,72.609,80.028
151.981,102.962,72.396,80.438
151.690,101.779,72.448,80.689
152.289,101.679,72.307,81.025
151.266,96.257,72.471,81.142
151.239,93.190,72.401,81.293
152.521,90.267,72.230,81.659
154.901,88.846,72.404,81.729
155.238,86.971,71.860,82.100
153.844,85.539,71.202,82.644
151.241,82.064,70.561,83.408
146.557,80.993,70.493,83.516
133.787,75.982,70.281,84.319
126.551,75.473,70.198,84.745
119.262,74.511,70.461,85.302
113.672,73.190,71.039,85.709
104.713,71.060,71.559,85.954
95.510,69.610,71.227,87.067
89.468,73.888,71.944,86.719
88.160,73.752,71.658,86.411
88.609,76.245,71.721,85.998
88.653,74.606,71.960,85.209
91.604,75.157,72.756,84.112
96.310,75.951,73.769,83.187
104.457,74.419,74.566,82.377
110.901,75.267,75.004,81.811
113.817,74.890,75.441,81.548
116.991,76.899,75.581,81.132
123.106,74.005,76.214,80.730
127.042,73.167,75.978,80.810
135.083,75.579,75.881,80.057
137.122,77.507,75.687,79.404
137.913,76.686,75.561,78.947
138.531,79.560,75.126,78.295
138.920,82.857,74.849,77.588
139.826,87.012,74.254,77.057
142.476,93.482,73.743,76.530
142.292,96.796,72.798,76.818
141.472,98.346,71.825,77.746
136.710,98.745,70.969,78.571
130.899,97.653,70.175,79.782
124.216,99.276,70.619,80.004
117.905,100.707,70.182,81.197
111.955,101.477,69.977,81.587
109.167,98.872,70.208,82.065
106.628,90.123,70.442,82.645
106.306,78.254,70.447,83.378
105.565,75.567,71.392,82.778
105.740,74.167,72.550,82.353
108.933,75.498,74.144,81.614
110.648,74.937,74.976,81.513
115.192,73.350,75.221,82.223
121.501,72.866,76.075,82.179
127.987,73.301,77.153,81.684
134.782,75.248,77.548,81.105
140.497,71.967,77.759,80.633
142.291,71.405,77.698,79.903
142.438,72.258,77.002,79.899
146.083,80.360,76.885,79.572
144.760,82.114,76.454,79.218
140.232,80.758,76.276,78.865
136.746,78.831,76.112,78.970
125.423,75.922,75.957,79.016
118.873,78.043,75.711,78.713
112.196,82.566,75.742,78.161
109.954,85.790,74.891,78.424
108.388,90.631,74.409,77.905
107.366,93.535,73.674,77.871
109.132,96.636,73.784,77.299
112.729,98.018,74.084,77.020
118.637,98.908,74.215,77.006
125.627,98.809,73.891,77.807
131.747,102.152,73.905,78.317
135.731,102.044,73.278,79.226
139.446,102.063,73.071,79.515
140.161,96.488,72.900,79.477
140.922,91.997,72.807,79.206
140.549,87.249,72.736,79.071
140.474,81.672,72.877,78.501
140.821,79.154,73.012,78.065
141.495,73.892,73.225,77.586
142.306,70.089,73.818,77.069
143.659,72.394,74.429,76.139
143.521,69.819,74.872,75.627
141.004,67.791,74.949,75.421
137.797,67.954,74.830,75.208
128.998,66.431,74.982,75.236
121.018,66.012,75.595,75.094
111.414,65.344,76.710,74.543
99.231,62.685,76.273,75.279
95.811,59.934,76.118,75.824
93.014,61.821,75.958,75.676
84.462,68.436,75.536,76.293
85.007,74.040,74.838,77.146
86.546,75.955,74.102,77.320
89.467,75.930,73.329,77.880
92.690,76.172,72.689,78.563
98.192,76.116,73.149,78.661
107.268,76.828,73.421,78.747
116.043,79.046,73.606,78.337
122.790,78.521,74.127,78.377
129.746,77.001,73.739,78.644
132.150,80.451,74.022,78.323
135.831,81.903,74.679,77.437
136.271,79.771,74.427,77.544
137.280,77.029,74.090,77.685
139.753,73.954,73.809,77.832
139.924,72.409,73.883,77.717
139.455,72.217,74.093,77.255
136.198,72.473,74.353,77.038
135.667,70.248,70.064,81.412
125.601,71.091,69.799,82.359
114.618,70.855,70.166,82.785
109.600,68.094,69.075,84.707
104.994,66.574,68.608,85.836
93.869,65.741,68.773,86.353
92.795,65.607,66.010,88.878
91.197,72.015,63.744,90.417
90.574,78.667,61.680,92.171
89.872,80.590,60.285,93.664
90.375,87.212,59.679,94.075
91.261,90.761,59.258,94.529
93.103,91.291,58.644,95.292
102.626,93.467,58.238,95.889
111.865,91.771,58.333,96.118
113.342,96.745,61.997,93.399
123.339,92.654,61.594,94.027
131.895,92.534,60.825,95.071
135.944,95.481,63.299,93.169
139.757,93.854,65.035,92.075
142.821,91.921,66.459,91.222
145.144,89.761,67.337,90.950
145.293,87.706,68.004,90.596
144.920,84.405,68.303,90.682
146.044,79.071,69.012,89.998
146.863,73.184,70.139,88.544
149.123,71.545,71.634,86.735
150.051,71.079,73.234,85.110
149.524,68.652,74.225,83.959
146.237,70.912,75.022,82.390
142.711,70.990,75.434,81.195
135.402,68.387,76.141,80.427
126.529,66.599,76.651,79.808
123.480,66.988,76.692,79.153
120.275,65.487,77.002,78.670
110.379,65.466,78.097,77.785
101.432,63.773,79.071,77.115
96.101,64.023,78.892,77.057
93.441,63.535,78.188,77.535
90.264,63.069,78.118,77.409
81.222,63.504,77.791,77.350
80.405,65.855,77.424,77.347
81.557,69.256,76.477,77.513
81.711,76.083,75.525,78.563
81.106,77.580,74.691,79.299
80.680,79.559,73.912,79.581
82.890,82.277,73.091,79.322
87.613,83.437,72.433,79.545
92.936,83.667,72.196,79.172
101.507,82.609,72.368,79.287
105.139,81.389,73.013,79.088
111.272,83.408,73.651,78.835
118.904,82.824,73.740,79.336
124.845,83.005,74.148,79.388
132.004,85.414,74.485,79.040
136.168,88.433,74.106,79.259
138.600,88.610,73.567,79.320
139.297,86.868,73.216,79.382
139.033,84.996,72.878,79.667
139.438,77.636,72.400,79.801
139.674,77.250,72.353,80.039
141.072,78.218,71.995,80.528
141.245,76.227,71.448,81.381
140.064,75.420,71.092,81.696
135.655,73.454,70.539,82.386
129.041,73.998,70.073,82.560
124.013,72.206,69.568,83.091
120.433,70.954,69.863,83.031
114.285,71.236,69.600,83.848
109.186,71.641,70.073,83.762
103.297,71.552,70.246,83.798
97.867,70.029,70.213,83.899
94.646,72.394,70.701,83.497
93.420,71.493,70.805,83.623
93.064,70.864,71.319,83.192
93.165,72.509,71.945,82.449
96.497,71.854,72.376,81.799
99.835,71.906,73.422,81.296
103.113,72.174,74.997,80.822
106.182,72.103,76.003,80.499
111.307,72.637,76.840,80.238
115.996,71.724,76.997,80.466
121.539,69.518,77.336,80.634
126.358,72.178,78.059,80.041
132.727,73.896,78.161,79.905
136.011,74.377,77.694,80.065
137.738,78.019,77.223,79.778
137.441,84.781,75.799,80.597
141.871,92.043,74.789,80.866
141.350,98.023,74.437,80.512
137.177,96.292,74.045,80.252
133.505,94.792,72.961,81.433
126.609,96.596,72.661,81.535
116.330,100.484,72.663,81.119
104.669,100.142,72.441,81.261
100.864,100.696,71.876,81.385
98.576,100.574,71.488,81.450
98.491,94.486,71.613,81.397
96.831,88.202,71.631,81.297
96.094,84.475,71.873,80.835
95.146,80.367,71.931,80.757
94.742,76.279,71.830,81.042
95.656,75.411,72.146,80.800
95.292,73.010,72.077,81.002
97.800,71.343,72.278,81.140
97.545,71.425,73.165,80.569
101.811,71.760,74.452,80.194
105.386,68.541,75.519,79.941
109.335,68.515,76.448,79.860
115.123,66.943,76.829,80.241
122.219,65.333,76.886,81.182
127.041,65.660,77.071,81.449
132.794,67.393,76.977,81.378
135.875,67.219,76.440,81.700
137.823,69.488,76.675,81.140
139.489,67.905,76.670,80.601
140.539,66.341,76.635,80.535
140.567,65.299,77.110,80.016
140.646,65.111,77.375,79.773
141.282,64.211,77.072,80.376
141.849,65.653,76.662,80.714
143.310,63.451,76.543,80.685
141.980,60.060,75.875,81.353
135.292,60.718,75.423,81.732
129.158,60.232,75.108,81.946
126.605,60.832,74.225,82.493
118.981,59.056,74.077,82.696
113.658,61.331,74.457,82.527
107.354,60.302,74.913,82.493
94.992,61.955,74.550,82.544
92.822,60.654,74.603,82.516
89.264,58.313,74.987,82.129
81.021,58.082,75.435,81.235
80.346,56.799,75.406,80.914
78.400,57.716,75.440,80.094
78.094,55.508,75.712,79.163
78.575,58.575,75.560,78.163
78.257,58.634,75.543,77.374
78.321,60.062,75.537,76.721
80.601,61.812,76.289,75.775
84.810,61.468,76.695,75.537
95.772,62.872,77.310,75.407
106.059,62.190,77.962,75.661
111.007,61.113,78.031,76.248
122.584,59.135,77.782,77.176
132.729,60.882,77.139,77.851
137.468,62.731,76.913,78.555
138.660,67.517,76.329,78.790
138.798,77.117,74.621,80.700
141.726,82.125,73.681,81.428
143.468,96.330,73.306,81.481
142.266,105.862,72.994,80.553
137.232,105.120,72.931,79.900
129.294,106.119,73.446,78.599
123.471,107.971,73.651,77.502
109.319,110.108,73.887,76.151
96.013,110.118,73.978,75.009
84.252,110.382,73.524,74.252
78.214,109.516,72.596,74.099
77.541,101.862,71.868,74.585
78.304,95.563,71.190,75.071
76.355,83.593,71.144,75.267
77.360,78.099,70.923,75.643
80.445,79.250,71.187,75.378
86.778,75.929,71.460,75.766
93.650,74.394,72.194,75.800
98.722,72.903,72.999,76.370
111.495,74.793,74.010,76.240
120.051,74.032,74.200,77.161
132.857,75.592,74.350,77.676
138.960,75.656,74.004,78.492
143.116,74.336,73.582,79.161
146.483,73.145,73.022,80.016
146.533,76.511,72.316,81.075
147.224,85.360,71.491,82.379
148.548,90.431,70.817,83.363
148.016,93.667,70.375,84.048
143.836,94.821,69.881,84.710
138.652,93.791,69.715,85.277
128.163,93.451,68.828,86.717
119.231,91.207,69.365,86.759
112.767,94.009,69.581,86.646
105.610,93.451,70.141,85.892
102.804,93.590,70.733,84.846
99.175,89.073,71.282,83.892
98.204,83.655,72.057,82.876
97.832,81.321,72.774,82.036
99.010,77.353,73.317,81.578
101.286,73.465,74.157,80.671
103.528,73.340,75.164,79.657
108.395,69.573,76.581,78.531
119.838,68.597,76.805,78.130
125.341,69.114,77.639,77.408
135.649,71.419,77.260,76.828
139.340,68.856,76.827,76.701
140.267,70.201,76.092,76.540
142.251,75.992,75.298,76.897
142.183,81.658,74.407,77.239
136.166,80.083,74.232,76.953
130.369,79.167,73.963,76.957
122.651,80.154,73.879,76.590
116.243,81.023,74.113,76.301
104.826,78.034,73.928,76.516
96.011,77.635,73.399,76.657
89.897,77.153,72.737,76.929
88.587,78.522,71.865,77.145
87.218,77.729,71.071,77.768
86.202,77.468,70.325,78.153
85.466,79.370,69.485,78.423
86.011,83.105,68.460,78.615
88.395,85.134,67.598,79.340
91.242,85.965,67.524,79.920
96.107,86.004,67.639,80.352
105.970,86.554,67.488,81.013
115.898,87.826,67.830,81.295
124.410,86.879,67.828,81.953
130.604,87.878,68.389,81.950
137.619,88.366,69.016,81.427
140.951,89.371,68.957,81.231
141.773,86.862,69.033,81.492
142.607,85.038,69.526,80.911
145.066,80.477,69.864,80.514
146.353,78.055,70.113,80.518
143.493,77.640,70.038,80.725
142.090,77.054,70.133,80.874
136.497,74.977,70.246,81.049
126.239,71.943,70.741,81.081
121.420,70.256,71.722,80.850
107.966,69.676,73.056,80.036
98.298,69.493,73.555,79.945
92.640,69.406,73.976,79.373
84.398,66.344,73.717,79.656
79.826,66.738,73.609,79.453
78.580,68.091,72.735,80.240
79.331,71.586,72.161,80.442
80.359,74.001,71.252,81.102
81.290,76.438,70.547,81.457
83.143,78.953,70.539,81.611
87.156,80.183,71.449,80.896
92.555,79.581,72.928,79.991
106.049,82.836,73.954,78.852
113.700,81.054,74.126,78.716
122.096,79.764,73.870,78.401
131.338,80.333,73.498,78.134
140.400,86.269,73.744,77.836
144.052,85.560,73.558,77.597
146.093,86.101,73.386,77.175
149.188,86.637,73.316,76.986
149.042,87.512,73.065,76.987
148.048,84.893,73.390,76.667
145.957,82.942,73.107,76.512
142.375,79.300,72.763,76.502
131.933,71.466,72.643,76.223
125.316,69.087,73.279,76.071
117.319,67.559,73.993,75.871
109.238,65.263,74.915,75.645
99.419,65.792,75.571,75.258
95.934,64.139,74.841,76.325
86.270,62.775,74.412,76.666
84.172,63.615,73.920,77.060
81.627,64.865,73.699,76.915
82.226,67.469,73.380,76.915
83.914,70.944,72.810,77.033
86.644,74.268,72.411,77.192
89.800,76.954,72.661,77.087
93.278,80.216,72.824,77.258
102.412,81.896,72.699,77.782
108.373,83.015,73.503,77.818
120.618,83.048,73.665,78.105
127.135,82.066,74.505,77.901
133.316,83.196,74.735,77.995
139.082,83.519,74.992,77.847
145.933,84.316,75.093,77.898
150.882,83.095,75.013,77.734
149.720,83.145,74.493,77.766
150.063,80.946,75.046,77.453
150.006,77.192,75.004,77.508
149.927,74.010,75.283,77.424
151.287,71.915,75.791,76.886
152.142,68.515,75.726,77.175
150.431,68.813,74.472,78.731
149.386,66.625,73.780,79.935
148.917,65.526,72.994,81.177
150.595,67.607,72.672,81.830
150.442,65.906,72.294,82.970
150.769,65.194,72.050,83.514
147.522,60.887,71.208,84.539
147.974,59.648,71.063,84.947
146.763,61.214,71.542,84.502
146.389,61.044,71.928,84.444
146.033,62.399,72.014,84.478
146.497,59.315,71.764,84.928
145.097,61.417,71.729,84.944
144.589,58.844,71.962,84.630
144.964,57.114,72.723,84.115
144.342,54.845,74.229,82.805
143.461,53.410,75.477,81.486
143.927,54.984,76.264,80.121
143.388,56.373,77.286,79.058
142.781,56.042,77.995,78.219
142.115,57.240,78.473,77.770
141.493,59.259,78.142,78.183
141.383,62.030,77.271,79.233
141.624,59.527,76.079,80.812
142.375,62.383,75.413,81.914
143.585,57.803,74.535,83.426
143.188,60.377,74.323,83.821
143.079,58.631,74.083,84.493
143.718,60.081,73.924,84.817
143.549,58.189,73.734,85.323
143.818,60.586,73.578,85.352
143.878,56.593,73.480,85.780
143.240,60.075,73.720,85.373
143.042,57.871,74.204,84.635
143.117,55.994,75.727,83.242
143.965,55.100,76.669,82.344
143.366,54.990,77.154,81.625
143.113,55.775,78.138,80.411
143.150,55.725,78.796,79.562
142.240,56.372,79.385,78.666
