405.000,256.000,122.000,148.000
407.517,253.107,120.534,149.812
409.231,251.396,119.476,150.807
412.911,248.015,119.103,152.840
416.856,241.937,119.284,154.855
420.280,236.356,119.770,156.069
423.243,234.833,119.982,156.770
424.535,228.915,119.916,158.158
422.359,221.569,119.927,159.370
413.957,222.059,119.335,160.380
406.308,214.369,120.713,159.095
398.293,206.405,121.667,157.527
392.137,196.685,122.140,157.430
384.028,185.965,123.142,156.605
372.947,181.778,123.584,154.475
362.384,187.091,122.547,155.020
352.578,178.362,123.251,154.750
345.326,178.079,123.402,153.363
339.421,180.526,123.736,151.671
335.615,183.853,122.992,151.384
330.817,182.451,122.877,150.848
322.711,183.875,122.706,149.808
321.684,183.976,121.456,150.554
320.149,181.551,120.741,150.596
310.603,181.885,120.913,148.921
303.290,179.366,120.319,148.680
297.775,177.053,119.835,148.768
290.881,171.494,119.354,149.011
277.993,166.039,119.332,148.131
271.207,161.780,117.979,148.818
269.820,153.556,115.701,151.468
269.979,140.909,113.599,155.028
269.494,128.234,112.043,156.874
270.603,117.339,111.419,158.309
272.137,107.299,111.711,158.750
282.750,100.511,110.424,161.151
288.539,90.186,108.814,163.476
293.580,81.495,107.718,165.496
300.632,72.135,106.701,167.716
307.803,61.699,106.052,169.034
311.871,54.884,105.680,168.877
309.198,54.751,105.884,167.342
307.686,58.089,105.975,165.301
306.005,61.734,105.667,163.666
302.687,64.869,105.021,162.132
301.329,71.460,104.682,160.161
296.899,74.127,103.840,158.673
291.765,82.347,103.113,156.312
287.733,87.141,102.693,154.851
281.743,94.127,102.510,153.162
273.755,97.260,102.338,151.877
265.657,100.261,101.770,150.906
260.843,103.573,101.455,149.830
258.367,107.785,101.261,148.875
256.806,110.147,101.088,148.184
257.636,114.032,100.127,147.921
256.174,112.533,100.277,147.460
254.334,112.027,100.973,146.579
253.779,109.041,100.596,147.217
251.580,112.097,100.617,146.534
251.154,112.342,100.896,146.835
251.170,113.815,100.305,147.394
248.300,112.983,100.789,147.534
247.321,108.126,101.273,147.259
248.289,109.995,101.233,148.110
252.880,107.542,101.473,149.388
253.303,102.511,101.539,151.189
252.704,99.246,102.346,152.388
254.018,96.634,102.664,153.559
252.150,89.309,103.347,153.260
251.121,91.700,103.450,153.242
253.455,89.974,103.484,154.268
251.461,88.184,103.827,154.491
253.103,87.778,104.347,154.789
253.054,87.626,104.810,154.985
253.681,86.564,104.886,155.597
255.720,86.677,104.868,155.705
254.929,85.794,105.104,155.941
256.742,85.185,105.359,156.083
259.171,85.749,105.397,155.861
260.166,85.393,105.283,155.976
263.142,85.259,104.964,155.900
268.758,84.039,105.048,156.052
272.610,84.412,104.256,156.535
280.449,84.675,104.773,156.548
285.835,83.828,104.827,156.903
291.589,82.758,105.088,156.962
297.610,83.909,104.771,156.847
301.063,84.387,104.708,156.492
307.556,83.217,105.066,156.887
306.693,77.884,105.699,157.233
313.466,78.647,106.232,157.035
309.191,68.912,106.876,157.331
316.028,66.748,106.714,157.879
312.825,65.790,106.848,157.328
315.260,65.251,106.554,156.980
315.493,62.895,106.672,156.633
320.595,63.118,106.875,156.995
320.393,66.169,107.488,156.551
324.083,67.799,108.493,155.462
323.616,72.781,109.042,154.905
320.938,79.210,108.984,154.692
317.699,84.511,108.972,155.180
315.641,92.165,109.066,154.900
312.281,98.852,109.211,154.437
305.016,107.056,109.418,153.071
297.906,119.024,108.468,151.432
292.748,132.320,108.054,149.738
286.915,142.412,107.401,149.145
282.981,152.923,106.952,148.205
276.031,161.035,106.373,147.333
272.855,170.371,106.274,146.753
267.984,179.294,106.039,146.143
259.454,187.713,105.697,145.791
251.367,195.413,105.540,145.710
242.347,202.857,106.027,145.286
236.622,211.244,106.244,144.678
228.913,217.235,106.547,144.591
223.213,224.946,107.116,144.247
217.378,229.247,107.827,143.938
215.694,234.830,107.625,144.270
214.053,235.002,107.826,145.182
215.738,235.752,108.727,146.334
219.796,234.492,109.856,147.688
224.079,235.970,110.614,149.012
228.339,235.214,111.759,151.375
229.295,237.180,113.027,152.529
237.499,240.023,113.659,154.527
244.003,240.456,114.975,156.712
253.721,240.850,116.490,158.613
261.445,245.184,117.667,159.673
271.207,247.763,118.698,160.619
277.352,253.809,119.710,161.589
288.099,256.006,120.661,163.976
294.082,256.591,121.629,166.022
302.105,248.148,123.961,166.341
308.082,241.145,125.567,166.999
312.276,236.140,127.312,167.161
317.909,230.789,128.347,167.711
317.455,224.303,127.889,169.091
316.180,216.874,127.280,170.608
313.013,210.431,127.501,170.778
308.558,206.528,127.382,171.140
296.165,200.341,128.554,169.562
282.428,200.412,127.579,170.835
272.937,195.132,127.900,170.104
262.374,196.699,127.298,171.449
248.253,186.755,128.721,170.587
230.518,185.473,129.883,168.485
214.872,182.648,130.598,167.274
204.427,180.255,130.836,167.247
191.437,175.515,131.609,166.110
173.559,172.411,132.833,164.272
161.318,169.046,132.522,164.353
154.639,162.861,131.053,165.727
154.276,158.289,129.791,167.023
155.857,147.588,129.841,167.794
158.775,142.436,129.312,168.055
158.886,142.645,129.294,166.834
160.898,139.811,128.952,166.004
165.631,137.776,128.504,164.715
169.535,134.271,128.209,163.607
174.333,133.042,127.984,161.855
179.644,129.565,127.261,160.831
183.753,128.434,126.629,159.121
185.903,128.960,125.559,158.091
187.096,126.924,123.918,157.443
188.320,125.688,122.756,156.681
191.264,125.878,121.874,155.428
193.456,125.852,119.900,155.524
196.025,125.011,119.005,154.709
201.273,128.507,118.619,152.766
212.414,134.663,118.565,150.292
216.603,142.341,117.239,148.036
221.191,146.736,115.919,147.164
228.757,149.269,115.560,145.751
234.820,151.851,114.572,144.995
239.699,151.710,113.284,144.624
242.695,150.674,111.858,143.886
244.887,148.378,110.661,143.947
246.135,145.892,109.724,143.170
245.028,139.691,108.275,143.756
243.073,133.430,107.216,143.471
242.055,125.865,105.834,143.755
242.638,117.174,104.615,144.734
244.431,107.767,103.935,146.013
245.077,98.755,103.006,147.182
245.415,87.976,102.213,148.830
243.649,81.076,100.660,152.294
244.166,71.601,99.168,156.126
247.825,60.424,97.932,160.007
247.090,49.739,97.677,162.605
254.254,41.180,97.701,163.639
266.199,37.592,97.872,164.024
279.815,36.550,98.593,162.873
294.198,39.703,98.760,161.496
308.152,47.232,99.324,158.757
320.681,55.344,99.625,156.160
333.348,61.446,99.275,154.797
345.051,71.572,98.545,153.223
355.381,75.995,98.481,152.023
365.983,81.801,98.151,150.993
373.277,87.341,97.921,149.582
379.379,93.713,97.695,148.047
383.184,100.132,97.776,146.093
387.881,108.144,97.395,144.473
386.526,115.804,96.680,143.257
384.975,123.724,95.871,141.852
380.399,133.082,95.642,140.153
368.566,138.319,95.692,139.124
359.851,145.055,95.377,138.281
349.199,147.817,95.504,137.743
338.552,151.622,95.709,137.143
331.308,155.672,95.755,137.086
323.862,157.535,95.621,137.760
316.383,159.614,94.676,138.794
308.256,160.880,93.959,139.485
296.743,162.794,94.110,139.363
285.911,164.522,93.986,139.006
274.429,166.085,93.676,139.067
265.080,163.759,93.444,139.527
255.324,164.841,93.000,139.457
245.424,164.401,92.455,139.352
235.425,168.645,92.284,137.735
226.162,174.844,91.929,135.444
214.922,181.424,91.413,133.741
202.860,189.081,90.547,132.236
194.132,195.716,89.837,131.315
185.551,203.162,89.447,129.894
176.336,211.002,89.305,128.401
165.498,217.499,89.399,127.127
153.751,224.048,89.572,126.130
145.779,225.908,90.062,125.543
138.222,228.050,90.561,125.110
133.747,229.258,91.140,125.099
129.294,230.187,91.830,125.407
124.477,229.087,92.251,126.141
122.457,227.949,92.478,127.463
121.996,225.783,92.082,129.287
125.957,217.232,93.945,129.392
126.608,217.688,93.724,130.407
129.285,211.105,95.368,129.383
132.191,216.818,94.787,129.248
136.904,216.965,94.435,131.090
144.767,217.314,94.958,132.823
153.379,216.924,95.156,134.385
153.836,215.029,95.293,136.248
160.898,214.587,95.814,137.579
165.552,214.003,96.383,138.812
166.944,214.283,96.891,140.206
169.666,216.441,97.566,140.537
169.529,217.891,98.474,141.109
169.760,218.531,99.302,141.564
168.810,219.277,100.466,141.994
166.741,219.008,102.395,142.059
167.171,220.966,103.667,142.925
168.309,220.772,105.431,144.479
165.789,220.431,107.002,145.523
166.575,219.861,108.603,147.583
164.164,220.136,110.163,149.308
166.392,217.043,113.036,149.630
166.959,215.880,115.956,149.904
166.571,214.866,118.354,150.872
167.841,212.540,119.844,152.850
170.481,209.766,121.006,154.748
171.472,204.625,121.912,157.331
173.075,200.513,123.281,159.088
173.207,195.228,124.210,161.276
173.429,191.034,125.581,162.861
177.325,185.793,128.103,164.153
182.513,180.201,130.342,166.347
180.857,173.946,131.220,168.428
182.733,168.360,132.544,169.445
184.138,163.367,134.135,170.214
189.598,154.887,136.732,170.441
195.885,150.969,138.498,171.178
201.405,145.086,139.850,172.143
206.641,142.275,140.115,173.633
212.291,140.566,140.777,174.494
216.324,139.902,140.710,175.316
221.261,138.694,140.196,176.464
224.122,136.332,139.825,177.773
228.467,136.610,139.939,177.297
226.689,136.826,139.746,177.371
227.006,136.925,139.664,176.676
227.365,135.157,139.458,176.742
227.378,133.112,139.008,176.221
230.092,133.754,137.921,176.008
230.644,134.388,137.877,174.817
231.787,135.543,137.440,173.570
232.736,136.674,137.310,172.217
233.061,137.216,136.788,171.603
233.606,137.959,136.773,170.576
229.202,140.434,136.872,169.342
223.657,143.808,136.729,168.618
219.244,143.419,136.390,167.827
218.850,142.683,135.303,167.492
219.139,141.121,134.549,167.671
224.281,142.730,133.754,166.981
222.217,148.868,133.160,165.683
219.556,155.038,132.886,165.352
219.699,158.435,132.786,164.911
220.637,162.145,133.074,164.996
223.236,162.973,134.339,165.847
227.902,164.752,135.703,166.815
230.434,168.412,137.101,167.277
230.734,171.432,138.599,168.350
234.739,175.026,140.173,169.802
232.649,174.997,141.841,172.543
235.219,171.066,144.035,175.673
233.782,169.740,147.326,178.220
235.531,169.451,149.587,181.089
235.993,167.304,152.121,184.417
233.537,163.988,154.608,188.041
233.802,160.468,157.259,192.142
239.164,154.656,159.746,196.555
249.824,148.796,162.762,200.691
253.689,149.062,165.326,203.331
255.503,149.252,167.794,206.665
259.107,147.393,169.313,209.968
272.523,150.229,172.613,212.369
278.525,151.503,174.454,216.108
279.107,154.961,175.575,219.374
280.154,162.089,177.050,221.447
280.570,169.171,178.047,224.223
283.917,171.081,179.303,226.807
281.844,175.263,180.607,228.990
275.697,175.982,182.429,230.861
272.493,176.963,184.967,232.926
268.522,177.679,187.240,235.115
264.661,180.988,189.142,236.825
260.971,180.745,190.212,239.288
256.919,181.405,190.064,241.768
257.091,181.120,189.590,245.683
258.528,176.246,189.151,249.418
257.862,169.397,188.821,251.346
264.648,163.114,188.445,252.951
266.579,157.609,188.800,252.534
265.707,151.122,188.187,252.491
268.329,148.468,187.463,250.747
270.431,144.679,186.917,249.180
269.271,137.750,185.987,247.939
267.992,133.314,184.451,247.350
260.387,134.178,182.743,247.068
261.875,125.217,181.229,248.767
255.324,121.674,179.695,248.048
254.583,112.794,177.567,248.939
253.047,107.383,175.302,248.419
255.157,105.465,173.651,247.464
254.563,101.209,172.689,247.104
259.232,105.988,170.698,245.549
260.531,103.392,171.188,244.091
265.340,105.283,170.247,242.595
268.043,110.906,169.017,241.108
270.144,113.831,167.769,239.569
271.437,120.265,166.492,237.488
275.018,137.892,163.840,234.990
268.190,145.277,162.213,232.119
264.894,150.369,159.742,229.919
256.011,153.850,160.545,226.157
238.188,160.423,164.112,221.092
215.560,164.223,167.512,216.485
195.353,163.424,170.414,212.363
176.274,165.368,171.513,210.417
164.587,164.055,169.970,210.747
158.946,161.167,167.852,211.587
145.196,161.333,167.894,210.128
135.935,159.562,166.401,210.416
132.419,154.536,163.932,211.816
130.476,149.708,161.706,213.322
126.270,147.301,160.054,213.642
122.714,146.631,157.378,213.486
120.020,144.587,155.622,213.659
119.721,141.760,153.363,215.317
119.579,141.891,147.446,219.282
116.446,138.172,143.721,221.275
114.134,134.658,140.525,223.057
110.539,132.116,138.879,223.667
107.504,128.883,137.285,224.738
110.336,123.151,134.631,227.559
111.522,119.269,132.163,230.047
108.684,112.624,130.091,231.485
110.211,110.613,128.382,232.156
110.787,108.492,125.757,233.467
114.124,108.954,124.426,233.795
119.255,109.258,122.842,233.362
126.832,108.842,122.009,234.290
135.117,111.720,122.175,233.530
153.837,116.920,119.925,232.348
159.322,119.203,121.281,230.073
179.041,122.358,119.748,229.107
185.268,122.876,121.742,226.477
194.884,121.282,122.924,226.173
203.777,120.530,123.364,226.733
217.586,124.951,121.364,227.059
224.115,122.727,122.073,227.788
229.461,120.806,122.497,228.043
238.301,120.830,123.051,227.555
246.553,119.425,123.448,227.655
249.087,98.955,123.626,225.655
265.699,122.139,122.456,226.556
278.228,124.351,121.469,227.582
290.954,128.137,120.167,227.238
303.937,130.589,118.230,227.918
317.371,128.709,117.190,228.234
331.483,129.985,115.615,227.981
335.309,130.416,117.889,226.822
350.408,132.293,115.266,227.016
370.529,131.790,110.391,231.369
383.361,131.427,109.501,229.810
386.675,127.054,108.783,230.403
402.029,131.370,104.781,233.965
405.959,118.670,105.933,230.184
412.783,121.973,105.837,229.363
415.892,124.282,105.295,228.649
418.242,128.804,105.205,227.661
420.280,126.923,105.498,227.442
420.325,125.913,105.047,227.738
414.138,127.914,106.538,225.408
408.512,116.483,108.210,223.119
405.986,122.104,108.706,222.308
401.877,128.825,108.695,220.394
396.370,131.862,108.174,218.589
390.344,134.366,107.347,217.052
386.688,135.568,106.064,216.420
380.325,136.935,105.490,213.845
370.518,134.186,104.823,211.884
363.261,135.249,103.814,210.174
358.888,136.796,102.849,208.862
352.345,137.125,102.850,206.438
346.234,136.768,102.825,203.510
342.417,139.834,103.582,199.443
339.486,139.283,103.309,196.050
334.240,141.136,103.238,193.014
329.471,140.704,103.009,190.356
326.252,144.278,102.560,187.197
319.722,142.147,102.407,184.920
313.496,143.219,102.508,181.981
307.776,140.155,102.459,180.273
302.660,138.132,102.314,178.655
302.567,136.432,101.609,178.099
296.274,131.329,101.281,177.454
295.081,130.170,100.953,176.883
290.453,123.796,100.685,176.892
290.543,118.903,100.301,177.102
286.840,115.272,100.257,177.000
284.784,108.967,100.780,176.861
281.268,103.227,101.135,177.470
280.151,101.951,101.453,177.319
281.728,97.777,101.507,178.491
283.930,97.704,101.390,178.957
285.836,95.636,101.356,179.705
289.226,93.282,101.587,180.305
291.872,106.705,102.248,181.722
294.281,102.168,102.652,182.945
298.574,97.558,102.254,184.260
297.794,95.187,102.367,184.654
298.372,93.644,102.525,185.538
300.368,89.582,103.961,186.170
304.336,100.690,105.191,187.696
307.779,96.393,105.601,188.877
309.599,95.285,105.359,190.448
309.276,93.575,105.391,190.582
305.950,91.725,105.049,191.152
302.913,88.585,104.905,191.370
302.485,104.786,104.848,192.398
298.324,102.113,104.347,192.839
292.757,99.923,104.119,192.552
289.919,99.021,104.046,192.485
281.603,97.699,104.435,191.749
275.589,113.327,104.973,191.848
271.850,110.121,105.260,192.380
267.294,106.424,105.822,192.122
264.619,103.671,105.841,192.984
259.790,101.136,106.061,192.791
256.467,99.456,107.042,191.447
253.566,115.770,107.874,191.820
254.200,114.322,108.021,193.605
256.594,113.823,108.669,193.976
257.926,113.498,108.912,194.562
261.011,127.022,108.502,196.459
257.230,124.249,113.951,193.333
257.489,120.027,118.591,192.090
259.371,120.448,122.713,189.523
261.291,121.885,125.721,187.300
263.021,121.725,128.072,186.627
281.206,119.306,123.976,191.740
284.026,117.457,121.684,196.099
286.463,112.718,120.853,199.403
286.914,109.941,119.868,202.150
287.480,107.489,119.234,204.044
287.546,107.348,118.700,205.550
287.452,107.989,118.338,206.384
285.407,109.487,117.542,207.192
281.171,124.035,117.717,206.760
278.254,119.632,117.210,206.657
252.507,121.107,122.854,202.520
231.333,141.577,127.926,199.129
226.986,139.438,131.526,197.002
222.548,137.265,133.690,196.085
218.518,136.656,135.932,195.424
212.173,135.262,138.415,194.969
207.666,151.993,140.126,194.881
207.269,145.305,136.282,199.925
202.508,145.741,138.944,199.043
197.868,146.232,140.935,198.337
190.912,146.764,143.541,198.119
185.538,146.928,145.707,198.777
185.644,150.087,147.150,198.999
182.346,152.325,148.798,199.954
181.601,155.033,149.464,200.498
179.695,153.726,150.251,202.140
176.557,152.991,151.566,203.268
173.579,154.488,152.476,204.318
169.730,154.951,152.705,205.532
166.396,153.755,153.232,206.869
164.734,154.529,153.754,207.853
163.500,155.418,154.078,208.768
161.024,155.664,154.629,209.884
161.932,156.608,154.936,210.930
159.545,158.213,155.356,211.268
178.159,156.897,148.960,217.815
171.412,155.177,151.038,215.739
166.397,157.019,152.231,215.524
167.085,161.038,153.795,214.830
166.445,162.907,154.685,214.581
170.368,161.807,150.023,220.516
187.401,159.122,145.487,224.857
178.676,159.517,149.267,222.065
178.086,159.977,145.925,225.517
194.111,159.340,142.826,228.502
186.584,156.914,146.714,224.757
181.229,158.599,143.721,227.739
182.985,159.529,142.126,229.829
201.381,156.613,139.913,230.578
195.935,155.627,137.899,232.239
186.102,156.742,142.847,227.245
179.273,158.369,140.348,230.249
175.445,161.578,144.810,226.379
173.079,161.106,142.655,229.780
169.754,160.686,147.108,226.538
167.565,159.075,145.153,229.730
165.976,158.082,143.364,233.012
164.683,157.822,147.641,230.206
160.796,157.583,145.484,233.744
156.709,154.012,144.499,236.651
172.348,156.964,142.511,238.982
166.417,154.546,141.918,240.272
161.930,149.248,142.174,241.741
160.765,149.396,142.248,243.116
174.263,151.205,141.833,243.619
166.692,147.418,142.171,244.053
165.009,146.494,141.986,244.832
163.720,145.010,141.831,245.641
161.863,139.164,141.975,246.160
162.418,138.243,141.823,246.209
161.025,136.360,141.732,246.258
173.906,137.998,141.155,246.357
165.509,135.444,141.158,246.542
163.955,137.711,140.877,246.096
177.557,138.582,140.690,245.556
168.455,137.234,140.865,245.022
163.369,140.744,141.302,243.084
174.061,141.254,146.063,237.803
167.932,140.984,149.398,233.666
165.333,144.779,153.383,228.337
174.073,149.801,156.715,224.514
170.946,166.016,153.806,228.366
174.647,161.643,150.354,231.608
177.997,162.822,147.592,233.374
181.233,160.157,145.678,235.353
180.486,160.965,144.542,235.882
183.174,160.436,143.062,236.989
184.605,159.647,142.230,237.263
181.701,160.466,142.260,236.445
181.171,162.091,142.045,235.558
181.332,164.181,141.796,234.379
179.202,165.565,141.701,233.288
177.387,165.557,141.099,232.446
175.485,168.435,140.409,230.940
173.928,169.280,140.151,229.154
173.000,172.046,139.336,227.898
170.807,173.320,138.991,226.277
172.111,173.562,144.241,220.906
169.491,173.612,148.392,216.921
166.357,173.792,152.039,213.149
163.487,173.057,154.893,210.932
160.288,173.888,156.720,208.853
158.492,175.265,158.202,206.803
157.615,175.848,159.096,205.366
156.498,175.677,160.039,204.074
151.446,175.550,161.388,203.028
151.925,175.268,161.092,202.514
149.760,174.652,161.153,202.124
146.807,173.641,161.548,201.714
142.144,173.220,162.208,201.327
140.213,173.060,161.914,201.595
138.680,173.307,161.351,201.472
137.440,173.485,160.930,201.131
135.598,172.982,160.528,201.083
132.354,173.564,160.587,200.756
129.887,173.415,160.270,200.802
125.940,175.113,160.518,200.436
126.457,176.210,160.860,199.977
140.270,178.011,161.248,200.165
151.366,179.396,161.031,200.626
151.530,164.054,157.040,203.605
169.943,186.100,157.909,203.323
178.277,187.035,158.563,203.509
186.600,188.427,159.346,203.878
195.399,190.299,159.785,204.308
205.798,191.109,160.309,205.014
202.676,193.184,161.340,204.768
199.016,192.983,162.754,205.328
195.740,193.434,164.777,207.021
186.132,194.139,168.179,209.169
177.321,193.946,170.988,211.582
169.597,174.921,175.381,212.095
160.547,176.222,178.862,212.701
157.919,159.767,182.574,211.949
158.264,168.910,184.672,212.071
158.446,156.223,187.315,211.529
175.991,182.865,189.124,212.776
179.354,183.154,190.341,214.911
180.524,184.320,189.765,217.032
201.567,185.818,190.681,218.548
180.355,205.447,181.785,229.486
200.608,210.545,174.552,239.586
198.801,213.275,168.895,244.868
198.991,213.783,165.576,248.934
200.744,219.783,163.365,251.056
201.795,217.581,160.858,254.032
216.266,218.287,167.431,249.713
207.541,211.060,171.710,250.632
202.598,195.212,169.176,258.521
194.887,175.110,166.421,267.670
190.790,190.869,165.243,271.713
162.102,178.029,164.194,276.364
157.104,165.522,163.685,280.152
160.449,176.546,163.566,281.731
158.119,167.898,162.886,284.109
152.873,163.059,162.507,285.519
153.668,180.898,162.502,286.274
156.243,165.079,162.752,287.799
157.951,153.543,163.922,290.660
162.071,168.538,164.172,292.805
165.372,133.886,176.824,283.470
172.105,135.927,186.685,275.122
175.852,139.282,194.354,268.150
183.766,141.287,198.765,264.675
190.586,142.037,201.630,262.376
198.947,141.200,203.934,259.792
204.137,138.540,204.273,259.410
212.994,135.457,204.477,259.474
218.704,129.354,202.386,260.777
229.613,122.659,201.731,261.729
239.098,122.314,200.995,260.312
247.732,120.304,199.869,258.902
260.622,122.031,199.957,256.138
265.903,142.362,193.125,260.091
274.361,149.568,188.209,266.292
273.465,159.146,184.235,270.554
262.927,164.549,181.190,274.849
253.234,170.664,178.817,277.649
235.805,173.501,176.208,280.004
226.348,166.814,173.189,284.913
230.961,154.974,171.510,291.315
218.993,150.938,169.816,294.802
215.689,154.487,168.405,296.675
219.748,148.969,168.167,299.206
231.606,157.316,169.257,297.936
236.705,168.930,169.376,295.245
240.431,176.739,168.546,292.437
239.683,186.231,168.475,288.275
236.525,188.384,168.153,286.289
234.638,196.019,167.650,283.986
236.845,195.305,168.942,280.916
241.504,197.180,170.079,276.953
244.778,198.844,169.931,275.272
246.426,193.072,170.380,274.037
245.103,192.587,169.388,271.803
243.092,182.947,165.815,277.420
237.365,169.005,163.303,283.766
242.398,162.911,161.530,288.534
244.380,152.167,160.113,293.152
243.968,143.233,158.713,297.365
238.354,133.436,158.552,299.890
238.485,124.217,156.912,304.865
241.211,118.893,156.780,308.960
251.009,114.299,156.090,313.408
254.853,109.663,155.668,317.974
251.250,106.963,156.197,320.614
257.816,107.319,155.693,322.276
258.432,109.420,155.069,323.222
251.042,107.094,155.654,322.605
253.716,113.721,156.696,318.971
261.589,119.058,156.859,316.793
274.707,124.733,155.581,316.825
279.399,127.141,154.368,317.276
284.428,125.395,153.672,318.020
288.869,121.387,153.070,318.936
278.986,118.535,152.711,318.481
269.734,118.474,152.267,317.283
270.319,122.499,152.404,316.094
269.463,121.215,152.032,316.765
268.125,119.353,152.433,317.018
261.395,116.763,153.570,317.524
