310.000,102.000,39.000,50.000
308.050,100.074,38.939,49.551
306.716,99.872,38.892,49.253
304.458,97.709,38.962,49.019
304.406,98.568,39.027,48.461
302.061,95.246,38.959,48.594
302.355,96.534,38.923,48.237
300.539,93.388,38.967,48.182
297.275,91.969,39.290,47.678
297.518,92.681,39.389,47.425
296.360,91.027,39.253,47.181
295.879,91.469,38.820,47.182
294.780,88.898,38.753,47.121
294.371,90.167,38.817,46.793
291.638,87.161,38.796,46.807
292.663,86.915,38.601,46.819
291.072,87.067,38.502,46.683
289.856,84.959,38.523,46.794
289.050,84.261,38.491,46.577
288.853,85.626,38.647,46.070
287.679,83.220,38.475,46.207
286.965,84.429,38.663,45.796
285.173,83.409,38.761,45.701
285.251,84.271,38.845,45.544
283.796,83.926,39.108,45.230
283.698,84.110,38.874,45.198
281.559,83.914,39.167,44.941
279.375,83.414,39.430,44.764
277.837,84.603,39.511,44.380
276.338,83.001,39.381,44.481
275.784,83.562,39.376,44.328
273.815,81.417,39.263,44.263
270.026,82.858,39.265,43.857
270.284,82.967,39.104,44.121
268.689,81.451,38.764,44.474
265.088,83.302,38.730,44.416
264.646,81.012,38.542,44.826
263.166,82.254,38.783,44.694
261.257,82.736,38.722,44.772
260.820,83.370,38.794,44.901
259.321,83.555,38.724,45.074
255.973,84.630,38.860,45.001
255.872,84.384,38.660,45.411
253.423,84.850,38.807,45.217
252.716,85.905,38.739,45.494
250.805,85.812,38.652,45.316
249.979,85.920,38.585,45.453
249.193,85.697,38.432,45.773
248.378,85.026,38.307,45.812
248.228,85.382,38.246,45.864
248.591,84.606,38.354,45.882
249.346,84.244,38.357,46.220
250.611,82.245,38.556,46.494
252.356,79.883,38.891,46.910
252.839,79.079,38.999,47.054
255.822,75.370,39.221,47.578
257.979,72.503,39.095,48.041
261.744,69.337,39.134,48.906
265.072,65.303,39.999,48.942
267.315,63.402,40.864,48.524
270.054,61.596,41.146,48.390
271.795,58.551,41.428,48.361
276.147,55.654,41.576,48.019
280.269,54.864,41.453,48.462
281.861,53.933,41.138,49.192
285.163,52.060,41.114,49.328
287.666,51.662,41.176,49.478
291.408,51.231,41.090,49.547
294.054,49.500,40.992,49.944
296.405,48.144,40.814,50.237
299.231,46.521,40.826,50.429
301.972,45.978,40.871,50.537
303.165,44.083,41.036,50.711
306.161,43.615,40.944,51.009
309.234,41.456,41.038,51.309
311.414,39.588,41.131,51.701
314.580,38.738,41.438,51.516
315.057,37.266,41.509,51.595
316.392,36.638,41.617,51.615
316.449,33.766,42.056,51.410
316.897,34.515,42.209,50.793
317.498,33.278,41.759,51.566
317.106,31.295,41.600,52.182
317.158,28.464,41.556,52.551
317.083,27.583,41.717,52.436
317.463,27.685,41.595,52.520
316.734,26.837,41.417,52.741
316.709,25.636,41.615,52.591
316.662,25.882,41.328,52.612
316.709,26.822,41.098,52.693
316.196,26.997,40.940,52.721
315.570,26.735,40.407,52.902
315.177,27.602,40.265,52.779
315.116,27.229,40.051,52.693
316.162,28.216,40.136,52.299
313.781,27.836,39.922,52.238
314.192,29.423,39.761,52.189
313.380,29.285,39.936,52.386
311.167,31.429,39.924,52.331
310.943,31.948,38.731,53.230
311.460,32.648,39.270,52.725
311.214,33.550,39.807,52.286
309.676,33.062,40.298,51.916
308.817,22.493,40.725,51.900
302.306,21.993,41.314,51.825
301.024,22.793,42.371,51.458
290.052,21.969,42.625,51.652
279.461,20.813,41.444,52.911
272.283,19.137,40.477,53.831
271.934,17.838,40.827,53.543
265.391,17.570,41.894,52.566
260.069,18.862,42.544,51.836
254.081,18.370,43.153,51.289
248.192,18.753,43.252,50.956
242.555,19.214,43.368,50.489
236.802,26.172,41.918,52.074
230.907,27.720,40.803,53.291
226.876,29.343,39.525,55.057
221.866,30.398,38.476,56.710
218.461,30.019,37.472,58.108
213.086,30.812,36.779,59.041
209.590,30.514,36.236,59.824
208.783,29.892,36.309,60.327
202.337,31.055,36.283,60.615
198.208,32.190,36.100,60.935
196.076,27.895,38.335,58.587
194.772,28.048,39.584,57.315
188.837,30.227,40.573,56.182
187.786,30.772,41.232,55.501
182.316,32.542,41.664,54.913
181.987,33.382,42.475,54.317
181.297,33.733,43.245,53.841
175.661,34.792,43.571,53.653
175.147,34.365,44.148,53.626
168.566,37.287,42.949,55.487
168.112,36.310,43.582,55.840
165.590,34.931,44.542,55.717
158.879,33.973,43.580,57.103
157.430,32.968,42.827,58.271
151.617,32.796,42.253,59.093
149.945,31.259,41.909,59.926
153.781,30.300,44.079,58.895
150.264,29.567,45.607,58.025
138.261,33.362,44.014,59.394
137.262,31.339,43.320,60.126
135.178,29.593,42.593,60.737
128.215,27.915,41.938,60.993
127.182,31.277,41.453,61.067
125.560,30.768,42.786,59.637
119.669,29.027,43.804,58.453
113.336,28.492,44.557,57.477
110.598,27.553,45.450,56.573
105.029,26.985,46.205,55.817
105.364,31.754,46.501,55.696
96.720,23.710,47.094,55.209
94.625,28.562,47.393,55.571
88.529,27.812,47.421,55.864
82.374,28.306,47.763,55.946
81.385,33.424,48.073,56.388
75.309,32.323,48.325,56.980
74.805,30.287,48.451,58.118
66.895,29.090,49.099,58.724
61.338,28.216,49.592,59.184
60.796,27.315,50.537,59.562
55.272,27.079,50.975,60.105
51.027,27.840,51.174,60.416
45.279,27.408,51.640,60.236
40.493,28.235,52.028,59.980
36.170,28.226,52.268,59.776
31.813,28.584,52.331,59.721
32.079,27.653,52.965,59.470
26.265,27.542,53.066,59.134
21.073,26.979,53.030,58.559
14.720,27.783,53.312,57.488
8.476,27.709,52.974,57.164
8.378,27.588,52.939,56.468
3.017,29.010,52.457,56.346
4.211,29.952,52.341,55.932
2.311,30.221,52.187,55.900
0.620,29.755,51.752,56.339
-1.366,30.223,51.363,56.556
-2.686,29.899,50.910,56.888
-3.802,29.826,50.418,57.612
-4.918,30.853,49.980,57.954
-4.699,33.597,47.675,59.362
-4.484,33.325,45.821,61.144
-4.033,34.202,44.456,62.243
-4.115,32.674,42.837,63.593
-4.811,31.845,41.964,64.221
-4.745,29.830,40.585,65.524
-4.650,28.381,39.234,66.822
-4.091,26.415,38.114,67.762
-3.363,25.976,37.475,68.380
-2.701,25.822,37.335,68.469
-2.501,28.020,37.205,68.166
-0.372,26.678,36.949,68.505
1.577,24.780,37.052,68.734
2.372,23.066,37.581,69.039
2.878,20.517,38.165,69.458
2.351,9.601,38.996,68.920
-0.064,7.829,40.129,67.778
-0.611,9.704,40.528,67.060
-1.129,8.244,40.597,66.796
-2.141,7.744,40.073,66.869
-2.811,7.468,39.699,66.741
-3.375,7.000,39.107,66.585
-3.701,6.339,38.471,66.592
-5.018,6.435,38.014,66.251
-5.311,4.825,37.302,66.369
-5.337,4.480,36.807,65.976
-5.126,4.040,36.440,66.013
-5.244,4.939,36.012,65.812
-4.527,6.809,35.451,65.752
-3.116,10.368,34.836,65.646
-2.710,19.760,33.955,65.518
-3.862,24.513,33.201,64.800
-4.957,27.441,32.292,64.622
-5.367,27.075,31.217,65.592
-7.070,27.567,29.403,67.730
-6.905,26.004,28.015,69.539
-6.381,32.202,26.793,71.345
0.839,71.461,27.834,69.940
-0.491,73.935,27.689,69.543
-2.151,81.523,28.253,67.560
-4.180,83.248,28.223,66.272
-5.283,103.830,27.306,66.921
-5.071,106.104,26.718,67.416
-3.325,127.580,25.993,68.112
-1.839,137.259,26.432,66.654
-0.135,154.959,26.078,66.816
-0.710,156.573,25.896,66.464
-3.689,157.860,25.595,66.567
-2.947,159.219,25.547,66.589
-1.907,159.952,25.537,66.595
45.376,120.401,25.401,67.229
40.159,121.811,25.462,67.457
39.404,128.986,25.604,67.380
35.242,127.895,25.530,67.989
30.983,127.254,25.553,68.399
25.679,128.047,26.692,66.758
21.744,128.688,27.422,65.373
17.846,128.839,28.133,64.195
17.306,131.189,29.126,62.648
12.081,132.347,29.681,61.862
8.096,127.171,30.838,60.372
2.428,109.783,31.123,60.246
-0.724,112.253,29.728,62.314
-0.414,110.761,28.867,63.778
-1.167,109.450,28.254,64.960
-2.289,107.488,27.733,65.991
-0.880,88.517,27.268,66.473
8.703,82.482,30.628,63.537
8.068,82.037,33.850,60.692
7.490,81.170,36.096,58.867
0.966,71.546,36.035,59.319
0.728,67.813,35.716,59.970
0.358,63.975,34.933,60.937
0.331,59.367,33.987,62.538
-3.435,56.956,32.077,65.679
6.554,43.991,34.923,62.933
3.523,42.019,36.999,61.051
1.078,45.004,37.245,60.404
-2.801,44.084,36.067,61.328
-2.959,43.080,34.918,62.096
-4.860,39.912,33.676,63.206
-5.536,37.916,32.544,63.786
-6.408,38.485,30.542,65.730
-6.331,36.723,29.083,67.173
-5.416,33.760,27.919,68.263
-4.243,34.607,27.234,69.436
6.601,41.708,29.222,67.572
4.482,47.341,31.241,66.090
-0.956,46.359,31.634,66.279
-0.597,45.311,32.024,66.532
-4.972,43.842,31.028,68.112
-3.150,42.307,30.211,69.579
-1.893,39.895,29.659,70.630
-1.435,33.907,29.406,71.017
-0.733,-8.369,30.245,69.075
-0.664,-8.598,30.797,67.664
-1.291,-7.889,31.338,65.958
-1.504,-8.197,31.631,64.700
-2.186,-7.536,31.743,63.517
-2.277,-7.564,31.658,62.802
-2.211,-7.278,31.459,62.258
-1.920,-7.922,31.204,62.260
-1.718,-7.430,30.847,62.158
-1.061,-7.563,30.508,62.288
-0.321,-8.064,30.362,62.175
0.005,-7.880,30.323,62.043
-4.142,-5.022,28.899,64.335
-2.991,-6.063,27.873,65.911
-1.767,-6.726,27.340,66.756
-0.991,-7.101,28.347,65.762
-0.756,-6.266,29.278,64.657
-0.104,-5.510,29.869,63.930
0.595,-5.114,30.250,63.401
7.622,-7.258,33.770,59.658
7.006,-5.699,36.776,56.698
5.831,-4.313,39.196,54.522
4.283,-6.046,41.723,51.678
3.078,-5.118,43.591,49.961
2.672,-4.534,44.985,48.819
3.734,-7.846,47.641,45.762
2.988,-6.277,49.034,44.185
4.162,0.072,49.011,44.481
-0.350,18.572,47.484,46.009
1.274,18.384,46.173,47.375
1.009,17.604,45.335,48.434
7.697,5.724,45.586,48.772
8.584,4.712,45.483,49.401
15.520,3.215,45.152,50.499
16.690,2.425,45.435,50.765
23.784,3.712,44.927,51.330
19.093,2.531,44.659,51.922
19.759,2.335,44.484,52.227
2.370,-0.697,45.876,51.074
2.981,0.947,46.246,50.844
-0.251,2.616,46.228,50.850
-10.558,9.195,44.036,53.363
-11.993,28.001,39.336,57.481
-8.993,33.943,35.625,61.591
-7.036,34.662,32.781,64.660
-4.760,34.385,30.846,66.821
-2.934,34.698,29.500,68.380
-0.317,27.742,30.034,66.397
1.187,28.372,30.426,64.390
2.663,28.423,30.640,62.774
7.658,27.112,30.470,61.881
8.946,32.384,30.430,60.404
16.426,37.897,30.186,58.992
19.005,38.534,29.677,58.062
23.974,46.961,31.248,55.340
25.005,47.484,31.400,54.038
29.217,52.905,31.260,53.578
33.500,52.774,30.917,53.063
34.796,52.900,30.166,52.742
38.825,57.970,29.646,52.891
39.834,57.517,29.215,52.474
41.434,57.994,28.983,51.716
45.705,64.571,28.869,50.427
49.804,72.335,28.739,49.628
52.033,72.543,28.035,49.673
54.301,74.328,27.837,49.307
57.383,74.033,29.718,46.943
57.309,74.456,31.763,44.807
56.245,74.624,33.372,42.929
55.736,70.205,34.699,41.392
60.774,70.532,35.533,40.124
64.223,66.059,35.991,39.343
62.025,73.396,38.598,36.176
60.431,74.880,40.965,33.396
63.876,75.890,42.276,31.403
62.231,76.882,43.068,30.114
61.344,77.430,43.608,29.016
60.987,78.323,43.922,28.339
60.461,78.544,44.148,27.693
65.075,77.355,42.908,28.499
59.407,81.998,43.394,27.722
58.021,82.882,43.819,27.154
56.280,86.797,44.206,26.199
53.752,87.311,44.419,25.606
