253.000,66.000,23.000,28.000
250.938,68.950,23.181,27.583
248.389,69.929,23.562,27.210
245.120,70.941,23.731,26.955
241.644,71.702,24.030,26.646
238.025,72.339,24.197,26.590
237.782,71.893,23.929,26.632
235.790,72.441,24.046,26.491
233.519,72.355,24.080,26.383
232.433,71.418,23.920,26.404
231.610,70.391,23.679,26.580
231.651,69.548,23.377,26.692
231.490,68.933,23.213,26.583
231.456,67.974,23.050,26.667
230.128,68.020,23.281,26.521
229.293,68.621,23.340,26.399
230.193,67.830,23.236,26.537
230.002,68.158,23.327,26.449
229.935,68.296,23.333,26.387
230.743,68.033,23.182,26.518
229.984,68.052,23.377,26.475
229.257,67.676,23.348,26.636
229.576,67.512,23.419,26.670
228.401,66.970,23.593,26.571
226.858,66.087,23.944,26.454
226.833,64.737,23.865,26.508
225.097,63.520,24.078,26.635
223.604,62.511,24.217,26.771
221.104,61.576,24.427,26.752
219.761,61.161,24.429,27.043
217.930,60.165,24.411,27.368
216.592,59.725,24.328,27.614
213.795,58.951,24.811,27.741
211.910,57.900,25.044,28.204
210.570,57.300,25.066,28.874
210.227,57.130,25.258,29.543
209.023,56.792,25.786,29.997
207.568,56.723,26.919,30.143
206.057,56.769,28.404,29.992
204.099,57.486,29.656,29.963
200.981,57.760,30.428,30.204
198.819,56.294,30.449,31.037
195.450,55.125,30.369,31.947
192.650,53.131,30.424,32.618
190.924,52.383,30.637,33.066
191.418,51.231,30.668,33.302
190.087,49.989,30.566,33.668
189.658,48.978,30.536,34.013
188.802,47.676,30.603,34.632
186.902,46.584,30.667,34.977
187.857,45.576,30.949,35.432
186.692,45.266,31.293,35.725
186.822,44.204,31.568,36.128
186.004,44.863,31.996,36.248
186.056,45.847,32.578,36.308
186.747,47.268,33.146,36.260
186.236,48.998,33.569,36.377
186.825,50.850,34.186,36.325
186.578,51.584,34.561,36.668
186.974,51.728,34.856,37.157
186.830,52.016,35.321,37.372
186.719,52.385,35.823,37.511
187.712,52.407,36.057,37.748
187.391,52.911,36.305,37.952
187.915,52.544,36.572,38.197
187.799,51.707,36.630,38.699
187.406,51.115,36.926,38.954
186.491,50.531,37.036,39.478
186.022,49.864,37.083,39.918
184.858,49.213,37.205,40.358
182.912,48.425,37.022,40.943
180.478,47.516,36.862,41.559
178.665,47.775,37.139,41.688
177.122,47.633,37.551,41.865
173.660,47.316,37.725,42.257
171.353,47.123,38.142,42.540
169.036,46.163,38.438,43.265
167.371,45.207,38.667,43.812
166.603,44.361,38.886,44.342
164.535,43.152,39.264,44.777
163.553,41.812,39.626,45.339
159.878,41.156,40.383,45.318
158.483,38.911,40.489,46.067
156.988,37.529,41.052,46.573
154.876,36.728,41.922,46.954
154.076,36.729,42.606,47.231
150.873,35.549,43.472,47.664
147.958,36.885,44.392,47.998
143.221,37.471,46.288,47.842
137.268,39.200,48.177,47.770
131.815,41.133,49.786,47.893
127.076,42.962,51.041,48.548
121.061,44.067,52.498,49.162
116.792,45.835,53.575,49.886
111.555,47.084,54.769,50.739
106.231,47.920,55.922,51.435
97.560,50.050,56.526,52.254
94.909,52.208,57.142,52.866
92.821,53.135,57.866,53.333
89.842,54.235,58.457,53.686
88.328,54.618,58.750,53.800
86.967,54.105,58.771,53.887
84.880,53.515,59.278,53.932
84.081,45.771,59.613,54.588
83.022,46.961,60.083,55.014
81.668,47.769,60.280,55.481
72.805,49.397,61.807,55.816
71.752,51.737,63.065,56.197
70.131,53.933,63.800,57.242
70.552,55.543,63.742,58.696
73.015,56.960,63.576,59.931
73.057,59.298,63.751,60.350
74.181,61.712,63.702,60.733
74.246,63.667,63.869,61.002
76.860,65.715,63.561,61.030
77.748,65.688,63.307,60.672
80.011,66.171,62.512,60.227
82.471,66.942,62.405,59.478
85.195,67.467,61.680,59.126
88.194,66.804,61.227,58.525
90.207,67.417,60.848,57.948
93.004,67.050,60.516,57.510
95.396,65.943,59.555,57.490
95.962,64.840,59.110,57.217
97.267,63.723,58.428,57.161
99.125,62.724,57.633,57.197
100.999,62.238,56.750,57.361
101.722,62.273,55.969,57.578
103.934,63.271,55.210,57.842
106.391,63.281,54.621,58.016
106.684,64.991,53.932,58.032
108.599,65.372,54.041,57.434
108.337,65.117,54.211,56.497
109.392,64.228,54.178,55.801
111.163,61.945,53.997,55.078
111.982,60.637,53.858,54.414
113.163,57.594,53.880,53.525
113.795,56.386,53.497,52.973
114.794,54.895,53.455,52.322
114.202,53.910,53.395,51.763
113.054,53.572,53.289,51.504
110.391,52.678,53.267,51.387
107.239,53.518,53.251,51.359
105.075,53.244,52.833,51.577
103.936,53.543,52.172,51.953
102.800,54.177,51.350,52.538
100.405,54.625,50.598,53.084
97.092,55.025,49.762,53.752
92.710,54.137,49.037,54.517
87.975,54.944,48.489,54.975
82.190,55.068,48.152,55.360
76.376,55.939,48.016,55.666
72.033,56.552,47.677,55.771
67.680,56.730,47.247,55.776
65.441,56.328,46.728,55.841
63.944,55.310,46.247,55.778
64.410,54.323,45.889,55.628
66.228,55.314,45.604,55.467
69.122,53.444,45.239,55.390
71.768,53.057,45.040,55.186
75.293,53.266,44.766,55.031
79.693,52.920,44.690,54.970
84.062,53.373,44.886,54.805
88.749,52.503,45.030,54.738
93.619,52.926,45.263,54.572
98.874,52.844,45.322,54.622
104.123,52.402,45.190,54.796
109.810,51.018,44.952,55.206
114.270,50.029,44.870,55.431
119.100,48.954,44.861,55.645
122.044,48.788,44.863,56.047
126.080,45.850,44.617,56.591
129.038,45.399,44.838,56.882
130.711,45.565,44.463,57.408
134.352,43.977,44.155,57.730
137.462,42.159,44.000,57.867
139.156,43.199,44.004,57.344
140.832,44.557,43.996,56.842
143.430,45.112,44.140,56.313
146.328,46.310,44.354,55.570
150.526,49.064,44.255,54.952
152.837,51.572,44.004,54.236
154.318,53.173,44.110,53.301
155.988,54.168,44.145,52.753
157.150,54.023,44.079,52.779
158.511,53.578,43.780,53.181
160.432,53.773,43.685,53.259
163.292,52.632,43.773,53.311
165.504,51.193,43.879,53.459
168.631,49.418,44.307,53.498
171.481,46.930,44.590,53.552
174.212,44.567,44.852,53.611
177.147,42.125,44.892,53.875
178.118,39.685,45.242,54.076
181.157,36.464,45.968,54.209
182.129,34.237,46.470,54.560
183.855,33.455,47.721,54.497
185.923,33.535,49.039,54.667
186.901,33.955,50.376,54.906
188.135,35.586,51.508,55.140
188.443,39.115,52.785,54.991
190.396,41.658,54.405,55.103
190.294,45.056,55.529,55.351
191.209,49.055,57.229,55.430
193.467,51.804,58.454,55.870
195.960,53.384,59.354,56.433
198.632,54.397,59.756,56.985
199.992,53.864,60.081,57.426
201.476,53.491,60.113,58.036
201.713,53.365,60.214,58.558
201.880,52.906,60.366,58.976
202.474,51.415,60.249,59.385
201.601,50.366,59.893,59.999
200.503,49.828,59.459,60.634
200.020,49.859,59.346,60.844
198.877,51.121,59.625,61.054
197.723,52.531,60.361,60.798
196.506,53.619,60.966,60.841
196.823,56.153,61.381,61.156
196.968,57.328,61.782,61.476
198.962,59.157,62.273,61.848
201.990,62.026,62.819,61.814
203.568,63.752,62.740,61.876
204.843,64.603,62.514,61.505
205.394,63.931,61.476,61.855
206.072,62.672,60.487,62.291
204.258,60.686,59.230,62.713
203.796,60.592,58.072,62.833
201.519,60.393,56.867,62.787
199.084,58.945,55.623,62.985
196.121,58.297,54.831,62.710
194.063,57.410,53.903,62.546
190.438,57.551,53.032,62.162
186.384,59.594,52.425,61.576
183.408,60.233,51.605,60.981
180.578,62.047,50.825,60.683
177.440,64.921,50.057,60.134
174.277,68.642,49.500,59.691
170.118,69.857,48.870,59.097
166.972,72.126,48.442,58.518
163.403,73.001,47.928,57.964
159.504,74.610,47.443,57.267
156.463,75.256,46.957,56.583
153.937,75.055,46.316,55.950
151.275,74.330,45.898,55.309
150.503,73.634,45.156,54.973
150.648,72.065,44.488,54.635
153.407,71.376,44.351,53.986
156.934,69.622,44.079,53.701
159.783,68.818,43.656,53.625
164.127,68.095,42.923,53.661
167.926,66.393,42.229,53.880
171.253,65.866,41.546,54.037
173.869,66.799,40.830,53.997
177.025,68.544,40.869,53.195
179.220,70.107,40.708,52.561
181.670,70.351,40.678,52.086
183.638,71.861,40.535,51.464
187.109,74.024,41.053,50.426
191.959,75.914,41.233,49.441
195.122,76.934,41.140,48.589
200.412,78.728,41.239,47.895
206.019,78.187,41.323,47.498
210.419,77.348,41.527,46.911
214.527,77.809,42.301,46.198
218.242,78.435,43.097,45.436
223.163,78.269,43.955,44.501
226.294,77.410,44.088,43.739
229.923,77.712,44.287,43.065
233.292,76.978,44.422,42.288
235.355,77.455,44.230,41.785
237.608,77.153,43.977,41.447
239.229,77.424,43.827,41.205
240.438,78.146,43.386,41.016
241.305,78.220,42.837,41.024
241.543,78.267,42.273,40.855
241.239,78.309,41.732,40.659
240.234,78.219,40.893,40.667
239.171,78.222,40.153,40.659
238.992,78.385,39.576,40.580
239.011,78.890,38.910,40.676
238.978,79.064,38.461,40.614
239.798,78.497,38.339,40.248
241.966,78.322,38.262,39.876
242.971,78.669,38.144,39.559
247.471,79.690,38.702,38.788
251.562,80.391,39.395,38.164
251.847,80.153,39.324,38.004
251.682,80.164,39.352,37.734
252.674,80.742,38.946,37.715
257.312,81.664,38.931,37.556
262.055,86.956,39.026,37.034
262.689,87.533,38.905,36.756
264.291,92.222,38.429,36.645
263.688,92.825,37.699,36.598
263.703,92.699,36.929,36.429
263.482,93.150,36.036,36.526
263.917,93.404,35.211,36.336
264.534,93.207,34.462,35.992
265.926,93.440,33.887,35.873
266.205,93.593,33.174,35.786
267.236,93.999,32.642,35.733
271.405,93.189,31.970,35.630
272.166,93.131,31.524,35.314
274.175,93.268,31.192,34.796
275.157,93.713,30.927,34.334
276.427,93.416,30.905,33.778
276.714,92.717,30.969,33.210
277.179,92.174,31.073,32.703
277.096,91.504,31.296,32.435
278.477,91.529,31.279,32.580
281.017,89.836,30.915,33.030
283.854,88.210,30.112,33.473
285.308,87.637,29.081,33.935
284.960,86.950,28.326,34.368
285.551,86.972,27.717,34.630
285.031,86.558,27.228,34.864
285.133,86.451,26.843,34.865
284.321,86.374,26.502,35.057
283.843,85.601,26.275,35.269
282.935,85.635,26.082,35.240
281.897,85.347,26.108,35.204
280.279,85.132,26.086,35.068
278.940,84.989,26.119,34.962
278.252,84.587,25.963,35.118
276.744,84.557,25.902,35.083
