125.000,86.000,15.000,16.000
127.291,85.543,15.286,15.830
128.643,84.559,15.412,15.717
130.361,83.754,15.547,15.623
132.028,83.147,15.615,15.607
133.593,82.276,15.268,15.701
134.616,82.559,15.504,15.346
136.260,82.982,15.569,15.186
137.780,82.982,15.345,15.204
139.885,83.930,15.326,15.201
141.951,83.942,15.287,15.246
143.913,84.407,15.324,15.159
145.707,84.204,15.324,15.348
147.226,84.081,15.285,15.399
147.923,83.451,15.128,15.554
149.792,84.060,15.219,15.613
150.406,82.092,15.021,15.855
151.908,81.584,14.981,15.867
153.685,80.335,14.909,15.947
154.736,79.403,14.861,16.066
154.986,78.205,14.712,16.148
156.871,77.311,14.862,16.212
157.741,75.777,14.840,16.379
159.050,75.250,14.713,16.438
160.057,75.001,14.854,16.371
160.461,73.951,14.881,16.293
160.906,74.554,14.764,16.187
162.016,74.109,14.603,16.300
163.505,74.624,14.447,16.412
164.096,73.784,14.301,16.522
166.076,73.596,14.307,16.508
166.988,73.199,14.236,16.525
167.598,73.003,14.231,16.329
167.504,72.100,14.437,16.058
167.284,72.158,14.530,15.706
167.456,73.377,14.675,15.277
167.374,72.930,14.602,15.171
168.450,72.891,14.812,14.914
168.909,73.892,14.755,14.649
169.476,75.325,14.721,14.538
170.291,76.362,14.663,14.490
171.114,75.637,15.113,13.962
171.419,80.915,15.086,13.997
171.878,78.985,14.831,14.458
170.411,80.805,14.695,14.597
163.137,82.542,14.645,14.469
172.763,78.888,14.592,14.552
173.567,79.715,14.529,14.473
171.454,77.658,14.600,14.380
171.429,77.370,14.604,14.377
172.374,77.517,14.605,14.377
175.727,77.886,14.695,14.283
176.702,78.650,14.749,14.143
177.956,78.339,14.921,14.094
178.624,79.061,14.903,14.092
179.640,80.036,14.962,13.901
180.728,80.493,14.871,13.976
181.209,81.225,14.812,13.856
182.152,82.494,14.922,13.794
182.628,83.436,14.890,13.711
182.869,83.113,14.889,13.712
181.043,86.765,14.572,14.014
184.184,86.282,14.415,14.163
185.976,86.404,14.562,14.140
187.050,86.551,14.704,13.994
187.875,86.278,14.797,13.720
189.085,86.297,14.923,13.707
189.413,86.171,15.120,13.557
190.314,85.936,15.120,13.557
190.473,86.285,15.119,13.557
191.216,86.220,14.936,13.908
191.351,85.611,14.764,14.159
191.586,83.244,14.577,14.368
192.054,82.283,14.510,14.591
192.451,79.464,14.575,14.822
192.942,78.363,14.765,14.899
192.430,76.686,14.911,14.978
192.740,74.871,14.880,15.129
192.425,72.865,15.023,15.267
191.998,71.526,15.428,15.180
191.325,70.612,15.866,15.049
190.606,70.075,16.469,14.618
189.696,70.991,16.651,14.612
189.437,71.034,16.859,14.643
188.634,72.095,17.052,14.509
186.353,72.925,17.105,14.508
185.634,74.146,17.332,14.417
183.793,74.503,17.227,14.483
181.161,75.842,17.455,14.655
178.781,77.560,17.788,14.729
175.852,78.028,18.319,14.627
173.502,79.792,18.353,14.983
172.206,80.415,18.483,15.058
168.946,80.788,18.739,15.184
166.124,80.701,18.836,15.515
165.736,80.148,18.521,16.014
164.111,78.247,18.485,16.122
162.678,77.376,18.378,16.343
161.511,76.756,18.247,16.577
160.563,76.254,18.213,16.775
160.712,74.858,18.001,17.245
159.499,74.187,18.201,17.159
159.479,74.665,18.339,16.973
159.198,73.414,18.239,17.340
158.030,73.447,18.223,17.419
157.752,73.267,18.315,17.518
156.310,73.069,18.211,17.660
156.575,72.981,18.234,17.853
154.693,73.180,18.064,17.957
152.726,74.487,17.993,17.822
152.065,75.358,17.911,17.855
151.025,76.133,17.830,17.835
149.378,76.833,17.913,17.780
147.560,77.293,18.142,17.653
145.515,79.100,18.303,17.365
143.229,80.106,18.591,16.857
141.738,82.110,18.613,16.480
140.122,84.006,18.695,16.182
138.520,87.301,18.709,15.993
135.807,90.516,18.835,15.825
134.556,93.506,18.868,15.635
132.840,96.839,18.844,15.658
130.922,101.763,18.975,15.752
129.816,105.228,19.178,15.486
128.389,108.795,19.290,15.510
127.451,112.329,19.300,15.457
126.508,115.117,19.330,15.536
125.729,116.443,19.146,15.527
124.376,119.391,19.119,15.519
123.660,120.614,19.258,15.389
122.580,122.329,19.267,15.439
121.635,124.030,19.388,15.593
121.125,123.203,19.354,15.809
120.216,122.915,19.321,16.012
119.966,120.260,19.320,16.284
119.720,117.108,19.103,16.758
118.788,111.836,19.122,16.866
116.074,106.169,19.200,16.992
115.231,101.932,19.181,17.418
114.363,97.565,19.203,17.630
112.109,91.507,18.843,18.042
110.611,85.985,18.881,18.088
113.108,86.182,19.289,17.809
113.600,85.519,19.608,17.504
114.895,83.029,20.877,16.537
116.771,82.434,21.113,16.390
107.123,74.252,20.619,16.951
105.678,72.267,19.836,17.769
105.812,69.903,19.330,18.445
104.853,69.248,19.216,18.618
104.656,68.509,19.044,18.804
102.694,68.839,19.009,18.678
100.917,68.905,18.971,18.677
99.130,68.325,19.010,18.761
97.168,67.669,18.913,18.928
95.276,67.504,18.874,19.134
95.189,67.051,19.075,19.333
93.667,66.722,18.929,19.310
93.640,76.511,19.090,19.340
93.182,76.608,19.091,19.342
98.373,66.624,17.718,20.957
95.111,65.382,18.298,20.581
95.250,65.616,19.021,20.129
95.821,66.555,19.738,19.717
96.394,66.203,20.467,19.229
97.189,66.231,21.239,18.705
98.270,66.426,21.386,18.581
100.353,67.303,21.426,18.617
102.902,68.208,21.628,18.714
105.452,68.349,21.599,19.078
108.067,67.700,21.515,19.752
109.890,67.051,21.547,20.290
110.965,66.311,21.534,20.630
113.639,66.017,21.618,21.188
115.425,64.877,21.605,21.629
117.400,65.553,21.916,21.661
120.489,65.736,22.193,21.869
123.369,67.590,22.472,21.934
126.793,69.924,22.874,21.849
129.914,72.522,23.272,21.838
132.956,75.416,23.626,21.832
136.360,78.712,24.028,21.598
138.933,82.210,24.283,21.305
141.119,87.290,24.405,21.474
143.213,91.159,25.100,21.401
145.674,95.384,25.353,21.395
146.648,99.119,27.127,20.132
140.463,101.980,26.314,20.765
137.693,99.132,26.100,20.985
161.467,107.504,26.078,21.028
161.612,107.134,25.649,21.150
161.425,106.341,25.407,21.369
161.437,106.463,25.129,21.501
161.546,106.971,25.030,21.587
161.333,105.977,24.849,21.823
161.358,104.185,24.837,22.309
163.773,104.439,26.599,20.890
159.764,105.248,26.273,21.114
159.775,105.806,26.260,20.996
159.775,105.399,25.614,21.368
160.557,104.752,24.703,21.744
159.679,104.161,24.455,21.663
158.874,103.570,24.564,21.317
160.195,103.141,24.592,21.293
162.850,105.952,23.530,21.729
162.119,106.108,23.415,21.805
161.830,104.748,23.415,21.804
161.918,104.284,22.961,21.878
162.946,104.020,22.681,21.735
162.150,104.253,22.307,21.517
162.730,103.558,22.100,21.225
163.119,103.199,21.815,21.021
163.430,103.668,21.455,21.014
163.461,103.009,21.427,20.457
165.079,102.588,21.433,20.452
163.059,104.778,21.112,20.455
165.304,107.132,20.855,20.260
165.033,103.233,21.029,20.384
164.313,105.825,21.478,20.019
163.870,105.066,21.875,19.794
161.532,104.183,22.179,19.385
161.560,103.388,22.343,19.201
161.001,103.698,22.237,19.280
162.591,102.714,22.118,19.810
161.856,104.156,21.859,20.016
161.876,105.610,21.737,20.063
162.646,105.236,21.441,20.386
163.340,105.879,21.473,20.404
163.266,105.963,21.301,20.629
163.493,105.830,21.162,20.774
163.725,105.942,21.136,20.808
164.000,106.028,21.060,20.861
163.926,105.476,21.064,20.998
163.614,105.491,21.054,20.918
164.095,105.058,21.162,20.727
158.533,105.215,21.241,20.640
166.539,107.186,20.909,20.665
164.055,103.882,20.983,20.583
163.251,102.563,21.730,20.434
162.400,103.181,22.420,19.986
162.380,103.903,22.816,19.824
161.915,103.773,22.932,19.690
161.637,103.689,22.728,19.520
161.695,103.280,22.642,19.490
162.018,102.840,22.660,19.667
164.408,105.153,22.021,20.026
164.638,104.810,21.534,20.362
165.420,104.625,21.255,20.626
165.452,104.036,21.171,20.641
165.311,103.892,21.337,20.380
165.091,103.627,21.492,20.241
165.007,103.594,21.580,20.116
165.008,103.699,21.521,20.134
164.799,104.271,21.489,20.115
165.928,105.297,21.230,20.139
165.730,105.978,21.204,20.081
165.485,106.128,21.089,20.022
166.585,106.027,20.703,20.226
168.651,105.525,20.258,20.191
169.041,105.455,20.138,20.082
171.360,102.036,20.079,20.264
177.488,104.263,20.309,20.080
181.570,106.602,20.094,19.924
184.116,110.092,19.869,20.097
180.169,106.912,19.957,19.838
167.916,103.347,20.654,19.557
168.598,105.525,20.353,19.689
168.189,104.715,20.253,19.840
168.429,104.727,20.286,19.888
169.387,104.809,20.196,19.994
169.192,104.730,20.272,19.906
169.165,105.234,20.788,19.698
169.325,104.437,20.865,19.919
164.640,104.141,20.560,20.100
165.295,103.646,20.245,20.280
167.524,103.723,20.137,20.465
167.361,103.807,19.938,20.869
165.596,103.868,18.936,21.852
163.124,104.020,18.190,22.470
158.544,105.982,17.260,23.406
158.449,104.207,16.529,24.202
156.442,105.779,15.949,24.834
175.936,100.509,16.936,23.656
