294.000,135.000,44.000,171.000
293.372,137.257,47.725,166.787
292.688,138.509,50.349,163.619
293.030,141.070,52.018,161.645
293.203,140.851,52.958,161.020
293.070,140.797,53.785,160.628
294.094,142.347,54.256,160.844
293.480,141.100,54.288,161.162
293.919,144.451,54.347,160.779
293.434,144.050,54.386,160.657
292.813,142.015,54.443,160.435
293.430,142.734,54.366,160.199
289.566,140.715,54.462,160.204
288.804,141.659,54.170,160.558
284.838,140.522,53.979,160.354
284.489,142.900,53.819,160.050
281.233,140.804,53.713,159.863
278.950,141.780,53.687,159.528
276.591,145.553,54.043,158.477
275.162,147.160,54.438,157.243
273.023,145.230,54.790,155.968
271.434,146.571,54.964,155.599
270.104,146.253,55.308,155.379
269.112,149.575,55.558,153.747
268.571,148.987,55.622,153.166
269.231,151.281,55.560,152.302
268.432,149.686,55.254,152.449
268.192,150.108,54.947,153.195
267.236,151.585,54.617,153.377
266.705,153.992,54.626,152.991
265.145,155.232,54.406,152.317
264.292,155.638,53.745,152.484
263.586,156.998,53.564,151.785
261.916,159.021,53.237,151.061
259.858,157.590,52.833,150.329
258.986,157.352,52.961,149.946
255.453,158.624,53.586,148.467
255.014,156.517,53.986,148.182
254.059,155.811,54.250,148.175
251.937,154.791,53.489,149.595
249.512,154.646,52.912,150.659
248.554,155.989,52.433,151.088
247.935,157.143,52.111,150.271
247.950,159.549,51.659,149.881
247.371,160.230,51.754,149.166
246.846,162.709,52.282,147.957
246.690,163.023,52.566,147.123
247.128,161.034,52.950,146.355
248.083,165.907,52.935,146.107
247.778,171.478,52.786,145.845
246.890,163.799,53.311,145.195
245.236,159.828,53.522,145.134
243.718,157.633,53.637,144.902
242.550,156.269,53.683,145.496
241.245,155.562,53.840,145.859
240.715,152.951,53.974,147.247
239.800,149.981,54.336,149.094
237.099,143.987,55.225,151.136
236.158,140.921,56.125,155.030
235.789,136.835,58.102,157.519
238.159,133.029,59.204,160.962
239.420,135.951,60.681,162.535
240.363,129.461,61.458,163.905
241.886,130.673,62.788,165.001
242.519,127.549,64.619,164.028
243.295,128.214,65.662,163.448
245.578,127.707,66.137,162.605
261.144,125.528,66.584,162.587
263.580,125.423,66.594,163.822
265.101,126.561,67.050,164.186
266.682,124.424,68.075,163.952
283.798,126.602,67.859,164.849
298.792,123.053,67.502,165.262
302.858,128.052,67.597,166.257
307.322,121.312,67.388,166.675
313.286,126.038,67.357,166.732
318.268,120.693,67.437,166.685
323.606,123.050,67.633,166.348
328.171,118.774,67.848,166.240
333.211,122.042,68.100,166.164
337.224,118.492,68.296,166.301
341.817,121.685,68.556,165.994
345.289,121.147,69.072,165.548
348.941,123.017,69.775,165.059
352.945,119.239,70.268,165.085
357.162,124.241,70.792,164.669
361.519,117.999,70.927,164.408
366.500,121.511,71.236,163.375
371.022,117.760,71.826,162.811
375.522,120.186,71.801,162.046
379.947,115.457,72.181,161.859
385.728,119.114,71.691,161.411
389.762,117.331,71.935,161.436
394.355,118.321,71.918,161.631
399.144,117.828,72.201,162.145
402.786,116.328,72.236,162.468
407.816,118.066,72.296,162.242
411.903,114.365,72.687,161.913
416.741,118.568,72.593,161.403
422.197,113.616,72.674,162.056
426.563,116.122,72.417,161.912
430.288,118.081,72.424,161.696
434.192,116.250,72.778,161.385
438.558,119.485,72.329,161.173
442.463,118.046,72.443,161.246
447.197,120.580,72.201,161.016
450.777,118.864,72.554,160.898
454.575,121.324,72.418,160.967
455.848,119.821,72.801,160.559
458.948,123.656,72.701,160.235
458.771,125.282,72.911,160.768
459.538,121.760,73.245,161.651
460.465,126.207,73.307,161.902
460.418,127.789,73.906,161.578
462.474,125.474,74.177,162.247
462.933,127.144,74.133,162.269
463.113,125.485,74.528,162.667
464.960,126.668,74.707,162.525
465.498,123.257,74.592,162.361
467.555,125.381,74.179,162.838
468.744,121.700,74.108,163.014
468.261,121.185,73.695,163.169
470.141,121.441,73.091,163.484
471.320,122.320,72.501,163.909
472.607,117.630,72.187,163.784
473.307,119.951,71.709,164.660
474.407,117.746,70.903,165.124
474.475,116.658,69.759,166.197
473.947,118.466,68.755,167.789
473.912,115.740,67.448,169.091
474.323,114.089,65.968,171.203
473.965,112.192,65.451,172.002
472.473,108.609,64.705,173.579
470.671,107.490,63.547,176.008
469.104,103.133,63.177,177.302
467.173,104.665,63.251,178.222
465.817,106.491,63.193,179.240
463.629,103.913,63.747,179.502
463.497,104.289,64.910,177.740
465.605,101.368,65.406,176.658
466.722,99.006,64.997,176.704
467.490,98.868,64.850,176.004
468.409,110.441,64.344,177.641
469.556,114.465,64.081,179.454
468.498,107.774,64.506,179.966
451.162,80.897,65.800,180.336
447.706,76.673,67.014,180.011
449.711,68.847,67.503,181.885
451.397,68.384,68.174,182.925
453.626,68.374,69.094,183.759
454.749,68.984,70.604,184.518
455.489,69.775,72.137,185.715
457.811,70.937,73.516,186.189
458.207,75.315,77.728,183.017
458.186,77.199,81.454,180.377
471.903,64.730,80.812,181.791
488.041,56.784,77.722,184.859
489.069,61.124,75.121,186.353
491.557,62.455,73.585,187.246
495.056,62.516,71.551,189.528
496.917,56.421,70.554,190.831
500.356,55.804,70.823,190.044
502.727,61.816,71.201,188.910
503.775,61.762,71.573,188.755
507.286,68.467,71.604,188.608
509.185,58.846,71.436,187.649
513.693,78.000,71.696,185.243
516.449,83.400,72.002,184.589
518.594,87.842,72.483,184.604
522.305,90.887,72.740,184.647
527.036,89.354,72.528,185.971
531.712,86.338,72.542,187.883
534.789,85.214,73.014,187.099
537.654,84.144,72.691,186.020
540.905,79.470,72.493,185.948
542.755,79.157,73.049,184.050
545.444,78.695,72.894,182.261
546.862,76.587,72.844,182.402
548.987,71.786,72.403,182.257
552.231,75.955,72.871,181.289
554.765,74.575,72.798,182.023
556.185,74.526,73.128,182.108
560.603,77.424,73.400,182.282
562.481,73.414,73.852,182.457
565.850,74.416,74.419,182.169
566.807,76.432,74.681,181.945
566.995,79.419,74.661,182.664
569.181,81.574,74.131,184.031
572.870,74.427,73.027,186.665
574.558,70.733,71.677,189.457
575.283,73.003,71.324,190.715
576.838,76.383,70.950,191.019
579.712,76.662,70.228,192.326
581.238,78.023,69.588,192.755
583.587,82.769,68.611,192.464
584.163,85.369,67.668,192.539
584.237,89.478,66.872,192.775
583.704,91.615,66.642,192.263
585.056,94.509,65.668,192.584
586.924,97.732,64.518,192.776
589.003,98.860,64.139,192.655
590.471,101.865,63.129,192.258
591.477,103.666,61.810,192.327
592.650,104.240,60.838,192.190
593.025,104.825,59.837,192.182
593.378,114.008,59.410,191.992
594.119,114.040,59.378,191.163
573.565,181.901,64.930,184.292
572.894,186.896,70.223,177.255
571.551,188.909,73.339,171.586
571.180,192.441,75.121,167.356
572.539,195.091,74.817,165.757
574.809,195.441,74.067,163.157
577.809,191.682,73.433,161.771
579.741,190.867,72.360,160.531
581.298,182.883,72.582,159.191
581.917,176.350,71.672,158.905
583.304,173.401,70.873,158.061
583.708,170.625,69.425,158.944
584.253,169.782,68.839,158.064
585.283,167.537,68.355,156.329
586.917,164.217,67.354,155.143
589.327,161.638,65.942,153.631
591.776,162.654,64.684,151.251
593.535,161.688,63.483,148.196
595.226,165.357,62.362,145.382
597.467,164.169,60.201,144.320
598.827,160.222,57.369,145.042
600.388,152.868,54.819,146.617
599.844,149.553,53.277,148.337
599.345,144.592,52.095,149.602
596.670,94.059,51.425,150.695
594.407,92.158,50.902,151.446
592.694,93.918,50.759,151.766
591.053,91.058,50.957,152.088
590.330,93.930,51.045,152.149
589.267,94.057,51.372,152.411
588.653,51.979,51.687,153.161
587.864,42.813,52.687,152.259
587.488,44.559,53.360,151.515
586.736,38.556,55.701,147.837
585.718,44.271,56.053,146.791
585.992,48.772,56.247,145.783
585.326,51.089,56.379,144.748
585.407,52.102,56.214,143.900
584.652,54.488,56.156,143.226
583.990,54.370,55.887,142.825
582.808,54.260,55.491,142.898
579.932,42.970,56.810,140.692
577.760,44.442,57.818,138.951
576.523,45.734,58.862,136.993
576.397,57.802,59.517,135.550
575.853,56.828,60.154,134.231
574.655,57.790,60.701,132.852
573.542,58.957,61.060,131.607
573.721,58.155,61.205,130.915
573.941,58.271,61.249,130.409
574.133,66.202,61.562,129.581
574.874,63.368,61.493,129.312
560.168,38.944,64.790,124.851
558.330,40.049,68.261,119.959
556.833,41.024,71.790,114.892
555.176,42.381,74.412,110.845
552.993,43.443,76.349,107.445
551.538,44.913,78.197,104.385
549.963,45.979,79.544,101.969
541.747,47.389,81.052,99.424
533.675,49.282,82.342,97.417
536.073,50.227,82.883,95.997
528.314,49.181,83.478,95.007
530.706,50.985,83.548,93.947
529.132,41.666,83.732,92.640
518.902,43.628,84.071,91.706
519.422,45.951,83.921,90.777
521.264,45.885,83.160,90.192
519.127,46.696,82.394,89.145
517.760,46.862,81.879,87.726
517.445,46.927,81.332,86.254
516.303,46.893,80.458,84.622
515.338,46.820,79.716,82.929
512.805,46.978,78.880,81.350
510.607,47.349,78.061,79.872
507.877,48.404,77.235,78.571
504.434,49.460,76.564,77.242
502.826,50.400,75.543,76.000
499.056,50.230,74.591,75.159
494.875,51.189,73.986,74.010
491.572,52.308,73.472,72.776
488.137,53.358,72.616,71.827
484.345,54.328,72.040,70.846
475.314,62.002,72.149,69.831
471.941,59.308,71.620,68.746
468.598,56.914,70.602,67.851
465.851,56.128,69.534,67.173
462.098,55.326,68.160,66.809
451.947,57.045,67.987,65.545
450.049,55.921,66.879,64.806
448.319,54.944,65.035,65.091
445.865,52.552,62.931,65.592
436.547,53.632,61.901,65.466
427.179,54.053,61.500,64.385
418.037,54.978,60.992,63.685
415.785,54.160,59.544,63.556
406.019,54.362,59.241,62.672
403.868,55.444,58.000,62.745
394.781,54.202,57.420,61.808
392.250,54.237,56.333,61.760
384.345,55.005,55.949,60.950
383.090,52.954,54.817,60.950
380.280,54.160,53.792,61.229
374.013,55.245,53.565,60.297
373.361,52.907,52.794,59.657
370.484,52.949,51.685,59.937
367.305,53.035,50.762,60.060
364.094,52.142,50.062,59.915
360.961,51.687,49.275,60.097
357.556,50.648,48.661,59.840
357.809,49.520,46.290,61.547
349.842,50.790,46.840,60.232
346.851,50.260,46.742,59.439
343.397,50.392,46.328,59.420
339.141,50.459,46.096,59.277
334.191,50.793,45.839,59.047
330.364,51.271,45.405,59.238
326.305,50.553,45.182,59.078
320.292,51.405,45.787,57.845
314.041,51.396,46.166,56.820
308.067,51.891,46.387,55.598
303.474,52.473,46.908,54.249
302.482,51.926,46.842,53.238
310.402,55.391,52.581,48.170
307.789,56.205,57.612,43.891
306.157,52.462,61.408,40.774
300.154,54.681,64.531,38.472
293.904,55.198,66.337,37.116
268.613,55.967,67.877,36.220
247.157,57.164,69.417,35.287
233.030,58.212,70.736,34.955
219.814,56.199,67.143,38.407
222.838,56.505,68.138,37.627
219.123,56.001,69.237,36.927
214.784,55.229,70.034,36.420
223.163,27.767,71.423,35.264
205.445,27.782,72.320,34.512
193.307,27.340,73.054,34.054
187.076,26.907,73.224,33.903
179.974,26.315,73.347,33.826
178.996,26.612,73.718,33.633
186.629,26.338,73.757,33.585
198.292,21.843,76.582,31.688
189.794,23.449,78.605,30.251
175.230,24.014,80.173,29.099
164.292,24.724,81.673,27.873
164.803,50.785,80.817,28.521
147.887,50.224,79.462,29.299
131.241,50.246,77.859,30.005
109.759,55.238,77.602,30.142
99.814,55.537,76.102,31.051
95.491,54.278,74.333,32.453
100.694,48.523,68.570,37.105
100.694,46.223,62.978,41.891
99.268,43.346,58.198,45.961
91.163,41.267,54.711,48.880
84.141,39.881,52.554,50.585
80.552,37.512,50.398,52.283
73.047,37.133,49.089,53.246
67.664,37.053,48.495,53.151
63.291,35.520,47.488,53.359
57.162,34.819,46.931,53.207
53.770,34.228,46.022,53.303
48.891,33.425,45.534,53.128
42.090,32.666,45.312,52.589
38.521,32.349,44.664,52.498
34.340,32.373,44.165,52.424
29.851,32.161,43.641,52.534
25.479,32.167,43.286,52.302
20.453,32.236,42.983,52.094
11.430,32.519,43.151,51.271
5.957,33.254,43.336,50.730
1.705,33.528,43.504,50.312
-1.663,32.878,42.775,50.840
-3.695,32.167,41.703,52.179
-4.914,30.303,39.234,54.572
-6.238,28.534,36.292,57.676
-6.556,26.195,33.295,60.909
-6.549,24.120,30.375,64.203
-5.727,16.421,28.236,66.767
-4.805,-2.168,27.120,68.198
-4.240,-5.072,26.174,68.693
-4.084,-4.408,26.012,68.931
2.341,-10.549,26.275,68.747
1.806,-5.728,26.218,69.001
0.265,-6.825,25.975,69.521
-0.616,-8.153,25.909,69.645
-6.546,-9.112,25.441,70.208
5.385,-8.534,25.715,69.817
0.611,-9.424,25.589,70.067
0.033,-9.042,25.575,70.093
-0.663,-8.733,25.491,70.216
-5.336,-9.229,25.173,70.623
-4.319,-8.576,24.751,71.240
-3.296,-7.756,24.520,71.833
-2.352,-6.677,24.461,72.182
8.859,-2.914,24.146,73.329
2.424,-5.847,23.592,76.415
-2.930,-6.937,23.385,78.465
-2.959,-5.947,23.177,79.441
3.793,-5.887,23.260,79.738
3.735,-6.267,23.417,80.497
-0.767,-6.901,23.780,81.624
-1.084,-7.005,23.996,82.554
-1.736,-7.237,24.198,83.284
11.268,-6.468,25.002,83.140
10.617,-6.720,26.675,80.852
10.198,-6.082,26.570,82.082
3.191,-6.659,27.172,83.141
2.706,-7.876,27.350,84.838
1.837,-7.455,27.182,86.325
1.828,-6.917,26.965,87.627
1.550,-6.695,26.856,89.048
1.035,-7.555,27.017,90.293
0.835,-8.207,27.056,91.642
0.606,-8.033,27.195,92.518
0.043,-7.697,27.533,93.412
-0.022,-6.696,27.857,94.449
-0.418,-9.063,28.415,94.099
-1.350,-8.641,28.738,94.686
-2.090,-8.821,28.997,95.523
-2.986,-8.963,29.623,95.901
-2.704,-9.012,30.132,96.437
-2.382,-10.214,30.377,96.964
-1.681,-9.771,30.245,98.127
0.015,-7.960,30.213,98.686
0.101,-8.884,30.195,99.367
-0.026,20.523,30.162,100.429
0.304,22.892,30.409,100.770
0.507,21.883,31.271,100.959
0.976,20.169,32.072,101.982
-6.294,22.287,31.846,102.601
2.039,27.914,33.957,101.335
2.307,22.348,35.168,102.573
2.262,25.347,36.175,103.860
2.523,23.735,37.288,105.655
2.469,22.391,38.319,107.144
1.534,22.373,39.066,108.379
2.590,22.295,40.329,108.715
1.815,25.159,40.759,110.139
0.750,21.590,41.300,111.514
1.402,25.333,41.425,113.756
1.950,24.558,43.074,113.923
1.535,29.071,44.092,113.976
-0.204,27.367,45.344,114.148
-0.897,31.253,46.103,114.649
-1.713,27.690,46.895,115.461
-2.700,29.637,47.347,116.510
-4.026,24.607,46.961,118.946
-3.806,27.403,47.040,120.680
-4.748,23.416,46.478,123.395
-5.613,18.613,45.659,127.435
-5.654,14.447,44.768,130.793
-5.964,12.329,43.808,132.594
-4.391,14.265,42.978,133.488
-4.000,15.822,41.867,134.476
-4.546,14.584,41.246,136.025
-6.974,13.943,41.419,136.401
-9.529,11.992,41.706,136.877
-11.102,11.860,41.964,136.488
-12.253,13.534,41.941,136.219
-13.073,16.313,41.860,135.928
-14.615,17.655,41.918,135.293
-15.734,18.095,41.719,134.902
-16.453,17.359,41.490,134.756
-5.661,19.466,41.285,133.851
-5.990,21.367,41.230,133.130
-5.768,22.206,41.046,132.820
-5.421,23.731,40.847,132.446
-5.331,24.749,40.678,132.156
-5.149,26.124,40.545,131.568
-5.671,28.829,40.430,130.850
-16.515,27.376,39.910,131.552
-6.469,27.224,39.800,131.298
-7.377,25.828,39.885,130.879
-8.852,27.090,39.887,130.322
-9.551,29.084,39.507,129.910
-10.600,28.449,39.164,129.800
-11.263,28.715,38.836,129.926
-11.947,24.346,38.461,129.470
-1.739,25.610,38.455,129.045
-12.196,28.534,38.372,128.696
-0.889,49.852,38.719,128.461
-0.974,47.395,39.349,127.903
0.693,45.175,39.656,128.284
8.925,48.457,41.680,125.698
0.250,45.989,41.707,125.257
1.138,47.453,42.045,124.675
2.081,50.793,42.982,122.912
1.861,46.887,43.242,122.591
2.302,51.344,43.604,121.961
2.061,50.848,44.675,120.814
1.857,49.443,46.095,119.526
0.666,46.442,46.310,119.655
0.967,46.349,46.135,120.129
0.902,45.648,46.067,120.380
0.961,45.684,46.034,120.648
1.236,44.766,45.941,120.870
1.826,44.132,45.773,121.143
3.262,49.213,46.014,120.768
53.058,49.261,47.422,117.797
52.923,47.719,47.726,116.230
52.743,46.321,47.788,115.278
52.278,50.377,48.369,113.619
52.243,47.506,48.107,113.092
52.488,50.043,48.466,111.817
52.912,51.932,48.664,110.805
53.521,49.304,48.402,110.352
54.090,47.042,47.925,110.400
54.387,43.901,47.403,109.871
54.970,47.548,46.947,109.431
55.487,44.341,46.814,108.913
55.881,48.420,46.324,108.010
56.273,46.229,46.001,107.167
55.381,50.549,45.578,106.742
56.187,46.891,45.148,106.156
55.650,45.727,44.778,106.179
55.416,51.492,44.414,105.841
55.306,47.945,44.248,105.344
54.796,46.612,43.912,105.213
54.013,45.154,43.561,105.099
52.855,45.170,43.409,104.908
51.918,49.252,43.292,104.490
51.623,47.576,43.245,103.845
50.920,44.742,43.061,103.768
49.969,44.668,42.944,103.495
49.757,44.903,42.842,103.189
48.675,44.429,42.656,102.964
48.489,43.337,42.536,102.829
47.138,46.997,42.460,102.404
47.022,44.813,42.233,102.061
46.754,43.582,41.973,102.033
45.714,47.764,41.864,101.724
43.843,46.227,41.558,101.558
42.736,43.778,41.442,101.212
42.081,41.730,41.291,100.993
40.222,39.531,41.138,100.898
38.816,45.045,40.929,100.756
101.644,-2.504,38.941,101.025
102.089,-3.749,37.123,102.201
100.977,-2.620,35.780,102.781
100.942,-2.621,34.395,103.898
100.789,-4.482,33.245,105.035
101.402,-5.632,32.412,106.294
100.665,-6.337,31.889,107.547
99.521,-7.038,31.647,108.434
98.386,-7.070,31.717,108.240
97.479,-5.984,32.066,107.915
96.488,-7.208,32.228,107.992
95.644,-5.126,32.740,107.526
95.969,-7.733,32.767,107.896
95.699,-6.778,33.038,107.205
95.744,-8.599,33.024,107.655
95.950,-7.148,32.975,106.723
96.009,-6.926,32.843,105.914
96.580,-9.521,32.534,105.182
96.124,-6.580,32.564,103.370
95.715,-8.492,32.322,102.843
95.012,-8.013,32.321,101.439
93.783,-6.969,32.160,100.392
94.168,-10.884,31.726,100.391
93.364,-6.768,31.777,98.454
93.437,-9.308,31.384,98.494
93.576,-7.684,31.389,96.700
93.847,-6.762,31.234,95.397
94.994,-7.637,30.897,95.007
95.200,-8.079,30.582,94.120
96.524,-6.573,30.270,93.166
97.680,-6.110,29.998,92.795
98.619,-5.953,29.547,92.703
99.532,-5.613,29.263,92.859
100.305,-5.068,29.166,92.755
100.687,-6.034,29.169,92.723
100.714,-4.883,29.479,91.382
106.132,-7.517,29.520,91.475
104.486,-8.049,29.876,90.316
103.546,-6.035,30.298,89.022
108.856,-5.606,30.180,88.764
107.423,-5.794,30.098,88.795
99.783,37.630,30.415,88.551
98.143,46.289,31.116,88.594
97.229,47.817,31.486,88.820
96.451,51.396,32.025,88.575
96.405,52.198,32.144,88.495
96.196,53.484,32.021,88.396
95.043,54.681,31.971,87.813
93.966,55.775,31.729,87.110
93.504,55.012,31.382,86.753
93.105,55.469,31.235,86.126
92.281,55.895,31.153,85.527
91.286,56.726,30.955,85.541
90.713,55.747,30.666,85.454
90.394,57.559,30.396,85.388
89.966,59.201,30.101,85.148
89.519,59.629,29.850,85.024
89.041,62.521,29.585,84.818
94.677,61.486,29.214,84.933
72.598,60.527,31.205,83.725
70.385,60.071,33.229,82.824
70.344,61.892,34.225,82.520
70.053,64.319,34.455,83.296
70.163,65.605,34.534,84.308
70.435,67.045,34.371,85.367
70.981,67.046,34.141,86.208
72.537,73.416,33.981,87.422
72.602,74.944,33.925,88.096
73.401,76.282,33.678,88.851
74.490,83.021,33.788,89.218
75.947,83.421,33.539,89.739
81.854,93.857,34.910,88.065
81.543,94.477,35.099,88.270
83.086,93.879,35.079,88.807
89.177,99.026,36.056,87.730
89.170,100.464,37.074,87.116
90.257,95.518,36.578,87.981
97.574,103.921,37.310,87.495
98.361,99.692,38.155,87.127
100.412,99.963,37.486,88.445
93.207,99.554,36.753,89.277
108.491,101.842,37.732,88.514
132.622,108.924,36.046,88.603
140.618,110.320,35.052,88.666
141.501,111.838,33.804,88.829
143.575,111.690,33.201,88.691
150.920,111.845,32.686,88.203
152.156,111.620,31.996,88.576
153.643,111.714,31.861,88.449
161.231,117.027,32.023,87.405
168.131,121.966,33.360,85.143
175.987,122.458,34.875,83.216
183.022,121.245,35.081,83.544
183.301,119.697,34.634,84.434
183.705,120.114,34.122,85.199
184.491,120.217,33.429,86.529
185.380,119.602,32.575,88.138
185.899,116.641,32.304,89.145
185.736,113.899,32.959,89.182
191.852,109.487,33.561,89.473
191.600,113.240,35.744,88.336
190.450,110.457,37.695,87.464
182.356,114.672,36.804,88.906
182.076,111.116,35.770,90.780
181.451,108.313,35.613,90.615
180.844,108.188,34.861,90.047
180.049,108.098,33.872,90.014
180.118,108.355,32.789,89.899
180.195,105.672,32.273,89.673
180.732,107.994,31.840,89.175
180.576,104.168,31.392,88.995
162.449,104.508,32.563,88.656
161.203,105.587,33.146,89.096
162.068,103.439,33.209,89.864
161.049,103.772,33.489,90.203
155.624,102.868,33.203,90.834
156.548,104.216,33.286,91.410
156.565,104.337,33.300,91.586
156.949,105.542,33.330,91.739
157.632,105.369,33.519,91.585
158.342,105.991,33.733,91.369
159.301,105.438,33.609,91.996
159.363,105.027,33.733,92.338
158.593,105.182,34.086,92.370
157.982,103.875,34.197,92.325
157.586,104.276,34.491,92.307
156.573,104.944,34.618,92.414
150.080,99.718,34.616,92.733
150.877,98.332,34.435,93.145
150.824,99.222,34.662,93.316
148.933,100.165,34.753,93.188
148.126,101.616,34.732,93.158
141.825,101.999,34.582,93.473
142.761,97.228,34.513,93.631
142.950,98.631,34.500,93.811
141.737,99.489,34.653,93.745
174.597,101.309,34.593,93.339
173.621,102.782,34.532,93.173
167.047,105.815,33.920,93.050
165.509,105.322,33.588,92.689
158.865,110.710,32.481,92.632
157.823,108.835,31.442,93.338
151.396,106.958,30.614,93.330
150.294,109.306,30.107,92.519
150.022,106.387,29.781,91.340
148.759,107.851,29.799,90.314
147.795,107.392,31.097,87.289
139.205,108.911,32.082,84.878
124.262,106.349,32.228,85.985
123.910,108.250,32.551,86.343
124.117,107.872,32.348,87.472
124.204,105.821,32.193,88.474
118.564,106.587,31.710,89.293
119.384,106.671,31.480,89.745
120.212,107.804,31.545,90.060
126.510,110.723,32.968,88.704
124.879,110.940,33.819,88.029
123.518,111.920,34.568,87.502
122.726,111.368,34.497,88.237
121.018,112.474,34.961,87.901
119.995,111.896,34.953,88.454
118.394,108.546,35.815,87.988
117.365,110.345,35.650,88.755
116.765,110.475,35.467,89.265
115.631,111.646,36.209,88.565
115.301,109.253,35.985,88.843
114.771,107.983,35.841,89.191
114.201,106.904,35.695,89.683
114.285,105.638,35.501,90.283
113.807,103.532,35.361,90.690
113.691,98.427,36.169,90.155
113.096,99.012,36.109,90.655
113.205,98.844,36.038,91.287
113.028,93.082,35.977,92.016
112.555,94.136,35.821,92.444
113.096,88.780,35.771,92.931
113.152,89.323,35.744,93.382
112.800,85.132,35.821,93.659
113.465,84.815,35.601,94.312
113.849,83.955,35.666,94.588
113.117,79.030,35.761,95.017
113.677,79.056,35.710,95.134
113.389,77.800,35.705,95.546
114.109,77.962,35.753,95.800
114.653,78.549,35.634,96.119
114.933,79.698,35.533,96.300
115.303,78.651,35.557,96.353
114.536,78.922,35.569,96.197
115.263,78.834,35.602,96.225
114.423,78.970,35.692,96.145
114.932,78.759,35.661,96.306
114.986,78.505,35.613,96.436
115.156,77.693,35.518,96.713
115.361,78.440,35.586,96.831
115.597,79.310,35.545,96.830
116.058,80.884,35.674,96.870
116.912,81.420,35.542,97.206
117.508,81.906,35.549,97.452
117.858,82.389,35.477,97.572
118.013,83.356,35.724,97.407
118.245,82.534,35.681,97.631
118.531,83.177,35.851,97.718
119.081,83.939,35.774,97.627
119.898,83.627,35.676,97.837
120.425,82.841,35.642,98.095
120.682,82.433,35.571,98.265
120.873,82.257,35.495,98.424
121.740,81.665,35.377,98.563
122.494,81.504,35.295,98.686
123.187,81.973,35.363,98.830
124.428,82.973,35.504,98.876
125.250,83.381,35.425,98.953
125.404,83.466,35.477,99.118
125.857,83.562,35.423,99.242
126.201,83.123,35.611,99.121
126.765,81.701,35.563,99.315
127.629,82.517,35.568,99.371
128.297,82.284,35.609,99.394
129.425,82.834,35.604,99.495
130.403,82.930,35.496,99.439
131.011,84.127,35.461,99.281
131.990,83.403,35.465,99.214
132.696,83.442,35.436,99.145
133.514,83.774,35.385,99.050
134.148,84.514,35.394,99.045
134.289,84.595,35.643,98.750
134.653,84.368,35.820,98.381
134.597,79.336,35.879,98.476
134.993,80.194,36.008,98.631
135.271,81.098,36.081,98.763
135.367,82.247,36.246,98.561
136.046,81.743,36.225,98.541
136.520,81.058,36.233,98.600
136.912,80.695,36.272,98.653
137.814,80.207,36.248,98.957
138.437,79.858,36.268,99.219
138.919,78.781,36.316,99.419
138.877,77.665,36.411,99.416
139.448,76.425,36.341,99.633
139.965,75.847,36.440,99.832
140.422,74.560,36.368,100.103
141.361,73.958,36.375,100.316
141.882,72.930,36.456,100.294
142.447,70.473,36.542,100.202
143.416,70.382,36.476,100.347
144.019,70.173,36.529,100.195
144.882,68.433,36.389,100.333
145.315,68.715,36.423,100.504
146.144,67.475,36.333,100.570
146.520,66.272,36.333,100.756
147.124,65.462,36.220,101.089
148.032,66.527,36.273,101.240
148.489,66.770,36.388,100.992
149.022,66.666,36.425,101.019
150.075,66.622,36.424,100.906
150.452,67.688,36.516,100.913
151.462,66.418,36.543,100.712
151.744,64.699,36.535,100.712
152.232,65.939,36.533,100.839
153.337,65.344,36.564,100.644
154.103,63.412,36.467,100.582
154.631,65.394,36.503,100.498
155.456,64.215,36.460,100.410
156.086,64.414,36.296,100.497
156.919,64.502,36.227,100.597
158.122,65.182,36.062,100.861
159.383,65.113,36.088,101.073
160.289,63.963,36.009,101.230
161.085,63.813,36.042,100.985
161.920,64.596,36.120,100.823
162.563,64.694,36.053,101.074
163.351,64.634,36.121,101.127
164.284,66.300,36.110,101.137
164.725,66.176,36.123,101.181
165.325,67.111,36.136,101.276
166.378,68.093,36.057,101.388
167.376,68.901,36.059,101.280
168.115,68.640,36.072,101.343
169.244,71.407,36.212,101.345
170.042,72.717,36.188,101.292
170.679,73.417,36.194,101.195
171.570,72.946,36.185,101.270
172.432,74.468,36.226,101.139
173.588,76.980,36.348,101.030
174.485,75.859,36.334,100.861
175.968,76.073,36.404,100.774
183.791,75.076,36.614,100.522
184.126,75.695,36.660,100.520
184.976,75.133,36.613,100.716
185.452,75.279,36.585,100.592
186.014,76.025,36.452,100.724
187.326,76.932,36.389,100.652
194.116,75.965,36.723,100.432
194.245,77.187,36.875,100.559
195.648,76.806,36.841,100.729
196.690,76.034,36.814,100.703
197.495,74.798,36.834,100.760
198.063,73.958,36.718,100.892
198.811,74.104,36.778,100.815
199.529,74.744,36.760,100.905
200.775,73.405,36.637,100.921
201.590,74.247,36.625,100.855
202.826,75.390,36.596,100.987
203.816,75.214,36.499,101.013
205.197,74.225,36.485,100.649
206.663,73.423,36.324,100.844
207.536,72.708,36.403,101.109
208.401,74.339,36.322,101.150
209.075,74.402,36.368,101.056
210.355,73.817,36.304,100.933
212.222,74.047,36.174,101.274
214.009,74.357,36.106,101.239
215.718,74.335,36.031,101.048
216.976,73.606,35.962,100.744
218.237,72.991,35.958,100.530
219.266,73.445,35.951,100.528
220.232,73.161,35.806,100.411
221.216,74.149,35.791,100.116
222.378,74.277,35.855,99.877
223.650,74.210,35.863,99.870
224.343,72.857,35.761,99.992
225.289,75.395,35.794,99.957
226.511,73.665,35.623,100.039
227.562,74.468,35.522,100.157
228.829,72.664,35.675,99.838
229.594,72.248,35.825,99.847
230.084,72.671,35.937,99.833
229.830,73.635,36.174,99.528
229.825,73.876,36.202,99.537
229.623,74.772,36.408,99.462
229.346,74.520,36.353,99.479
228.428,73.782,36.381,99.352
228.044,74.089,36.447,99.248
226.714,73.802,36.487,99.273
226.199,73.209,36.508,99.358
224.894,73.008,36.733,99.291
224.400,73.066,36.724,99.310
217.046,74.915,36.650,99.206
218.183,76.944,36.457,99.376
218.735,75.925,36.453,99.446
218.495,75.377,36.378,99.466
217.473,74.871,36.426,99.426
216.229,73.902,36.481,99.430
214.924,73.396,36.693,99.390
214.998,74.019,36.687,99.255
207.808,74.922,36.517,99.271
208.332,76.893,36.508,99.320
209.088,76.029,36.431,99.369
209.845,75.576,36.449,99.432
210.736,75.786,36.484,99.425
210.570,75.879,36.434,99.369
210.501,76.130,36.409,99.312
211.118,75.762,36.231,99.480
210.975,75.188,36.215,99.395
211.263,76.625,36.206,99.455
211.524,75.885,36.235,99.440
211.410,76.215,36.213,99.562
255.208,55.575,35.684,103.433
254.628,50.983,35.412,106.910
254.732,46.439,35.248,109.858
253.787,47.322,35.704,111.120
253.759,48.193,36.024,113.095
252.685,49.761,36.183,115.562
250.070,50.055,36.411,118.803
248.217,51.815,37.032,121.594
247.523,50.044,37.436,123.725
245.375,50.193,38.174,124.659
244.038,48.453,38.538,125.907
242.592,46.818,39.259,126.749
242.270,49.370,39.981,126.353
241.106,53.219,41.182,125.144
234.198,46.793,40.798,126.778
237.387,52.101,41.244,126.516
231.976,57.905,41.117,125.876
271.895,52.458,40.897,125.515
270.234,50.373,40.476,126.314
266.846,50.986,40.711,127.093
263.330,51.877,40.758,127.706
259.910,50.682,41.136,128.020
256.209,50.466,41.304,128.823
252.913,50.608,41.662,129.439
249.174,51.814,41.977,130.406
246.934,51.545,42.388,131.324
241.728,53.243,43.235,131.629
239.751,52.284,43.529,133.046
237.182,53.078,43.818,135.011
234.057,54.243,44.086,136.879
231.449,53.643,44.545,137.943
229.889,53.843,44.783,140.385
228.029,54.295,45.227,142.175
226.496,54.612,45.684,144.002
224.119,54.096,45.999,145.111
222.593,55.899,46.268,146.646
219.519,55.983,47.027,146.944
217.498,55.002,47.698,147.426
215.318,53.370,48.184,148.359
212.838,50.886,48.424,149.884
209.620,47.923,48.674,151.932
207.732,48.729,49.191,153.352
205.391,49.280,49.538,155.603
203.125,48.689,49.795,156.889
200.870,51.219,50.060,158.328
198.764,54.265,50.284,159.468
195.444,51.721,50.661,159.926
193.337,54.812,51.525,160.334
191.571,58.251,52.233,160.949
189.901,59.307,52.870,160.512
188.767,61.245,53.736,160.213
199.075,58.271,54.460,160.146
196.617,57.448,54.550,162.003
194.215,58.571,54.999,162.247
192.378,59.686,55.171,162.974
190.993,61.823,55.508,163.014
201.938,61.606,56.590,163.043
200.462,61.770,57.450,163.399
200.094,61.249,58.156,163.448
200.075,59.969,58.782,163.887
199.583,58.426,59.229,164.055
199.826,57.840,59.539,164.337
198.243,62.300,60.049,164.617
196.140,64.058,60.558,164.641
194.495,64.726,61.242,164.227
192.827,68.418,61.453,164.187
223.903,79.023,65.445,158.739
229.172,81.168,65.326,157.536
228.434,85.449,65.328,155.531
226.400,89.392,66.024,153.432
224.064,92.497,66.292,151.903
222.670,95.750,65.826,150.548
221.078,98.243,65.713,149.482
219.388,99.325,65.406,148.449
217.702,99.800,65.139,148.120
215.873,101.556,64.978,147.591
212.548,102.018,64.880,146.948
211.532,101.474,65.054,146.160
209.046,103.942,65.064,146.062
207.115,103.286,64.726,146.444
205.572,102.242,64.813,147.025
202.692,103.906,65.212,146.729
201.038,105.025,65.623,146.735
198.835,102.732,65.482,147.483
197.291,105.380,65.357,147.738
195.499,104.918,65.580,148.275
194.350,99.170,65.549,150.043
193.832,97.564,65.752,150.444
192.751,96.012,65.906,150.655
193.524,98.608,66.579,150.648
191.189,99.457,66.936,150.818
189.935,93.391,67.222,152.266
188.393,91.783,67.834,153.549
187.028,89.690,68.337,154.348
185.561,89.924,68.820,155.105
184.844,90.535,68.923,155.578
184.116,90.540,68.727,156.740
183.304,88.679,68.563,158.367
181.878,88.599,68.561,159.357
181.331,85.170,68.681,160.306
182.549,91.074,68.676,162.241
182.641,87.795,69.685,163.277
184.148,88.295,69.600,164.958
185.312,89.384,69.453,166.503
185.157,88.372,69.305,167.497
184.661,90.051,69.011,169.122
185.203,95.467,68.814,170.164
182.924,89.827,68.256,171.890
182.958,90.357,67.942,173.125
182.512,94.037,67.875,173.329
181.314,93.678,67.583,174.325
180.346,94.483,67.232,175.153
179.271,92.095,66.870,176.130
178.029,93.222,66.579,177.102
177.398,91.009,66.575,177.854
175.954,92.600,66.939,178.974
175.514,91.927,67.465,179.404
172.682,96.106,68.475,179.981
170.606,94.417,69.715,180.031
168.851,90.813,70.556,180.300
168.160,90.127,71.713,181.291
167.348,88.584,72.740,182.302
165.185,88.065,73.336,182.883
162.699,88.297,73.742,183.546
162.034,87.186,74.503,184.555
159.376,88.137,75.050,185.603
158.298,88.519,75.327,186.634
156.775,90.328,75.584,187.662
154.923,89.375,75.248,189.041
154.681,84.585,75.207,190.473
152.458,86.499,75.000,193.060
151.626,86.669,76.254,193.733
150.042,93.046,77.856,194.302
148.728,91.210,79.539,195.757
146.017,89.094,80.998,197.242
143.967,83.850,82.775,198.810
140.753,81.261,84.047,200.880
136.900,79.177,85.527,202.894
133.364,76.927,86.246,206.168
130.506,72.405,86.995,208.888
127.322,68.030,88.015,211.992
123.211,65.823,89.133,214.095
120.705,69.977,89.168,218.308
120.520,68.346,89.190,222.052
119.800,68.934,89.925,224.232
118.244,64.725,91.009,225.183
117.247,60.650,92.035,226.120
115.378,58.609,93.444,228.106
115.260,58.525,94.265,230.064
112.476,55.592,95.751,231.015
112.408,58.996,96.368,233.141
111.212,58.818,97.589,234.875
109.622,55.963,98.404,237.843
110.857,54.039,98.636,240.165
110.479,50.100,99.083,242.307
110.129,47.792,99.782,243.932
109.846,45.671,100.502,246.208
110.840,41.578,100.712,249.001
111.414,41.569,101.477,250.468
108.532,45.183,102.658,250.533
110.649,42.347,102.746,252.223
109.865,47.460,103.887,252.736
109.064,49.766,104.812,253.030
111.709,46.311,105.484,254.423
111.927,49.742,106.395,255.189
114.927,42.569,107.066,256.011
115.845,48.974,108.101,257.009
119.083,44.644,109.010,258.891
120.997,42.353,109.611,259.999
120.059,51.243,110.844,259.209
123.723,46.809,110.892,261.782
124.378,47.476,111.039,262.722
127.508,45.401,111.300,263.716
126.113,50.869,111.680,263.175
129.285,40.280,111.377,265.716
132.979,36.812,111.739,267.536
134.705,33.817,112.424,268.175
136.105,32.204,112.562,268.241
138.014,26.285,112.908,269.087
139.163,30.220,113.540,268.004
138.674,32.240,113.687,267.170
142.414,31.114,113.624,268.515
144.313,34.994,114.266,268.103
147.066,38.391,115.036,267.777
145.145,41.885,117.043,265.222
147.167,41.768,118.656,264.381
147.927,46.161,118.788,265.241
150.847,49.997,119.260,264.490
149.395,52.900,119.280,264.715
152.566,51.794,120.615,265.682
151.620,50.552,120.725,266.992
153.419,55.101,120.992,266.944
155.457,52.858,120.375,268.115
155.999,54.263,120.316,268.604
158.184,56.753,120.282,269.046
159.961,53.235,120.427,269.747
161.269,55.089,120.734,269.778
165.715,54.253,120.364,270.720
166.543,56.755,121.363,269.681
166.765,53.464,121.682,269.487
170.385,53.153,121.992,268.601
170.522,52.892,122.409,268.512
173.095,53.568,122.127,268.159
173.842,51.206,122.695,268.775
173.290,52.427,122.040,268.752
176.601,56.601,122.635,268.040
177.444,56.704,122.430,268.399
178.324,57.291,122.324,268.383
178.669,55.227,122.440,268.989
178.402,54.992,122.165,269.330
181.683,54.613,121.636,269.698
180.884,53.924,121.131,269.328
181.684,57.823,120.807,269.412
186.434,54.316,121.134,270.109
187.810,60.885,121.997,268.598
188.516,58.480,121.655,268.458
192.817,64.841,121.060,267.672
192.999,65.318,120.814,267.560
191.181,57.876,121.130,268.119
191.639,60.863,121.111,266.560
191.633,56.026,120.380,266.931
193.706,59.037,119.772,266.157
191.476,56.249,119.451,266.824
195.045,60.580,119.649,265.970
189.044,62.639,119.320,265.514
191.365,70.608,119.107,263.278
190.444,65.902,117.957,263.133
189.388,64.502,117.433,263.034
192.210,60.181,115.141,265.007
190.461,60.448,115.267,264.395
185.923,53.849,113.708,262.858
178.379,49.248,112.692,263.967
179.380,45.519,111.877,265.075
177.056,36.127,110.987,266.762
178.696,31.054,111.317,268.109
175.764,26.526,113.062,266.250
174.027,19.921,112.690,268.585
176.252,23.507,112.221,269.334
178.900,18.174,112.223,271.503
179.052,18.128,113.587,273.575
178.053,16.014,113.948,274.679
177.246,16.428,114.367,276.467
176.331,11.613,114.793,277.981
175.510,11.803,115.581,278.049
172.299,10.345,116.187,278.996
171.860,9.810,117.174,278.799
167.990,9.036,117.877,278.428
164.248,7.122,118.321,277.957
161.811,3.433,119.268,277.413
157.618,0.609,120.167,277.232
155.432,0.508,121.152,277.947
151.664,-2.564,120.692,279.306
151.478,-1.277,121.437,280.418
147.637,3.793,121.828,279.684
150.868,-2.305,122.757,279.765
148.891,-4.452,122.545,277.885
143.476,-4.695,122.322,278.262
142.072,-6.134,121.393,277.603
140.775,-7.033,122.722,277.069
138.075,-0.926,124.363,274.862
136.020,-2.519,125.433,275.933
131.364,-2.122,126.684,276.087
126.770,-1.738,127.000,276.091
124.653,-3.934,126.389,277.735
124.545,-3.647,125.438,278.729
122.687,-4.037,124.764,279.486
118.939,-4.226,124.241,277.809
117.920,1.688,123.205,276.739
114.022,-6.113,121.412,278.370
114.062,6.148,119.325,279.590
113.020,3.515,118.410,278.681
110.696,-0.934,117.135,279.897
109.534,4.130,116.293,278.955
106.445,2.091,116.931,278.209
105.448,3.691,116.938,278.174
102.925,9.028,116.694,279.158
100.501,4.181,115.783,281.954
99.799,9.357,114.062,285.508
97.795,5.106,114.740,287.235
98.132,8.237,113.983,289.463
98.424,11.087,113.690,291.241
95.800,8.889,114.239,292.766
93.996,11.307,117.226,290.976
90.630,13.053,119.360,290.471
68.072,24.662,119.984,287.533
70.107,22.570,118.655,286.790
70.960,20.088,116.323,289.855
70.604,13.740,114.573,291.260
69.135,19.455,113.073,293.089
63.578,13.770,112.604,293.779
56.850,22.745,112.532,294.034
49.706,27.970,116.472,289.685
42.322,34.404,119.840,286.391
38.033,28.036,121.948,285.983
-17.762,20.693,119.179,290.769
-14.212,13.751,115.639,295.265
-15.643,6.362,114.425,297.469
-14.393,10.764,115.003,296.910
-15.352,6.215,116.072,296.753
-18.852,10.622,117.492,295.720
-18.775,12.340,116.280,298.536
-20.412,9.095,113.283,302.650
-19.694,12.040,110.098,305.192
-17.808,8.517,107.070,308.980
-18.742,9.249,105.761,310.063
-19.022,2.282,104.624,312.447
-20.628,4.806,104.461,313.515
-18.642,2.890,104.511,314.262
-18.186,3.361,105.161,315.342
-16.593,-2.152,105.701,317.110
-9.093,-4.193,109.147,314.727
-7.291,-5.666,113.715,311.518
-8.269,-2.560,118.028,311.308
-8.561,-9.429,123.041,307.826
-10.609,-6.324,126.614,306.728
-10.978,-4.953,129.407,306.790
-11.862,-7.523,132.227,306.135
-12.161,-10.854,135.574,304.506
-30.288,-5.968,132.631,307.621
-21.205,-7.533,131.530,311.813
-14.415,-2.803,133.801,312.642
-31.777,-8.781,133.051,313.500
-22.598,-5.497,132.775,314.849
-41.880,-10.734,128.149,318.567
-35.183,-13.221,127.652,317.287
-26.052,-7.663,127.787,317.626
-19.046,-9.836,127.865,318.640
-39.120,-8.755,123.798,321.541
-32.679,-17.915,120.827,323.756
-24.419,-11.492,117.904,326.378
-18.414,-14.890,116.388,329.536
-39.460,-19.870,114.196,329.347
-33.953,-8.780,117.291,322.973
-28.519,-15.690,116.094,323.218
-17.830,-14.869,118.243,320.999
-11.969,-6.901,122.303,317.885
-7.448,-6.610,126.803,315.749
-25.920,-12.159,123.442,320.587
-17.352,-13.812,125.353,319.511
-11.559,-7.000,128.784,317.374
-8.305,-4.851,133.575,315.265
-27.139,-12.720,128.628,321.913
-18.276,-14.391,129.441,322.337
-14.587,-8.261,132.671,321.047
-9.779,-3.401,135.387,319.987
-7.646,-3.647,139.021,318.856
-7.069,-3.173,142.102,317.365
-6.962,-1.034,144.901,315.648
-7.191,-1.791,147.628,313.946
-6.912,0.931,149.489,313.186
-6.910,-1.476,151.210,312.426
-7.395,1.029,153.027,311.864
-22.405,-9.878,149.079,316.087
-15.213,-2.034,148.483,318.759
-12.312,-1.245,151.132,319.041
-10.788,-5.134,153.737,318.967
-11.600,-5.585,156.701,318.163
-26.421,-12.633,153.025,321.467
-18.715,-8.159,152.754,323.784
-13.001,-12.534,155.325,322.844
-28.552,-23.174,151.367,326.889
-21.597,-14.523,150.701,328.956
-15.463,-17.648,152.771,328.849
-14.496,-19.625,155.288,329.327
-14.060,-20.062,157.707,329.500
-14.430,-21.940,160.295,329.997
-18.332,-22.083,162.613,329.464
-18.873,-30.086,162.926,329.458
-19.999,-22.132,162.527,331.297
-20.027,-26.895,161.586,333.416
-20.373,-25.481,160.857,334.360
-22.926,-33.647,160.812,334.312
-20.620,-25.795,159.342,331.963
-23.484,-27.923,158.197,333.698
-22.390,-20.361,157.123,334.223
-21.737,-26.365,157.276,332.890
-23.541,-27.908,158.570,329.844
-23.490,-22.567,158.144,328.879
-23.053,-18.803,157.461,329.861
-20.676,-25.788,158.649,328.599
-20.320,-25.154,157.913,328.986
-20.513,-27.288,158.468,328.236
-20.814,-26.337,158.697,327.999
-18.316,-24.411,158.692,329.187
-16.463,-23.000,160.065,328.196
34.741,-1.851,173.455,313.358
62.008,14.263,180.279,300.704
54.975,16.862,186.618,290.469
89.289,4.787,181.256,289.230
55.750,19.000,187.282,278.895
57.748,23.293,190.621,273.737
-27.346,-9.550,183.969,281.117
-40.465,-5.216,175.267,289.152
-31.007,-10.158,169.349,295.150
-26.931,-14.957,166.240,298.300
-26.624,-21.857,164.027,301.212
-25.046,-19.977,162.095,303.705
-25.157,-28.302,160.911,305.691
-23.615,-23.542,159.999,306.837
-23.577,-26.095,159.237,307.543
-23.169,-26.165,158.348,307.856
-21.892,-24.811,157.492,308.457
-22.300,-23.500,157.288,308.669
-22.735,-24.238,157.482,308.419
-23.647,-23.949,157.767,308.313
-22.451,-26.250,157.689,308.327
-20.589,-31.584,157.477,308.268
43.296,-0.121,169.045,294.437
101.554,8.009,178.579,281.429
164.898,0.384,171.831,285.331
191.764,6.259,165.699,285.934
191.628,12.131,160.310,286.604
192.773,16.521,155.359,288.490
196.813,20.768,150.222,290.782
202.508,44.066,149.161,282.591
206.532,40.951,148.098,277.723
209.363,44.004,144.528,276.924
212.522,55.490,143.198,272.304
213.471,29.176,141.028,272.962
217.347,70.920,141.004,266.177
218.310,58.133,138.171,264.379
219.766,73.644,136.045,261.706
220.917,71.622,134.666,256.164
219.737,83.523,132.590,253.098
220.212,72.972,130.301,250.184
218.219,83.205,127.740,248.049
220.085,85.029,125.919,245.632
220.903,80.762,123.851,243.615
222.828,93.311,121.323,243.144
222.821,87.979,119.768,241.942
220.939,95.324,119.047,239.549
221.583,96.730,120.042,235.447
224.956,103.938,119.815,232.891
224.801,98.995,118.793,230.949
224.239,110.661,119.170,227.780
225.914,105.960,118.089,227.228
226.246,113.168,117.849,225.369
226.076,107.654,115.813,226.294
228.058,113.195,115.788,225.833
226.692,102.788,115.285,225.710
227.114,112.871,115.241,225.219
226.919,106.958,114.836,224.728
225.468,109.136,114.287,224.784
222.091,105.078,112.981,226.830
220.264,104.422,110.657,230.031
218.715,103.790,109.226,231.574
216.257,102.058,107.695,233.850
214.043,103.821,107.223,233.840
212.338,104.943,106.557,233.747
212.324,101.077,105.420,234.999
208.996,97.363,105.128,235.381
207.103,100.157,104.176,236.361
205.586,105.941,103.615,236.983
204.796,106.656,103.313,237.146
204.682,105.580,103.151,236.768
202.694,100.036,103.385,236.727
200.188,96.464,103.352,238.266
198.290,83.040,100.669,243.119
198.468,77.597,98.592,246.206
200.891,71.522,96.850,249.131
195.405,96.108,101.162,242.296
187.751,92.531,104.909,238.425
182.183,89.684,108.276,238.121
177.717,80.541,109.765,238.494
179.745,63.378,105.633,247.111
182.870,50.454,103.155,255.891
186.329,37.018,101.126,265.272
190.765,34.178,99.463,273.187
193.689,27.296,98.047,277.397
196.590,24.239,97.255,280.416
199.334,17.620,97.711,283.292
202.372,12.191,99.113,287.039
206.383,8.834,100.152,290.970
207.011,6.250,101.748,293.241
231.123,-4.026,102.627,296.554
252.784,-6.306,105.383,295.009
254.629,-3.902,108.473,290.414
257.027,0.142,109.513,291.347
259.622,-2.664,110.972,291.971
282.314,-13.197,113.057,290.757
281.974,-10.222,115.121,287.017
300.077,-4.728,115.484,284.647
301.374,-6.831,115.151,283.219
302.717,-8.406,115.144,280.686
304.634,-7.749,114.485,278.979
306.701,-6.283,114.718,277.953
310.179,-0.935,114.723,276.517
334.591,-18.489,111.438,278.994
335.046,-18.619,109.038,281.564
339.153,-14.803,108.647,277.675
346.263,-15.638,107.580,275.864
357.309,-11.556,106.001,276.811
366.230,-13.020,104.829,278.759
370.591,-20.710,105.030,279.297
373.057,-16.114,105.557,278.904
378.097,-23.069,105.915,279.170
383.470,-21.676,106.717,280.816
401.399,-31.129,107.207,281.711
400.665,-22.998,109.034,283.604
420.879,-13.852,107.612,282.182
418.462,-22.587,108.050,280.805
439.549,-21.810,105.073,280.175
438.892,-18.224,102.932,278.230
462.634,-8.681,99.952,278.840
463.099,-25.810,97.113,280.488
467.456,-9.176,96.228,276.937
473.436,-30.628,94.208,279.682
482.130,-13.521,93.537,277.697
489.754,-18.973,92.988,277.156
496.209,-18.325,93.364,276.127
502.692,-13.751,95.021,273.067
508.181,-12.964,98.153,269.834
513.035,-20.105,101.986,266.910
521.431,-10.880,104.659,264.893
528.117,-14.646,107.207,264.845
532.311,-8.466,108.105,264.242
536.378,-8.722,108.215,265.082
540.685,-11.966,108.045,266.535
543.341,-5.142,107.135,267.406
547.125,-9.893,105.249,270.608
565.958,-14.524,100.275,276.881
564.597,-15.313,96.517,279.091
564.226,-24.285,95.958,275.006
561.115,-38.236,96.752,271.894
560.011,-38.262,96.618,269.470
560.264,-37.529,96.178,267.649
560.824,-35.090,95.923,265.662
561.339,-35.459,95.306,263.556
558.334,-22.967,94.436,264.323
555.731,-24.235,94.423,262.737
554.553,-27.855,94.608,260.727
548.879,-24.179,95.832,257.930
545.814,-26.656,96.697,256.760
565.697,-26.243,95.839,255.796
563.149,-30.061,95.057,255.280
560.457,-23.963,94.011,256.516
557.503,-16.355,93.215,257.809
554.791,-27.485,92.986,257.999
554.023,-18.769,92.885,258.434
571.748,-23.603,92.448,258.374
569.104,-28.637,91.487,258.247
566.998,-28.094,91.083,257.433
564.035,-19.815,90.261,258.357
560.538,-26.420,90.010,258.027
558.259,-18.992,89.950,258.210
574.642,-21.370,89.442,258.051
569.531,-26.760,89.137,258.090
565.794,-17.707,88.760,258.325
561.801,-27.541,88.640,258.181
561.005,-21.537,88.690,258.204
558.077,-14.716,88.712,258.248
555.401,-30.153,88.777,258.126
555.073,-24.429,88.897,258.046
552.957,-24.885,88.973,258.007
550.888,-21.866,89.054,257.931
546.655,-11.322,89.905,257.065
543.333,-16.780,90.340,256.603
542.008,-2.121,90.766,256.151
541.221,-8.148,90.911,255.987
540.372,-17.809,91.291,255.704
540.072,-5.687,91.827,255.233
560.855,-19.467,91.764,255.286
558.495,-15.935,91.701,255.439
557.525,-10.721,91.618,255.567
555.586,-24.367,91.588,255.585
555.080,-20.325,91.566,255.668
552.344,-29.799,91.577,255.646
546.696,-31.241,91.648,255.523
543.059,-30.925,91.689,255.461
562.823,-23.095,91.577,255.654
563.074,-28.689,91.556,255.650
561.022,-21.765,91.498,255.706
559.046,-18.363,91.402,255.974
556.393,-16.921,91.292,256.417
537.230,-4.822,92.364,255.371
556.584,-23.479,92.251,255.981
554.239,-19.212,92.237,256.114
552.621,-27.431,92.261,256.017
551.757,-19.442,92.277,256.015
550.595,-12.602,92.309,256.023
545.811,-16.078,92.437,255.867
542.694,-2.801,92.828,255.504
563.009,-17.633,92.666,255.678
562.383,-30.096,92.627,255.671
561.221,-25.155,92.442,255.939
559.555,-18.971,92.340,256.105
558.976,-15.241,92.229,256.376
559.671,-27.530,92.095,256.420
559.378,-29.227,91.931,256.933
559.537,-24.947,91.713,257.384
559.519,-24.469,91.430,258.077
559.211,-24.335,91.182,258.815
559.258,-23.734,90.856,259.624
558.943,-22.871,90.689,260.211
558.464,-24.534,90.582,260.924
556.524,-25.668,90.495,261.442
555.203,-23.313,90.489,261.686
554.131,-20.544,90.577,261.697
