167.000,69.000,24.000,127.000
164.356,72.677,27.743,122.799
162.407,74.097,30.513,120.189
164.358,78.830,31.918,119.531
165.530,76.931,32.914,119.267
166.898,77.447,33.630,118.405
168.405,78.332,34.077,118.231
169.020,77.876,34.452,118.242
169.680,78.158,34.730,118.369
170.581,78.496,34.970,118.496
171.566,78.619,35.204,118.584
171.625,79.162,35.492,118.590
172.264,79.225,35.672,118.738
173.104,78.634,35.817,119.056
173.803,79.743,36.029,119.154
174.512,79.296,36.139,119.300
174.609,78.651,36.208,119.402
174.785,79.375,36.319,120.037
173.509,80.201,36.560,120.462
172.592,80.869,36.830,120.851
171.482,83.014,37.102,120.873
171.247,84.720,37.379,120.627
169.149,93.529,38.056,119.690
166.499,94.933,39.808,116.851
165.359,94.608,40.804,114.826
175.153,90.283,40.007,115.382
176.240,89.545,39.205,115.747
177.681,87.926,38.519,116.138
178.311,85.037,38.066,116.292
178.681,82.500,37.888,116.461
178.277,78.385,37.916,116.822
178.261,71.631,38.403,116.243
177.907,71.486,38.621,116.218
177.642,71.917,38.751,116.326
178.396,71.362,38.745,116.826
179.248,71.153,38.594,117.804
179.462,70.945,38.695,118.695
180.097,71.152,38.881,119.455
180.918,70.747,38.984,120.001
181.394,70.239,39.146,120.569
181.835,69.198,39.378,121.391
182.335,69.179,39.467,122.264
182.975,69.892,39.612,122.844
183.621,70.571,39.727,123.382
184.207,68.865,39.830,124.217
184.526,69.927,40.239,124.296
185.213,70.135,40.559,124.473
185.155,69.607,40.605,125.005
185.330,70.115,40.675,125.393
185.784,69.890,40.588,125.903
185.912,69.622,40.761,126.134
185.977,68.973,40.885,126.159
185.073,70.592,41.276,125.483
184.384,69.464,41.514,125.496
184.247,68.242,41.633,125.502
184.451,68.423,41.858,125.098
185.519,70.744,41.389,126.127
186.065,74.917,40.843,126.908
186.956,71.513,40.831,126.862
188.295,73.973,40.516,127.324
188.834,71.178,40.504,127.662
189.045,74.790,40.486,127.738
189.365,73.884,40.644,127.171
188.219,77.585,40.746,126.583
186.904,78.900,40.796,125.448
185.823,81.521,40.675,124.394
184.257,78.668,40.415,123.988
183.196,80.343,40.144,123.320
181.668,81.660,40.079,122.594
179.333,78.067,39.992,122.039
177.317,79.754,39.804,121.977
176.992,79.298,39.584,121.663
175.787,80.831,39.525,121.098
175.112,81.514,39.119,121.596
174.792,82.227,38.681,122.420
174.201,88.801,38.599,121.617
174.026,87.993,38.438,121.419
175.097,86.725,38.347,121.625
175.696,86.835,38.763,121.317
175.869,85.996,38.922,120.684
175.626,87.148,38.962,119.867
175.559,85.145,38.848,119.015
175.423,83.430,38.568,118.839
175.681,79.810,38.307,118.828
176.216,76.712,38.208,118.583
177.455,73.933,38.198,117.831
178.914,70.715,38.304,116.984
180.009,68.924,38.557,115.954
181.519,67.847,38.330,115.668
182.713,68.362,38.213,115.029
183.434,65.416,37.669,115.306
183.420,64.970,37.224,115.851
183.787,63.835,36.760,116.425
184.583,61.166,36.288,117.152
184.955,59.339,35.924,117.961
184.891,60.491,35.845,117.408
184.792,59.487,35.748,117.492
185.131,61.377,35.843,116.994
186.173,63.575,35.811,116.848
185.906,62.996,35.810,116.900
186.623,65.340,35.697,116.541
186.603,68.072,35.759,116.348
186.303,69.240,35.968,115.726
184.940,68.407,36.232,114.995
184.364,66.583,36.249,114.752
184.384,68.271,36.194,114.545
184.187,69.264,36.290,114.411
183.656,69.201,36.412,114.114
182.872,68.494,36.487,113.705
182.399,69.538,36.374,113.173
182.841,68.626,36.011,113.236
182.899,70.084,35.962,113.082
182.770,69.511,35.777,113.128
183.039,70.982,35.673,112.888
183.523,71.181,35.678,112.800
183.394,70.119,35.606,112.949
183.412,69.456,35.572,112.859
182.992,68.745,35.450,112.729
183.442,69.146,35.440,112.241
183.896,70.627,35.349,111.664
183.958,71.734,35.158,111.710
183.663,72.976,34.962,111.617
184.023,70.823,34.643,111.819
184.339,70.807,34.596,111.468
184.646,71.671,34.517,111.347
184.645,71.562,34.567,111.405
184.927,72.317,34.537,111.530
185.110,71.808,34.594,111.227
184.785,72.724,34.864,110.851
184.428,73.333,35.080,110.424
183.816,73.079,35.328,110.319
183.326,71.475,35.438,110.713
183.605,71.543,35.767,110.201
183.739,72.058,35.845,110.299
183.523,72.097,36.023,110.088
182.397,74.668,36.323,109.626
181.923,72.814,36.345,109.578
181.878,70.618,36.463,109.923
182.103,71.120,36.696,109.817
181.639,71.832,36.980,109.525
182.537,71.399,37.016,109.361
189.353,69.894,36.674,109.882
186.853,69.373,36.738,110.234
184.129,67.078,37.713,108.931
191.454,66.293,37.174,109.145
189.917,69.220,37.150,109.387
175.677,64.109,41.879,103.376
164.650,68.860,48.706,94.473
163.336,73.540,52.921,89.400
168.301,76.529,54.515,87.562
187.161,75.499,52.201,89.833
189.209,82.628,48.725,93.460
199.353,87.745,46.093,96.229
201.052,83.611,44.140,98.209
184.384,95.002,52.342,88.946
183.075,95.689,56.495,83.579
183.336,95.973,59.312,79.483
180.951,95.186,61.318,76.492
180.161,95.787,62.488,74.822
179.184,95.064,63.453,73.793
178.744,95.604,63.909,73.338
177.889,95.981,64.093,72.752
177.181,95.315,64.243,72.275
178.074,95.057,64.214,72.057
178.508,95.203,64.853,71.317
178.162,96.619,66.229,70.162
177.731,97.873,67.935,68.569
172.503,100.821,67.854,67.320
171.815,101.417,68.457,65.635
171.713,97.366,68.487,64.548
174.032,98.123,68.678,63.445
175.114,92.657,68.355,62.939
175.703,94.783,68.434,62.608
195.388,113.074,63.842,66.235
197.162,111.406,58.889,70.536
198.962,105.016,53.915,74.886
202.171,104.317,48.915,79.646
205.542,99.938,44.792,84.061
208.655,95.711,41.500,88.009
211.726,93.404,38.925,91.096
213.969,90.622,37.043,93.425
216.446,88.991,35.409,95.665
218.083,87.411,34.297,96.810
218.900,86.968,33.548,97.730
220.045,85.579,32.714,99.002
220.323,84.365,32.323,99.616
220.417,82.449,31.920,100.433
220.763,79.984,31.885,100.659
221.228,78.466,32.126,100.704
220.888,76.117,32.451,100.474
220.356,75.632,32.900,99.821
219.210,76.335,33.502,98.396
218.717,77.724,34.156,96.757
218.329,80.189,34.493,95.085
217.699,80.945,34.671,93.704
215.262,82.563,35.697,91.383
213.334,83.730,35.598,90.660
212.745,84.221,35.334,90.458
212.089,85.582,35.077,90.174
211.673,85.821,34.969,89.555
211.559,86.910,34.748,89.135
211.705,88.636,34.535,88.755
210.764,91.544,34.997,87.413
209.454,86.262,35.347,86.479
209.588,86.973,34.447,87.154
209.361,89.557,33.636,87.836
208.907,91.281,32.778,88.468
208.330,91.068,32.062,88.978
207.800,91.950,31.515,89.393
206.696,92.130,30.964,89.922
205.781,91.958,30.454,90.859
204.163,86.350,30.336,91.224
202.846,87.939,30.177,91.420
201.332,89.090,29.941,92.016
199.418,81.952,29.959,92.891
197.981,82.476,30.006,93.635
197.253,82.781,30.057,94.331
196.397,83.601,30.170,94.880
195.815,84.171,30.230,95.184
195.044,84.843,30.337,95.418
194.555,84.783,30.393,95.849
194.350,85.842,30.502,96.015
193.371,86.843,30.578,96.400
191.925,87.629,30.649,96.810
191.417,88.471,30.764,97.429
190.105,88.529,30.933,97.967
188.748,87.293,31.128,98.470
188.181,86.381,31.349,99.416
187.892,87.145,31.821,99.592
187.544,86.717,32.115,100.055
187.052,87.587,32.556,100.332
186.415,88.041,32.887,101.268
186.292,87.841,33.105,102.151
185.787,87.479,33.312,101.818
186.352,87.068,33.423,101.914
186.994,87.857,33.525,101.868
187.957,86.313,33.443,102.794
188.599,85.561,33.724,102.863
188.988,86.826,34.102,102.987
189.633,86.696,34.340,103.514
190.001,87.382,34.674,103.722
191.605,83.800,34.889,104.207
192.594,84.739,35.261,104.326
193.439,85.878,35.582,104.559
193.684,87.563,35.886,104.944
194.322,86.357,36.359,105.245
194.539,88.558,36.864,106.177
195.481,88.429,36.652,108.458
196.124,88.372,36.082,110.578
196.937,87.977,35.660,111.935
198.607,87.054,35.038,112.778
199.382,84.432,34.733,113.139
199.457,84.282,34.422,113.489
200.416,78.349,34.584,113.022
201.008,78.792,34.739,113.043
201.886,80.414,34.905,112.910
202.134,80.706,35.119,112.557
201.432,73.445,35.497,112.548
201.420,73.418,35.578,112.886
202.072,74.403,35.706,113.151
202.332,74.996,35.701,113.473
202.624,76.895,35.646,113.908
202.362,76.540,35.585,114.513
202.866,78.043,35.508,114.899
202.572,76.620,35.181,115.262
201.879,76.026,35.125,115.286
201.918,76.111,35.063,115.403
202.418,76.286,35.172,115.201
201.977,76.678,35.349,115.064
201.085,76.666,35.608,114.424
200.194,78.812,35.795,114.030
199.840,80.273,35.835,113.824
198.888,81.545,35.936,113.435
198.296,83.322,36.104,112.965
198.314,83.566,36.008,113.688
198.586,81.471,35.932,114.531
197.973,79.856,36.018,115.332
197.505,77.453,35.973,116.459
196.838,79.093,36.289,116.959
196.485,80.125,36.545,117.293
196.337,79.231,36.882,117.049
196.236,78.277,37.404,117.053
195.539,77.454,37.983,117.302
195.014,77.499,38.322,117.580
194.650,75.285,38.206,118.354
194.965,76.777,38.196,117.980
194.985,77.881,38.010,118.199
195.204,77.641,37.804,118.791
195.775,76.637,37.571,119.332
196.007,74.277,37.268,120.099
196.517,73.136,37.152,120.893
197.170,70.809,37.030,121.621
197.189,70.781,37.066,121.272
197.236,71.964,37.233,121.237
198.643,71.339,37.257,121.288
198.686,74.518,37.716,120.332
199.586,73.677,38.076,119.570
200.110,74.008,38.459,119.237
200.839,72.850,38.963,118.739
201.545,72.891,39.242,118.404
202.736,72.772,39.198,118.987
203.231,71.279,39.068,119.393
203.419,70.284,38.997,119.535
204.494,70.365,39.014,119.431
204.647,72.689,39.066,119.341
205.912,71.979,38.613,120.320
205.880,73.410,38.426,121.350
205.728,72.773,38.437,121.827
205.457,72.968,38.527,122.061
205.799,74.690,38.716,122.051
206.761,76.221,38.590,121.784
207.157,78.894,38.406,122.029
207.598,80.526,38.253,121.897
208.092,79.818,38.333,120.800
208.425,80.950,38.444,120.271
209.450,80.237,38.688,119.433
210.434,79.999,39.211,118.675
210.964,78.175,39.340,118.882
212.405,77.882,39.284,118.716
214.795,78.500,39.242,118.220
217.446,75.187,38.982,118.179
218.538,73.886,38.803,117.743
219.154,74.038,38.390,118.230
219.329,71.827,37.840,119.496
217.996,69.639,37.541,120.366
217.635,65.586,37.502,120.782
220.196,67.004,37.347,120.591
222.159,66.241,37.485,120.050
223.078,66.474,37.840,118.585
223.041,67.723,38.305,117.070
223.294,65.588,38.497,116.168
223.730,65.634,38.636,114.704
224.597,66.971,38.722,113.470
225.174,67.061,38.786,112.398
226.436,68.939,38.798,111.098
226.785,70.620,38.888,109.816
226.840,73.407,39.052,108.474
225.957,75.935,39.478,107.197
226.469,75.546,39.623,106.799
228.345,74.632,39.820,105.479
231.711,76.322,39.695,104.514
233.041,78.348,39.576,103.538
235.443,80.996,39.232,103.059
237.257,79.817,38.471,103.831
239.055,82.549,38.050,104.380
239.769,85.439,38.061,104.440
239.903,87.995,38.153,104.712
240.947,87.608,38.206,104.940
241.841,89.153,38.645,105.045
242.377,90.327,39.133,105.268
243.199,90.428,39.746,104.878
243.898,92.434,41.410,102.995
244.800,94.426,43.338,100.946
244.835,95.403,44.569,99.741
244.433,97.254,45.119,99.412
243.219,98.663,45.272,99.764
241.848,101.308,45.447,99.446
240.935,102.862,45.598,99.336
239.582,103.902,46.005,98.007
238.298,101.974,45.818,97.052
236.277,102.328,45.437,96.729
233.944,100.535,44.797,96.829
232.484,94.784,42.638,99.660
230.887,86.515,41.109,102.015
228.986,86.316,39.735,104.034
227.885,79.509,38.632,104.846
226.191,79.531,37.718,105.818
223.683,79.613,37.013,106.546
217.348,79.286,36.638,107.341
216.125,78.778,36.362,107.858
215.289,76.731,36.011,108.439
213.233,77.674,35.855,108.306
211.616,77.565,35.639,108.624
209.667,76.865,35.486,108.994
207.489,77.475,35.512,109.285
205.538,76.901,35.416,110.107
203.885,75.856,35.538,110.598
202.157,75.289,35.851,110.625
200.213,76.459,36.408,109.858
198.594,76.508,36.856,109.309
196.883,77.026,37.183,108.599
195.180,78.974,37.481,107.785
194.024,79.987,37.750,107.152
192.281,80.070,38.014,106.484
191.075,78.983,38.328,105.246
189.763,79.257,38.551,103.931
188.012,79.939,38.458,102.597
185.997,81.083,38.234,101.885
184.624,83.207,37.811,102.119
181.855,83.915,37.630,102.063
180.924,81.503,37.428,102.219
179.163,82.772,37.320,102.496
176.412,84.181,37.110,103.480
173.252,81.839,36.835,105.129
171.818,84.793,36.785,105.491
170.103,83.459,36.512,105.987
171.536,85.272,35.880,106.463
171.976,86.168,35.275,107.684
171.864,85.616,35.248,108.733
171.672,86.221,35.522,109.501
170.338,85.847,36.046,109.975
169.772,86.640,36.710,110.127
169.947,87.968,37.129,110.433
170.050,90.355,37.432,110.331
169.390,90.298,37.556,110.204
169.858,90.910,37.666,110.267
169.633,90.104,37.827,110.377
169.569,88.265,38.035,110.397
170.093,87.303,37.946,111.258
170.662,88.057,37.958,112.040
171.369,90.738,38.180,112.302
172.790,90.996,38.183,112.224
173.015,90.490,38.072,112.303
173.629,86.960,37.774,112.535
174.663,84.533,37.359,113.099
175.134,82.983,37.248,113.539
175.872,82.718,36.936,114.470
176.590,81.280,36.583,115.707
176.018,80.599,36.393,116.190
177.245,79.950,36.130,116.843
177.477,77.966,36.258,116.980
176.896,79.016,36.525,116.893
177.101,80.366,36.644,117.485
177.127,81.804,36.611,118.151
177.087,80.021,36.651,118.714
177.226,79.731,37.049,118.520
178.243,79.628,37.232,118.698
178.525,79.551,37.380,118.793
178.621,78.875,37.374,118.883
178.809,78.473,37.293,119.227
179.214,78.842,37.257,119.091
180.107,79.002,37.175,118.633
180.199,79.088,36.934,119.040
180.475,77.205,36.648,119.215
181.278,74.800,36.389,119.560
181.909,74.456,36.249,119.137
182.574,75.607,36.293,118.147
183.735,77.750,36.356,118.028
184.896,79.677,36.449,118.343
185.565,81.512,36.684,118.727
186.566,81.160,36.891,118.759
185.718,82.994,37.069,118.572
185.658,82.050,36.911,118.133
185.976,81.093,36.690,117.906
185.940,83.069,36.520,117.948
186.387,83.969,36.422,117.275
187.207,85.104,36.453,115.933
187.249,85.419,36.308,115.127
188.034,84.629,35.927,114.804
188.372,83.208,35.674,114.347
188.498,82.076,35.481,113.979
190.016,81.775,35.073,114.383
190.647,81.679,34.886,114.351
190.913,82.289,34.820,114.233
191.492,83.645,34.806,114.389
192.320,84.293,34.773,114.497
193.466,85.592,34.683,114.775
194.811,85.993,34.620,114.655
195.951,86.431,34.545,114.598
196.945,85.780,34.488,114.489
197.911,85.254,34.344,114.542
198.750,83.641,34.175,114.388
199.726,84.512,34.115,114.187
200.460,85.379,34.116,113.934
200.826,85.959,34.043,113.600
201.562,86.958,34.006,113.456
202.114,87.292,33.911,113.262
202.675,86.723,33.862,113.159
203.293,87.738,33.791,112.842
204.000,87.195,33.817,112.604
204.868,87.378,33.716,112.502
205.365,87.711,33.698,112.428
205.912,87.340,33.588,112.494
206.399,87.558,33.623,112.307
206.924,87.629,33.548,112.333
207.411,88.186,33.588,112.344
208.089,88.340,33.512,112.312
208.473,88.125,33.450,112.376
209.019,88.068,33.303,112.840
209.502,88.029,33.316,112.737
209.952,88.668,33.369,112.726
210.171,88.519,33.331,112.411
210.596,89.856,33.324,112.316
210.149,89.271,33.367,112.109
210.947,89.333,33.347,111.944
210.818,89.050,33.302,111.664
210.758,88.870,33.127,111.638
210.747,87.116,33.047,111.347
209.789,85.619,32.989,111.317
209.604,83.494,33.223,110.862
209.172,81.367,33.556,110.342
209.088,77.913,33.960,109.678
209.808,75.587,34.304,108.713
210.721,73.607,34.358,107.981
212.130,71.608,34.174,107.469
212.353,78.491,33.845,108.133
212.778,75.806,33.567,108.683
213.046,75.345,33.427,108.632
212.875,75.926,33.356,108.525
212.651,75.282,33.349,108.336
212.414,74.900,33.465,107.897
211.470,74.849,33.656,107.182
209.924,74.389,34.012,106.596
209.135,73.296,34.272,106.203
209.279,70.242,34.357,106.322
209.915,67.413,34.271,106.271
210.976,67.938,34.208,106.330
211.465,70.003,33.886,106.755
211.821,70.570,33.703,106.734
211.842,70.200,33.360,107.224
212.376,69.531,33.249,107.318
212.629,71.046,33.112,107.549
212.873,72.093,33.006,107.799
212.628,72.420,32.994,107.644
212.624,73.459,33.174,107.089
212.800,73.090,33.233,106.906
212.609,72.595,33.301,106.709
212.994,73.281,33.392,106.657
213.643,73.278,33.496,106.303
213.230,73.577,33.568,106.085
213.817,74.055,33.626,105.805
213.196,73.312,33.641,105.225
213.874,73.901,33.808,104.776
213.533,74.489,33.829,104.832
212.737,74.477,34.094,104.314
212.709,73.256,34.136,103.817
211.940,73.713,34.248,103.111
211.792,71.659,34.178,103.112
212.293,70.338,34.081,103.158
211.765,71.099,34.264,102.950
211.880,72.193,34.362,102.894
212.042,74.397,34.435,102.862
211.470,74.708,34.566,102.842
212.251,73.988,34.610,102.784
211.718,75.442,34.867,102.485
211.424,77.330,35.194,102.125
211.417,77.722,35.015,102.282
211.678,78.230,35.203,101.842
211.450,78.644,35.194,101.779
211.270,78.930,35.034,102.086
211.581,79.627,34.949,102.184
210.889,80.320,34.921,102.854
211.083,79.791,34.699,103.692
210.511,78.539,34.519,104.804
210.804,76.897,34.362,105.631
210.751,75.385,34.262,106.425
210.976,75.075,34.357,106.267
210.113,73.929,34.320,106.581
210.174,75.203,34.626,105.856
209.968,74.599,34.682,105.728
209.571,74.241,34.799,105.305
210.142,74.686,34.719,105.303
209.993,73.285,34.748,105.203
210.190,74.995,34.570,105.340
210.207,73.482,34.521,105.411
210.134,73.461,34.380,105.571
210.458,71.709,33.991,105.919
210.462,71.180,33.744,105.849
210.788,70.167,33.524,105.747
210.802,69.045,33.285,105.690
211.543,70.213,33.235,105.639
211.060,62.706,33.127,105.285
211.903,65.070,33.064,104.220
211.837,67.062,32.819,103.709
211.456,68.291,32.871,102.828
211.228,68.467,32.770,102.858
211.384,69.773,32.768,102.875
211.294,69.621,32.895,102.941
210.743,72.314,33.342,102.169
210.246,73.820,33.473,102.009
209.598,74.747,33.608,101.981
209.045,73.451,33.572,101.778
209.673,72.273,33.402,101.916
209.788,73.497,33.348,102.101
209.609,74.512,33.398,102.024
209.600,75.636,33.492,101.985
209.617,76.264,33.370,102.368
209.642,77.298,33.313,103.018
209.577,77.957,33.398,103.617
210.177,78.005,33.364,104.014
209.786,78.595,33.480,104.182
210.244,78.819,33.310,105.068
210.252,79.834,33.415,105.613
210.506,79.679,33.304,106.253
210.706,77.601,33.112,106.958
210.719,75.989,33.121,107.684
210.641,73.263,33.059,107.867
210.115,70.903,33.125,107.594
210.484,70.611,33.254,106.945
210.628,70.748,33.116,106.901
210.182,70.425,33.232,106.765
210.179,69.920,33.167,106.934
209.831,70.218,33.200,106.795
209.406,70.374,33.233,106.611
209.515,70.097,33.216,106.142
209.688,69.253,33.161,105.796
210.235,68.581,33.145,105.645
210.174,69.550,33.148,105.524
209.927,70.872,33.267,105.422
210.126,71.230,33.279,105.568
210.796,70.510,33.443,105.737
210.511,72.632,33.854,105.213
210.991,73.069,34.086,104.844
210.966,73.681,34.313,104.459
211.092,73.524,34.478,104.307
211.312,75.023,34.701,103.818
211.081,76.269,35.114,102.873
210.995,78.504,35.215,102.241
211.009,79.899,35.204,101.729
211.487,80.063,35.120,101.920
211.433,80.171,34.901,102.063
211.231,79.108,34.776,102.309
211.512,79.190,34.628,102.721
211.842,78.542,34.487,103.034
211.556,78.437,34.437,103.112
211.210,78.015,34.281,103.635
211.197,78.487,34.322,103.463
210.755,79.580,34.320,103.370
209.962,79.142,34.275,103.736
209.250,79.181,34.406,103.589
208.796,81.127,34.417,103.491
208.847,81.788,34.396,103.973
208.305,82.797,34.390,104.781
207.297,83.260,34.585,105.462
206.983,88.604,34.589,106.651
207.167,85.491,34.887,107.026
205.452,90.861,35.408,107.144
203.817,89.142,35.923,107.138
202.323,88.619,36.287,107.026
201.541,89.821,36.518,106.593
201.416,92.759,36.695,105.707
201.608,95.633,36.695,104.934
201.874,98.774,37.938,102.496
201.998,100.943,38.972,100.490
202.118,101.561,39.775,99.027
202.018,103.073,40.590,97.596
201.466,104.168,41.256,96.223
201.092,103.381,41.495,95.507
200.801,104.982,41.613,94.779
200.720,103.476,41.406,94.639
200.854,104.514,41.254,94.250
200.771,103.984,40.902,94.353
200.605,103.759,40.610,94.256
200.271,102.612,40.189,94.313
199.840,102.183,39.766,94.351
199.428,100.472,38.399,95.922
199.987,100.642,37.278,96.995
199.956,100.716,36.541,97.719
200.941,98.386,35.929,98.824
202.115,96.799,35.507,99.378
203.355,94.800,35.416,99.657
204.161,93.512,35.334,100.043
204.360,90.553,35.389,100.584
203.971,89.810,35.399,101.372
204.373,88.592,35.297,102.217
204.998,86.849,35.070,103.031
206.081,87.559,34.828,103.631
206.808,84.553,34.441,104.343
207.762,82.007,34.357,104.577
207.427,81.521,34.321,104.359
207.504,81.206,34.273,104.505
208.832,79.619,33.911,104.757
209.226,78.949,33.843,104.804
208.320,77.241,33.855,104.393
207.594,77.155,34.116,103.881
205.868,77.559,34.180,103.261
204.202,77.693,34.161,102.806
203.286,77.703,34.254,102.285
201.872,78.429,34.551,101.900
199.963,77.922,34.743,101.454
197.899,77.225,34.939,101.181
191.417,76.686,35.422,100.070
191.367,78.004,35.490,99.436
188.281,79.567,36.753,96.755
185.792,81.856,37.831,94.513
179.754,79.681,37.313,94.772
179.403,80.105,37.036,94.603
173.579,81.400,36.511,95.077
173.134,82.211,36.290,95.923
172.014,81.871,35.873,97.070
170.647,81.787,35.452,98.158
169.382,81.091,34.883,99.141
168.936,81.714,34.642,99.613
168.476,81.836,34.721,99.858
175.922,77.015,37.077,95.074
174.295,78.626,37.980,92.252
173.274,80.033,37.967,90.739
172.420,80.091,37.681,89.443
171.645,82.192,37.869,87.874
172.231,82.017,37.645,87.099
173.625,86.105,36.287,88.834
174.270,86.395,35.526,89.545
174.940,88.186,34.931,90.466
174.761,86.792,34.689,91.017
175.551,85.146,34.212,91.934
176.497,82.831,33.771,92.861
176.519,82.234,33.404,93.339
176.973,80.693,32.888,94.110
177.497,78.609,32.489,94.618
178.047,77.228,32.244,95.570
179.241,73.572,31.977,96.944
179.872,73.495,31.804,98.146
180.621,72.611,31.851,98.965
181.491,72.587,31.720,100.313
182.661,71.771,31.656,101.399
183.321,71.818,31.662,102.159
184.671,72.319,31.754,103.122
185.565,72.152,31.834,103.902
186.152,73.099,31.907,104.243
187.584,71.550,32.028,104.363
188.331,72.124,32.281,104.295
189.803,72.866,32.534,103.910
191.638,73.609,32.901,103.160
192.064,74.464,33.286,102.772
192.756,74.496,33.444,102.742
193.957,74.297,33.532,102.784
194.659,75.066,33.660,103.012
195.544,74.646,33.726,103.033
195.990,74.990,33.837,103.294
196.155,75.018,34.006,103.605
197.384,75.249,34.068,103.848
198.038,75.278,34.143,104.000
198.692,74.221,33.921,104.906
199.216,73.046,33.946,105.008
199.706,71.446,33.976,104.831
200.091,73.524,34.021,104.340
200.494,74.424,34.274,103.221
200.723,74.291,34.395,102.555
200.348,75.190,34.395,102.398
201.052,75.924,34.824,101.324
202.242,77.615,34.840,101.144
202.493,77.375,34.669,101.598
202.361,76.182,34.564,101.596
202.157,75.212,34.515,101.707
201.736,76.836,34.430,101.961
201.833,77.581,34.287,102.336
202.304,79.323,34.097,103.023
203.371,81.161,33.907,103.597
203.846,81.433,33.523,105.026
205.087,82.062,33.245,106.480
205.585,83.397,33.286,107.313
205.837,84.847,33.327,107.879
205.749,85.754,33.489,108.374
205.603,87.441,33.541,108.741
205.575,89.025,33.465,109.767
206.459,87.200,33.415,110.451
206.910,88.708,33.464,111.111
207.207,89.984,33.523,111.468
207.487,92.200,33.722,111.388
207.396,91.999,33.679,111.567
206.872,84.483,34.116,110.909
205.258,80.091,34.953,109.013
205.231,84.672,34.958,108.847
206.103,87.177,34.819,109.176
206.012,90.116,34.645,109.869
205.691,82.834,34.652,110.530
205.981,84.292,34.690,111.561
205.220,83.682,34.586,112.853
205.020,83.178,34.589,114.192
205.326,82.117,34.627,115.040
204.921,82.071,34.816,115.450
204.291,84.431,35.143,115.547
203.777,84.075,35.201,116.516
203.662,85.039,35.428,116.538
203.750,86.498,35.527,116.807
203.046,86.395,35.574,116.826
203.744,85.603,35.571,117.394
