110.000,111.000,37.000,116.000
113.551,107.826,38.258,114.931
113.708,107.657,38.751,114.791
115.055,109.906,39.052,114.258
114.652,103.861,39.444,113.788
114.152,108.866,39.346,113.739
111.705,109.491,39.500,113.172
112.544,110.694,39.508,112.764
111.677,106.995,39.726,112.170
113.935,111.205,39.367,112.626
114.900,108.296,39.883,111.499
117.116,111.985,39.729,111.339
119.000,118.335,39.586,110.717
121.687,111.977,39.597,110.027
122.958,114.464,39.031,110.675
123.139,112.717,38.583,110.602
123.473,112.482,37.927,111.122
123.095,113.220,37.614,110.672
120.916,113.012,37.786,109.311
118.234,115.166,37.460,109.069
114.449,113.738,37.268,108.081
111.220,115.990,37.202,107.425
108.225,112.636,37.003,106.560
105.957,113.650,36.476,106.821
105.071,113.185,36.246,105.970
103.960,113.138,36.016,105.478
103.463,112.683,35.444,105.644
103.301,113.500,35.056,105.674
101.788,110.687,34.853,104.906
100.952,106.663,34.553,104.521
98.487,104.181,34.203,103.702
97.426,101.985,33.879,103.517
97.254,102.396,33.703,103.066
94.408,99.494,33.604,102.704
94.539,98.684,33.415,102.212
96.847,97.762,33.531,101.261
96.919,96.154,33.479,100.736
97.059,93.578,33.350,99.565
94.298,90.341,33.091,98.807
94.132,88.339,33.020,98.552
85.230,90.167,33.120,97.521
77.410,91.267,32.768,97.601
74.145,89.374,33.013,96.386
72.793,89.796,32.745,95.785
73.551,96.439,32.501,95.976
73.107,101.959,32.296,95.925
61.778,100.074,33.160,94.004
70.201,98.325,33.027,92.800
69.937,91.603,32.845,91.034
70.882,81.924,32.232,90.176
70.146,75.481,31.971,89.049
72.443,75.384,31.445,88.969
81.374,79.999,30.519,89.680
83.550,98.692,29.895,90.670
93.401,107.256,29.558,90.913
103.854,118.552,29.364,90.504
106.258,122.972,29.299,90.232
114.116,114.845,29.310,88.863
123.061,99.036,29.609,86.759
132.204,91.080,29.844,85.619
132.152,94.585,29.444,86.146
131.126,97.858,29.493,86.114
131.909,104.138,29.617,86.471
122.381,122.564,30.907,84.052
99.833,131.145,30.229,85.029
102.818,128.879,29.994,84.318
95.469,110.675,29.540,83.065
92.587,106.775,29.532,82.293
92.345,107.468,29.416,82.068
89.872,110.357,28.970,82.857
91.660,110.948,28.252,84.128
106.335,110.150,27.951,84.999
108.149,113.452,27.500,85.963
122.778,104.900,27.975,83.648
131.381,97.771,28.609,81.354
139.621,85.804,28.426,80.287
137.809,86.452,28.575,79.866
135.802,89.756,28.140,80.562
129.920,90.460,27.956,81.523
122.890,96.975,27.891,82.273
114.540,98.257,27.572,82.861
99.326,105.676,27.588,83.625
88.996,101.208,28.373,81.406
90.851,102.579,28.439,80.889
92.789,109.309,28.099,81.383
94.309,113.129,27.613,82.327
109.867,120.397,27.535,81.991
120.183,118.211,27.555,81.912
121.580,114.900,28.071,80.458
131.228,107.497,28.646,78.723
135.360,103.749,29.025,78.029
138.161,104.491,28.664,78.541
138.133,113.209,27.809,80.418
140.271,123.735,27.588,80.762
136.605,132.262,27.760,80.353
124.628,129.671,28.680,78.740
122.856,122.161,28.456,77.247
119.313,119.075,28.593,76.225
116.916,115.614,28.355,75.881
114.136,115.024,27.912,76.754
113.350,118.444,27.255,77.995
115.375,120.170,27.009,78.487
118.176,122.449,26.688,79.165
119.835,126.376,26.321,80.258
116.086,123.456,26.901,79.280
114.093,114.947,27.058,76.994
115.942,111.155,27.079,75.792
114.723,111.637,26.725,75.770
112.894,114.416,26.599,75.830
114.787,119.246,25.936,76.896
107.016,122.894,26.043,76.912
91.575,115.012,26.459,75.487
97.607,100.595,26.400,74.353
77.962,86.331,26.509,72.891
71.333,80.394,26.707,72.218
68.857,80.820,26.490,72.818
67.353,91.347,26.228,73.893
75.302,98.013,25.764,74.922
107.568,114.320,25.552,75.620
117.468,111.477,25.800,75.598
130.961,105.981,25.780,74.689
158.207,94.971,26.770,72.206
180.403,98.002,25.872,74.021
182.130,102.505,25.310,75.165
188.568,115.835,25.180,76.483
186.520,125.815,25.551,77.003
180.166,130.446,25.761,76.982
166.718,129.582,25.708,76.610
145.104,125.276,26.025,76.567
136.449,115.364,26.554,75.325
127.987,113.980,26.896,74.659
120.380,114.717,26.845,74.857
118.140,116.067,26.646,75.100
119.646,121.109,26.449,75.685
126.969,126.393,26.349,76.219
128.521,127.531,25.852,77.302
135.318,118.772,25.832,75.724
136.313,104.070,25.842,74.536
149.488,90.390,25.844,73.157
150.720,86.212,25.257,73.728
150.966,88.424,25.125,74.548
151.269,91.566,25.252,75.153
144.618,106.326,26.594,74.201
131.019,107.026,27.806,72.721
122.659,100.586,28.456,72.053
115.155,88.879,28.718,71.467
113.330,84.847,28.893,71.062
116.493,86.680,27.733,73.164
123.414,89.994,27.154,74.629
125.471,92.788,26.583,75.590
135.115,100.672,26.337,75.785
142.347,104.954,26.215,76.410
145.210,110.442,26.025,76.417
152.311,101.353,25.885,75.032
158.650,92.291,25.636,74.216
156.899,89.522,25.979,73.984
151.653,94.572,25.572,75.210
146.812,106.981,25.070,76.295
138.359,115.913,26.085,75.110
117.587,118.607,26.404,75.030
115.714,107.167,26.472,74.508
108.258,99.944,26.528,74.045
106.146,92.379,26.362,73.987
119.268,91.588,25.785,74.934
125.812,93.900,25.458,75.710
140.528,105.125,25.216,75.875
149.145,107.859,24.898,76.234
158.176,116.162,24.608,76.610
165.422,104.339,24.589,76.024
178.799,91.393,24.621,74.578
186.604,85.304,24.508,74.127
180.039,88.938,24.942,73.850
178.561,94.781,25.405,73.765
173.619,100.883,25.087,74.404
165.895,109.076,26.214,73.479
158.401,108.855,26.766,72.782
139.230,98.365,27.768,71.536
125.579,90.536,28.199,70.865
118.133,89.360,28.314,70.988
116.570,97.326,28.081,71.344
119.376,101.781,27.160,72.604
132.999,112.113,26.672,73.004
152.344,119.158,26.414,73.024
158.712,111.664,26.041,72.233
167.028,102.425,25.788,71.745
181.630,92.963,25.481,71.314
181.176,94.962,25.300,71.802
173.494,98.790,25.192,72.689
171.599,106.094,25.441,72.987
158.554,116.890,25.362,73.257
140.118,117.496,25.328,73.209
139.033,116.280,26.316,72.703
125.293,96.371,26.951,72.259
112.412,88.073,27.255,72.182
112.203,88.091,27.565,72.386
112.283,90.909,28.160,72.689
105.302,88.350,27.840,72.710
113.901,99.293,27.173,74.068
124.803,94.435,27.046,73.735
137.837,83.761,26.609,73.705
150.146,69.756,26.224,73.298
157.528,67.697,26.226,72.648
158.162,65.256,25.770,72.956
153.109,68.958,25.552,74.033
145.876,83.515,25.400,74.457
131.664,98.329,25.661,74.176
124.437,108.475,25.796,74.424
122.997,107.022,25.824,74.366
104.485,100.758,26.564,73.811
91.465,94.823,26.363,74.635
77.659,95.712,26.028,75.502
77.046,99.242,25.821,75.871
90.407,102.970,25.841,75.227
93.438,103.938,25.676,75.271
99.672,101.866,25.719,74.861
114.445,88.137,25.643,74.392
134.221,69.231,25.758,73.571
148.093,64.405,25.550,73.546
147.852,71.693,25.372,73.919
149.261,76.668,25.142,74.346
138.982,93.800,25.126,74.325
114.976,95.783,25.228,73.606
106.929,95.635,25.916,73.304
83.020,83.126,25.629,73.038
75.412,81.943,25.860,72.424
64.343,79.541,25.461,72.992
64.577,83.191,24.961,73.895
66.348,89.004,24.652,73.969
81.043,97.739,24.512,74.136
95.871,93.758,24.753,73.521
103.138,92.827,24.399,73.487
126.902,86.199,24.726,72.536
146.032,75.646,24.390,72.093
152.338,71.488,24.035,72.329
146.040,80.233,23.614,73.294
133.991,95.603,23.551,73.079
122.449,104.090,23.478,73.200
114.438,119.793,24.013,72.645
107.279,116.181,24.215,73.085
95.045,107.581,24.621,73.031
93.919,99.912,24.880,73.128
100.188,96.311,25.444,73.234
105.583,98.294,25.469,74.256
100.195,95.299,25.078,74.440
114.481,95.885,24.553,74.545
116.104,90.042,24.319,73.924
122.076,87.461,23.927,74.042
134.319,78.786,23.810,74.331
140.115,69.940,23.762,74.159
152.545,72.022,24.350,75.218
