198.000,249.000,95.000,325.000
190.736,254.976,96.736,320.546
191.883,257.232,97.936,317.894
191.801,258.770,98.499,316.628
192.039,258.965,99.287,315.702
192.280,265.716,99.774,316.571
192.853,263.452,100.297,316.152
197.179,261.322,100.452,316.439
202.546,261.470,100.592,317.893
202.408,270.455,101.433,317.032
202.175,264.717,101.506,316.343
207.296,267.860,102.123,315.437
208.959,269.692,101.897,316.838
210.933,268.749,101.928,317.660
210.907,265.288,101.895,319.543
215.100,267.900,103.059,320.029
216.579,265.974,102.736,322.533
218.791,257.103,103.208,324.021
223.409,249.984,103.113,326.737
223.140,252.098,103.640,328.842
219.475,251.644,104.916,329.521
213.256,242.341,105.432,330.602
208.049,244.498,106.701,330.062
206.826,232.471,107.770,329.666
202.176,239.233,108.297,331.355
202.183,225.145,109.085,333.711
201.710,221.665,109.932,337.197
202.938,210.624,111.331,339.064
207.036,207.881,111.726,341.983
212.192,205.619,112.181,346.882
214.081,219.147,112.864,351.563
214.170,229.388,113.271,353.667
213.821,225.579,113.623,357.913
213.535,225.556,114.046,360.728
214.010,233.577,114.415,361.466
211.139,238.290,115.228,362.976
210.158,235.854,116.083,366.380
205.564,231.706,117.626,371.470
201.568,227.544,119.427,376.144
201.576,212.939,120.614,380.431
200.291,201.891,121.760,384.900
200.835,197.263,123.322,387.916
197.527,186.261,124.299,392.825
197.549,173.416,126.021,395.269
200.058,167.530,129.025,394.373
206.352,171.674,130.855,392.174
211.552,171.280,132.428,391.327
211.104,165.800,133.134,392.114
215.937,175.082,133.740,391.962
221.503,177.329,133.650,393.236
221.978,183.954,134.342,390.281
220.403,174.914,134.909,388.332
219.423,179.870,135.887,384.833
221.340,183.481,136.442,382.890
226.026,193.635,137.762,377.333
229.098,185.086,138.161,373.643
228.137,188.277,138.468,370.199
227.704,195.576,139.004,367.760
225.264,204.114,139.856,364.789
215.200,188.208,139.767,364.999
199.944,168.058,139.868,368.181
183.365,141.085,139.531,371.745
173.352,135.077,140.145,374.071
168.268,125.994,141.102,376.349
170.452,122.067,138.593,381.006
172.499,136.656,136.362,384.728
170.966,131.687,135.085,386.313
171.203,148.893,134.638,384.955
174.455,140.795,134.043,385.270
181.776,152.293,133.642,384.805
185.007,151.418,133.485,385.758
194.629,160.605,133.310,385.729
201.863,147.244,134.034,383.849
207.952,155.415,132.100,386.494
213.134,180.650,131.079,390.853
210.032,187.214,131.115,389.496
207.904,187.583,130.826,388.068
205.823,182.254,130.560,386.925
207.077,173.202,128.599,389.332
203.132,159.285,128.615,388.947
202.848,155.162,127.755,387.636
206.196,152.756,127.107,384.308
208.910,141.024,126.680,381.038
211.317,152.344,126.384,376.127
214.036,145.022,126.287,373.733
223.770,157.117,125.069,373.155
232.554,170.932,123.967,373.296
239.395,179.600,123.587,372.741
251.973,190.084,123.804,371.338
264.039,192.779,123.806,371.546
279.215,193.176,123.286,372.617
297.048,195.515,122.595,373.356
313.563,193.770,121.865,373.822
329.058,191.637,120.967,374.624
342.908,185.957,121.072,376.533
348.896,182.913,122.302,378.823
350.108,167.539,123.343,385.456
346.559,150.652,125.112,387.094
349.678,148.264,125.948,387.107
348.360,146.688,125.761,389.042
354.914,143.564,126.435,388.050
360.359,141.065,127.378,387.692
363.123,136.869,127.352,388.166
362.129,138.570,127.874,386.960
365.333,141.221,127.738,389.276
369.423,148.928,127.608,389.144
372.760,149.425,126.305,391.445
374.595,166.455,125.140,392.542
374.354,173.811,124.256,394.393
376.511,179.110,123.737,394.914
378.165,179.368,122.939,394.565
377.940,178.332,122.105,396.207
377.274,178.102,121.869,396.160
371.419,181.880,121.702,397.149
372.946,185.517,121.366,397.057
366.300,191.262,122.487,396.533
361.506,181.394,124.570,398.431
356.594,168.251,126.554,400.285
351.216,159.960,128.604,399.474
348.322,154.270,130.689,398.853
344.087,160.115,132.447,400.648
338.660,171.946,133.430,403.278
334.196,180.281,134.220,404.925
323.841,185.247,135.928,406.602
314.346,185.527,137.845,406.752
307.531,192.812,139.277,404.114
301.760,193.348,139.996,401.582
298.196,205.387,140.173,397.855
295.041,215.367,139.503,397.750
291.362,219.456,138.798,396.700
289.046,225.178,138.991,394.489
285.787,221.351,138.572,394.394
283.386,226.719,138.018,394.142
284.984,227.082,137.952,392.671
285.003,219.878,137.064,394.043
281.814,211.830,136.377,396.128
282.775,208.756,135.658,396.896
281.812,198.800,134.702,399.533
279.207,185.226,132.668,400.094
277.713,166.363,132.997,400.515
275.841,157.507,132.916,399.112
276.316,164.392,132.079,397.292
280.872,168.044,131.291,395.651
282.026,164.413,130.116,396.105
286.211,168.492,130.102,395.065
287.916,173.649,129.546,392.952
289.762,176.189,128.443,391.396
291.485,181.825,126.919,390.248
294.967,185.070,126.171,388.191
298.225,184.091,125.246,386.176
299.821,181.705,124.568,383.429
298.251,185.674,123.984,382.905
300.158,187.005,122.978,383.068
301.080,198.414,122.147,381.657
301.094,194.751,120.553,378.815
300.879,195.063,119.279,374.260
301.448,185.623,118.208,368.507
299.707,180.732,117.499,363.202
298.124,176.026,116.258,358.874
297.509,169.174,114.281,354.435
298.153,162.746,113.024,350.580
298.362,174.010,111.269,346.148
299.497,168.431,110.256,342.620
297.728,171.795,108.551,340.180
294.586,166.935,108.309,335.706
291.484,178.268,107.972,333.185
293.617,173.071,107.418,331.104
293.081,180.789,106.621,331.160
293.297,191.530,106.405,329.103
293.828,199.235,106.450,327.816
293.514,210.725,107.108,324.986
294.508,213.852,108.412,323.478
295.842,216.883,108.832,322.239
298.137,216.711,109.627,320.769
299.025,219.930,110.607,318.122
301.127,227.465,111.038,315.134
304.043,218.069,111.320,312.519
304.905,226.121,111.834,308.946
306.980,225.369,110.898,307.769
308.656,226.731,110.117,307.324
311.715,220.461,108.656,307.946
314.331,210.199,106.895,308.550
314.850,213.385,105.055,308.993
316.070,199.988,103.263,308.107
318.880,209.363,101.803,305.583
320.981,199.680,100.546,304.033
323.755,199.398,99.031,302.161
324.505,195.441,97.743,300.330
327.430,202.298,96.924,296.797
330.551,204.623,96.234,292.027
333.850,215.161,94.526,288.259
335.500,221.967,93.129,285.596
336.549,220.510,92.258,283.307
337.028,225.550,92.003,280.132
335.053,227.150,91.935,278.406
333.171,232.182,91.886,276.202
331.539,234.817,91.855,274.090
329.201,238.081,91.427,270.915
325.719,242.347,91.337,268.338
321.758,245.336,91.739,264.222
317.184,242.147,91.526,261.833
314.228,242.283,90.679,258.889
310.582,241.184,90.015,257.482
308.255,230.045,89.621,257.483
306.474,225.003,89.048,258.097
301.875,222.760,89.493,255.756
296.397,224.220,89.189,253.769
291.577,231.030,88.869,252.699
292.214,227.441,88.585,250.737
297.289,230.193,87.552,249.929
299.003,222.632,87.726,246.366
303.997,226.919,87.146,244.215
307.782,235.761,86.804,242.190
309.327,235.014,86.694,240.802
311.722,235.422,86.809,239.732
313.555,242.597,86.399,239.516
315.243,245.720,86.522,238.135
318.686,255.524,86.284,238.314
323.112,263.519,85.087,240.569
326.195,267.122,84.544,242.369
326.677,266.249,84.275,244.899
330.208,263.333,83.574,249.198
335.233,260.354,83.423,250.794
337.975,260.421,82.738,254.508
337.682,248.044,82.373,254.932
337.625,245.156,81.985,257.586
339.647,232.993,81.567,257.507
345.665,239.024,81.930,258.006
351.343,231.009,82.646,258.698
352.092,227.056,83.233,261.072
353.834,221.105,83.785,262.659
355.182,212.946,85.015,263.221
357.627,207.326,86.080,262.262
360.853,210.333,87.414,262.431
363.627,213.106,88.699,262.105
363.487,216.938,89.672,262.693
363.832,220.130,90.298,263.516
363.532,214.760,90.795,265.985
361.827,223.032,91.332,266.920
361.277,227.750,91.375,268.575
360.141,232.256,90.911,271.814
356.732,236.339,91.008,272.752
357.118,236.023,88.793,277.783
352.401,230.982,88.495,280.682
352.443,230.721,88.662,281.478
346.992,231.780,88.873,282.860
343.133,230.902,89.759,283.671
340.826,228.545,90.478,283.845
338.618,224.443,91.098,285.116
336.303,216.177,91.643,287.168
334.610,209.687,92.786,290.328
330.672,204.304,94.409,289.678
304.221,197.102,94.550,289.943
304.354,200.938,95.015,287.232
304.185,200.872,96.345,283.614
304.058,196.562,96.269,283.551
298.534,190.059,99.477,278.245
300.935,187.499,98.794,273.094
303.861,190.874,101.755,264.546
309.746,199.969,103.276,259.263
315.236,206.958,103.807,254.549
320.369,215.339,103.816,251.053
326.105,221.141,102.654,249.442
330.090,224.106,101.752,247.016
336.268,227.657,100.903,244.625
341.593,231.357,99.661,242.955
347.730,239.502,99.371,240.643
353.549,239.767,99.917,237.078
358.069,246.554,100.259,235.221
363.190,247.424,100.155,232.642
366.896,247.844,99.450,230.902
367.704,252.316,98.643,231.147
367.327,246.268,97.840,232.553
364.997,243.114,97.602,231.641
368.185,241.496,97.411,230.904
367.676,241.916,97.180,230.012
365.810,239.115,97.159,229.724
366.011,237.800,97.332,229.536
365.872,242.570,97.084,230.764
363.887,242.982,96.601,231.596
362.518,247.904,96.131,232.760
358.596,243.533,96.091,234.426
357.106,242.025,95.156,236.081
352.874,237.083,94.806,238.011
345.145,234.239,95.281,238.849
340.656,235.329,95.397,239.168
335.502,233.632,95.341,240.140
328.889,232.611,95.808,240.555
321.242,235.676,96.692,240.089
315.220,232.998,96.101,240.769
306.867,232.759,96.143,240.842
298.793,232.738,96.186,240.907
292.846,230.592,94.539,242.449
286.382,233.567,93.160,245.049
279.181,234.247,92.460,246.623
271.422,232.715,92.061,248.353
263.693,230.558,92.053,248.740
256.587,228.674,92.043,248.774
239.498,233.956,91.207,248.675
236.434,228.995,90.742,248.663
231.992,232.090,90.717,249.175
226.603,233.122,90.767,249.885
220.004,234.628,90.612,250.040
203.784,245.352,89.083,251.365
199.208,227.475,88.498,254.980
192.284,225.700,87.856,258.390
187.188,225.807,87.482,259.229
183.844,221.471,87.615,260.288
181.670,222.814,87.724,260.256
177.360,222.172,87.640,260.651
175.411,216.888,87.366,261.410
174.860,212.458,87.408,263.621
174.525,209.542,88.158,265.489
174.904,210.263,89.211,264.617
174.917,210.492,90.475,264.655
173.221,209.984,91.700,265.067
192.547,207.879,91.925,267.639
190.278,209.715,92.662,267.885
189.575,208.906,93.160,268.200
206.145,216.809,93.190,267.753
204.416,219.772,93.875,268.128
223.769,218.255,93.182,268.813
222.951,214.652,93.694,269.234
239.958,213.629,93.636,269.394
242.974,215.166,93.303,269.480
247.652,218.318,93.383,272.296
253.587,222.598,92.962,275.576
260.671,226.152,92.650,278.515
264.840,225.081,91.489,283.375
266.207,217.263,90.936,288.989
269.504,207.545,91.152,292.468
274.450,205.050,90.910,294.854
278.648,204.254,90.657,296.432
280.084,212.292,90.605,296.542
279.925,216.726,91.084,297.238
279.403,218.873,91.095,298.467
276.965,222.420,91.884,298.957
274.585,224.584,93.208,299.043
273.759,221.667,94.100,302.117
269.712,218.383,95.722,303.486
265.141,213.696,97.335,304.920
262.423,215.847,98.929,303.854
263.779,208.646,99.643,304.413
266.585,204.671,99.572,307.650
287.679,205.430,99.798,312.301
281.154,218.753,100.673,313.601
273.824,238.485,102.472,311.524
270.189,242.055,104.927,309.247
269.719,233.473,105.591,308.976
293.774,238.107,106.529,307.435
292.118,247.033,107.299,307.244
292.105,231.902,107.501,306.443
267.559,231.795,107.635,306.901
263.002,243.896,108.130,307.521
283.726,238.005,110.684,305.140
331.998,246.763,116.057,297.126
331.444,249.116,118.833,293.438
327.715,251.239,120.687,292.288
323.723,251.137,121.751,291.063
322.940,249.847,122.485,289.632
342.326,230.131,123.780,290.425
336.136,228.723,125.062,292.368
338.501,226.002,121.356,297.191
363.497,224.714,118.776,302.609
364.847,201.041,116.546,305.993
367.932,199.678,114.844,308.379
369.669,199.268,113.372,312.615
366.990,197.320,113.275,315.321
364.876,191.232,113.342,317.721
364.783,184.553,114.367,318.424
360.843,187.701,115.342,318.693
356.290,186.843,116.464,318.454
346.648,189.496,121.832,313.131
338.113,192.091,126.796,309.712
330.346,198.328,131.344,307.542
300.470,199.006,133.037,302.834
292.029,206.914,136.966,295.340
265.634,233.158,132.715,298.947
260.141,229.401,135.360,294.513
239.435,222.690,130.369,296.874
234.892,216.677,131.476,293.637
209.971,212.211,130.188,290.860
205.818,211.654,129.555,288.741
198.459,210.097,128.960,287.412
190.028,205.668,128.345,287.360
182.892,200.229,127.143,287.589
177.609,196.656,125.462,286.695
174.566,191.330,122.347,286.990
168.515,194.880,120.866,284.777
163.200,195.472,119.731,281.458
159.719,199.914,117.999,278.347
156.520,194.059,116.055,276.189
151.922,199.561,114.387,273.616
147.446,196.548,110.265,275.418
143.779,199.304,106.852,275.879
142.824,203.679,103.749,275.948
143.474,208.719,101.134,276.208
143.817,208.474,99.044,275.159
146.219,213.193,97.264,275.769
149.575,220.123,96.039,276.341
155.507,225.232,94.587,276.498
157.731,232.305,93.022,277.449
159.319,232.346,91.862,278.941
161.850,231.616,91.077,281.715
162.539,226.460,90.600,282.836
165.577,218.637,90.721,281.537
167.884,207.112,91.014,279.306
167.958,215.023,90.568,279.520
173.626,209.953,90.592,278.281
176.688,202.795,89.672,280.717
177.419,193.727,89.421,282.126
179.007,183.255,89.445,282.148
179.761,177.250,89.512,281.403
182.503,175.083,90.002,280.205
186.738,175.817,89.879,280.684
184.590,183.160,90.618,280.672
183.958,188.644,90.486,280.960
182.304,189.095,90.703,279.799
180.784,193.539,90.872,279.240
180.946,194.180,90.612,277.270
180.346,195.637,90.148,276.673
179.971,199.151,89.575,276.537
179.272,200.121,89.143,276.404
178.284,201.325,88.918,275.882
174.828,199.798,88.913,275.569
171.157,205.583,88.875,275.031
168.491,202.740,88.677,274.785
162.888,196.315,88.777,275.833
158.593,187.624,89.111,276.730
157.807,187.144,89.426,275.880
157.863,185.697,89.645,274.385
157.374,182.850,89.484,273.837
154.180,179.622,89.477,274.649
152.664,172.537,89.099,275.399
154.419,164.682,88.859,274.419
158.193,172.632,88.164,275.718
157.360,174.074,88.275,277.032
158.818,185.268,87.958,279.072
159.225,189.613,88.088,279.912
160.394,197.945,87.621,281.750
160.418,197.854,88.285,279.801
160.219,203.171,88.533,279.583
162.060,207.638,88.745,279.050
160.574,211.049,89.047,278.157
159.791,215.950,89.326,277.161
157.863,217.784,89.765,274.718
154.676,221.276,89.894,273.930
154.928,213.873,89.080,275.085
155.033,213.367,88.291,276.382
154.942,210.988,87.968,276.908
155.933,207.584,87.601,277.341
154.093,208.132,87.880,277.409
150.214,200.709,87.898,278.816
149.486,185.962,87.518,280.633
151.947,185.425,87.251,282.894
150.783,179.114,87.142,284.935
150.745,169.793,87.405,286.580
150.511,161.871,87.992,287.802
151.295,163.073,88.049,287.902
152.138,162.699,88.552,287.619
152.115,164.570,89.837,286.423
153.264,167.059,90.362,285.441
152.543,175.388,91.587,284.683
152.700,179.377,92.238,285.120
150.311,182.320,92.707,285.105
150.059,184.680,93.165,286.469
148.746,188.738,93.575,288.307
145.784,195.949,94.136,289.757
143.074,198.299,94.073,291.874
135.608,200.570,94.742,292.186
135.126,204.479,94.539,293.406
130.275,201.695,94.860,294.496
126.215,198.161,95.099,295.651
123.937,186.539,94.546,299.555
124.374,182.735,93.731,303.551
120.604,182.065,93.375,305.126
118.780,179.287,92.892,306.711
117.793,182.101,92.575,308.771
118.608,187.022,92.216,310.337
117.697,178.449,92.545,310.065
114.243,172.901,92.580,308.400
115.934,173.388,92.440,309.712
118.058,172.511,92.231,310.546
119.172,184.213,92.560,309.562
120.090,188.880,92.805,309.428
118.833,186.210,92.943,310.162
118.860,187.318,93.662,309.451
118.499,187.560,94.752,308.666
122.178,191.729,95.353,307.671
122.902,196.289,96.395,306.842
125.891,202.996,96.856,306.577
126.583,195.780,97.940,307.166
126.593,201.987,99.460,305.563
126.911,203.204,100.953,303.912
126.561,207.011,101.876,302.580
127.558,210.079,103.129,300.932
127.192,214.787,104.399,298.849
124.863,212.381,105.150,297.655
125.928,205.150,104.693,299.825
130.936,210.085,103.591,302.141
131.997,212.910,102.940,303.673
134.188,205.946,103.016,303.128
138.014,207.750,103.110,301.793
139.955,212.431,102.919,300.174
140.345,210.651,102.461,299.197
143.583,214.037,101.541,298.918
145.913,211.944,101.084,298.842
150.013,214.126,100.384,299.052
151.265,214.799,100.552,297.966
153.098,215.622,100.426,296.768
153.079,216.005,100.059,295.279
155.386,217.480,99.903,293.762
158.194,220.608,99.748,292.311
156.830,217.496,99.640,292.370
159.843,225.519,99.418,292.495
159.868,226.041,98.944,292.277
162.016,224.418,99.321,291.839
165.413,221.701,99.426,291.600
163.973,223.307,99.178,292.236
166.250,218.916,99.194,292.134
169.553,217.439,99.035,291.572
170.485,219.456,98.826,291.310
171.864,218.016,98.000,291.286
174.213,217.703,97.214,290.792
179.329,218.705,96.954,289.945
183.388,221.244,95.513,290.168
189.681,218.112,94.300,288.002
194.080,217.223,93.213,287.224
198.057,216.542,92.378,285.634
201.732,216.913,91.626,284.574
204.353,213.393,90.819,283.178
207.253,210.896,90.407,281.865
209.274,213.197,89.809,281.188
211.357,209.806,89.394,279.952
209.784,212.569,89.292,278.092
210.909,211.365,88.641,277.047
208.866,209.374,88.188,276.343
210.347,206.204,87.647,274.785
204.569,209.513,86.994,275.601
205.637,206.458,85.873,276.452
201.017,206.130,85.840,275.133
200.630,207.002,85.796,274.070
195.464,209.973,85.964,272.812
191.926,207.237,86.036,272.124
188.030,204.903,86.507,271.054
181.983,209.256,86.994,270.454
175.957,209.315,86.701,270.502
171.599,208.623,86.452,271.364
168.085,208.524,85.932,272.292
162.891,205.683,86.169,272.207
157.857,205.935,86.769,271.107
153.360,201.504,87.202,270.553
148.207,200.260,87.783,270.214
141.741,204.192,88.793,269.266
135.658,205.290,89.631,267.321
128.632,208.089,90.269,266.030
121.880,209.989,90.920,265.481
114.145,207.780,90.787,265.226
109.394,212.004,90.057,263.786
106.112,211.410,89.686,263.145
101.488,216.042,89.219,262.025
99.680,218.075,89.079,260.296
97.783,218.922,88.725,259.414
93.488,214.426,88.586,257.760
92.741,215.247,88.333,256.724
92.016,216.081,88.466,254.330
92.361,215.114,87.999,253.757
90.867,215.336,87.759,253.211
89.290,215.338,87.371,252.106
88.932,214.234,86.871,251.533
87.950,216.361,86.515,251.110
87.285,214.270,86.543,250.528
86.651,215.532,86.743,250.319
86.638,218.031,86.489,250.806
88.293,221.104,86.154,251.478
89.385,221.982,85.674,251.412
92.002,222.554,85.209,251.016
92.829,222.103,84.558,250.541
95.935,219.425,84.499,249.299
98.803,220.793,84.012,249.553
99.351,218.145,83.731,248.256
101.124,218.299,83.387,247.428
101.690,216.879,82.631,245.626
102.166,218.813,81.993,244.301
103.415,218.494,81.126,243.769
104.149,221.278,80.763,242.103
103.640,218.949,80.430,241.553
100.294,215.848,80.004,242.730
98.621,216.965,79.570,244.001
95.103,212.231,79.882,243.748
92.336,210.729,79.955,244.546
90.876,209.350,80.024,244.411
88.695,210.895,79.992,244.259
86.602,212.220,79.823,244.379
83.308,206.259,80.092,243.526
79.093,204.368,80.069,244.141
78.542,201.250,79.411,244.617
77.940,199.038,79.068,245.082
78.293,203.790,78.728,244.932
80.151,203.057,78.143,245.483
80.661,201.482,77.728,245.103
82.174,203.965,77.255,244.282
84.126,205.325,76.687,244.090
86.141,209.720,76.425,243.278
88.831,210.989,76.048,242.847
90.542,212.565,75.746,243.389
94.392,215.842,75.420,244.194
95.951,220.001,75.857,244.849
98.866,222.643,76.138,244.017
101.482,221.993,75.852,244.249
101.297,220.711,75.767,243.372
101.434,218.667,75.562,242.666
100.487,218.225,75.528,240.170
100.974,225.595,75.258,237.171
103.074,233.379,74.291,235.116
105.621,236.526,73.200,234.363
106.241,236.047,72.264,234.394
105.262,232.137,72.177,232.733
102.168,223.673,71.918,231.342
99.377,219.020,71.464,231.389
98.438,215.597,71.406,231.040
98.581,212.566,70.719,231.846
98.209,210.760,70.700,230.971
95.920,211.059,71.025,227.955
92.874,208.788,71.874,224.427
90.738,207.942,72.486,221.235
87.676,212.487,73.677,217.646
85.197,206.940,74.341,216.310
83.166,201.936,75.000,214.811
80.542,198.617,75.476,212.971
77.308,196.513,76.106,210.950
76.686,197.107,76.374,209.039
76.348,203.474,76.308,208.820
75.259,205.874,76.123,208.205
72.145,209.059,75.509,207.916
69.798,209.573,74.501,207.851
69.091,212.367,73.720,205.899
67.090,212.458,73.076,204.122
66.893,217.123,72.520,203.520
65.460,220.734,72.445,202.753
62.341,213.522,72.409,200.809
61.795,221.348,71.612,202.077
61.288,222.167,70.329,203.716
61.961,227.510,69.275,204.954
62.152,233.041,69.145,203.838
62.350,237.948,68.996,202.430
60.200,238.542,68.579,202.082
59.586,240.783,67.970,202.658
58.442,239.198,67.607,204.066
57.464,235.201,67.066,205.412
57.417,236.884,66.943,205.148
58.842,232.172,66.443,206.823
58.742,222.582,67.463,206.081
59.497,220.221,67.316,207.148
58.782,212.689,67.661,206.650
55.352,219.959,69.574,203.430
52.710,220.687,71.199,200.993
53.737,238.482,70.732,202.088
53.964,244.644,70.468,202.298
52.467,232.353,71.743,200.054
88.274,221.733,71.383,200.551
91.399,224.586,70.821,201.561
93.034,226.346,69.413,204.692
94.157,214.928,68.406,205.269
97.558,221.582,66.839,206.752
99.899,226.739,65.430,209.749
101.015,227.244,64.151,213.182
103.585,230.447,63.174,215.552
103.240,229.921,63.058,219.805
101.704,229.997,63.703,224.483
98.675,251.818,65.727,226.532
94.908,246.330,67.240,228.114
95.104,245.504,68.512,229.426
96.341,228.564,68.573,231.695
93.668,229.006,69.119,233.961
77.727,234.398,69.820,235.034
81.813,211.331,70.057,239.683
97.473,194.895,71.477,240.944
92.858,195.213,73.538,240.677
86.934,197.560,75.141,241.346
81.449,193.819,76.311,241.048
75.830,194.503,77.208,241.035
69.258,196.070,78.052,243.195
61.431,195.907,78.831,245.931
55.667,198.975,79.527,249.796
48.760,215.233,80.983,251.379
42.556,224.316,82.438,252.599
38.435,228.901,83.428,256.000
36.833,231.166,84.615,259.973
36.124,232.199,86.128,262.319
33.469,236.651,86.883,264.403
31.855,239.948,87.738,268.477
29.183,239.747,88.724,272.507
28.615,238.382,90.667,272.939
27.794,236.013,92.708,273.576
49.468,238.312,93.293,274.193
51.313,236.409,94.224,275.417
54.126,237.094,95.392,275.541
71.985,233.964,95.980,276.355
72.466,235.426,96.317,277.414
76.443,226.807,96.723,278.560
82.915,226.212,96.651,280.684
87.843,225.355,96.906,281.610
92.076,222.955,97.313,282.330
98.013,222.970,97.504,282.132
102.881,219.766,97.962,281.313
109.512,224.320,97.804,282.122
114.920,222.267,98.447,281.775
117.729,216.979,98.681,283.018
121.698,221.515,98.966,283.230
124.954,225.224,99.289,284.282
127.219,223.345,99.118,286.516
129.532,227.800,99.723,286.952
131.357,222.632,99.602,288.729
134.143,228.549,99.721,290.278
135.465,222.445,100.491,291.066
138.511,225.590,101.211,290.984
141.820,226.387,101.665,290.755
145.152,227.713,102.248,290.153
148.058,226.324,101.899,290.395
152.018,229.266,102.336,290.399
156.081,227.958,102.184,290.913
158.227,226.862,101.852,291.735
161.202,227.959,101.433,293.519
164.307,228.782,101.173,295.386
166.728,225.138,101.315,295.170
169.256,221.276,101.197,296.100
167.973,222.567,101.050,296.132
167.876,224.398,101.016,295.674
167.753,224.508,100.958,295.956
164.992,220.825,101.292,296.696
166.846,218.515,101.487,297.260
165.044,218.841,102.150,296.897
166.401,211.512,102.473,295.670
169.270,219.026,102.236,295.984
170.103,209.178,102.314,298.029
171.159,222.715,102.792,298.429
170.543,213.965,103.376,299.270
173.591,213.975,103.802,299.792
172.453,218.184,103.875,300.462
171.835,213.888,103.862,301.967
169.805,215.777,104.391,301.159
168.025,220.101,104.366,301.316
165.909,217.709,104.972,302.232
164.977,217.654,104.773,303.569
161.610,215.721,105.013,305.072
162.428,218.518,104.220,306.898
162.238,215.851,104.080,307.373
161.705,216.152,103.555,308.707
161.020,217.989,104.000,309.820
160.392,216.127,104.011,312.108
161.719,218.188,104.291,312.778
162.049,220.333,104.290,315.223
163.108,220.761,104.461,318.408
161.954,218.860,104.898,321.381
161.578,219.829,105.750,323.192
161.209,216.993,106.063,325.159
161.924,214.418,107.566,325.780
162.883,216.554,108.482,326.490
164.114,215.208,109.753,326.863
163.958,213.020,110.717,328.224
166.988,210.499,111.110,328.567
169.884,218.827,111.608,329.066
170.630,216.772,111.875,332.649
171.539,216.073,112.088,336.190
173.442,209.813,112.635,338.310
174.915,209.272,113.039,340.354
175.224,214.445,113.680,342.225
176.549,214.750,114.609,343.191
173.733,215.025,115.248,344.969
171.325,213.790,116.261,347.064
168.562,214.423,117.439,348.112
166.214,211.848,118.342,351.467
165.381,207.333,118.967,354.403
160.007,213.305,119.747,356.564
157.403,200.722,120.334,359.377
156.738,192.628,120.870,363.023
156.311,189.470,122.139,365.312
161.038,191.231,122.457,367.204
165.511,199.379,122.844,367.104
168.572,203.270,123.022,368.159
171.290,206.717,123.320,369.022
175.005,207.842,123.896,369.094
181.388,215.550,124.495,367.782
185.771,219.794,125.002,367.532
189.211,215.635,124.846,369.010
192.342,205.921,125.372,369.849
193.422,208.190,127.297,368.735
199.097,197.994,127.541,368.411
202.526,203.042,127.735,368.593
201.400,189.404,128.080,370.207
198.703,179.036,128.156,371.389
201.031,176.964,128.827,370.461
197.157,164.717,129.358,370.555
195.932,160.966,129.465,370.411
195.643,152.423,129.661,369.989
194.713,161.263,130.063,368.820
192.868,153.301,130.251,367.505
190.844,158.747,130.923,366.035
192.880,164.442,130.989,366.085
193.670,162.685,130.389,368.249
195.672,178.327,129.510,369.731
195.289,193.455,128.979,372.052
193.641,193.664,129.320,369.877
189.349,202.601,129.976,366.871
184.879,203.273,131.058,364.354
182.114,199.079,130.179,364.063
177.306,198.689,130.341,361.926
172.554,194.534,129.946,360.281
166.374,191.959,129.500,359.158
160.433,179.375,128.383,356.756
161.313,180.862,126.816,357.119
154.144,171.385,125.875,357.059
153.600,169.985,124.953,355.638
150.274,168.115,124.190,353.339
151.388,175.898,124.238,351.032
155.885,163.783,123.691,349.700
159.650,166.006,122.359,348.512
160.089,159.483,121.963,347.253
160.830,167.361,122.232,344.933
164.119,163.039,121.293,344.699
166.534,179.413,120.990,342.825
166.817,171.159,120.619,341.463
169.798,179.821,119.495,340.566
169.954,181.483,118.996,337.869
170.916,187.301,117.985,336.603
172.832,187.900,117.966,335.358
176.921,198.546,118.075,334.060
178.909,194.185,117.622,332.647
181.910,207.482,116.605,332.255
182.564,195.024,115.855,332.190
189.343,203.412,115.235,332.658
187.616,204.379,115.518,331.188
187.477,202.679,116.366,330.001
186.751,203.946,116.534,329.055
186.039,201.305,116.352,329.258
188.553,185.120,115.696,333.063
189.177,178.808,115.341,336.250
190.252,168.368,116.295,337.186
192.424,165.144,117.885,335.955
193.021,164.019,119.846,333.280
195.363,165.941,121.361,332.105
198.352,170.876,122.493,332.873
202.808,168.722,123.306,333.177
207.457,168.764,123.764,331.441
212.183,177.504,122.717,332.347
213.888,186.270,121.884,332.016
216.308,183.606,120.854,332.170
216.130,195.977,119.393,331.896
215.825,198.176,118.455,329.552
213.265,202.931,118.150,325.823
210.144,201.611,117.117,324.547
207.390,210.173,116.007,322.640
204.090,213.171,115.303,320.302
203.067,205.154,114.210,320.960
204.306,204.811,113.431,320.617
203.417,205.484,112.848,319.326
205.828,206.872,112.495,318.902
207.012,205.784,111.764,318.199
208.831,210.288,110.818,318.298
209.716,212.143,110.146,319.149
206.291,200.488,109.823,321.569
207.191,203.147,110.075,320.878
208.565,206.095,109.479,322.017
210.335,204.951,108.791,323.803
208.725,214.541,108.517,325.555
205.520,211.006,108.874,326.443
203.383,209.021,109.108,327.882
203.106,218.429,109.351,327.964
198.727,218.472,109.556,328.486
197.005,214.095,110.073,330.072
193.061,214.363,110.983,330.621
188.202,216.866,111.921,331.423
182.518,212.683,113.798,333.140
177.656,208.034,114.919,335.493
172.582,209.794,116.744,335.548
166.820,209.614,118.772,336.626
160.494,203.849,121.093,338.295
159.186,200.573,123.695,338.723
153.669,197.739,126.017,340.240
152.443,191.042,126.991,342.374
152.257,183.532,126.616,345.703
154.147,183.717,126.559,348.815
152.550,186.214,126.444,349.938
152.775,186.450,127.177,350.329
151.254,187.200,128.384,350.194
148.203,184.536,128.967,351.109
150.498,182.396,130.068,351.532
146.837,183.118,131.067,352.216
144.844,182.565,131.207,353.436
146.332,183.656,132.228,353.778
144.317,184.849,133.111,353.270
144.798,185.320,133.649,354.062
146.607,186.167,133.353,355.823
146.232,190.946,133.008,356.145
146.801,196.282,133.429,357.026
146.394,202.763,134.292,356.815
143.774,204.375,135.130,357.516
141.758,194.187,135.319,359.823
140.890,193.769,136.786,361.589
137.684,197.770,138.492,362.440
138.013,189.640,139.040,365.457
139.519,184.376,139.615,367.150
141.352,188.197,139.902,367.833
141.814,187.671,140.317,369.876
143.872,185.899,140.245,372.635
145.051,181.260,139.903,373.932
148.061,179.551,139.541,374.583
148.340,183.075,139.199,376.505
148.623,179.232,139.156,379.917
146.697,180.514,138.978,381.298
146.527,186.657,138.853,381.882
145.397,180.456,139.349,383.165
141.607,182.554,139.737,382.934
142.177,184.312,140.468,381.625
138.663,187.615,141.167,380.822
135.982,183.954,143.437,379.058
137.134,181.783,144.428,376.092
135.310,185.310,142.894,375.765
136.002,187.524,142.437,374.888
134.298,186.918,142.396,374.036
133.809,184.316,141.636,373.501
132.114,185.050,140.259,372.933
132.543,188.778,139.845,372.556
132.662,191.729,139.516,372.152
131.901,196.721,139.996,370.023
128.812,197.611,140.854,368.664
121.624,198.273,142.148,367.757
123.247,187.062,142.081,367.172
127.731,181.555,141.974,367.873
127.098,189.343,141.285,368.721
127.938,179.018,141.322,370.036
125.953,192.848,140.745,371.259
132.113,178.743,140.219,372.397
130.171,203.113,139.625,370.282
134.712,186.699,139.686,369.885
133.768,206.541,138.220,370.030
141.032,201.764,138.000,371.862
146.226,209.902,136.305,371.764
148.888,205.252,135.165,371.683
150.671,209.300,133.812,371.428
149.488,210.808,133.114,372.138
151.036,211.982,132.293,371.421
153.075,210.211,130.793,373.739
152.005,201.074,131.231,376.568
149.792,194.294,130.902,380.596
148.704,187.497,130.976,384.107
146.574,176.334,131.079,388.545
147.367,164.684,131.766,390.623
150.166,159.899,133.238,388.272
151.668,155.631,133.359,388.202
150.424,152.628,133.618,388.846
154.146,147.580,133.312,389.827
154.253,143.577,133.250,390.693
155.512,144.766,133.042,389.012
154.344,147.666,134.078,386.723
156.728,148.388,135.482,383.389
160.172,153.499,135.903,381.389
162.357,160.305,136.164,379.563
161.146,154.915,136.323,381.812
162.428,151.266,136.348,379.602
163.729,156.992,135.080,378.741
165.712,164.436,133.453,379.318
168.677,172.579,131.961,379.354
166.722,178.476,131.474,377.195
166.624,190.117,131.018,372.922
165.756,198.709,130.970,368.177
166.156,216.174,131.126,361.971
167.116,196.949,130.404,362.070
167.561,211.129,130.338,358.704
165.375,223.875,131.391,351.572
164.663,229.565,129.365,349.594
164.231,225.613,128.486,346.346
165.452,230.008,127.061,344.149
165.451,232.232,125.684,341.665
166.842,235.969,124.519,339.525
167.133,228.375,124.113,338.032
167.843,230.164,123.269,337.131
167.328,232.498,122.575,336.026
168.663,233.061,121.548,334.417
168.805,233.300,120.269,333.987
168.255,225.078,119.046,335.897
167.224,234.298,118.117,336.786
168.445,228.986,116.653,338.847
167.148,230.164,116.299,341.077
167.033,225.914,116.232,343.434
166.311,229.696,116.825,344.071
165.523,226.816,117.245,346.071
162.457,224.712,117.490,349.327
161.040,222.684,117.902,352.248
160.754,216.468,118.377,356.047
158.612,216.143,119.097,356.540
156.908,208.177,118.759,360.660
154.846,204.576,119.966,360.943
154.434,206.279,121.345,362.010
148.612,206.435,122.757,362.285
148.583,210.824,123.908,363.150
147.787,208.982,125.048,364.704
147.874,211.171,126.089,365.977
146.717,211.874,127.256,367.489
146.806,209.805,129.347,366.543
146.456,202.459,131.395,366.555
149.044,206.110,132.895,363.553
145.765,205.107,134.276,364.965
144.322,205.079,135.966,365.812
138.801,206.393,140.687,362.275
133.390,209.118,144.110,359.597
132.026,208.743,148.210,354.867
132.365,223.722,150.692,350.749
132.918,221.220,151.844,346.338
134.808,230.655,151.732,344.543
137.115,238.788,152.064,341.809
138.348,242.811,152.318,338.935
138.832,241.433,150.679,338.725
139.989,245.685,150.637,335.814
137.562,252.400,150.578,335.348
137.826,245.674,148.880,335.531
140.556,244.708,144.011,340.559
139.975,242.772,144.580,338.391
139.058,238.753,144.688,338.894
138.806,237.119,146.251,337.463
137.960,241.728,148.167,334.957
136.971,244.004,148.139,334.016
137.439,230.108,147.332,336.618
137.727,238.103,147.741,338.446
134.794,240.454,147.942,340.399
132.355,243.904,148.082,343.157
130.641,238.916,144.132,353.927
132.279,230.426,142.018,361.072
132.909,233.017,140.759,365.825
128.116,224.821,139.081,371.272
128.703,223.824,138.653,373.432
129.703,220.974,138.442,375.290
125.857,224.731,137.646,378.348
122.797,232.809,137.676,378.001
118.053,227.696,136.588,383.512
114.556,220.189,136.139,385.232
114.511,224.723,137.717,385.115
115.263,219.950,138.069,386.549
114.002,213.472,138.198,387.602
114.104,215.195,139.364,388.655
112.317,218.353,140.208,391.192
110.689,215.068,142.063,394.838
106.085,209.435,145.683,395.823
104.467,204.435,148.031,395.642
103.926,202.564,150.493,395.874
104.619,202.766,151.697,394.911
109.157,199.701,151.315,396.450
110.452,208.323,151.855,396.200
116.521,207.959,150.353,396.285
120.921,212.192,150.153,395.455
122.877,214.178,149.570,394.777
125.307,209.057,149.846,394.553
126.624,205.984,148.985,395.977
126.075,207.019,148.977,394.457
125.292,206.768,149.239,394.205
127.350,197.416,148.703,394.262
124.782,206.708,152.384,390.148
124.199,202.478,155.307,385.960
121.743,204.778,156.779,385.301
119.701,198.796,158.630,382.263
116.923,201.059,158.887,382.745
117.126,202.496,158.942,382.673
113.335,204.435,160.343,380.859
110.141,202.115,161.206,380.922
105.205,196.573,162.353,380.415
99.684,197.766,163.096,379.640
101.196,198.962,162.335,380.559
95.610,211.247,164.082,377.987
93.387,207.289,164.494,378.126
92.229,209.395,165.032,377.729
90.920,211.577,165.966,377.723
87.477,219.459,166.825,378.261
86.106,218.417,167.844,379.010
82.282,219.510,169.956,377.408
74.660,223.245,173.540,374.406
70.781,220.967,174.468,374.429
63.150,226.560,176.747,372.093
61.365,223.753,177.365,372.668
59.688,221.015,178.988,370.775
59.257,221.537,181.025,367.410
59.898,232.202,181.410,365.619
55.273,236.384,181.888,366.802
52.218,233.804,182.248,369.956
51.376,236.946,183.014,370.159
44.600,240.612,184.288,370.056
36.974,246.530,186.865,368.680
35.499,255.242,188.521,367.931
31.241,252.020,189.316,371.272
28.776,246.197,188.887,375.128
22.676,237.937,189.673,376.700
18.559,230.662,191.737,375.617
14.383,215.568,191.807,375.725
9.669,205.890,191.530,374.558
6.879,201.002,192.524,370.769
5.200,195.450,193.094,366.685
0.876,195.127,192.054,364.763
0.239,193.546,189.842,365.898
0.956,188.563,185.966,369.117
2.763,186.281,181.498,372.828
4.426,187.279,177.283,375.745
6.865,181.854,174.413,377.402
4.746,180.734,173.243,376.578
3.684,176.183,172.220,376.780
5.369,176.734,170.267,381.392
7.137,180.411,170.137,384.663
12.139,182.521,171.088,385.242
17.456,188.126,171.800,382.593
22.336,195.803,171.147,383.319
24.464,204.547,173.252,380.537
27.462,197.289,174.511,378.132
33.292,198.640,175.920,373.603
35.239,194.782,175.808,372.808
41.068,201.122,176.215,371.236
46.322,210.112,177.039,367.209
51.811,212.480,177.955,361.554
81.870,220.262,174.433,362.682
85.281,222.087,171.395,363.879
93.592,236.157,169.637,362.763
99.671,238.791,170.112,357.698
103.928,244.023,169.812,354.687
110.019,237.428,168.179,355.569
121.983,242.455,165.866,355.227
131.615,235.200,162.705,355.898
139.746,236.096,158.588,356.718
149.116,228.681,155.269,356.793
156.096,220.293,152.508,355.369
157.912,238.009,150.617,353.324
