99.000,237.000,27.000,82.000
99.766,242.447,27.389,81.554
100.841,244.064,27.994,80.888
105.817,242.207,28.635,80.580
106.282,244.423,29.034,80.624
111.929,242.719,29.405,80.653
111.810,242.491,29.702,80.724
111.026,246.641,30.848,79.445
117.436,243.871,30.727,79.696
116.875,240.059,30.543,79.867
116.560,239.271,30.331,80.096
116.133,239.540,30.010,80.643
116.834,238.278,29.820,80.891
116.892,234.653,29.727,80.768
117.800,231.570,29.465,81.034
119.198,229.179,29.153,81.411
119.983,227.819,29.093,81.997
120.788,227.645,29.293,82.410
121.061,227.559,29.752,82.502
126.836,226.710,30.321,82.668
126.207,225.755,30.871,82.659
125.657,225.477,31.308,82.825
125.840,223.550,31.660,83.026
126.240,224.625,32.745,81.845
126.634,226.492,33.509,81.029
133.077,224.940,32.993,81.584
133.429,226.381,32.644,82.138
134.002,226.233,32.509,82.176
134.405,224.585,32.332,82.353
135.552,223.814,31.970,82.829
137.151,225.322,31.638,83.435
143.686,221.741,31.365,83.988
143.799,222.363,31.177,84.587
143.825,221.466,31.265,84.913
144.163,223.035,31.580,85.131
143.937,221.610,31.745,85.078
135.952,224.859,32.969,83.233
135.741,224.986,32.769,83.620
135.352,223.335,32.591,83.998
127.818,226.697,33.866,82.326
128.551,224.901,33.400,82.783
126.679,229.240,33.938,81.626
124.943,227.043,34.101,80.911
124.492,224.750,33.183,81.824
124.156,223.710,32.334,82.668
123.295,225.076,31.491,84.085
123.154,224.353,31.218,84.719
122.298,224.711,31.440,85.006
122.580,225.702,31.908,84.788
121.798,228.563,32.902,83.293
120.332,227.457,32.744,83.856
119.028,227.275,32.721,84.258
119.425,226.619,33.017,84.429
119.644,227.372,33.095,84.637
120.622,228.865,33.091,85.128
121.442,226.231,33.133,85.240
122.846,225.014,33.250,85.090
124.775,223.105,33.203,85.083
125.931,222.700,33.069,85.327
127.854,224.300,32.965,85.390
130.232,227.220,32.855,85.586
130.523,226.540,32.503,85.854
131.692,225.450,32.599,85.550
137.084,223.330,32.716,85.282
136.607,225.466,32.855,85.070
137.407,224.567,33.241,84.516
138.535,225.582,34.385,83.294
140.448,225.116,34.254,83.377
146.847,225.680,33.602,83.933
147.420,226.522,33.136,84.254
147.836,225.614,32.578,84.559
148.641,226.229,32.329,84.476
148.985,226.749,31.963,84.089
154.920,228.603,31.586,84.366
154.762,226.253,31.383,84.761
154.850,222.807,31.553,84.614
155.081,222.411,31.760,84.700
154.683,221.167,31.662,85.437
155.006,220.005,31.675,85.870
155.761,218.976,31.776,86.257
156.427,217.632,31.830,86.414
157.482,216.971,31.949,86.242
158.553,220.529,32.292,85.808
164.283,219.471,31.655,86.473
164.874,221.299,31.311,86.080
165.201,221.519,30.901,85.938
165.561,227.777,30.686,86.168
166.469,225.448,30.561,86.825
165.917,224.615,30.832,86.529
166.061,224.360,31.088,86.380
167.533,224.713,31.583,85.867
169.355,224.285,32.089,85.324
175.158,223.786,31.977,85.581
175.437,224.657,31.855,85.442
177.425,225.326,31.558,85.580
183.708,225.303,31.697,85.309
182.751,226.001,31.473,85.281
183.085,225.229,31.406,85.125
184.810,222.127,31.559,84.786
190.302,222.422,31.549,84.735
191.297,221.712,31.752,84.722
192.622,221.084,32.002,84.693
193.406,221.514,32.166,84.297
193.320,222.617,32.159,84.130
193.479,223.064,31.896,84.061
193.411,223.937,31.768,84.000
192.716,224.327,31.573,84.008
192.344,224.633,31.304,84.245
192.887,224.627,31.332,84.386
192.938,225.990,31.350,84.791
191.917,223.381,31.503,84.953
191.591,224.284,31.579,85.150
190.812,224.940,31.761,85.119
189.733,225.970,31.855,85.155
189.076,227.053,31.916,85.088
188.257,228.459,31.741,84.985
187.305,231.423,31.755,84.508
186.683,231.416,31.434,84.445
187.031,234.114,31.069,84.524
187.920,234.689,30.972,84.507
188.692,230.013,30.916,84.742
189.793,231.474,31.030,84.653
190.904,231.958,31.396,84.380
191.652,233.228,31.734,84.163
192.044,235.292,33.016,82.383
199.135,234.135,32.837,82.839
205.796,233.435,32.419,83.129
205.013,231.970,32.226,82.805
203.379,230.816,32.071,82.113
198.179,229.812,31.701,81.671
200.225,229.394,31.179,81.615
200.735,226.626,30.766,81.421
200.154,223.802,30.777,81.022
199.537,224.418,30.918,80.740
199.807,228.132,32.052,78.500
200.232,228.339,32.978,76.895
200.098,231.125,33.354,75.670
206.690,231.123,32.516,76.167
207.142,231.682,31.873,76.525
208.002,231.583,31.221,77.040
209.948,229.068,30.683,77.776
215.877,226.519,30.079,78.376
217.762,226.490,29.679,78.992
218.924,224.716,29.555,79.151
219.356,224.870,29.706,78.671
225.716,225.911,29.769,78.146
226.466,228.126,29.801,77.838
232.240,228.062,29.576,77.970
232.753,228.038,29.509,77.853
232.957,229.960,30.057,76.742
233.225,230.436,30.515,75.803
224.082,244.566,34.641,71.268
222.815,245.036,37.524,68.134
228.347,246.380,39.968,65.436
215.848,244.568,38.145,67.328
215.977,246.922,35.606,70.485
217.345,244.258,34.068,72.184
219.114,243.673,33.102,73.283
219.264,246.526,33.043,72.961
225.937,241.300,32.280,74.065
226.926,241.781,32.285,73.830
227.225,242.511,31.696,74.142
233.000,239.275,31.212,74.894
232.541,240.715,30.719,75.575
233.701,237.642,30.316,76.278
234.382,239.995,29.779,77.032
234.847,237.580,29.265,77.789
235.220,235.997,28.968,78.204
234.911,234.873,28.946,78.385
235.346,235.784,28.945,78.398
234.799,235.417,29.109,78.092
233.866,239.591,30.057,76.547
231.640,254.871,34.507,71.238
237.506,239.983,33.584,72.043
237.416,238.789,32.881,72.626
242.246,237.583,32.057,73.603
241.590,238.686,30.941,75.037
241.823,238.775,30.059,75.801
243.013,238.945,29.468,76.279
244.064,238.215,28.943,76.926
244.932,237.283,28.516,77.299
246.050,236.178,28.115,77.653
246.857,237.255,27.855,77.804
246.952,239.031,27.704,77.875
245.794,241.197,27.584,77.864
245.566,235.039,27.358,77.778
245.782,235.654,27.254,77.296
250.318,234.878,27.327,76.535
248.773,237.088,26.954,76.471
247.335,236.851,26.384,77.321
246.549,232.593,26.323,76.957
245.370,237.231,26.497,77.325
243.860,235.594,26.455,78.242
242.231,235.952,26.605,78.621
240.047,235.159,26.725,78.901
237.913,234.069,26.805,78.571
236.011,234.410,26.839,77.909
236.546,235.056,26.868,77.113
236.358,235.078,26.794,76.369
235.142,235.956,26.577,75.621
234.033,237.277,26.187,75.357
233.139,239.439,26.150,75.078
232.056,239.049,26.340,75.073
232.532,238.853,26.469,75.086
233.224,240.087,26.529,74.954
233.208,239.311,26.529,75.153
233.712,239.387,26.269,75.300
234.150,239.948,26.116,75.111
233.379,239.396,25.868,74.782
232.804,240.043,25.579,74.704
232.389,239.404,25.447,74.198
231.346,240.100,25.343,73.978
231.334,238.897,25.410,73.693
230.875,238.254,25.639,73.352
230.743,239.189,26.213,72.365
230.741,237.997,26.390,72.443
235.656,241.734,27.851,70.492
234.778,240.520,28.581,69.416
234.167,239.734,29.176,68.502
232.662,243.986,29.434,67.943
232.262,241.436,28.725,68.459
230.905,245.253,29.043,67.327
230.386,242.521,28.080,68.426
230.718,241.529,27.373,69.078
230.753,241.850,26.783,69.973
230.066,240.246,26.566,70.571
229.923,238.091,26.673,70.868
229.186,240.179,27.674,69.513
229.703,238.880,28.172,68.700
230.007,230.083,28.569,67.956
231.157,234.434,27.805,68.623
229.984,240.117,27.807,68.222
229.130,244.811,27.018,69.103
228.042,237.666,26.589,69.325
227.581,237.753,26.185,69.550
227.528,237.551,26.774,68.694
227.765,238.698,26.440,68.993
226.473,235.983,26.368,69.145
226.017,236.173,26.198,69.123
225.133,237.772,26.176,69.143
225.335,237.020,26.081,69.253
225.927,235.955,25.917,69.155
226.223,238.553,25.706,69.171
226.326,234.030,25.568,69.127
225.765,237.047,25.240,69.759
227.091,235.923,24.943,70.327
229.225,239.681,24.858,70.805
230.912,237.082,24.619,71.410
230.217,235.653,24.484,71.902
229.830,237.027,24.519,71.884
230.769,236.731,24.845,71.500
231.089,238.129,25.031,70.509
231.226,238.296,25.256,69.555
232.055,241.112,25.215,68.889
233.129,242.130,24.993,68.678
234.098,241.624,24.832,68.853
233.525,243.747,24.599,68.825
232.817,243.361,24.460,68.893
233.081,241.423,24.589,68.386
233.885,240.693,24.711,67.885
234.638,239.061,24.947,67.379
235.085,236.477,24.965,67.008
234.801,234.850,24.868,67.152
239.489,233.903,24.537,67.424
239.424,237.495,24.583,66.570
240.067,241.096,24.662,65.950
241.383,240.950,24.607,65.477
241.983,240.880,24.447,65.103
242.258,239.793,24.133,65.293
242.170,242.077,24.016,65.503
242.413,239.213,24.042,65.462
243.085,238.990,24.055,65.650
243.008,238.511,24.098,65.829
242.426,237.351,24.179,65.804
241.770,237.437,24.023,66.180
240.915,236.418,23.764,66.617
239.381,240.675,23.788,66.449
238.832,240.062,23.434,67.016
238.162,239.379,23.220,67.578
237.650,239.448,23.313,67.457
237.039,240.075,23.370,67.286
237.462,239.623,23.632,66.886
236.246,237.253,24.067,66.118
235.419,235.671,24.122,66.038
234.677,234.612,24.190,66.115
233.714,238.493,24.168,66.492
233.823,237.297,24.293,66.269
233.227,234.469,24.079,66.425
232.721,231.264,23.699,66.804
232.782,227.412,23.446,67.172
233.151,226.876,22.882,67.747
228.676,229.585,22.887,67.820
228.969,228.270,22.433,68.308
229.623,232.942,22.318,68.226
230.443,238.552,22.579,67.593
230.973,242.013,23.061,67.105
231.597,240.974,23.440,66.497
231.991,244.228,24.033,65.475
232.759,240.318,24.202,64.673
233.060,238.814,24.131,64.225
233.866,237.365,23.858,64.027
234.077,236.280,23.720,63.972
234.414,234.794,23.504,64.035
235.138,235.208,23.432,63.877
235.747,238.576,23.200,63.930
236.408,242.104,23.226,63.818
237.228,239.377,23.212,64.012
238.114,241.271,23.337,63.739
238.434,238.467,23.248,63.879
244.063,237.426,23.336,63.983
244.442,239.617,23.448,63.798
245.352,231.455,23.381,63.821
244.850,234.506,23.081,64.334
245.124,234.583,22.952,64.408
245.988,238.152,22.891,64.436
247.036,236.329,22.844,64.691
247.492,232.780,22.993,64.995
247.350,234.212,23.060,65.338
247.599,232.086,23.178,65.678
247.612,233.425,23.520,65.737
247.692,234.360,23.770,65.504
247.614,236.200,23.936,65.448
242.831,236.616,23.890,65.594
242.493,238.233,23.983,65.947
241.993,236.450,23.848,66.863
241.218,237.922,23.446,67.783
241.369,236.974,23.165,68.685
240.122,234.978,23.539,68.256
238.565,236.772,23.831,67.741
233.482,236.674,24.429,67.418
234.235,236.295,24.964,67.010
233.253,239.285,26.238,65.328
233.542,238.843,26.078,65.103
233.916,238.721,25.652,65.564
235.618,237.368,25.245,65.773
235.105,240.983,24.982,65.785
235.238,241.461,24.487,66.615
236.165,240.909,24.240,66.914
236.656,239.513,24.281,66.760
237.332,237.934,24.298,66.652
239.036,237.325,24.282,66.541
241.428,236.154,24.108,66.757
242.469,235.414,23.764,67.287
243.700,236.238,23.797,67.270
248.441,237.871,24.075,67.191
249.357,238.252,24.090,66.994
250.991,237.610,24.033,66.887
252.471,237.817,23.844,67.154
253.881,239.237,24.181,66.543
259.165,240.123,24.030,67.265
260.051,238.272,23.997,67.785
260.322,236.988,23.967,68.598
265.727,237.679,24.184,68.695
265.832,236.362,24.499,68.777
265.858,236.299,24.559,68.578
266.620,236.588,24.736,68.178
267.051,238.458,24.549,68.076
267.412,236.404,24.671,67.776
269.370,236.068,24.628,67.747
269.768,235.400,24.380,67.939
269.597,235.110,24.304,67.857
271.245,234.282,24.632,67.226
273.210,232.686,24.816,67.110
274.050,232.292,24.734,67.144
274.887,233.075,24.696,67.131
279.907,232.357,24.491,67.347
280.212,232.302,24.132,68.247
280.050,232.503,23.767,68.953
279.895,231.470,23.672,69.065
279.423,231.546,23.595,69.401
280.521,230.152,23.650,69.687
282.857,230.894,23.736,69.656
283.329,229.393,23.608,70.256
282.944,231.479,23.673,70.335
282.144,230.167,23.737,70.519
282.736,231.150,23.895,70.241
287.836,231.830,24.503,69.841
287.060,230.018,25.378,68.609
285.728,234.682,25.416,69.189
285.037,230.287,25.239,70.198
284.996,226.967,25.030,71.079
284.484,224.314,24.679,72.114
283.738,222.338,24.310,73.183
283.573,224.601,23.787,74.645
282.753,216.378,23.834,74.656
282.061,210.553,24.101,74.421
282.236,202.599,24.413,74.464
282.284,202.470,24.761,74.657
282.537,202.305,24.991,75.130
282.468,201.570,25.220,75.592
282.360,200.776,25.389,76.097
282.256,199.533,25.765,76.117
282.014,198.772,26.007,76.269
281.684,198.400,26.163,76.382
281.406,202.832,26.076,76.735
280.861,201.226,26.128,77.056
280.578,200.735,26.217,77.246
279.702,200.069,26.294,77.370
279.021,199.851,26.279,77.625
278.898,200.531,26.150,77.625
277.994,200.624,26.051,77.501
277.653,200.787,25.915,77.383
277.567,202.209,25.854,77.248
276.862,201.941,25.771,77.238
276.083,201.876,25.760,77.408
274.962,201.284,25.899,77.237
269.241,202.070,25.994,77.052
263.384,202.644,27.429,75.282
263.735,203.670,28.806,73.526
263.389,204.546,29.739,72.241
263.547,205.188,30.477,71.165
263.303,204.665,31.270,70.025
263.042,203.823,31.740,69.140
262.449,209.094,31.910,69.296
257.723,210.522,31.728,70.041
258.953,210.574,31.538,70.583
258.987,209.796,31.386,71.117
254.587,210.475,31.133,71.743
254.160,208.430,30.930,72.747
252.540,206.911,30.894,73.111
251.595,205.250,30.100,74.767
244.773,203.416,29.500,76.093
237.957,200.956,29.267,76.882
237.674,199.304,29.066,77.268
237.857,197.717,28.667,78.297
237.573,198.071,28.536,78.976
231.329,198.056,28.461,79.645
231.446,197.095,28.457,80.411
231.533,199.095,28.584,80.982
231.453,199.837,28.473,81.470
231.086,199.043,28.261,82.493
225.111,199.483,28.248,83.154
225.049,199.854,28.190,83.542
224.503,200.885,28.286,83.852
223.813,200.376,28.440,83.918
222.938,200.929,28.622,84.051
221.936,201.221,28.813,84.143
215.268,201.506,28.996,83.921
214.931,200.725,29.017,83.914
215.210,206.408,29.086,83.806
214.392,206.768,29.262,83.548
213.408,207.085,29.201,83.599
212.596,207.238,29.173,83.707
211.875,207.334,29.126,83.794
211.339,208.469,29.081,83.776
210.436,209.369,29.122,83.796
209.380,208.312,29.155,83.859
208.590,206.334,29.267,83.652
207.999,205.995,29.200,83.641
206.897,205.198,29.195,83.586
205.465,210.947,29.295,83.419
204.764,211.326,29.326,83.150
203.898,212.333,29.330,83.092
203.182,213.990,29.246,83.123
201.942,214.513,29.366,82.990
200.796,214.766,29.311,83.332
199.767,214.655,29.154,83.598
198.471,219.601,29.277,83.516
191.734,220.500,29.432,83.144
191.071,221.326,29.503,83.031
190.178,219.861,29.494,83.157
189.247,218.903,29.409,83.414
181.967,218.313,29.492,83.449
181.049,217.771,29.431,83.566
180.114,217.184,29.565,83.599
173.730,216.892,30.489,82.391
172.934,217.747,30.416,82.349
165.697,218.907,30.210,82.683
165.268,219.407,30.029,82.828
164.272,218.462,29.976,83.088
157.565,215.317,29.960,83.187
157.517,215.478,29.891,83.151
156.576,216.802,29.945,83.111
155.286,215.547,29.799,83.399
154.202,214.664,29.626,83.901
153.495,214.707,29.572,83.934
152.482,220.066,29.457,84.252
152.175,220.244,29.439,84.433
151.786,220.851,29.340,84.532
151.468,221.073,29.375,84.763
150.973,220.727,29.463,84.902
150.634,220.769,29.533,85.180
151.407,221.500,29.570,85.000
151.497,222.590,29.614,85.156
157.219,223.335,29.565,85.376
156.397,223.549,29.456,85.311
155.910,224.452,29.462,85.151
154.653,224.772,29.588,85.323
147.810,223.569,29.774,84.864
147.551,224.217,29.815,84.923
146.729,217.807,29.977,84.595
139.149,219.495,29.967,84.669
131.779,217.264,29.994,84.668
124.225,217.684,30.837,83.381
123.636,218.938,30.685,83.428
122.322,218.995,30.594,83.648
115.216,218.814,30.512,83.684
108.760,220.256,30.425,83.719
107.769,222.115,30.468,83.500
106.376,223.152,30.437,83.410
99.090,224.894,30.403,83.471
98.042,226.102,30.423,83.470
90.966,227.649,30.334,83.393
90.328,229.539,30.262,83.337
88.789,228.200,30.095,83.634
87.964,228.958,29.933,83.701
86.706,230.340,29.828,83.724
85.700,231.405,29.770,83.808
79.262,232.927,29.660,83.876
79.085,232.676,29.597,84.064
78.548,233.574,29.602,83.896
77.201,232.658,29.607,84.028
76.306,233.415,29.562,84.107
74.822,234.017,29.597,84.042
67.902,235.652,29.567,84.133
67.695,235.587,29.526,84.333
67.533,235.799,29.392,84.531
67.291,236.363,29.402,84.399
67.640,237.685,29.406,84.321
67.502,238.569,29.452,84.307
67.550,239.035,29.404,84.463
67.244,239.920,29.355,84.641
66.593,240.802,29.348,84.677
66.019,241.618,29.356,84.653
65.367,241.918,29.382,84.656
64.346,241.092,29.563,84.460
57.855,240.928,29.712,84.131
57.434,239.792,29.817,83.829
56.437,238.662,29.790,84.030
55.223,236.882,29.839,84.203
54.526,230.628,29.753,84.285
47.771,230.775,29.826,84.114
47.396,230.655,29.836,83.926
47.171,230.260,29.915,83.731
46.428,230.562,30.008,83.613
38.939,229.609,30.150,83.476
38.001,229.531,30.040,83.777
31.635,229.538,31.034,82.501
24.205,238.099,30.761,83.055
22.690,239.699,30.654,83.334
13.896,239.951,31.588,82.187
12.800,241.979,31.202,82.519
6.407,235.969,30.927,82.747
5.844,236.008,30.893,82.880
4.846,235.440,31.532,81.872
3.927,235.084,32.056,80.986
3.407,236.257,31.424,81.671
3.012,236.955,31.059,82.259
2.628,236.777,30.686,82.902
2.592,236.390,30.442,83.293
2.491,236.306,30.247,83.640
2.398,235.992,30.195,83.868
1.855,236.401,29.954,84.296
1.428,238.400,29.816,84.444
1.949,239.647,29.589,84.734
2.338,235.570,29.479,84.728
3.889,238.433,29.396,84.379
5.415,239.200,29.392,83.978
6.125,233.308,29.630,83.509
7.389,235.680,29.708,82.991
13.208,237.644,29.672,82.891
11.714,239.651,30.688,81.123
11.457,241.498,30.410,81.205
11.822,242.959,31.188,80.022
12.630,243.045,31.708,79.118
12.174,242.997,31.904,78.455
12.548,243.337,32.161,78.041
18.581,243.146,31.444,78.966
18.143,242.565,30.842,79.700
17.983,242.482,30.329,80.389
17.944,244.085,30.034,80.755
18.618,243.899,30.624,79.963
19.535,242.672,30.907,79.373
20.509,242.592,31.123,79.055
20.599,242.469,30.445,79.977
20.614,242.959,30.056,80.264
21.282,240.848,29.894,80.436
22.367,240.748,30.482,79.676
22.992,240.318,30.009,80.239
29.201,240.515,29.763,80.686
29.127,241.308,29.619,80.973
29.623,240.937,30.259,80.214
36.048,240.257,29.940,80.633
35.908,240.801,29.692,80.962
41.795,240.645,29.659,81.118
41.136,240.865,29.547,81.156
41.059,240.154,29.369,81.386
46.954,240.539,29.300,81.667
46.237,240.908,29.248,81.786
45.789,240.665,29.226,81.992
45.656,242.118,29.230,82.181
45.892,241.881,29.236,82.260
45.792,241.773,29.184,82.423
45.727,241.605,29.185,82.447
46.285,241.284,29.307,82.218
46.739,240.458,29.312,82.113
46.620,241.296,29.258,82.130
46.085,240.361,30.118,80.907
46.312,240.660,29.938,81.182
47.228,239.117,30.604,80.165
47.516,238.515,30.287,80.512
47.987,237.812,30.071,80.739
48.584,237.541,29.737,81.124
49.197,236.644,29.488,81.306
49.835,236.821,29.268,81.520
50.113,237.210,29.168,81.584
50.313,237.554,29.129,81.700
56.327,236.210,29.030,81.838
55.873,235.450,28.982,81.888
55.535,236.465,28.845,81.947
55.094,236.378,28.819,81.832
54.633,236.487,28.778,81.785
53.877,236.229,28.751,81.988
53.232,238.109,28.613,82.039
52.861,238.174,28.629,82.047
52.404,238.845,28.749,81.903
51.837,239.051,28.746,81.992
51.551,238.569,28.743,82.063
50.510,238.984,28.873,81.972
50.058,238.799,28.718,82.368
49.863,239.936,28.731,82.351
49.840,241.480,28.724,82.439
49.596,241.275,28.797,82.626
48.921,241.878,28.812,82.674
48.831,242.909,28.821,82.675
48.220,243.315,28.856,82.458
48.144,243.064,28.983,82.316
48.244,242.917,29.130,82.290
48.828,243.052,29.209,82.076
54.851,243.213,29.179,82.337
53.973,243.610,29.013,82.545
53.540,243.881,28.980,82.563
53.619,243.169,28.954,82.820
53.869,243.644,28.998,82.847
54.089,243.259,28.988,82.942
54.192,243.408,28.958,82.977
54.007,243.755,29.017,82.941
53.460,245.771,29.070,82.754
53.414,245.962,28.938,82.877
53.357,245.618,28.838,83.157
53.043,245.809,28.841,83.001
52.392,245.598,28.815,82.936
52.094,247.471,28.741,83.050
52.204,246.997,28.710,83.089
51.836,246.958,28.631,83.189
51.831,247.330,28.518,83.355
51.844,247.318,28.556,83.323
51.882,247.603,28.606,83.441
52.676,248.423,28.705,83.241
52.848,248.955,28.718,83.249
53.148,250.001,28.791,82.988
53.941,249.927,28.811,82.848
54.570,250.320,28.880,82.666
54.655,250.430,29.017,82.469
54.670,250.267,28.983,82.390
54.686,249.772,28.997,82.694
54.909,249.263,29.100,82.823
55.251,249.555,29.232,82.811
55.171,248.630,29.213,82.859
54.762,248.268,29.185,82.860
55.072,248.082,29.236,83.230
54.961,246.285,29.303,83.262
54.739,244.097,29.273,83.393
54.557,243.315,29.360,83.507
54.568,243.663,29.369,83.762
54.447,242.721,29.363,83.933
54.354,241.331,29.324,84.060
