326.000,414.000,15.000,42.000
326.817,417.247,14.566,42.493
325.911,416.008,14.324,42.766
325.866,416.387,14.052,43.127
326.099,415.748,13.880,43.456
325.208,416.251,13.800,43.518
324.004,418.139,13.800,43.643
322.338,420.199,13.932,43.628
320.646,419.022,13.991,43.743
318.936,418.571,13.995,43.934
319.022,418.814,14.051,44.005
317.160,418.443,14.115,43.837
315.838,420.296,14.118,43.964
315.237,419.451,14.035,44.213
316.044,420.464,14.064,44.048
316.108,420.478,14.062,44.230
316.707,421.531,14.095,44.295
317.211,421.833,14.164,44.338
316.928,422.318,14.271,44.335
317.388,422.499,14.164,44.499
317.021,422.340,14.162,44.572
315.892,422.605,14.217,44.497
316.994,422.616,14.287,44.672
318.458,422.028,14.215,44.985
318.979,422.205,14.148,45.355
318.918,422.655,14.233,45.431
319.511,423.633,14.292,45.338
323.256,427.479,14.392,45.018
324.247,431.248,14.475,44.946
322.602,430.819,14.544,44.755
321.990,429.098,14.498,45.018
320.816,427.204,14.388,45.182
321.300,427.169,14.308,45.583
320.996,425.634,14.370,45.686
319.815,424.514,14.493,45.702
318.373,425.751,14.698,45.560
316.375,427.008,14.835,45.436
315.245,429.782,14.810,45.341
314.718,432.115,14.826,45.305
313.215,435.805,14.814,45.198
312.751,438.196,14.808,45.217
311.935,439.467,14.702,45.389
309.573,437.991,14.737,45.556
308.865,433.924,14.657,45.661
309.433,430.632,14.500,45.923
308.549,426.517,14.401,45.988
305.092,423.400,14.336,46.187
300.588,419.058,14.383,46.023
301.378,419.566,14.367,46.100
299.609,421.183,14.482,45.899
299.470,421.534,14.511,45.898
301.570,426.100,14.534,45.826
301.898,423.672,14.538,46.033
301.209,423.787,14.616,45.873
299.563,423.094,14.664,45.892
298.961,422.033,14.736,45.966
297.969,422.488,14.833,45.969
294.972,422.818,15.210,45.422
292.486,422.101,15.321,45.144
292.336,420.765,15.047,45.680
290.844,418.800,15.046,45.679
287.454,416.113,14.888,45.969
286.594,416.028,14.776,46.279
286.265,415.055,14.736,46.428
285.932,415.587,14.774,46.566
285.026,417.142,14.757,46.647
286.042,418.997,14.683,46.974
287.670,420.578,14.731,47.058
288.239,419.557,14.703,47.312
288.487,419.801,14.671,47.578
288.470,418.896,14.697,47.818
289.188,419.753,14.776,47.893
288.290,418.331,14.846,47.935
287.120,416.246,14.969,47.895
286.255,414.043,15.047,47.875
286.837,410.812,15.067,47.865
286.325,409.821,15.120,47.819
285.703,407.973,15.087,48.018
285.742,404.757,15.144,47.941
284.402,403.503,15.119,48.092
283.064,400.486,15.142,48.236
282.338,396.504,15.050,48.471
282.257,391.693,14.968,48.656
281.551,387.958,15.014,48.760
280.141,384.512,14.956,48.767
279.318,381.141,15.064,48.733
279.128,380.822,15.090,48.609
278.682,379.314,15.094,48.752
277.615,377.160,15.056,48.938
277.730,372.984,15.098,48.991
277.864,374.506,15.217,48.957
277.480,372.765,15.242,48.847
279.232,373.507,15.314,49.010
279.458,373.818,15.262,49.053
279.878,373.957,15.203,49.333
280.090,375.193,15.153,49.579
280.040,377.312,15.246,49.600
279.711,379.116,15.208,49.729
280.036,381.988,15.218,49.717
279.673,382.735,15.261,49.627
279.498,381.988,15.312,49.429
279.526,382.175,15.280,49.450
278.732,381.355,15.362,49.462
277.318,381.600,15.484,49.429
276.360,381.742,15.559,49.332
274.233,380.872,15.703,49.046
272.986,382.534,15.674,48.988
269.020,381.428,15.644,49.154
266.949,381.494,15.718,49.190
265.470,380.990,15.686,49.371
263.711,379.549,15.771,49.239
263.069,382.227,15.711,49.116
262.692,383.061,15.728,48.963
262.652,384.311,15.669,49.011
261.755,382.527,15.733,49.248
261.753,383.867,15.639,49.321
261.412,382.128,15.614,49.274
261.416,383.782,15.469,49.714
260.797,383.693,15.442,49.927
260.352,383.328,15.478,49.848
260.050,381.715,15.492,49.889
260.518,383.984,15.460,50.056
259.027,383.518,15.481,50.099
259.577,384.381,15.556,50.095
259.294,385.858,15.490,50.025
260.774,389.118,15.535,49.934
261.742,391.539,15.510,49.924
262.222,394.731,15.579,49.651
262.238,394.538,15.640,49.718
262.163,395.037,15.749,49.637
262.823,395.758,15.715,49.746
262.693,395.506,15.758,49.644
262.531,394.019,15.669,49.710
262.528,392.905,15.553,49.828
263.122,393.021,15.612,49.738
263.350,389.858,15.572,49.666
263.273,390.217,15.590,49.821
263.414,389.509,15.592,50.052
262.443,390.911,15.619,50.066
262.235,391.385,15.700,50.167
261.401,391.861,15.808,50.043
260.580,392.622,15.870,49.849
260.344,393.268,15.831,49.929
260.059,393.105,15.935,49.933
258.911,392.356,16.080,49.946
258.329,391.846,16.166,49.859
258.191,389.207,16.121,50.006
257.602,390.327,16.066,50.064
255.877,388.469,16.235,50.123
254.762,386.610,16.308,50.360
252.693,383.927,16.563,50.341
250.547,385.253,16.719,50.224
249.238,384.608,16.746,50.359
247.216,381.274,16.783,50.649
243.351,379.094,16.673,51.120
239.621,376.569,16.616,51.141
238.378,374.571,16.738,51.042
236.646,376.636,16.816,51.106
236.430,382.248,16.787,51.081
234.849,384.897,16.840,50.936
234.067,387.155,16.689,50.867
236.017,391.648,16.566,51.171
243.737,397.160,16.752,51.001
249.875,397.707,16.793,50.804
256.180,396.347,16.900,50.509
265.864,395.595,16.910,50.413
274.447,394.558,16.915,50.360
279.129,395.628,16.793,50.648
277.811,393.454,16.686,51.218
276.270,389.386,16.838,51.523
276.089,381.331,16.886,51.433
275.833,378.146,16.929,51.349
270.524,382.055,17.167,51.257
261.734,388.814,17.375,50.925
252.120,392.294,17.637,50.579
242.734,390.952,17.717,50.738
237.931,387.961,17.595,50.998
233.340,384.020,17.457,50.873
228.007,379.287,17.534,50.267
222.893,378.792,17.614,50.449
218.574,380.965,17.305,51.157
214.548,382.904,17.176,51.551
210.467,383.464,17.143,51.720
206.269,385.193,17.030,52.295
201.633,387.349,17.096,52.646
197.923,391.000,17.107,52.528
193.697,390.913,16.974,52.939
192.612,390.099,17.223,52.714
191.356,391.419,17.221,52.874
187.677,393.018,17.085,53.280
187.394,395.130,17.040,53.684
186.327,396.612,17.206,53.758
185.604,396.683,17.289,53.811
186.370,396.766,17.263,53.945
187.268,396.769,17.181,54.121
188.554,396.570,17.130,54.377
193.227,396.612,17.228,54.314
195.279,394.974,17.229,54.277
199.668,391.736,17.261,53.913
201.494,388.436,17.313,53.557
203.262,385.818,17.306,53.543
207.146,385.059,17.261,53.838
207.773,385.736,17.169,54.340
209.605,389.687,17.240,54.342
214.415,391.451,17.301,54.441
218.488,392.132,17.367,54.542
218.910,391.695,17.509,54.298
219.920,390.681,17.575,54.290
219.503,390.462,17.629,54.274
214.907,390.968,17.696,54.225
210.361,392.820,17.630,54.580
208.754,395.467,17.641,54.434
206.737,396.653,17.788,54.049
206.555,399.189,17.726,53.821
204.982,400.855,17.862,53.492
204.162,400.937,17.772,53.729
204.600,401.435,17.544,54.060
205.867,402.624,17.520,54.206
205.414,402.207,17.563,54.331
206.777,401.791,17.429,54.524
210.489,402.280,17.423,54.535
210.960,401.019,17.308,54.760
211.221,399.830,17.210,54.855
211.988,400.919,17.273,54.759
213.408,403.395,17.459,54.514
215.252,402.911,17.438,54.618
216.257,403.078,17.432,54.749
217.340,404.533,17.441,54.898
219.106,405.584,17.359,55.224
219.238,407.835,17.364,55.400
218.935,414.043,17.414,55.671
219.828,416.411,17.689,55.450
219.404,419.319,17.791,55.182
217.618,422.149,18.133,54.665
215.873,423.934,18.342,54.354
214.000,426.202,18.446,54.144
212.410,431.919,18.451,54.521
208.305,431.918,18.494,54.899
207.200,428.470,18.581,55.705
208.288,428.125,18.549,56.444
208.674,426.422,18.515,56.995
208.726,424.002,18.492,57.831
209.673,423.164,18.346,58.723
209.093,420.479,18.376,59.767
209.648,420.669,18.399,60.792
210.087,417.209,18.521,62.164
210.744,416.840,18.763,63.158
210.297,419.647,19.164,63.566
211.042,420.531,19.462,64.092
211.917,421.816,19.974,63.999
212.760,424.746,20.600,63.947
214.031,424.962,21.085,64.060
219.703,426.868,21.566,64.453
220.438,428.574,21.852,65.097
220.937,428.040,21.895,66.188
226.003,427.803,22.212,66.634
226.427,432.950,22.637,66.132
225.838,434.346,22.638,66.747
224.529,435.447,22.783,67.635
223.422,436.544,22.834,69.012
221.534,437.218,22.997,69.907
219.366,437.019,23.148,70.914
213.659,437.136,23.292,71.773
213.443,437.636,23.760,71.777
214.558,438.097,24.139,71.832
214.193,437.248,24.342,72.273
214.160,436.111,24.308,72.718
209.281,435.935,24.226,73.047
209.745,436.653,24.050,73.418
210.989,435.902,23.868,74.267
210.105,436.789,23.723,75.056
208.476,437.595,23.927,75.479
203.088,448.051,23.756,75.811
201.587,444.573,24.047,75.027
200.203,442.467,24.035,74.681
197.872,438.914,24.261,74.352
197.489,437.091,24.328,73.971
197.985,434.984,24.377,73.326
199.345,433.573,24.480,72.989
201.247,434.786,24.489,72.961
203.555,435.192,24.450,72.847
204.697,437.481,24.649,72.280
205.283,439.217,24.801,71.780
204.724,439.083,24.721,71.649
204.675,439.553,24.770,71.322
204.379,440.369,24.756,71.063
203.409,438.674,24.877,70.612
196.834,440.068,25.078,69.801
187.183,440.799,25.245,69.460
184.698,442.026,25.095,69.906
177.074,442.625,24.962,70.903
171.206,442.895,24.622,72.514
165.613,445.060,24.603,73.550
158.466,444.773,24.972,74.140
152.816,435.526,25.189,75.928
152.442,433.690,25.515,77.669
153.268,434.290,25.915,78.885
154.477,434.510,26.197,79.886
154.634,436.376,26.874,79.974
160.755,440.186,26.982,80.937
163.173,440.455,27.098,82.477
170.904,442.123,27.093,84.566
172.609,438.863,27.081,87.097
175.008,440.315,27.356,88.756
177.621,441.923,27.851,89.971
178.513,443.209,28.369,91.197
178.916,446.034,28.905,92.403
179.466,445.153,29.359,93.507
179.101,444.590,29.552,94.831
180.901,445.687,30.046,95.771
180.468,443.884,30.236,96.948
178.531,438.613,30.592,98.305
175.282,433.820,30.758,99.446
166.807,428.567,30.758,100.341
164.714,421.769,30.898,100.917
165.377,417.454,31.169,101.519
165.271,411.708,31.631,101.729
173.617,412.037,32.053,102.331
181.981,415.091,32.328,102.994
191.060,418.972,32.816,103.316
199.025,416.364,33.065,104.286
207.448,420.755,33.301,105.200
215.773,427.894,33.883,105.034
219.432,431.906,34.514,104.296
227.235,436.358,34.795,104.372
231.219,437.790,35.526,103.764
236.427,436.698,35.974,103.397
241.217,435.189,36.408,102.987
245.043,432.147,36.422,103.753
248.076,424.505,36.445,104.798
250.435,421.441,36.431,105.302
254.213,418.799,36.623,105.543
257.040,416.114,36.258,107.013
257.501,410.632,36.351,107.417
257.712,413.838,36.484,107.830
257.759,412.875,36.569,108.636
259.133,419.828,36.658,108.458
258.760,417.147,36.401,109.228
255.783,414.690,36.369,109.685
255.008,413.331,36.355,110.434
252.042,410.416,36.304,110.889
250.547,408.215,36.133,111.986
251.846,409.458,36.301,112.495
253.667,404.896,36.455,112.925
257.251,404.399,36.646,112.888
255.697,401.502,36.526,113.069
253.452,404.465,36.589,112.869
253.692,403.347,36.369,113.579
252.513,396.095,36.456,113.878
252.077,395.478,36.496,114.264
252.212,391.186,36.177,115.579
250.223,385.048,36.588,115.329
248.970,388.453,36.976,115.075
249.104,385.367,37.388,115.062
250.125,382.409,37.246,116.238
251.862,375.187,37.463,116.659
255.237,370.286,37.873,116.509
257.846,368.207,38.321,116.430
258.632,365.714,38.423,116.955
258.065,366.165,38.553,117.366
258.729,363.871,38.333,118.365
260.838,365.770,38.339,118.922
262.634,369.223,38.373,119.124
263.260,368.384,38.546,119.169
263.494,368.300,38.577,119.420
264.128,373.607,38.736,119.639
261.849,379.604,38.759,119.465
261.276,388.356,38.997,118.850
258.513,390.595,39.162,118.559
256.919,396.606,39.242,118.534
255.121,395.355,39.166,119.271
253.061,397.260,39.395,119.912
254.291,397.586,39.143,121.469
257.107,397.544,39.299,122.039
258.683,398.195,39.417,123.093
258.512,394.136,39.635,124.137
259.943,396.278,40.029,125.133
260.600,395.376,40.121,126.791
262.704,389.242,40.630,127.540
266.133,388.918,41.211,128.497
265.438,394.023,41.440,130.250
264.055,395.508,41.819,132.303
264.173,393.334,42.066,134.159
264.099,390.080,42.407,136.276
259.283,387.056,43.061,137.327
258.682,387.656,43.647,139.532
259.636,388.390,44.088,141.718
257.372,387.038,44.719,143.180
256.178,388.441,45.162,145.345
256.524,390.125,45.797,147.200
253.617,389.974,46.023,149.176
251.750,387.552,46.341,151.797
251.630,389.019,46.952,154.390
250.019,385.421,47.393,157.120
249.790,389.268,48.218,159.377
251.844,397.117,49.295,160.722
252.985,407.180,50.275,161.775
252.080,406.828,50.944,163.740
251.752,411.609,51.798,164.789
252.055,420.132,52.716,165.174
252.205,429.152,53.630,164.871
251.739,431.106,53.947,165.844
249.149,426.788,53.961,167.635
244.967,422.204,54.257,169.012
240.112,416.692,54.675,169.791
236.015,410.233,54.812,170.784
230.987,404.408,54.530,173.082
224.649,394.528,54.613,175.226
221.271,381.799,54.324,177.044
224.260,371.966,54.188,178.702
224.824,370.978,54.515,179.548
225.078,369.296,54.842,180.335
228.311,371.900,55.636,179.936
228.997,370.468,55.914,180.588
229.033,374.149,56.366,179.969
230.617,376.164,57.064,179.289
232.625,377.216,57.262,179.713
233.965,375.636,57.566,180.488
234.612,373.458,57.335,182.523
235.128,369.289,57.521,183.941
234.714,369.343,57.803,184.875
232.977,368.942,58.039,186.440
234.644,367.918,58.856,187.355
234.575,369.991,59.406,188.065
237.830,380.253,60.199,187.632
242.172,394.264,60.936,187.616
243.377,411.461,61.381,186.947
244.327,411.635,61.739,187.992
242.956,407.651,61.704,189.868
245.765,416.402,62.439,190.078
242.739,410.249,62.181,192.703
237.258,407.913,62.447,193.897
228.728,403.657,62.775,195.141
223.216,395.519,62.511,197.359
219.735,389.675,62.736,199.248
219.838,386.699,63.038,200.731
219.692,383.297,63.472,201.812
217.658,382.532,63.883,201.656
218.218,378.197,63.977,202.522
219.478,380.754,63.800,203.803
219.383,383.874,63.834,204.350
221.435,396.005,64.143,203.881
219.928,398.830,63.869,205.363
221.791,400.556,64.162,206.833
227.362,402.672,64.805,208.833
230.609,403.178,65.079,210.768
232.991,400.382,65.402,212.758
231.177,401.787,65.922,213.510
228.343,395.544,66.602,211.973
226.397,387.331,66.988,210.607
224.894,387.879,66.631,212.510
222.275,382.311,67.276,209.983
218.557,387.092,66.590,211.265
215.473,380.882,67.395,208.477
210.663,385.300,66.865,209.053
206.410,378.339,66.983,207.132
203.156,383.442,66.700,206.986
200.846,388.780,66.109,208.256
198.505,389.879,65.427,210.315
199.202,389.961,64.875,212.831
198.671,389.659,64.152,215.491
196.613,388.925,63.524,219.414
196.793,379.800,63.896,220.988
197.141,379.601,63.652,224.008
197.472,377.070,63.431,227.305
197.413,376.239,63.682,229.746
197.570,376.919,63.988,231.787
198.032,376.663,64.116,234.180
199.615,375.686,64.415,235.950
200.835,372.881,64.595,237.253
201.856,371.072,65.255,237.822
204.124,370.304,66.113,237.811
204.546,369.977,66.913,236.363
204.895,366.358,67.363,235.388
206.980,369.634,67.644,234.915
209.187,367.273,67.977,234.144
213.497,363.819,68.256,232.851
216.315,372.076,68.898,230.159
218.800,372.375,69.155,227.855
220.847,373.138,69.176,225.993
222.074,378.495,69.117,224.084
224.215,380.540,68.458,223.192
226.416,381.418,67.752,222.564
226.300,382.411,67.228,221.761
227.337,384.589,66.621,221.473
228.330,384.282,66.277,220.899
228.845,384.848,65.935,220.473
229.394,389.695,65.658,219.336
230.431,389.599,65.081,219.049
230.491,387.514,64.570,218.930
229.583,389.807,63.943,218.728
229.642,392.164,63.603,218.299
229.452,394.905,63.371,217.110
230.592,394.572,63.121,216.644
231.412,392.029,62.919,216.483
231.741,390.659,62.740,215.726
232.956,387.298,62.655,215.122
231.586,374.059,62.411,214.958
228.590,367.138,62.942,212.643
230.906,370.922,62.994,211.134
233.717,371.479,63.082,209.503
233.566,368.796,62.899,208.541
235.077,369.174,62.790,207.096
236.321,369.189,62.712,205.381
238.113,370.344,62.778,203.066
239.484,372.211,62.427,201.415
240.663,371.368,62.228,199.957
241.779,371.852,62.004,198.345
242.435,375.672,61.753,196.288
243.379,375.430,61.438,195.354
244.552,377.314,61.099,194.172
244.798,379.606,60.785,193.009
245.246,382.650,60.516,192.063
244.148,385.581,60.241,191.297
242.368,386.914,60.154,189.427
240.671,389.441,60.078,187.673
238.606,399.400,59.542,186.908
226.592,395.756,59.713,184.782
224.716,409.516,59.498,182.993
221.477,408.273,59.204,181.096
218.372,417.361,58.578,180.383
216.365,416.889,58.240,178.745
213.941,417.597,57.911,176.997
213.566,418.443,57.897,175.089
211.297,428.993,57.396,174.639
209.906,427.323,57.281,173.286
210.575,424.431,57.377,171.216
211.899,426.044,57.622,168.780
213.776,425.654,57.806,166.453
216.026,427.590,57.287,165.050
216.848,428.472,56.667,164.055
217.039,431.258,56.134,163.197
216.784,433.524,55.593,162.341
218.838,432.296,55.476,161.896
220.600,431.027,55.140,161.546
221.167,433.757,54.935,160.794
222.546,434.222,54.605,160.471
222.843,432.757,54.309,160.544
224.288,433.162,54.453,159.434
224.707,432.835,54.084,158.509
225.030,433.567,53.871,157.286
226.540,436.343,53.740,156.650
225.532,434.827,53.607,156.060
226.308,437.111,53.563,155.740
226.198,440.696,53.334,155.844
227.119,444.524,53.142,156.989
228.763,446.959,53.179,157.730
230.120,445.492,53.266,158.343
231.280,446.520,53.330,158.838
231.993,445.903,53.278,159.431
229.361,442.903,52.913,160.021
224.307,441.289,52.760,160.185
221.255,441.329,52.213,161.448
222.956,444.791,52.865,161.883
234.414,433.031,53.379,161.088
234.136,430.737,53.832,161.019
234.535,429.419,54.258,160.136
235.251,430.681,54.326,160.024
236.682,435.355,54.630,160.136
236.564,438.678,54.481,160.683
235.754,441.402,54.413,161.401
235.145,442.520,54.145,162.484
234.118,436.919,53.825,164.123
235.801,433.829,54.626,164.755
237.042,430.336,55.279,165.093
239.104,427.745,55.899,165.908
240.300,422.986,56.411,165.999
242.763,423.066,56.754,166.244
245.283,422.360,57.180,166.258
246.464,420.611,57.320,166.809
248.799,421.855,57.568,166.801
249.607,417.504,57.673,166.592
250.317,414.816,58.154,165.683
249.616,414.591,57.822,165.914
251.700,414.312,57.825,166.168
253.490,415.403,57.846,166.577
255.458,415.949,57.935,166.597
254.937,418.349,57.357,167.560
253.196,420.384,56.779,168.753
253.050,421.209,56.524,169.341
252.627,422.120,56.355,170.074
250.454,425.248,56.152,170.599
248.600,425.022,55.831,171.826
243.945,424.475,55.770,171.968
239.865,416.292,56.816,168.918
236.005,414.916,57.222,167.098
233.450,414.513,57.373,165.738
231.358,413.421,57.156,165.942
229.919,414.826,56.570,166.647
230.849,415.568,55.826,168.399
230.370,415.643,55.426,169.532
230.601,415.201,55.173,171.474
231.337,415.641,55.079,172.982
232.769,413.491,55.563,173.924
241.085,411.461,56.016,172.756
240.409,410.030,56.326,172.172
240.569,412.981,56.769,171.105
240.921,412.868,56.819,170.552
239.662,412.527,57.023,169.311
239.073,416.254,57.163,167.860
237.102,419.154,57.297,166.164
236.936,421.822,57.025,166.197
236.080,426.968,56.931,166.213
235.515,429.520,56.942,165.872
234.557,434.536,56.592,165.854
233.408,438.461,56.746,165.271
232.658,441.500,56.946,164.525
234.175,444.151,56.877,164.717
234.174,444.724,57.213,163.454
233.977,446.174,57.318,162.957
234.294,445.773,57.390,162.238
234.773,444.015,57.443,160.932
235.548,443.520,57.508,160.041
237.643,444.346,57.879,158.268
238.471,446.432,57.964,157.242
238.582,444.617,57.933,156.123
239.180,448.463,57.614,155.033
240.833,453.673,56.990,155.455
240.892,456.396,56.312,156.098
240.238,459.514,55.805,156.490
240.083,464.580,55.229,156.739
240.400,467.001,54.673,158.209
241.172,470.354,53.834,159.939
241.497,473.339,53.503,160.599
241.431,476.548,53.583,160.617
241.942,478.174,53.882,160.130
241.950,480.565,53.961,159.745
241.721,479.985,54.125,158.900
241.287,482.502,54.424,157.841
240.419,481.872,54.577,157.260
238.565,481.349,55.056,156.126
235.472,482.477,55.187,155.052
232.339,483.938,55.390,154.333
229.726,482.325,55.512,154.048
227.954,482.671,55.234,154.636
227.197,484.127,55.327,155.695
228.436,478.828,54.769,157.207
230.215,479.754,54.941,158.151
231.686,480.085,54.940,159.170
232.889,474.736,55.185,160.199
233.753,474.757,55.654,160.006
234.525,477.306,56.180,158.962
234.460,478.546,56.759,158.362
233.841,481.316,57.312,157.283
234.643,480.795,57.411,156.007
234.883,479.422,57.560,154.308
236.077,483.076,57.155,153.708
237.638,487.747,56.650,153.613
236.732,489.222,56.219,153.900
238.491,490.865,55.597,154.376
239.985,490.239,54.771,155.612
239.972,492.617,54.691,155.033
238.794,493.187,54.329,154.812
240.934,492.833,54.188,154.578
240.481,492.230,54.191,153.865
240.611,492.910,53.781,153.921
241.269,492.235,53.669,153.386
242.018,493.814,53.546,152.464
242.030,497.940,53.523,151.727
240.606,497.472,53.468,151.170
239.703,497.131,53.877,150.190
239.696,498.827,53.960,149.858
239.813,497.279,54.310,148.808
239.885,498.139,54.369,148.141
240.094,499.167,54.595,147.633
239.629,500.531,54.764,146.870
238.445,499.945,54.620,146.524
238.338,498.227,54.798,146.467
238.906,499.241,54.631,147.215
237.939,497.906,54.213,148.456
236.726,488.593,53.825,149.975
237.644,489.023,54.246,150.662
237.437,486.368,53.944,152.319
236.841,474.168,53.816,153.729
237.041,471.772,54.136,154.013
237.614,469.053,54.384,154.338
237.985,469.788,54.354,156.042
239.987,472.994,54.107,158.233
241.416,472.435,53.682,161.653
243.872,473.414,53.548,164.702
247.243,469.727,53.404,167.584
249.824,468.851,53.360,170.369
252.514,469.047,53.987,171.746
253.947,465.164,54.953,171.986
255.301,467.311,55.775,172.080
255.828,467.825,56.661,172.119
256.107,466.690,57.237,172.054
257.428,464.019,57.875,171.870
257.979,462.015,58.507,171.227
260.295,460.734,59.090,170.076
260.206,461.529,59.716,168.456
259.718,460.232,60.180,166.792
260.575,461.149,60.437,164.798
259.909,461.808,60.979,161.973
259.867,464.513,60.975,160.057
260.111,466.846,60.803,158.340
260.292,467.777,60.522,156.396
260.377,475.332,62.103,152.575
259.693,473.507,63.481,148.321
257.474,474.568,64.657,144.367
255.256,476.329,65.741,140.190
254.803,474.212,66.433,136.891
253.243,472.870,67.013,133.605
252.128,472.285,67.647,130.154
251.928,474.178,67.949,127.379
252.058,472.864,68.115,125.138
251.665,471.173,68.306,122.666
251.754,469.274,68.373,120.130
252.460,467.524,67.729,118.393
252.085,470.206,67.284,116.537
249.409,472.612,70.687,110.872
248.584,476.286,73.789,105.917
246.506,478.504,75.640,102.641
