180.000,79.000,37.000,114.000
180.092,78.759,37.613,113.315
178.886,83.621,37.932,112.304
179.005,87.243,37.947,111.853
179.194,90.330,37.887,111.602
178.938,90.096,37.623,111.865
177.938,90.929,37.312,112.386
176.740,90.913,37.111,113.457
174.330,91.255,37.258,114.096
172.491,90.438,37.528,114.483
168.103,91.935,38.025,114.093
164.633,96.786,38.520,112.960
162.621,100.002,38.790,112.532
159.306,99.005,39.724,111.585
157.082,97.994,40.364,110.973
156.669,95.135,40.897,110.236
156.414,92.315,41.296,110.213
156.005,91.006,41.565,110.449
157.105,89.757,41.818,110.520
158.265,89.791,41.688,110.521
159.939,91.885,41.649,109.924
161.469,89.536,41.696,108.406
164.337,92.477,41.339,107.419
164.438,92.538,41.174,106.520
166.392,90.308,40.045,106.872
168.254,89.739,38.871,107.882
169.387,90.684,38.272,108.655
171.210,89.607,37.567,110.169
172.928,90.040,37.219,110.982
173.600,87.236,36.888,111.164
172.912,86.126,36.759,111.086
170.757,87.411,37.071,109.551
169.042,88.524,37.292,108.451
168.285,87.387,37.522,107.628
169.236,87.500,37.780,106.909
169.165,86.441,37.801,106.993
169.067,85.885,38.118,107.378
169.549,83.308,38.294,108.074
168.633,83.506,38.735,108.355
168.676,85.696,39.020,109.055
168.064,87.090,39.359,110.416
166.850,86.850,39.322,112.855
165.501,84.998,39.119,115.972
163.681,84.017,38.796,119.307
162.637,80.675,38.821,122.386
161.706,76.671,39.474,125.277
160.325,82.896,40.532,127.019
152.354,78.542,41.170,128.686
149.532,78.744,42.082,130.338
147.689,78.395,42.718,132.101
146.402,86.519,42.827,132.741
145.054,83.762,42.829,133.502
143.012,81.677,42.907,134.324
141.776,81.281,42.841,135.074
140.175,80.994,43.191,135.123
139.648,81.423,43.609,135.181
140.640,82.312,43.835,135.696
142.519,82.378,44.069,136.353
94.272,78.161,45.496,133.522
92.924,79.221,45.975,130.858
93.676,82.863,46.362,127.782
94.393,84.934,46.402,124.417
94.379,86.799,46.057,121.478
95.947,87.051,45.450,119.287
98.706,84.341,44.843,118.007
102.070,84.333,43.574,117.975
103.472,83.972,42.059,118.262
105.410,87.162,40.793,118.867
106.435,86.729,40.034,119.094
107.240,86.631,39.866,118.249
107.816,84.333,39.602,118.029
108.780,79.323,39.604,117.996
109.359,71.964,39.423,118.510
108.028,72.087,39.344,118.518
100.956,74.520,39.464,118.045
102.596,75.691,39.869,117.930
101.277,75.857,40.830,117.820
93.033,79.498,42.590,115.923
82.312,83.334,44.127,114.574
93.945,92.060,43.011,115.404
97.518,90.291,41.740,116.665
96.499,89.234,40.747,117.277
95.438,86.403,39.894,118.597
94.456,83.409,39.619,118.857
96.261,81.487,39.571,119.549
97.831,79.600,39.729,119.849
99.857,76.129,40.181,119.514
101.970,75.269,40.711,118.226
104.742,76.544,40.999,117.174
107.328,79.461,40.870,115.829
110.904,79.450,40.588,115.359
115.253,79.274,40.472,115.254
118.434,79.258,39.848,116.212
119.933,78.689,39.585,116.547
120.555,80.130,39.393,116.305
122.815,82.983,39.119,115.830
122.503,84.765,38.973,115.131
121.241,88.765,38.974,113.873
121.837,89.797,38.847,113.382
120.307,87.738,38.641,113.405
119.663,83.763,37.868,114.261
118.284,79.730,37.362,114.867
117.290,76.226,37.061,115.167
115.957,73.111,36.994,114.563
117.588,73.339,37.046,113.654
116.486,75.015,37.113,112.395
118.224,75.514,36.957,111.474
115.499,74.543,36.807,111.016
113.622,70.805,36.358,111.968
113.259,69.535,35.878,113.202
110.866,67.764,35.604,114.424
108.264,67.028,35.676,114.316
104.558,67.487,35.795,114.675
100.630,65.701,35.956,114.677
95.918,63.122,35.959,114.984
94.954,71.200,36.483,113.435
93.843,72.898,36.595,112.930
92.654,76.025,36.347,113.045
88.870,80.397,36.558,112.113
87.129,78.422,36.267,112.429
89.963,79.578,36.380,111.275
93.729,79.607,36.387,110.585
96.395,81.405,36.291,109.694
99.490,84.080,36.433,108.656
102.455,86.513,36.308,108.047
106.356,86.349,36.055,108.538
109.529,88.241,36.012,108.719
112.159,90.269,35.899,109.283
114.106,89.044,35.728,110.151
115.679,87.079,35.817,110.090
117.532,89.348,36.215,109.976
118.439,95.150,36.695,109.010
119.630,94.647,36.508,109.212
120.581,98.261,36.409,109.135
122.613,102.346,36.355,109.218
123.185,106.108,35.934,110.133
124.830,106.040,35.898,110.270
124.631,104.041,35.587,110.835
124.559,101.405,35.588,110.692
122.876,100.861,35.621,109.839
121.500,112.219,35.501,109.082
121.934,107.387,35.277,109.827
122.451,109.473,35.313,109.611
122.806,107.276,35.428,109.653
124.109,109.517,35.724,109.841
124.308,109.581,35.767,110.614
123.598,107.807,35.663,111.791
124.720,105.934,35.769,112.946
125.021,103.079,35.977,113.227
125.659,102.042,36.211,113.028
125.677,101.615,36.338,112.811
126.978,98.646,36.638,113.068
128.463,93.794,36.300,114.186
127.510,91.094,35.950,114.812
125.886,87.315,35.616,115.899
124.212,84.518,35.322,116.123
123.868,81.141,35.330,115.839
123.178,77.724,35.470,114.782
121.696,80.055,35.706,113.736
120.614,87.108,35.816,113.165
123.146,87.363,35.879,113.102
126.932,85.890,36.425,112.555
131.253,86.360,36.585,113.054
132.743,85.015,36.337,113.705
133.701,85.223,36.516,113.274
133.476,86.344,36.821,112.604
133.439,88.574,36.947,112.186
134.423,89.256,37.011,111.676
135.436,90.228,36.889,111.666
135.589,94.816,36.794,110.945
134.298,96.400,36.356,111.625
133.162,95.095,36.101,112.286
132.504,92.943,35.986,112.751
129.375,88.745,36.160,112.387
126.207,91.109,36.481,110.487
124.272,95.337,36.524,109.571
125.701,100.143,36.574,108.918
125.118,100.111,36.235,110.000
124.023,99.175,36.113,110.602
124.161,100.962,36.142,111.234
126.272,100.282,36.274,111.924
125.773,99.146,36.180,112.576
125.871,99.105,36.272,112.983
123.310,96.786,36.563,112.184
113.600,100.350,36.923,111.196
114.923,102.320,37.242,110.748
111.350,99.489,37.138,111.327
109.553,94.810,36.757,112.216
106.971,92.101,36.564,112.901
105.688,89.708,36.502,113.581
107.309,87.668,36.820,113.818
110.918,84.090,37.297,113.722
114.855,83.977,37.592,113.377
114.868,85.315,37.710,112.488
117.329,91.421,37.694,111.414
122.290,92.616,37.465,112.091
126.060,91.091,37.248,113.191
129.353,90.517,36.976,114.500
130.379,89.279,36.433,115.990
129.137,87.495,36.447,115.524
127.913,85.929,36.558,115.534
128.969,88.775,37.340,114.472
133.620,92.186,37.866,113.404
137.429,95.153,38.398,112.376
138.095,98.035,38.193,111.993
139.714,97.575,37.832,112.515
140.125,96.455,37.248,113.408
138.440,95.077,36.882,113.754
138.574,98.529,36.900,112.915
139.356,100.516,36.607,112.451
141.667,104.389,36.476,111.750
144.428,102.964,36.218,112.415
140.881,110.224,36.111,112.158
140.252,110.775,35.749,113.270
139.281,112.252,35.602,114.049
135.412,115.733,35.929,113.645
132.416,116.845,36.321,113.152
129.438,118.824,36.863,112.081
124.549,117.748,37.065,112.043
124.557,125.830,37.118,111.686
124.060,128.904,36.940,112.529
124.063,127.182,36.810,113.407
122.953,123.261,36.672,114.349
121.169,120.260,36.337,115.913
117.904,113.517,35.965,116.994
118.442,109.331,35.908,117.730
115.670,102.392,35.848,118.045
111.226,96.981,36.013,117.327
110.684,102.946,36.296,116.701
109.848,102.929,36.294,116.524
109.132,104.269,36.108,116.788
106.501,101.287,35.947,117.543
107.368,102.660,35.899,118.591
108.287,100.845,35.861,119.259
108.769,99.542,36.186,119.702
105.104,95.521,36.290,120.139
99.301,90.136,36.361,120.125
96.276,85.249,36.234,121.027
98.209,83.427,36.723,120.872
103.752,85.691,37.810,119.527
107.271,90.233,37.996,119.745
112.606,89.599,38.333,119.899
116.458,88.645,38.584,119.945
116.102,84.386,38.473,120.061
115.180,83.024,38.335,119.798
114.565,84.529,38.409,119.190
114.482,88.499,38.343,118.918
115.376,91.930,38.081,119.130
116.535,93.965,37.635,120.354
120.048,99.519,37.681,120.504
121.805,100.255,37.867,120.411
123.629,101.993,38.393,119.875
127.153,104.246,38.820,119.861
127.455,105.816,39.322,119.028
128.475,107.246,39.758,118.218
126.378,106.944,39.720,117.719
128.035,111.366,39.535,117.862
128.522,110.014,38.997,118.578
130.893,110.887,38.691,119.086
132.850,111.170,38.591,119.427
133.839,112.650,38.285,119.520
134.649,114.905,38.243,118.810
135.517,113.640,38.057,118.490
131.618,115.058,38.231,117.611
121.497,123.440,38.421,116.792
117.566,125.342,38.175,116.980
117.491,127.824,37.620,117.570
117.162,126.605,37.197,119.092
118.666,124.356,37.363,119.898
117.889,121.528,37.823,119.825
116.365,119.039,38.644,119.180
115.046,116.701,39.261,119.112
113.963,116.107,39.721,118.657
114.125,117.524,39.836,118.613
113.324,113.406,39.765,119.465
109.949,111.450,40.104,120.157
107.940,111.941,40.265,120.764
107.261,111.757,40.582,121.053
106.056,110.848,40.742,121.046
104.361,109.068,40.854,121.297
103.315,111.142,40.984,121.641
102.736,113.996,41.236,121.741
102.586,117.089,41.562,121.162
103.063,119.117,41.591,121.386
104.635,122.328,42.058,121.752
105.269,123.515,42.765,121.418
105.110,126.387,43.784,121.025
103.908,127.055,44.652,120.704
102.489,124.596,44.891,119.889
102.459,123.861,44.810,120.255
104.878,126.471,44.170,121.963
106.242,128.520,43.682,122.769
107.592,129.118,43.127,123.553
106.581,123.918,42.415,124.128
105.476,122.724,42.119,124.723
103.441,122.484,42.136,124.389
102.431,125.507,42.296,123.764
104.498,127.086,41.958,123.983
105.333,126.214,41.996,124.214
105.553,127.081,42.409,123.999
105.297,128.287,42.636,124.788
104.495,123.941,42.876,125.781
103.657,121.522,43.062,127.152
102.031,118.700,43.350,128.188
99.121,113.758,43.679,129.006
90.892,115.212,43.440,129.532
89.890,110.399,44.104,129.292
