111.000,98.000,25.000,101.000
110.432,100.547,26.472,99.265
110.005,105.406,27.608,98.527
108.942,108.518,28.383,98.042
107.245,108.293,28.908,97.391
105.322,108.072,29.409,96.508
104.003,111.694,29.849,96.359
102.540,113.010,30.187,96.155
100.539,112.426,30.599,96.006
98.437,116.858,30.816,96.184
95.173,119.233,31.166,95.846
92.290,119.418,31.056,96.011
89.926,118.533,31.235,95.189
86.403,119.256,31.208,95.009
84.449,119.177,30.944,94.816
85.819,116.064,30.938,94.733
86.515,115.997,30.876,94.898
87.236,112.776,30.953,94.795
87.848,112.001,31.087,94.688
89.790,111.861,31.415,94.961
91.239,114.018,31.411,95.527
92.390,115.468,31.761,95.231
94.093,115.003,32.444,94.063
94.501,114.853,32.778,93.615
95.573,115.453,33.476,92.438
97.364,114.838,34.015,91.395
98.882,115.719,33.861,91.474
100.697,116.402,33.730,91.795
102.713,115.594,33.563,91.860
103.096,114.581,33.459,91.375
102.365,111.367,32.956,91.583
101.244,106.975,32.622,91.506
100.067,104.682,32.410,91.620
101.458,103.657,32.347,91.390
102.549,103.710,32.410,91.353
103.244,104.371,32.369,91.470
102.060,106.249,32.564,91.844
103.302,107.754,32.484,92.051
101.356,110.371,32.308,92.289
101.152,106.449,32.227,92.351
99.698,104.825,32.199,92.710
97.753,100.421,32.463,92.672
96.495,101.952,32.725,92.860
96.196,101.747,33.290,92.069
94.335,99.791,33.366,91.466
91.844,101.351,32.977,91.996
88.716,104.476,32.827,92.158
84.902,105.076,32.354,91.837
80.942,101.907,31.799,91.981
79.447,97.781,31.370,92.534
77.466,96.376,31.279,93.008
78.444,96.782,31.472,93.711
79.271,97.512,31.313,94.583
79.981,101.557,31.316,95.264
79.027,103.324,31.391,96.040
81.574,102.555,31.618,96.192
84.764,104.322,31.352,97.720
89.711,104.893,31.762,97.163
91.512,103.086,32.023,96.756
94.511,102.082,32.221,96.413
97.239,102.537,32.474,95.671
98.938,102.212,32.693,94.762
100.097,103.753,32.682,94.909
102.139,102.906,32.779,93.858
108.661,99.745,33.115,93.733
108.939,94.988,32.758,94.377
109.357,92.705,31.995,95.416
109.317,92.344,31.343,95.899
108.747,99.341,30.872,96.522
107.687,100.191,30.718,96.472
107.492,98.838,30.699,96.358
107.532,97.065,30.736,96.254
107.247,89.660,32.070,94.148
107.010,89.517,33.293,92.432
105.694,90.864,34.157,91.504
104.393,91.194,35.164,90.737
103.085,92.462,36.028,90.564
119.367,94.133,35.223,91.259
105.393,97.513,33.751,92.736
104.493,102.292,32.712,94.162
103.544,104.182,32.055,95.852
100.741,104.684,32.015,96.859
99.031,101.967,32.063,97.432
98.839,98.193,32.277,97.887
99.568,93.862,32.685,97.705
101.408,90.541,33.261,97.247
104.053,89.230,33.883,96.901
106.448,87.397,34.302,96.727
110.577,88.876,34.507,97.247
111.899,89.613,34.352,97.924
116.293,89.429,34.244,98.687
120.537,89.291,33.993,100.245
123.168,89.473,33.357,102.365
124.064,90.719,33.049,103.445
124.720,90.614,33.017,104.020
126.684,93.100,33.395,104.440
125.392,93.943,33.724,104.235
124.583,95.361,34.057,103.604
123.816,96.558,34.186,103.760
122.102,98.093,34.129,103.956
122.386,96.612,33.648,104.524
120.242,93.776,33.277,104.483
119.486,90.055,33.063,104.632
117.944,86.676,32.997,103.931
119.311,83.752,32.796,103.868
119.242,79.611,32.712,104.244
120.721,82.394,32.832,104.232
117.705,82.069,32.721,104.496
115.405,81.366,32.482,105.262
115.171,83.436,32.449,105.745
112.743,83.306,32.581,105.185
108.921,81.442,33.004,104.494
104.892,77.968,33.486,103.723
101.282,75.242,33.787,103.079
97.483,75.176,33.484,104.126
96.476,77.211,33.231,105.661
95.953,80.365,33.144,106.636
94.582,82.963,32.766,108.221
91.529,85.544,32.768,108.586
89.177,85.842,32.794,108.938
91.645,84.822,32.872,108.939
95.700,84.637,33.165,108.058
97.779,83.287,33.159,107.786
100.448,85.743,33.484,106.946
104.074,88.756,33.786,106.285
107.515,90.544,33.774,106.966
111.219,92.790,33.767,107.832
113.112,95.654,33.640,109.598
114.251,97.181,33.892,109.471
115.647,97.399,34.518,108.771
117.617,98.337,35.087,108.391
119.456,98.199,35.387,108.771
119.528,100.166,35.233,109.123
121.306,102.433,35.122,110.086
122.568,106.482,34.680,111.620
122.873,108.091,34.038,113.118
124.683,108.342,34.244,113.420
125.183,106.726,33.996,114.184
125.113,103.932,33.949,114.033
123.725,101.539,33.850,113.764
122.435,110.267,33.975,112.817
122.684,109.126,33.892,112.829
123.102,111.211,33.857,112.987
123.397,111.237,34.027,113.435
124.685,113.960,34.232,114.587
124.140,116.567,34.361,115.182
123.312,119.195,34.525,115.056
123.022,113.866,35.476,113.705
124.123,114.553,36.095,113.082
124.388,113.136,36.750,112.138
124.940,109.873,37.272,111.092
126.243,109.276,37.822,110.493
127.371,108.543,37.296,111.107
126.831,105.649,36.467,111.334
125.191,101.972,35.634,111.744
124.171,97.320,35.018,112.105
123.300,94.111,34.633,112.001
122.375,90.542,34.762,110.941
121.939,87.901,34.483,111.242
121.681,86.944,34.025,112.259
124.331,90.499,34.089,112.471
128.720,89.785,34.604,112.782
132.428,91.195,34.826,113.920
133.271,89.903,34.573,115.010
133.505,89.239,34.813,115.062
133.747,88.785,35.263,114.653
133.524,91.681,35.500,114.542
134.368,92.811,35.633,114.250
135.402,96.117,35.536,114.853
136.036,98.468,35.256,115.816
135.045,99.223,34.799,117.235
133.839,96.945,34.747,117.679
132.692,94.147,34.699,117.949
130.061,90.645,34.964,117.304
127.337,90.582,35.179,116.333
125.822,95.069,35.298,115.262
126.998,99.665,35.388,114.863
126.283,100.117,35.175,115.825
124.581,101.773,35.242,116.229
124.811,104.708,35.260,117.102
125.204,106.848,35.543,117.109
124.875,107.102,35.540,117.195
125.285,107.959,35.934,116.844
122.024,105.131,36.778,115.126
112.362,104.927,37.207,114.222
113.714,107.151,37.421,113.991
110.189,106.918,37.270,113.412
107.976,104.844,36.950,113.200
106.255,101.621,36.210,113.422
106.121,99.235,35.743,113.657
106.985,97.279,35.878,112.938
109.673,93.444,35.964,112.244
114.017,91.878,36.014,111.591
115.113,90.504,35.881,111.851
118.534,93.895,36.029,111.350
122.706,96.116,35.720,112.011
126.634,97.160,35.696,112.919
130.158,99.981,35.406,114.272
130.356,101.485,35.325,114.254
128.332,98.628,35.831,112.803
126.496,97.975,36.321,111.682
127.704,99.593,36.918,111.100
131.871,100.318,37.518,110.781
136.631,100.394,37.742,111.068
137.397,101.563,37.161,112.099
139.176,100.812,36.708,112.959
139.851,99.838,36.131,113.965
139.159,97.127,35.678,114.678
139.191,99.823,35.439,114.631
140.116,103.518,35.270,114.157
141.833,104.008,35.018,114.225
144.611,104.126,34.891,114.379
141.359,110.817,34.574,114.621
140.828,114.179,34.272,115.622
140.184,117.121,34.133,116.953
136.566,117.961,34.569,116.862
132.539,120.117,35.061,116.740
130.339,122.025,35.639,116.265
125.639,121.698,35.946,116.495
124.004,127.558,35.812,117.250
124.064,131.505,35.515,118.288
123.632,132.581,35.767,118.813
122.399,134.359,35.856,118.253
121.034,130.745,35.841,117.818
117.647,125.668,35.490,117.595
117.193,122.056,35.362,117.485
114.054,117.168,35.280,117.333
110.408,111.245,35.339,116.757
110.160,109.775,35.332,116.624
109.690,108.864,35.059,116.767
109.991,108.582,34.752,117.513
107.201,109.038,34.738,118.068
107.516,111.103,34.699,119.437
107.792,112.850,34.756,120.071
107.183,113.541,35.380,119.700
103.972,106.980,36.391,117.978
99.194,101.349,36.656,116.831
95.232,97.176,36.956,115.835
96.423,96.549,37.698,114.519
105.614,99.260,37.246,115.476
107.342,98.740,36.965,116.125
112.591,98.330,37.318,116.177
116.181,97.722,37.091,116.910
115.933,94.215,36.954,117.172
115.152,90.986,36.659,117.720
114.867,90.033,36.426,118.004
114.519,90.672,36.038,118.743
116.351,95.464,35.856,119.274
117.370,99.510,35.540,120.760
120.994,103.612,35.709,121.925
122.195,105.215,35.932,122.492
124.015,105.855,36.527,122.699
126.907,110.382,37.256,122.563
127.080,111.587,38.300,120.834
127.127,112.517,38.749,119.986
126.073,114.249,38.394,120.337
127.585,117.653,38.340,121.012
127.679,119.144,38.050,121.608
130.057,118.195,38.100,121.580
132.003,115.681,37.916,122.111
134.027,115.741,37.617,122.387
134.176,114.275,37.308,122.565
134.979,115.763,37.079,122.090
131.143,115.551,37.230,121.789
121.275,123.956,37.263,121.278
118.702,126.642,37.182,121.530
117.790,130.581,36.730,122.116
116.948,131.436,36.318,123.678
116.929,133.694,36.839,123.019
115.743,130.988,37.809,121.335
113.666,131.057,38.860,119.723
112.166,126.737,39.650,118.403
111.542,125.250,40.398,116.796
111.890,124.089,40.604,116.287
111.597,125.260,39.880,117.764
108.877,121.079,39.376,119.506
108.067,117.784,39.042,120.904
107.193,115.849,38.900,121.654
106.510,113.952,38.938,121.942
104.986,110.609,39.360,121.898
103.591,111.374,39.946,121.967
102.833,116.312,40.304,122.318
103.245,121.898,40.457,121.975
104.091,123.609,40.572,122.092
105.669,126.870,40.878,122.748
106.301,130.840,41.679,122.517
106.330,134.489,42.972,121.301
105.306,136.433,43.920,120.113
103.290,132.444,44.548,118.430
102.012,130.271,44.794,117.421
104.045,132.801,43.514,119.685
105.752,135.329,43.161,119.964
107.799,136.241,42.271,120.654
107.090,131.828,41.201,120.525
106.203,127.771,40.169,121.514
104.531,125.720,39.887,121.790
104.354,128.301,39.910,121.463
105.455,128.989,39.510,121.893
105.995,129.379,39.358,122.052
106.292,131.240,39.413,121.793
105.733,133.974,39.489,122.884
104.799,132.510,39.775,123.204
103.365,134.557,40.173,123.350
101.216,133.705,40.424,123.100
97.738,131.758,41.138,122.205
94.684,129.016,41.752,121.596
84.431,125.248,42.245,120.041
