147.000,110.000,34.000,33.000
149.804,109.215,31.697,35.693
153.420,110.212,31.574,36.110
156.617,115.701,31.313,36.679
160.337,116.113,31.160,37.187
163.099,116.620,31.173,37.536
160.268,117.103,31.400,37.750
162.883,117.237,31.351,38.159
162.515,117.674,31.399,38.500
164.127,117.480,31.399,38.934
167.764,114.709,30.198,40.528
165.910,112.483,30.561,40.142
162.201,111.566,30.924,39.430
157.707,109.724,30.834,39.257
157.800,103.860,30.914,39.173
157.886,92.533,30.365,39.596
152.617,81.833,30.611,39.043
149.552,74.646,29.538,39.620
144.562,68.630,29.973,38.950
137.043,65.343,30.518,38.282
130.730,63.648,30.652,37.610
131.008,62.795,30.823,37.298
129.998,62.866,30.915,37.008
130.542,61.578,30.790,36.959
131.684,60.854,30.723,37.164
142.914,64.949,30.999,37.031
149.233,69.261,30.985,37.262
155.404,64.655,31.101,37.166
161.440,73.173,31.127,37.061
165.169,86.410,30.843,37.049
169.075,104.983,30.827,36.835
168.141,114.146,30.953,36.464
169.457,121.173,29.993,37.678
166.362,115.256,30.118,37.472
164.279,115.213,30.152,37.370
165.602,114.743,30.152,37.370
165.385,114.578,30.152,37.369
164.408,114.320,30.152,37.369
163.396,114.257,30.152,37.369
162.997,113.737,30.153,37.369
167.023,104.322,30.928,36.529
162.741,94.640,30.800,36.486
163.702,101.525,29.806,37.645
164.697,116.746,28.825,38.997
163.904,117.774,29.202,39.148
162.629,127.033,29.570,38.150
162.477,118.501,29.926,37.279
159.631,94.755,30.043,36.867
158.953,93.579,30.120,36.724
159.190,92.666,29.011,38.227
158.145,108.490,28.056,39.656
158.038,119.344,27.350,40.723
158.600,131.670,27.100,41.183
161.437,149.478,26.698,41.634
161.602,161.967,26.281,42.440
161.776,155.488,26.350,42.004
157.896,165.448,27.565,40.428
157.383,152.805,28.709,38.641
155.847,149.584,30.934,36.227
153.926,146.118,32.906,34.038
150.327,110.429,32.163,34.472
149.004,114.756,31.505,35.249
148.510,116.070,29.810,37.393
147.605,123.773,28.846,38.915
147.313,135.987,27.986,40.195
146.053,142.196,27.434,40.640
140.302,127.984,28.084,39.877
136.704,108.829,27.593,40.068
136.502,108.622,28.022,39.509
132.772,110.387,30.484,36.919
129.017,106.501,32.599,34.642
129.225,106.117,32.624,34.319
121.360,95.099,30.841,36.042
121.547,103.509,29.542,37.526
121.903,112.720,28.922,38.056
126.010,136.963,27.792,39.250
126.239,139.530,27.209,39.748
126.473,152.068,27.863,38.934
128.973,150.717,27.888,38.910
127.390,150.945,27.886,38.911
114.767,150.228,27.133,39.926
118.950,145.994,26.278,41.002
124.079,146.595,25.094,42.541
128.601,147.395,24.135,43.602
129.064,157.549,23.592,44.250
128.469,158.196,23.618,44.223
127.975,158.029,23.654,44.187
127.595,159.037,23.687,44.153
119.437,168.847,24.127,43.584
122.880,173.577,24.580,43.018
127.620,172.938,24.537,42.926
128.111,173.865,25.073,42.082
128.765,173.923,25.310,41.722
128.376,182.303,25.578,41.299
128.660,186.157,25.505,41.310
128.787,186.598,25.536,41.278
128.725,186.001,25.557,41.258
128.317,187.211,25.585,41.229
127.494,187.461,25.592,41.222
125.855,187.296,25.595,41.219
134.463,177.389,24.604,42.690
131.889,170.324,23.396,44.377
132.204,166.465,22.540,45.436
129.219,172.313,21.909,46.034
129.325,179.490,21.764,46.177
157.567,156.058,24.105,43.226
151.661,156.380,26.457,40.393
147.172,139.877,27.973,38.316
140.803,128.260,30.294,35.686
138.016,124.722,33.250,32.548
133.312,117.496,35.001,30.491
129.214,112.447,34.341,30.556
125.717,116.328,33.857,30.810
122.095,104.585,31.734,32.859
122.651,107.532,30.267,34.724
122.965,121.473,30.366,34.890
124.099,123.312,29.419,35.987
124.202,116.936,28.681,36.476
125.167,106.421,27.354,37.294
128.984,100.324,26.738,37.646
134.017,94.761,27.277,36.993
135.549,93.804,26.741,38.063
138.197,98.204,26.110,39.108
143.031,107.056,26.751,38.574
149.206,116.600,27.449,37.859
161.453,139.133,27.907,38.032
165.928,139.088,28.229,37.561
170.637,123.790,27.343,37.912
174.261,107.895,26.439,38.730
175.593,100.722,25.835,39.222
177.214,94.852,25.601,39.152
177.759,92.810,25.454,39.128
174.894,91.796,25.301,39.840
171.250,99.650,25.183,40.542
170.326,112.976,24.992,40.582
167.140,130.228,25.041,41.081
166.850,124.515,24.806,41.009
166.794,122.097,24.781,40.849
166.229,122.148,25.952,39.054
166.182,117.942,27.486,36.964
163.122,119.145,29.978,34.272
163.021,118.429,30.461,33.273
157.940,104.719,29.871,33.681
155.127,103.335,28.282,35.718
154.754,108.184,28.301,35.683
154.435,122.430,27.376,36.610
153.866,114.044,27.533,35.942
152.553,103.957,27.571,35.525
146.938,93.141,27.606,34.908
141.432,91.628,28.086,34.066
128.616,88.872,27.093,35.626
125.950,96.159,26.427,37.032
124.567,108.463,25.896,37.744
122.682,121.880,26.433,37.205
121.819,139.199,25.828,37.712
122.720,149.665,25.322,38.571
123.976,145.560,25.953,37.448
124.143,132.558,26.413,36.803
127.417,130.991,26.791,35.794
133.316,124.484,27.420,34.902
141.954,124.113,28.066,34.316
145.821,127.686,28.047,34.442
153.697,129.910,27.162,35.936
160.378,139.500,27.362,35.516
165.394,155.914,27.411,35.652
173.747,162.093,26.479,36.489
177.574,153.094,26.709,35.772
180.696,140.309,26.911,35.162
186.195,131.554,27.673,34.039
191.379,126.125,27.769,33.665
195.084,124.464,27.953,33.172
196.030,122.967,27.637,33.585
195.701,126.131,26.342,35.464
190.596,134.896,25.650,36.296
185.136,146.477,25.087,37.274
168.993,143.591,25.880,36.438
165.915,147.111,25.528,36.626
157.810,133.734,26.505,35.274
149.934,126.018,28.732,33.078
146.133,117.888,31.486,30.450
142.424,113.805,33.190,28.555
140.136,116.696,32.967,28.358
138.042,103.744,31.627,29.326
138.473,102.650,30.964,30.159
140.414,120.083,29.352,32.040
140.934,120.330,28.984,32.301
142.420,114.415,28.393,32.721
143.929,104.721,28.016,33.157
145.946,98.513,27.946,33.066
149.402,99.194,28.445,32.453
156.917,105.417,26.853,34.685
158.837,112.183,25.908,36.012
159.692,120.913,26.302,35.616
160.558,140.138,26.576,35.302
161.386,158.794,25.626,36.562
162.733,158.680,26.049,35.672
159.748,146.114,26.197,35.018
159.517,140.739,26.840,34.062
159.371,139.138,27.215,33.377
159.321,138.325,27.393,33.361
159.357,144.637,26.155,35.216
159.561,155.460,25.302,36.437
160.311,165.424,25.837,35.876
161.623,184.736,26.063,35.668
163.051,206.953,25.191,36.726
163.847,205.183,24.833,36.906
163.745,195.242,24.658,36.980
162.976,182.161,24.199,37.138
163.645,168.778,23.747,37.386
163.673,160.231,23.294,37.392
162.584,147.398,24.470,35.952
162.436,146.009,25.334,35.118
160.451,147.214,25.704,35.065
163.028,151.661,25.020,35.925
164.319,165.686,24.385,36.801
164.155,166.477,24.737,36.371
163.777,154.579,25.992,35.120
163.586,153.720,25.994,35.118
162.780,153.539,25.995,35.117
162.219,151.732,25.994,35.117
161.657,150.204,25.994,35.118
161.625,149.629,25.994,35.118
165.240,137.665,26.458,34.293
161.000,128.505,25.597,35.144
160.432,135.351,24.893,36.203
153.074,127.151,25.282,35.533
150.326,118.109,25.616,34.696
148.559,109.053,25.924,33.960
144.425,103.676,26.369,33.240
143.197,101.916,26.790,32.577
138.529,102.225,26.958,32.979
137.708,109.165,25.905,34.474
137.581,117.712,26.153,34.271
138.229,133.773,25.383,35.654
141.746,132.029,24.772,36.604
150.000,136.416,25.828,35.168
150.845,128.372,26.555,33.976
154.802,124.095,27.055,33.118
154.370,96.054,27.311,32.782
161.145,94.323,27.244,32.816
164.788,101.030,26.067,34.763
169.014,108.015,25.309,35.910
179.369,113.452,25.856,35.036
182.658,119.138,26.857,34.069
183.695,121.546,26.006,34.996
188.507,126.063,27.646,33.250
189.698,121.509,29.383,31.427
190.140,120.289,30.664,30.098
190.991,112.060,30.527,29.913
188.518,94.372,29.863,30.421
193.382,96.191,28.060,32.845
197.357,97.251,28.213,32.608
201.018,118.848,26.854,34.592
204.682,123.099,27.203,34.796
205.442,117.455,26.266,35.930
210.744,120.299,26.803,35.116
210.295,112.995,27.055,34.421
206.463,112.635,27.793,33.357
192.487,91.685,27.961,32.918
187.234,91.082,28.263,32.683
180.707,97.674,26.983,34.735
178.075,108.809,26.201,35.857
175.579,118.566,26.880,35.662
172.522,120.388,25.772,37.176
169.367,111.056,25.139,37.804
165.989,93.046,24.565,38.046
164.965,88.087,25.633,36.709
162.733,87.190,26.510,35.905
160.199,87.348,27.044,35.522
158.843,90.753,27.052,35.733
156.128,110.053,26.154,36.855
155.048,121.319,25.586,37.854
151.483,126.598,26.742,37.284
148.620,128.591,25.950,38.662
140.181,118.443,25.591,39.201
120.442,105.459,26.375,38.373
119.766,98.944,25.987,38.556
118.350,96.770,25.678,38.948
115.961,96.790,25.796,39.310
114.642,101.368,25.474,40.135
121.598,111.208,26.290,39.104
125.081,130.467,25.973,39.608
127.794,137.090,25.791,40.166
134.876,136.314,26.498,39.415
144.094,141.574,27.037,38.728
142.978,141.927,27.038,38.727
141.891,140.650,27.035,38.729
128.982,140.770,25.816,40.264
132.803,141.279,24.789,41.481
134.237,145.448,23.962,42.574
135.194,148.445,23.951,42.587
170.007,112.836,23.703,42.730
168.307,115.134,24.219,42.640
167.903,114.083,24.076,42.755
167.958,104.254,24.021,42.600
172.439,105.143,24.899,41.174
165.428,77.420,24.751,40.825
164.549,75.260,24.932,40.720
162.600,76.927,25.982,40.068
158.722,81.323,25.919,40.574
151.847,102.323,25.444,41.379
149.040,114.715,25.123,42.168
148.037,117.714,25.327,42.036
145.056,116.589,25.043,42.375
145.450,106.293,24.646,42.396
146.414,99.380,24.713,41.651
146.668,98.333,25.024,41.555
147.754,102.190,24.872,42.203
150.600,110.535,24.927,42.639
150.579,117.992,24.794,43.087
150.612,140.687,24.786,43.029
150.463,154.006,24.645,43.509
148.545,161.158,25.152,43.305
