256.000,152.000,73.000,210.000
254.563,149.982,72.766,208.986
255.703,146.719,72.596,207.334
255.785,151.929,72.148,206.590
256.017,149.855,71.932,205.241
255.793,151.883,71.735,204.850
256.205,151.828,71.326,203.960
255.792,152.766,70.791,203.635
255.791,153.034,70.364,203.390
256.550,154.285,70.212,202.680
255.093,153.523,70.232,201.662
256.829,155.137,70.385,200.827
255.482,155.012,70.166,200.257
255.597,156.750,70.278,199.582
255.188,152.967,70.280,199.215
255.500,157.055,69.886,199.284
255.953,156.294,70.000,198.571
255.324,158.459,70.033,198.007
255.734,155.251,70.186,197.431
255.673,156.357,69.701,198.058
255.167,158.783,69.682,197.525
256.177,156.350,69.809,197.116
255.788,159.252,69.705,196.564
256.411,156.658,69.642,196.483
256.671,158.229,69.364,196.333
256.053,160.488,69.374,195.883
256.618,158.423,69.739,194.875
255.749,159.163,69.461,194.562
255.791,160.158,69.337,194.678
256.443,158.343,69.376,194.508
256.336,159.113,69.120,194.458
255.939,160.502,68.958,194.473
256.488,159.616,69.093,194.171
255.717,160.992,68.947,194.005
256.034,161.208,68.989,193.637
256.136,160.616,69.112,193.196
255.805,161.744,69.136,193.213
256.525,162.385,69.213,192.904
256.152,160.699,69.357,192.444
256.086,161.458,69.184,192.678
256.375,162.157,69.199,192.744
255.638,161.863,69.238,192.241
256.460,162.231,69.230,192.063
256.343,160.959,69.099,192.027
256.023,162.081,68.964,192.113
256.264,160.833,69.149,191.762
256.053,161.612,69.025,191.797
256.088,162.629,68.929,191.998
255.754,162.972,69.217,191.178
255.508,162.836,69.417,190.587
256.365,163.324,69.221,190.787
256.199,161.842,69.208,190.780
256.210,163.533,68.982,190.895
256.478,161.888,69.274,190.508
255.984,161.211,68.829,190.813
256.062,162.818,68.759,190.876
256.017,163.823,69.103,190.013
255.929,163.809,69.110,189.888
256.369,163.329,69.313,189.633
256.467,164.767,69.088,190.036
256.624,162.180,69.282,190.049
256.778,163.488,68.902,190.517
256.868,161.736,68.914,190.418
257.140,162.198,68.595,190.801
256.950,161.899,68.314,191.030
257.017,162.967,68.196,191.186
256.827,161.788,68.486,190.694
257.155,162.323,68.256,191.087
257.164,163.227,68.268,191.049
257.108,161.108,68.441,190.842
257.066,164.136,68.339,190.643
256.393,161.132,68.522,190.643
256.327,163.989,68.355,190.635
256.630,161.664,68.866,190.200
256.959,162.119,68.521,190.767
256.649,161.902,68.548,190.418
257.062,162.100,68.279,190.831
257.275,162.267,68.180,190.791
256.901,161.305,68.056,190.602
257.235,163.487,67.936,190.753
256.927,162.516,68.283,190.046
256.850,162.844,68.188,190.036
256.515,164.838,68.166,189.794
256.921,162.231,68.322,189.684
257.102,162.808,68.062,189.991
256.746,165.228,68.189,189.597
257.081,162.568,68.461,189.668
256.799,163.804,68.257,189.562
257.475,164.967,68.353,189.435
256.837,163.526,68.496,189.383
257.052,164.688,68.398,189.499
256.347,162.886,68.532,189.628
256.187,164.304,68.520,189.507
256.277,162.965,68.730,189.170
256.284,164.008,68.514,189.202
256.484,164.922,68.503,189.256
256.781,163.371,68.720,188.977
256.468,163.660,68.483,188.863
256.164,165.766,68.419,188.407
256.142,164.220,68.636,188.467
256.503,165.854,68.607,188.117
256.347,163.963,68.821,188.041
255.972,165.296,68.571,188.075
256.072,162.800,68.464,188.031
256.066,163.511,68.088,188.442
256.328,164.144,67.957,188.276
256.316,165.208,68.062,187.741
256.315,165.413,68.055,187.801
256.222,163.407,67.953,187.560
256.493,164.164,67.645,187.368
256.949,164.884,67.677,186.793
257.534,166.226,67.464,186.563
258.070,165.871,67.166,186.457
258.610,165.785,66.710,186.501
257.970,164.772,66.292,186.333
258.547,167.071,66.006,185.776
258.679,168.511,65.909,185.369
258.257,166.043,66.065,185.273
258.968,165.278,65.910,184.891
257.785,166.749,65.753,184.125
258.929,166.734,65.673,184.005
258.529,167.901,65.747,183.589
258.838,167.743,65.602,183.472
258.253,167.423,65.624,182.945
257.627,168.738,65.764,182.451
258.570,169.340,65.915,182.154
258.884,169.433,65.815,182.504
259.208,170.122,65.880,182.529
258.780,167.299,66.156,182.165
259.379,170.932,66.209,182.177
259.169,167.238,66.345,182.221
258.804,168.284,66.392,182.237
258.954,169.310,66.318,182.234
258.582,169.387,66.467,182.322
258.397,169.850,66.578,182.493
258.677,169.071,66.614,182.677
258.510,168.644,66.739,182.882
258.843,167.711,66.656,183.314
258.507,168.410,66.749,183.079
258.693,168.014,66.722,183.188
258.681,168.605,66.692,183.302
258.796,169.461,66.716,183.278
258.652,168.219,66.860,183.407
259.013,168.356,66.838,183.281
258.751,167.526,66.718,183.234
258.505,168.101,66.784,183.154
258.738,168.287,66.791,183.161
258.949,168.154,66.777,183.193
259.195,168.060,66.740,183.316
258.947,166.466,66.624,183.286
258.412,169.760,66.712,182.819
258.533,167.477,66.842,183.012
258.533,168.934,66.770,182.974
258.435,168.329,66.747,183.396
258.513,168.591,66.766,183.439
258.632,168.946,66.788,183.796
258.656,167.940,66.711,184.176
259.067,167.942,66.609,184.422
259.299,168.560,66.635,184.535
258.512,164.602,66.832,184.747
258.008,168.158,66.758,184.492
258.464,167.782,66.913,184.558
259.130,167.157,66.882,184.724
258.860,167.813,66.881,184.378
258.870,166.938,66.775,184.455
258.885,168.184,66.906,184.013
259.294,168.700,66.852,184.198
258.725,163.574,67.033,184.523
258.224,166.312,66.627,184.411
258.012,167.014,66.738,184.163
259.528,169.062,66.650,184.216
258.947,164.169,66.861,184.572
257.882,167.301,66.907,183.978
259.137,169.100,66.807,183.932
258.777,167.421,67.011,184.007
258.782,167.822,67.047,183.824
258.942,167.242,66.952,184.258
258.451,167.097,66.969,184.089
258.135,167.166,66.977,183.947
258.075,166.031,66.873,184.163
258.013,170.102,66.756,183.927
258.110,166.424,66.956,184.294
258.348,169.217,66.959,184.230
258.003,165.882,67.428,184.123
258.131,169.680,67.372,183.718
257.892,166.405,67.736,183.646
258.288,169.365,67.553,183.400
258.276,166.769,67.564,183.773
257.581,166.680,67.442,183.675
257.864,168.993,67.255,183.655
258.285,168.403,67.290,183.771
258.560,167.641,66.991,184.333
258.518,167.944,66.930,184.490
258.678,166.938,66.988,184.628
258.127,166.840,66.845,184.558
258.553,168.975,66.788,184.332
258.357,167.498,66.893,184.639
258.926,170.442,66.803,184.590
258.518,164.362,67.289,184.116
257.437,166.402,67.059,184.120
258.508,169.353,67.042,184.192
258.325,167.563,67.376,184.149
258.635,167.271,67.012,184.738
259.005,166.724,66.805,184.969
258.577,166.198,66.724,184.917
258.593,166.954,66.682,184.711
258.659,166.391,66.621,184.885
258.320,167.122,66.652,184.560
259.073,167.145,66.425,184.884
259.095,165.496,66.314,184.945
259.006,164.807,66.083,184.818
258.308,164.915,65.882,184.910
258.057,168.748,65.874,184.397
259.198,166.497,66.189,184.174
258.714,168.067,66.190,183.676
258.954,168.112,66.142,183.713
259.019,168.460,66.239,183.584
259.208,168.707,66.275,183.687
259.308,167.183,66.271,184.070
259.074,168.007,66.331,183.489
259.497,166.574,66.133,184.109
258.926,166.445,65.974,184.171
258.482,168.751,65.963,183.743
258.243,175.298,66.403,182.443
258.617,169.766,66.051,182.515
258.869,167.804,66.018,182.665
259.075,168.467,65.616,182.822
259.552,167.614,65.389,182.859
259.477,167.463,65.116,183.047
258.947,168.302,64.910,183.250
259.793,169.166,65.007,183.424
258.493,165.621,64.903,183.469
258.372,172.725,64.912,182.776
258.651,167.368,65.138,182.097
259.354,169.814,65.184,181.993
258.186,168.624,65.163,181.948
259.166,171.221,65.133,182.269
259.021,164.410,64.941,183.352
258.451,169.449,64.593,183.556
259.189,169.279,64.730,183.726
258.395,169.466,64.874,183.678
258.879,166.094,64.940,184.266
258.846,170.757,64.883,184.215
259.515,163.296,64.874,184.829
258.413,167.920,64.494,185.434
259.079,168.320,64.688,185.483
258.444,166.594,64.860,185.723
259.145,168.697,64.796,186.140
258.592,166.732,64.990,186.655
259.023,168.233,64.844,187.079
258.744,166.180,65.203,187.106
258.642,167.270,65.257,187.302
259.188,165.264,65.426,187.461
258.372,165.502,65.441,187.297
258.736,167.856,65.329,187.369
258.484,165.806,65.591,187.582
258.697,167.254,65.403,187.978
258.643,164.830,65.509,188.177
258.582,166.434,65.322,188.161
258.987,164.955,65.317,188.261
258.328,164.338,65.179,188.419
258.846,164.570,65.072,188.585
259.248,165.070,64.997,188.759
258.883,164.951,64.965,189.284
258.922,166.923,65.077,189.442
258.747,164.957,65.403,189.564
259.072,165.433,65.275,189.669
259.051,164.827,65.276,189.608
258.397,164.347,65.155,190.237
258.651,164.686,65.271,190.201
258.735,165.015,65.312,189.981
258.284,164.408,65.650,189.775
258.881,163.647,65.563,190.043
258.176,163.263,65.369,190.403
258.106,167.498,65.353,189.941
258.921,161.119,65.702,189.732
257.369,161.379,65.423,189.521
257.948,163.376,64.814,189.929
258.300,163.868,64.627,189.696
257.625,165.111,64.594,189.332
257.796,163.310,64.613,188.938
257.552,165.327,64.556,188.854
258.853,164.926,64.587,188.558
258.453,163.264,64.534,189.054
257.796,166.312,64.575,189.083
257.864,164.277,64.718,189.499
257.520,163.809,64.693,189.654
257.981,163.864,64.929,189.552
256.984,164.837,65.032,189.272
257.428,164.186,65.197,189.233
257.155,162.238,65.217,189.607
256.530,164.429,65.064,189.398
258.443,163.156,65.258,189.016
258.044,164.931,65.054,189.698
257.532,160.456,65.127,189.793
257.405,165.220,65.092,190.070
257.241,161.887,65.229,190.200
257.946,166.905,65.118,190.160
257.768,161.782,64.891,191.240
258.172,166.694,64.878,190.746
258.850,160.930,64.922,191.493
258.707,166.891,65.132,190.625
258.435,162.986,65.357,190.606
258.136,169.362,65.331,190.047
258.630,161.407,65.376,190.045
259.020,169.141,65.263,189.759
259.013,160.060,65.332,189.864
258.854,166.858,65.415,188.688
259.236,161.454,65.310,188.701
259.192,164.491,65.025,188.891
259.908,162.369,64.941,189.224
258.655,159.775,64.429,189.985
258.451,164.005,64.542,189.862
257.415,155.452,64.524,190.650
255.895,158.652,64.363,190.750
256.157,156.512,64.639,190.911
255.902,151.843,64.337,192.270
255.534,151.319,64.275,193.020
256.308,145.988,63.903,194.321
256.849,145.435,63.795,195.005
256.755,139.921,63.649,196.035
258.028,137.131,63.304,196.581
256.302,134.140,63.153,197.037
256.596,132.113,63.450,196.727
254.428,127.677,63.696,196.285
253.967,126.878,63.794,195.881
252.009,125.209,64.073,195.251
251.307,122.301,63.974,195.683
248.527,118.002,63.659,196.254
247.193,111.745,63.164,197.489
245.101,105.413,63.191,197.481
243.142,104.606,63.837,197.037
240.909,100.080,64.688,196.230
238.589,91.822,66.247,193.951
234.899,93.264,67.760,192.639
222.068,92.817,68.453,191.357
220.870,87.257,68.353,191.800
218.929,83.870,68.399,191.311
215.403,82.591,68.218,191.180
210.416,76.464,68.110,191.366
206.009,72.371,67.698,192.173
203.337,68.702,67.765,192.102
198.975,65.192,67.611,191.825
195.614,62.571,67.577,191.250
191.702,61.453,67.733,190.669
188.381,59.952,67.564,192.474
185.259,59.213,67.995,192.519
183.004,59.355,67.531,191.962
179.312,62.380,67.289,192.202
175.269,52.555,67.759,191.202
158.614,62.914,70.896,187.425
157.425,54.606,73.459,184.672
156.791,59.377,74.742,183.069
154.128,54.436,76.445,180.370
142.865,64.158,78.452,177.201
143.551,59.119,79.970,174.599
141.068,56.258,80.256,173.770
129.057,54.289,80.035,173.203
129.721,64.868,80.167,171.316
127.337,65.076,77.215,172.904
122.305,64.792,77.804,171.298
118.098,67.911,78.027,171.024
114.991,64.713,78.571,170.256
104.643,72.184,78.277,169.989
102.098,71.934,79.172,168.667
100.485,90.639,86.374,161.177
87.919,84.002,85.331,161.754
76.734,78.443,84.163,161.745
77.656,78.877,83.518,161.134
67.600,72.491,82.561,161.635
67.209,77.278,80.853,163.036
63.767,80.641,79.671,163.255
58.777,78.775,78.866,164.247
53.291,79.221,78.109,165.525
46.145,77.970,78.428,166.405
30.740,81.986,81.524,163.554
27.432,84.300,82.557,164.099
22.128,82.557,83.053,165.928
11.484,84.839,84.585,166.265
11.811,83.144,84.927,169.340
7.073,78.964,85.968,171.820
2.255,81.271,85.476,175.681
-0.781,76.508,82.126,181.910
-1.036,76.702,78.096,188.036
-0.973,76.052,74.544,194.072
-1.577,75.336,71.563,199.243
-1.500,76.031,69.765,202.505
-0.649,77.077,68.437,203.968
-2.257,75.670,67.322,205.555
-3.135,72.508,66.144,207.473
-4.510,71.996,65.213,209.381
-4.785,87.637,64.277,212.171
-4.133,86.969,63.457,214.419
-3.270,86.653,62.849,216.698
-2.733,87.774,62.568,218.456
-3.066,90.689,62.561,219.891
-2.317,94.146,62.837,220.905
-2.801,96.539,62.897,222.358
-2.092,100.993,63.213,223.330
-0.175,106.129,64.328,224.222
1.003,111.932,65.884,224.852
0.395,118.040,67.211,225.153
2.460,120.845,68.200,225.583
4.287,122.610,69.685,225.842
5.208,124.843,71.964,226.730
6.207,129.211,73.927,227.790
6.060,130.454,76.752,226.670
5.952,133.539,79.435,225.637
8.801,133.940,83.879,224.298
8.969,136.753,88.332,223.209
12.352,135.576,92.385,223.135
17.355,145.284,95.604,222.946
22.329,141.237,99.897,221.829
27.756,138.442,103.336,223.394
35.724,148.672,104.694,226.241
41.547,139.371,106.482,229.117
48.548,150.883,106.271,232.422
55.765,140.461,107.137,234.678
74.745,139.178,109.856,233.993
73.854,140.926,112.797,233.702
80.743,163.624,113.527,234.004
89.279,163.346,113.044,235.104
96.442,158.133,112.550,236.482
105.333,149.757,111.062,240.018
117.700,140.118,109.276,243.794
127.945,124.251,108.410,247.422
135.904,118.285,108.006,250.612
143.327,115.057,108.381,253.528
146.812,115.454,109.520,256.481
150.861,120.850,113.161,254.878
151.726,121.622,116.917,253.142
150.671,118.507,120.416,251.339
128.668,124.076,118.750,252.066
128.155,122.528,115.929,254.157
126.914,120.303,111.090,258.071
127.856,123.857,108.065,259.739
128.472,127.079,105.867,259.763
127.768,129.179,104.871,257.971
128.389,130.501,103.547,256.249
129.236,136.620,102.625,252.978
129.811,138.764,101.283,250.259
129.291,139.797,100.256,247.368
128.680,140.938,99.070,244.486
130.198,139.103,97.058,242.634
129.293,142.637,96.049,239.364
130.364,143.621,93.928,236.611
130.593,144.396,92.044,233.452
130.514,147.957,90.352,230.440
131.642,151.916,89.028,226.998
131.192,151.909,87.672,223.559
132.142,155.178,86.216,220.090
132.281,156.211,84.748,216.891
132.739,159.549,83.429,214.101
132.701,156.866,82.508,210.852
133.388,163.022,81.616,208.269
133.779,161.783,80.434,205.856
133.358,162.767,79.361,203.317
134.402,167.204,78.319,200.824
134.591,168.449,77.666,197.854
135.058,170.904,77.046,195.234
134.644,175.757,76.583,191.894
135.394,179.628,76.448,188.161
134.986,179.965,76.342,184.622
135.040,182.250,76.091,181.642
135.400,185.139,75.905,178.584
135.597,188.678,75.748,175.603
136.103,192.214,75.300,172.838
136.509,193.167,74.958,170.544
136.720,194.132,74.451,168.358
137.530,194.401,73.832,166.563
137.535,195.778,73.275,165.136
137.706,197.289,72.917,163.578
138.476,197.492,72.347,162.219
138.326,200.115,72.033,160.816
138.577,198.337,71.656,159.862
138.768,198.676,71.205,159.280
139.592,199.129,70.758,158.774
139.691,202.794,71.534,157.581
139.769,203.999,72.466,156.203
140.372,205.402,73.374,154.712
140.806,205.992,73.938,153.470
141.257,205.332,74.103,153.125
141.241,203.695,74.248,153.157
140.865,205.654,73.802,153.480
139.680,206.842,73.976,152.867
138.103,205.778,74.185,152.731
136.351,204.015,74.275,152.824
134.962,205.371,73.575,153.768
133.038,204.989,73.470,154.136
130.879,203.120,73.572,154.852
129.847,201.999,73.599,155.483
129.549,199.197,74.217,155.616
130.644,201.115,74.913,154.991
130.743,201.350,76.076,154.232
130.530,201.484,76.753,153.730
131.555,200.255,78.010,153.014
134.767,197.792,78.871,152.420
139.745,195.565,79.438,151.667
146.647,193.922,79.580,151.405
160.734,188.965,80.156,152.642
174.905,203.393,80.113,153.807
188.996,206.296,79.561,154.946
203.334,207.586,80.183,153.256
216.923,204.369,81.920,150.837
223.260,198.380,81.514,151.719
240.083,191.924,80.825,153.971
258.533,187.435,79.974,156.627
262.840,197.069,80.113,155.481
278.217,217.110,88.622,145.459
291.446,240.206,105.345,130.160
323.163,221.899,106.824,126.629
343.343,197.657,100.142,134.222
359.896,190.251,96.502,140.610
366.809,206.981,99.561,137.158
373.656,209.649,103.787,132.535
377.865,215.219,108.065,127.809
365.044,214.933,108.611,126.652
350.631,202.252,99.012,135.192
351.204,200.386,91.652,142.656
353.023,201.494,86.335,147.370
355.189,200.561,82.272,149.535
356.277,201.058,79.402,150.503
357.828,202.895,77.240,150.669
358.298,200.136,75.677,150.173
359.745,201.893,74.289,150.310
360.359,200.250,73.258,149.824
361.458,200.188,72.107,149.794
361.791,201.574,71.483,149.297
362.181,201.316,71.067,148.629
361.963,200.170,70.786,147.841
363.180,202.725,70.342,147.482
362.369,200.198,70.140,146.821
363.312,201.411,69.481,146.999
363.073,201.156,69.165,146.361
363.264,202.033,68.936,146.058
363.284,202.167,68.838,145.288
363.452,203.276,68.635,144.775
362.810,203.408,68.570,144.060
362.916,203.453,68.287,143.997
362.985,203.251,67.974,143.780
363.108,203.551,67.854,143.424
363.359,203.949,67.746,142.867
363.431,204.993,67.711,142.474
362.809,205.868,67.729,141.453
363.113,206.704,67.779,140.585
363.109,206.111,67.555,140.180
362.517,206.456,67.268,140.236
363.266,206.863,67.203,140.174
363.096,207.283,67.041,139.983
363.950,207.195,67.138,139.377
362.826,208.240,67.151,138.945
363.571,209.113,67.008,138.611
363.183,209.193,67.276,137.708
362.274,209.408,67.625,136.942
362.830,210.400,67.646,136.530
362.431,208.274,67.711,136.024
363.202,210.202,67.421,136.368
362.958,209.840,67.678,135.647
362.392,210.541,68.050,135.023
363.490,209.971,67.803,134.984
362.588,210.099,67.709,135.030
363.114,211.400,68.074,134.265
362.468,210.814,68.072,134.048
363.867,211.637,67.831,133.883
363.077,210.234,67.455,133.827
364.263,212.680,67.312,133.769
363.803,210.934,67.465,133.413
363.859,210.551,67.375,133.603
362.909,211.296,67.071,134.098
363.626,212.027,67.561,133.264
362.676,212.832,68.206,131.897
362.845,213.704,68.178,131.544
362.355,212.888,68.110,131.211
362.833,213.133,67.846,131.527
363.788,212.224,67.336,132.049
363.458,210.771,67.127,132.299
363.139,213.014,66.722,132.864
363.899,211.998,66.883,132.385
363.162,211.789,67.184,132.065
363.312,213.923,67.367,131.754
362.866,213.618,68.059,130.451
363.255,214.405,68.233,129.911
363.124,214.237,68.225,129.593
363.704,214.204,68.179,129.732
363.325,213.528,67.861,130.010
364.149,212.724,67.278,130.801
363.928,212.407,66.779,131.170
364.530,211.402,66.444,131.423
363.739,211.879,66.259,131.651
363.776,211.548,66.269,131.733
363.771,213.254,66.178,131.962
363.742,212.921,66.663,131.406
363.564,212.201,67.031,131.132
363.667,213.121,66.901,131.458
362.968,212.762,67.227,131.138
363.454,212.407,67.094,131.470
363.923,212.481,67.103,131.465
363.410,212.648,67.329,131.241
364.041,212.143,67.245,131.149
363.931,213.805,67.233,131.081
363.511,212.727,67.499,130.497
363.441,214.377,67.701,130.105
363.651,217.829,68.852,128.479
361.891,219.494,69.576,126.395
361.498,216.934,69.524,125.511
362.147,217.093,69.319,125.635
361.964,215.935,69.388,125.601
362.578,215.906,68.839,126.194
362.775,214.836,68.363,126.818
363.118,214.323,67.813,127.458
363.280,214.215,67.197,128.389
363.051,214.480,66.852,128.942
363.225,213.423,66.835,129.212
363.239,214.337,66.471,129.633
363.373,214.359,66.558,129.607
363.162,214.731,66.819,129.093
363.363,214.850,66.628,129.254
362.899,215.438,66.885,128.869
363.207,215.010,67.063,128.313
363.694,215.902,67.111,128.166
362.980,217.075,67.549,127.227
361.744,218.012,67.861,126.208
361.750,218.236,67.840,125.743
361.263,218.745,68.073,124.802
361.656,218.334,67.801,124.599
361.399,218.876,68.117,123.733
361.955,219.593,68.022,123.766
362.311,219.425,67.932,123.560
362.630,218.460,67.524,123.678
363.225,218.917,67.525,123.601
362.744,218.411,67.506,123.417
362.716,217.595,67.241,123.455
363.650,218.748,67.184,123.695
362.795,219.360,67.331,123.528
362.604,218.145,67.419,123.114
363.251,219.033,67.527,123.251
362.731,220.013,67.767,123.078
362.405,218.718,67.753,122.994
362.218,218.073,67.612,123.303
363.237,219.441,67.428,123.660
362.587,218.891,67.544,123.391
362.445,218.325,67.523,123.443
362.636,218.843,67.844,123.461
362.000,217.644,67.847,123.479
363.281,217.472,67.637,124.278
362.886,217.175,67.644,124.602
363.042,217.193,67.759,124.595
363.391,217.763,67.731,125.066
362.372,216.777,67.956,124.740
362.929,215.983,67.725,125.293
363.679,215.523,67.234,126.386
363.857,216.146,67.134,126.847
363.339,216.976,67.547,126.549
362.355,216.776,67.800,126.118
362.818,216.526,68.163,126.165
362.441,216.669,68.442,126.028
362.065,216.669,68.615,125.866
363.093,215.988,68.762,126.240
363.116,215.343,68.463,127.024
363.383,215.459,68.137,127.669
362.777,215.010,67.864,128.311
362.583,214.624,67.942,128.510
363.276,214.509,67.785,129.223
362.818,214.270,67.874,129.426
363.303,213.622,68.094,129.589
363.717,213.477,67.928,130.145
363.184,212.360,67.991,130.381
363.142,212.886,67.932,130.933
363.675,213.400,67.745,131.486
362.979,212.362,68.052,130.998
363.177,212.276,67.813,131.425
362.690,212.953,67.689,131.658
363.267,213.379,67.754,131.770
363.038,212.415,67.977,131.502
363.463,212.186,67.742,132.136
363.944,212.659,67.574,132.476
362.569,212.262,67.818,132.175
363.096,211.530,67.663,132.504
363.278,212.030,67.525,132.823
363.110,211.099,67.445,133.132
363.392,211.302,67.398,133.096
362.780,211.523,67.140,133.365
363.197,211.060,67.106,133.451
363.699,211.822,67.097,133.268
362.727,211.529,67.284,133.079
363.082,211.411,67.196,133.007
363.453,211.732,67.063,133.020
363.457,212.229,67.062,132.990
363.455,211.433,67.181,132.704
363.323,211.680,67.233,132.550
363.467,211.900,67.088,132.580
363.538,211.871,67.116,132.501
363.628,211.859,67.052,132.708
363.644,212.436,67.026,132.848
363.626,211.169,67.313,132.456
363.894,212.067,67.109,132.618
363.122,211.769,67.409,132.198
363.119,211.960,67.390,132.243
363.195,211.458,67.319,132.339
363.666,212.544,67.299,132.241
363.136,212.695,67.572,131.799
363.728,212.906,67.555,131.775
363.379,212.448,67.624,131.608
363.222,211.932,67.624,131.597
363.785,211.938,67.400,131.857
363.739,212.726,67.366,131.861
363.664,212.504,67.485,131.702
363.477,211.693,67.525,131.751
363.496,212.262,67.498,131.757
363.451,211.717,67.663,131.548
363.730,213.567,67.731,131.441
363.306,213.421,68.503,130.226
363.141,213.228,68.873,130.160
362.694,213.370,68.964,130.865
361.097,209.841,67.457,133.096
358.418,207.830,64.904,136.098
356.431,204.810,61.995,139.637
345.187,217.707,59.053,140.589
378.207,266.263,63.670,136.170
362.812,275.456,66.878,132.870
346.307,284.478,69.773,130.804
329.757,299.980,74.761,125.920
313.851,291.763,75.252,125.816
298.215,294.593,75.675,125.396
283.160,285.912,76.504,125.735
270.522,278.005,76.456,125.532
266.524,279.744,75.598,126.261
252.895,273.428,75.414,126.109
249.534,277.845,74.261,126.901
244.573,284.414,74.047,126.776
231.200,276.044,74.609,126.391
227.426,282.118,73.882,126.755
213.256,287.114,74.182,126.247
199.712,280.252,74.337,125.879
196.574,284.355,74.086,125.817
183.054,276.294,74.175,125.839
171.249,278.647,73.714,126.184
167.655,282.267,73.560,126.244
154.078,286.078,73.984,125.464
141.257,278.669,74.154,124.887
139.628,282.177,73.792,125.634
126.456,273.699,73.750,125.829
124.014,277.983,72.889,126.637
110.941,270.101,73.017,126.106
108.513,272.825,72.277,126.775
96.606,276.700,71.980,127.032
94.240,265.854,71.739,126.904
91.381,267.278,71.463,127.264
88.039,258.861,71.451,126.952
86.098,254.034,71.664,126.866
85.882,261.096,72.317,125.952
86.668,259.101,72.825,125.362
89.796,264.551,72.729,124.439
91.684,262.163,72.662,124.501
94.037,259.806,72.525,124.716
105.175,264.378,71.880,124.809
106.317,263.655,72.887,124.571
117.848,265.941,72.586,124.812
128.822,267.933,72.203,125.271
139.585,271.275,71.777,125.716
141.493,275.744,72.074,125.025
151.536,264.890,72.019,125.199
153.821,268.602,72.022,124.938
164.472,272.552,72.069,124.853
167.670,265.357,71.536,124.959
179.139,269.230,71.748,124.304
188.983,272.478,72.330,124.117
198.238,277.167,72.205,124.010
208.093,282.262,72.409,123.298
219.284,274.088,72.056,123.704
232.174,278.245,71.739,123.966
243.043,290.189,76.069,118.651
252.766,280.310,74.208,120.207
263.615,269.770,72.961,121.392
274.276,273.972,73.107,121.344
285.754,277.562,73.041,121.268
298.009,280.327,72.345,121.281
308.987,272.902,71.599,121.723
321.579,278.769,71.112,121.704
332.496,273.427,71.047,121.655
345.374,279.339,71.196,121.405
357.088,270.311,70.613,122.243
369.286,272.663,71.038,122.127
380.749,266.064,71.689,121.676
395.056,270.119,71.018,121.796
410.096,273.178,70.109,120.907
425.201,263.498,68.890,121.220
439.457,265.096,68.585,119.608
452.860,253.032,67.910,119.195
465.888,245.076,67.881,118.262
476.910,240.349,68.500,117.020
476.628,249.875,74.275,110.682
490.113,248.983,77.937,106.628
514.955,242.018,75.418,108.066
528.598,236.040,73.339,109.795
541.297,231.348,71.419,111.484
551.350,226.328,70.636,111.976
554.294,230.755,69.979,112.295
559.197,227.298,68.876,112.670
568.505,222.857,68.074,113.689
570.357,219.807,67.548,113.490
571.761,225.337,67.288,113.215
572.373,221.569,66.879,113.092
572.675,217.826,65.873,113.625
572.866,213.994,64.908,114.342
571.553,210.772,64.081,115.109
570.451,207.913,63.532,115.795
569.645,205.455,62.776,116.635
568.694,203.397,61.735,118.415
566.957,201.474,61.174,120.375
564.032,209.800,60.614,121.184
561.319,206.584,60.396,122.133
559.375,204.740,60.663,122.578
558.598,203.946,60.873,122.819
556.708,203.774,61.020,123.289
554.804,203.207,61.382,123.583
553.384,202.557,61.786,123.675
552.337,201.993,62.042,123.976
551.831,202.042,61.950,124.793
551.585,201.513,61.989,125.264
551.122,201.389,61.926,125.897
550.382,200.733,61.929,126.572
549.895,200.738,61.984,127.255
549.280,199.976,62.082,128.024
548.955,199.897,62.328,128.532
548.894,199.385,62.578,129.212
548.283,198.718,62.859,129.877
548.785,199.018,63.069,130.448
548.412,197.464,63.355,130.929
548.096,197.242,63.557,131.454
547.742,197.402,63.775,132.161
548.297,198.701,63.992,132.665
547.667,198.319,64.101,133.332
547.367,198.083,64.225,133.794
547.033,199.049,64.580,133.812
547.429,198.984,64.611,133.928
547.267,198.922,64.597,134.160
547.093,198.589,64.586,134.282
546.520,197.490,64.916,134.332
546.366,197.498,65.294,134.372
546.624,198.207,65.561,134.442
546.256,198.546,65.728,134.537
546.223,198.812,66.007,134.507
545.871,199.564,66.090,134.555
546.294,199.575,66.265,134.643
545.735,199.232,66.462,134.882
545.587,198.721,66.608,135.252
545.782,198.403,66.574,135.617
546.156,198.330,66.545,136.069
545.722,197.917,66.466,136.690
545.636,197.160,66.431,137.054
545.743,197.017,66.473,137.249
545.946,197.155,66.497,137.271
545.388,198.157,66.572,137.409
545.982,198.099,66.733,137.525
546.101,198.825,66.935,137.391
545.163,198.952,66.940,137.943
546.060,198.577,67.001,138.159
545.753,198.437,67.059,138.316
545.795,197.945,67.245,138.244
545.343,197.708,67.389,138.403
544.856,197.168,67.565,138.548
545.393,196.787,67.669,138.527
545.358,196.494,67.876,138.606
544.892,195.977,67.867,138.896
545.360,195.916,67.728,139.343
545.395,196.216,67.778,139.495
545.656,195.736,67.894,139.536
545.501,194.675,67.924,140.001
545.543,194.162,68.061,140.064
546.034,194.529,67.946,140.491
546.020,195.349,67.837,140.887
545.864,195.388,67.684,141.298
546.104,195.933,67.501,141.375
546.052,195.829,67.493,141.196
545.686,195.885,67.394,141.440
545.048,195.012,67.352,141.628
545.215,193.809,67.524,141.521
545.375,191.801,67.772,141.104
546.079,187.869,68.149,140.868
546.059,183.778,68.630,141.306
546.211,182.046,69.133,141.743
546.789,180.035,69.848,141.778
547.283,179.935,70.527,141.908
547.065,180.625,71.013,142.548
547.243,178.061,70.806,143.660
547.741,176.979,70.931,144.529
547.750,176.488,71.208,145.427
546.242,182.172,70.659,146.611
546.751,179.239,70.582,147.540
547.118,177.485,70.811,148.327
547.291,176.413,71.044,148.884
547.127,175.175,71.259,149.836
546.779,181.644,70.972,149.902
546.694,179.539,71.080,150.330
546.286,177.341,71.127,150.845
546.100,175.640,71.291,151.310
545.705,182.025,71.163,151.283
545.949,178.907,70.953,151.745
545.753,176.711,71.360,151.917
545.932,175.513,71.924,151.840
546.444,174.207,72.084,152.382
546.830,172.961,72.094,152.864
547.071,170.339,71.920,154.008
547.979,166.452,71.786,155.196
548.630,164.085,71.776,156.090
547.063,174.547,71.861,156.201
546.934,171.586,71.719,157.037
547.930,167.965,71.764,157.561
549.339,164.135,71.340,158.817
547.669,174.688,71.244,158.918
548.169,171.242,71.057,159.322
546.998,167.902,71.275,159.219
549.125,163.553,71.184,160.005
549.465,162.778,71.420,160.651
548.816,160.725,71.664,161.341
549.507,159.471,71.778,161.876
550.476,156.271,70.203,164.778
550.757,152.433,69.037,166.981
550.953,150.347,67.942,168.823
551.450,149.396,67.220,169.936
551.729,150.090,66.856,170.664
551.941,149.468,66.551,171.043
552.336,148.179,66.173,171.739
552.978,147.337,65.891,172.340
553.634,146.140,65.563,173.253
553.989,145.797,65.344,173.848
554.208,146.408,65.237,174.726
554.411,145.402,65.232,175.087
554.455,145.645,65.158,175.872
553.978,144.989,65.093,176.485
553.959,144.615,65.123,176.776
554.775,144.298,65.151,176.940
554.736,142.953,64.950,177.705
554.248,142.009,65.066,178.278
554.017,142.831,65.401,178.398
553.388,142.671,65.508,178.705
553.333,142.577,65.631,178.979
553.789,143.311,65.891,179.087
553.320,142.540,65.842,179.228
552.936,142.467,65.731,179.677
553.982,143.351,66.040,179.453
554.124,142.116,65.826,180.002
553.947,142.610,65.937,180.249
553.818,142.286,65.911,180.567
553.369,141.832,65.937,180.927
553.608,142.120,65.986,181.275
553.453,142.533,66.059,181.661
552.968,140.531,66.296,181.281
553.348,140.537,66.442,181.538
553.878,140.494,66.336,182.076
553.474,140.569,66.336,182.392
553.425,141.734,66.465,182.686
553.144,140.550,66.595,182.610
553.299,141.096,66.435,182.768
553.129,141.099,66.530,182.781
553.093,140.874,66.561,182.818
552.961,139.930,66.549,182.771
553.178,138.948,66.371,183.287
553.987,138.726,66.401,183.487
554.933,138.915,66.364,183.553
554.660,137.932,66.397,183.393
555.075,138.214,66.333,183.699
555.566,138.826,66.484,183.621
555.119,139.742,66.528,183.321
554.896,139.304,66.396,183.494
554.820,138.968,66.368,183.474
554.968,139.099,66.382,183.393
555.043,139.398,66.531,183.154
554.921,139.364,66.568,183.055
554.599,139.651,66.602,183.136
554.561,140.182,66.630,183.283
553.742,139.731,66.595,183.434
554.243,139.166,66.419,184.000
554.307,138.772,66.243,184.564
554.810,137.567,66.281,184.763
555.212,137.773,66.414,184.728
555.665,138.030,66.459,184.859
555.560,139.595,66.630,184.664
554.760,139.456,66.732,184.446
554.166,137.983,66.743,184.381
554.632,138.343,66.815,184.340
555.284,138.976,66.783,184.556
554.927,138.879,66.787,184.669
554.687,138.870,66.722,184.734
554.402,138.954,66.631,185.044
554.783,138.603,66.529,185.345
554.950,137.539,66.408,185.615
555.247,138.483,66.543,185.566
555.072,138.903,66.736,185.373
554.660,137.501,66.768,185.192
554.995,137.479,66.770,185.440
555.412,137.610,66.817,185.509
555.137,137.990,67.004,185.635
554.981,138.455,67.095,185.729
554.209,138.447,67.113,186.177
554.004,136.912,67.199,186.583
554.479,138.318,67.365,186.879
553.495,140.029,67.701,186.610
551.868,145.007,68.541,185.190
551.566,145.535,68.735,185.074
552.078,149.429,68.939,184.560
547.858,150.307,71.521,181.443
543.661,152.343,73.341,178.993
539.174,149.517,73.449,178.782
539.030,134.226,71.157,181.566
489.964,153.214,71.490,178.188
489.140,156.728,71.406,177.430
486.625,161.855,71.559,176.441
486.320,161.094,70.794,175.696
485.210,163.687,70.384,174.309
485.557,165.245,70.095,172.954
485.193,168.811,69.834,171.499
485.026,169.605,69.343,170.391
484.932,170.648,69.393,168.486
485.188,171.634,69.275,166.949
485.043,172.613,68.895,165.836
485.077,172.315,68.733,164.686
485.135,172.884,68.335,163.872
485.484,171.771,67.900,162.969
485.900,170.128,67.247,162.738
483.297,174.892,69.019,159.914
484.467,173.268,68.334,159.352
484.785,174.100,67.513,159.636
485.607,174.098,67.142,159.008
485.804,173.754,66.935,158.796
485.910,174.608,66.612,158.570
482.944,177.262,68.020,156.577
482.885,180.459,69.478,153.706
481.730,182.401,70.094,152.264
481.899,182.999,70.691,150.401
481.281,182.712,70.854,149.214
481.820,182.357,71.059,147.983
481.778,183.387,71.210,146.886
481.786,183.203,71.003,146.486
482.241,184.608,71.090,145.727
482.448,183.700,70.686,145.659
481.520,183.050,70.182,145.950
482.222,184.436,70.416,145.170
482.626,185.739,70.493,144.210
482.184,186.286,70.286,143.928
482.099,184.481,70.069,143.733
482.352,184.031,69.900,143.634
482.516,184.504,69.873,143.106
482.623,184.485,69.867,142.788
482.775,184.971,69.805,142.270
482.776,185.636,69.855,141.783
482.418,186.019,69.906,141.640
482.405,185.204,69.701,141.839
482.465,184.833,69.658,142.039
481.725,184.787,69.916,141.946
482.389,186.149,70.110,141.806
482.382,185.383,70.138,141.776
482.063,184.596,70.089,141.572
481.500,184.226,69.776,141.992
482.138,185.963,69.731,141.886
482.586,187.191,70.012,140.869
482.776,186.743,70.079,140.532
483.092,186.937,70.061,140.331
483.037,186.836,69.939,140.351
482.652,186.384,69.986,140.140
481.789,186.028,69.991,139.973
482.119,185.281,69.763,140.077
481.625,183.502,69.621,140.271
482.547,183.891,69.342,140.750
482.440,183.798,69.367,141.482
481.665,183.405,69.410,141.990
482.429,183.680,69.723,142.106
480.757,184.459,70.157,142.122
479.627,185.749,70.954,141.550
479.703,185.833,71.582,140.710
480.051,185.709,71.778,140.264
480.205,185.361,71.874,140.186
480.184,183.606,72.050,140.189
479.963,183.214,72.160,140.115
480.942,182.823,72.272,139.971
480.598,183.480,72.479,139.887
480.591,186.058,72.929,139.229
479.741,186.475,72.796,139.355
479.191,185.673,73.148,138.985
477.661,188.393,73.910,138.247
476.532,189.450,74.611,137.098
476.983,187.859,75.163,136.904
477.835,188.754,75.479,137.253
474.572,189.637,74.881,139.023
463.011,190.460,74.700,140.117
459.881,194.598,75.310,139.649
448.801,202.021,75.229,138.827
450.253,197.117,75.162,138.604
420.867,216.739,80.541,132.626
387.453,220.280,87.883,125.690
371.392,217.371,91.360,121.852
359.995,217.168,95.601,117.865
391.272,200.226,87.320,125.803
390.922,184.536,82.324,131.525
388.990,182.642,79.688,135.473
386.150,181.426,79.035,136.969
382.731,181.636,79.413,137.987
381.492,179.469,79.722,139.455
381.228,178.050,79.428,141.748
380.457,180.787,79.987,142.337
379.481,179.741,79.699,144.473
379.104,178.705,79.984,146.319
378.571,179.223,80.666,147.510
378.068,179.826,81.377,148.512
378.988,179.999,81.400,149.783
378.240,179.892,81.700,150.789
377.572,180.523,81.900,151.631
378.101,180.562,82.246,152.190
378.267,180.408,82.052,153.743
377.714,179.390,81.945,155.109
377.144,179.124,82.002,156.143
377.396,178.396,81.934,157.268
377.958,178.487,81.656,158.420
377.148,178.075,81.258,159.879
376.730,178.541,81.052,161.166
376.185,178.009,81.720,161.183
376.330,176.132,82.072,161.532
377.114,177.919,81.880,162.377
376.256,178.703,81.879,163.381
377.297,177.593,81.931,164.446
376.648,179.473,81.871,165.451
377.419,181.161,81.707,166.950
376.641,181.456,81.489,168.139
376.407,181.873,81.696,169.004
376.119,183.203,81.518,170.515
375.209,185.077,81.670,171.869
375.638,187.970,81.302,173.886
375.542,192.612,81.116,176.142
374.265,190.910,81.192,179.185
374.503,193.582,81.715,181.107
373.850,190.983,82.108,183.115
373.671,188.916,82.290,185.292
374.395,190.460,82.721,186.852
372.484,186.290,82.928,189.018
372.600,187.470,83.200,191.033
373.179,187.195,83.499,192.767
371.529,185.005,84.191,193.897
372.536,188.861,85.001,194.156
370.908,187.748,85.496,195.153
370.375,189.389,86.163,195.733
370.396,187.874,86.717,196.444
369.279,188.338,87.038,197.436
370.101,189.146,87.165,198.307
369.424,188.463,88.041,198.377
369.119,187.562,88.644,198.957
368.428,183.236,88.625,200.844
365.458,186.065,89.525,201.271
363.307,188.898,92.348,200.453
363.514,188.829,92.715,201.948
363.288,189.127,93.042,203.178
362.963,187.812,93.443,204.120
364.237,188.143,93.535,205.366
363.780,184.067,93.664,206.729
363.815,183.732,93.575,207.853
363.995,187.898,94.019,208.161
363.327,182.444,94.458,208.848
364.074,181.867,94.145,209.862
364.240,181.883,93.615,211.278
364.744,180.886,93.730,211.910
364.947,181.070,93.734,212.791
365.357,179.972,93.777,214.028
365.929,177.161,93.540,215.670
365.898,173.552,93.439,217.013
365.500,175.300,93.418,218.106
364.499,172.699,93.648,219.402
364.287,173.623,94.057,219.901
363.075,173.378,94.384,220.091
363.014,173.963,94.544,220.051
361.487,178.045,95.130,219.020
362.215,183.441,95.903,217.342
361.842,181.188,96.514,216.708
359.789,184.346,96.939,216.202
359.864,183.129,97.420,216.012
358.803,180.250,97.395,217.081
357.453,178.541,97.676,217.534
356.289,176.045,98.122,217.910
349.680,176.720,102.448,214.860
328.595,182.223,104.810,211.092
310.799,186.166,104.928,210.423
292.193,183.701,105.157,209.465
267.643,185.568,108.388,205.893
251.133,170.062,105.785,208.115
236.589,162.907,102.407,210.650
219.557,158.965,102.449,207.982
213.109,151.373,104.706,203.177
204.734,158.054,113.021,193.974
230.019,126.138,104.276,200.029
236.255,117.578,96.569,205.953
240.444,111.894,90.771,212.187
241.463,112.075,86.516,213.921
245.548,111.357,82.517,218.220
245.948,113.836,80.348,218.137
247.452,109.228,78.028,221.552
248.555,114.155,76.595,220.554
248.847,113.185,76.054,220.078
249.044,108.021,75.083,220.203
247.872,112.078,74.140,218.730
248.777,112.230,73.430,218.959
248.433,115.250,72.909,217.637
249.306,108.546,72.503,217.661
248.976,111.923,71.933,216.540
249.507,114.987,71.659,214.915
249.663,114.362,71.344,213.798
249.468,114.675,70.915,212.474
250.703,113.846,70.132,211.470
250.801,117.100,69.762,209.728
251.116,118.289,69.413,208.164
250.499,117.234,69.248,207.734
251.144,115.641,69.227,206.218
250.710,117.148,69.106,204.443
251.513,119.052,68.590,203.568
251.029,117.433,67.999,202.860
252.709,119.800,67.808,201.424
251.834,120.649,67.572,200.516
252.399,120.772,67.208,200.200
252.127,118.088,66.937,200.019
253.282,125.256,66.654,201.677
251.259,124.568,67.322,199.717
252.759,121.413,66.607,199.369
252.810,121.501,66.263,199.483
253.395,122.243,66.053,199.478
253.487,123.434,66.073,199.254
253.044,123.386,66.060,198.572
252.767,123.458,65.943,198.751
252.221,122.166,65.874,198.592
253.674,124.366,65.359,199.440
253.344,124.061,65.583,197.930
253.222,123.565,65.528,197.736
252.685,124.026,65.359,198.013
254.066,122.067,64.877,198.023
254.065,122.901,64.794,197.456
253.119,122.154,64.764,196.359
253.621,122.166,64.766,194.989
254.465,126.160,64.655,193.577
271.630,130.715,63.797,193.515
330.619,156.090,67.685,186.989
384.583,143.273,70.734,182.559
401.486,142.201,68.659,183.120
398.446,187.253,72.489,177.399
413.259,190.391,81.560,166.516
395.694,170.117,78.698,165.496
394.328,172.847,77.115,162.731
393.913,174.400,75.933,160.214
394.789,175.098,74.645,158.360
396.028,177.666,73.366,156.548
395.918,179.204,72.478,154.242
396.904,181.642,71.513,152.353
397.865,178.547,70.444,150.238
398.996,180.158,69.365,149.232
399.890,182.523,68.862,148.007
401.463,182.821,68.512,146.545
402.516,183.831,67.767,145.185
402.009,182.697,67.232,144.480
402.229,183.360,66.680,144.236
403.090,183.972,65.900,143.934
403.314,182.952,65.257,143.626
403.097,183.391,64.433,144.116
403.952,183.029,63.751,144.258
403.462,183.118,63.277,144.408
404.114,182.580,62.980,144.617
403.864,183.101,62.977,144.004
404.105,183.608,62.374,143.647
404.323,184.323,61.937,142.854
403.759,189.278,63.040,140.213
404.383,176.845,62.120,141.525
404.736,176.479,61.525,142.357
405.077,174.575,60.958,143.181
405.625,173.491,60.530,144.388
407.266,173.274,60.432,145.222
408.585,173.257,60.342,145.677
409.282,171.249,60.271,146.422
409.322,173.148,60.093,147.295
409.980,175.076,59.707,148.345
410.966,175.525,59.648,148.993
410.264,177.429,59.741,149.607
409.511,178.324,59.966,149.417
408.623,178.976,59.795,150.082
405.666,180.375,60.014,150.346
394.099,181.170,61.404,149.176
390.824,169.324,63.537,148.292
377.830,173.347,64.250,148.320
364.253,178.501,66.217,147.239
347.851,194.655,69.598,144.215
329.659,210.996,71.973,141.817
284.159,230.442,79.096,134.901
258.716,264.403,84.324,128.201
229.192,249.041,81.562,130.984
190.004,257.232,86.792,126.985
172.227,255.768,84.420,130.463
152.951,250.608,82.359,133.349
134.665,249.021,84.953,131.575
117.875,242.117,83.463,131.183
104.103,233.697,81.558,131.179
99.992,225.816,80.420,132.268
94.952,222.589,80.702,132.346
92.820,219.644,81.016,131.984
92.465,214.697,80.906,131.292
92.357,209.832,80.193,130.842
91.999,201.263,79.816,131.049
91.421,199.753,79.396,131.695
92.205,199.794,78.773,132.353
93.107,197.065,78.149,133.088
92.752,196.930,78.028,133.437
92.100,198.127,78.757,132.876
91.986,195.381,78.694,133.444
91.693,193.421,78.204,134.544
92.170,190.662,77.584,135.704
92.390,189.066,77.498,136.847
92.956,189.115,77.707,137.909
92.651,188.824,77.732,138.954
92.191,188.419,77.927,139.763
92.500,188.235,77.773,140.765
92.803,187.244,77.364,142.067
91.519,187.109,77.292,143.321
91.261,187.333,76.555,145.191
90.963,187.471,75.905,146.094
90.238,185.268,75.164,146.935
90.180,185.113,74.715,147.332
90.840,184.069,74.286,147.775
90.655,184.551,73.911,148.172
91.201,184.721,73.611,148.185
90.810,186.158,73.925,147.716
91.538,185.601,73.747,147.573
91.893,185.883,73.379,147.957
90.618,185.167,73.549,147.869
91.083,185.670,73.397,147.816
90.786,185.255,73.320,147.787
91.485,183.648,73.119,148.101
91.263,183.013,73.168,148.325
91.229,183.606,73.285,148.479
91.246,184.503,73.262,148.520
91.531,185.905,73.095,148.592
90.977,184.808,73.191,148.278
91.523,184.740,73.066,148.317
91.335,184.658,73.001,148.461
91.101,184.770,73.055,148.446
91.383,184.593,72.925,148.555
91.424,184.666,73.085,148.542
91.365,184.679,73.220,148.323
91.308,184.886,73.367,148.134
91.136,184.858,73.460,148.109
90.980,185.824,73.503,147.914
90.832,185.256,73.617,147.620
90.923,185.123,73.482,147.805
90.799,184.489,73.325,148.047
91.423,183.970,73.121,148.556
91.371,184.502,73.401,148.366
90.883,185.068,73.759,147.993
91.164,185.791,73.672,147.960
91.371,185.751,73.830,148.010
90.910,184.554,73.779,148.187
91.418,184.274,73.567,148.291
90.684,185.779,73.777,147.856
91.089,185.843,73.702,147.789
90.886,184.801,73.530,147.869
90.824,184.328,73.482,147.989
90.753,184.955,73.283,148.078
91.952,185.287,73.193,147.904
91.805,184.361,73.136,148.125
92.596,184.352,73.106,148.603
92.122,184.891,73.518,148.988
91.779,183.048,73.892,149.414
91.831,184.036,74.442,149.488
92.061,184.914,74.932,149.095
91.542,185.544,75.260,148.392
90.914,184.958,75.365,148.081
91.004,186.033,75.317,147.653
90.746,185.376,75.229,147.520
90.491,186.289,75.152,147.505
89.848,185.748,74.946,147.748
90.386,185.812,74.401,147.890
90.871,185.870,74.160,147.706
90.887,185.115,73.973,147.744
91.398,185.785,73.456,148.143
91.003,185.162,73.281,147.946
90.688,186.019,73.187,147.823
90.792,185.010,73.054,147.782
90.779,185.600,72.610,148.212
90.821,185.091,72.513,148.103
91.163,185.700,72.290,148.025
91.877,184.752,72.140,147.819
91.982,184.752,71.939,148.046
91.998,185.319,71.772,148.311
91.987,185.539,72.086,147.708
91.578,184.797,72.105,147.692
91.562,185.844,71.893,148.014
91.451,186.360,71.953,147.734
91.259,186.107,72.057,147.219
92.293,186.481,71.875,147.068
91.491,185.262,72.022,146.955
91.659,186.234,71.929,147.169
91.764,185.477,72.134,146.940
91.677,185.138,72.102,147.265
91.616,184.482,71.917,147.595
91.459,184.503,71.470,148.212
91.851,186.106,71.423,148.197
91.816,185.808,71.369,147.771
91.796,185.383,71.473,147.497
91.858,184.859,71.588,147.380
91.881,185.937,71.499,147.536
91.983,185.542,71.596,147.380
92.094,185.215,71.799,147.167
91.845,186.557,71.842,147.222
91.655,187.179,72.198,146.349
91.057,185.998,72.339,145.972
91.723,187.548,72.273,145.894
91.224,186.238,72.110,145.874
91.113,186.814,72.217,145.937
91.930,186.760,71.893,146.055
92.255,186.098,71.899,146.167
91.923,185.500,71.854,146.553
91.510,184.567,71.772,146.845
91.296,185.753,71.513,147.169
91.682,186.804,71.499,146.906
92.222,187.560,71.261,146.722
92.202,188.208,71.342,146.198
91.245,187.454,71.473,145.830
91.761,187.804,71.244,145.875
91.677,187.372,71.348,145.452
91.510,187.551,71.463,145.044
91.948,187.535,71.109,145.217
91.978,186.972,71.113,145.165
91.937,186.734,71.202,144.998
91.870,187.116,71.436,144.819
91.247,186.726,71.352,145.087
91.663,187.933,71.452,144.839
92.171,187.981,71.351,144.654
91.617,187.894,71.440,144.397
91.482,188.202,71.537,143.998
91.619,188.676,71.443,144.074
91.486,189.225,71.597,143.741
91.576,189.725,71.714,143.265
91.204,190.600,72.026,142.463
90.826,190.939,72.305,141.958
91.126,191.700,72.524,141.370
91.282,191.929,72.648,141.016
91.008,191.685,72.597,140.868
91.032,191.445,72.639,140.694
90.641,192.247,72.825,140.288
91.255,192.047,73.026,140.155
90.865,192.040,73.064,139.877
90.406,192.985,73.124,139.579
90.946,194.612,73.339,139.220
91.268,195.432,73.529,138.760
91.167,194.426,73.607,138.661
91.103,193.539,73.537,138.797
91.093,192.884,73.494,139.204
90.650,191.979,73.277,139.408
90.859,192.118,72.969,139.701
91.024,191.560,72.670,139.983
90.790,192.219,72.410,139.936
91.189,192.282,72.340,139.977
91.061,192.648,72.441,139.825
91.024,192.446,72.317,139.958
91.098,192.364,72.388,139.927
91.249,192.023,72.286,140.080
91.456,192.349,72.351,140.072
91.379,192.476,72.366,139.990
91.365,193.866,72.430,139.756
91.624,194.558,72.881,139.228
91.308,194.886,73.099,138.857
91.062,195.198,73.607,138.218
90.863,195.699,73.632,137.986
91.009,194.170,73.781,137.844
91.151,194.226,73.684,138.101
91.071,194.576,73.690,138.071
91.065,194.684,73.803,138.026
91.153,193.978,73.878,138.095
91.108,192.689,73.526,138.609
90.997,192.582,73.158,138.868
90.741,192.848,72.831,138.977
90.971,193.249,72.497,139.177
91.478,194.331,72.751,138.758
91.449,193.750,72.955,138.524
91.538,193.040,73.044,138.624
90.812,192.761,73.132,138.547
91.162,192.311,72.929,138.775
90.607,192.025,72.952,138.765
90.984,192.953,72.657,138.996
91.584,193.629,72.614,138.926
91.595,193.837,72.908,138.832
91.532,193.743,72.973,138.891
91.541,193.156,72.963,139.066
91.011,192.463,72.953,139.272
90.842,192.889,72.834,139.322
90.788,192.985,72.671,139.507
91.266,192.917,72.584,139.504
91.239,192.662,72.595,139.440
91.077,192.180,72.601,139.456
90.718,191.781,72.537,139.399
91.093,192.353,72.505,139.417
91.425,191.893,72.310,139.606
90.787,191.256,72.653,139.305
91.079,192.201,72.593,139.015
90.872,192.668,72.750,138.942
91.350,192.716,72.757,138.901
90.898,192.170,73.066,138.735
91.105,193.067,73.008,138.673
90.517,192.592,73.123,138.712
90.810,192.678,72.889,138.943
91.146,192.889,72.768,139.129
91.270,192.837,72.803,139.383
91.198,193.271,72.861,139.441
91.467,193.984,72.932,139.530
91.179,194.283,73.363,138.991
91.352,195.344,73.717,138.477
90.697,193.876,73.775,138.517
90.882,194.551,74.009,138.332
90.603,194.559,74.115,138.118
90.883,194.393,74.281,137.907
90.716,193.849,74.268,138.159
90.437,193.424,74.072,138.704
90.549,193.588,73.956,138.799
90.717,193.465,73.851,138.968
90.510,193.131,73.765,139.269
90.664,193.580,73.503,139.531
90.862,193.519,73.582,139.478
91.214,193.158,73.713,139.376
90.990,192.268,73.602,139.676
91.003,192.783,73.510,139.596
90.988,192.615,73.420,139.713
91.047,192.650,73.361,139.825
90.804,192.433,73.352,139.862
90.586,192.535,73.438,139.809
90.439,192.038,73.473,139.814
90.234,192.044,73.459,139.853
90.453,193.126,73.567,139.791
90.568,193.331,73.827,139.519
90.651,193.216,74.056,139.364
91.070,192.639,74.119,139.392
90.591,190.725,73.952,139.809
90.195,189.995,73.650,140.288
91.009,190.222,73.116,140.964
90.903,190.822,72.872,141.340
90.632,191.150,73.192,140.920
90.818,192.466,73.497,140.322
90.597,190.999,73.660,140.457
90.314,191.140,73.633,140.542
90.076,191.165,73.677,140.576
91.211,191.847,73.315,140.724
90.528,190.837,73.449,140.733
90.321,191.293,73.553,140.551
90.486,192.564,73.701,140.243
90.700,192.276,73.651,140.201
90.486,192.287,73.634,140.208
90.919,193.189,73.525,140.331
90.658,192.151,73.687,140.480
90.732,191.719,73.746,140.492
90.518,191.823,73.701,140.363
90.266,192.540,73.625,140.197
90.936,193.509,73.760,139.967
90.521,192.451,73.866,139.958
90.474,192.574,73.824,140.047
90.397,192.884,73.712,140.200
91.088,193.474,73.681,140.106
90.719,192.031,73.654,140.260
90.666,192.033,73.384,140.526
90.922,192.288,73.297,140.533
90.557,190.479,73.490,140.568
90.042,190.585,72.968,140.933
89.464,191.402,72.522,141.175
91.048,192.601,71.839,141.463
91.502,193.326,71.896,141.340
92.272,192.943,71.671,141.589
92.042,191.218,71.527,142.086
91.973,191.520,71.053,142.840
92.525,190.774,70.475,144.016
92.089,189.852,70.219,144.658
92.318,189.789,69.922,144.917
92.140,190.322,69.625,145.178
92.839,192.406,69.449,144.754
92.192,192.514,68.812,145.070
92.405,188.470,68.085,146.200
91.977,186.907,67.957,146.878
92.296,185.029,67.647,148.257
92.791,183.894,67.466,149.494
93.111,181.157,68.007,150.242
93.654,183.004,68.658,150.922
93.702,180.314,69.347,151.493
93.977,179.583,69.778,152.259
93.985,180.504,70.414,152.789
94.316,181.313,70.798,153.470
94.118,181.630,71.149,154.212
94.166,181.375,71.539,154.751
93.290,178.746,71.538,155.309
92.991,180.320,71.751,155.443
93.157,182.053,72.122,155.513
92.531,181.734,72.690,155.112
93.084,182.223,72.641,155.731
93.319,182.411,72.856,155.607
93.728,184.105,73.118,154.841
93.787,184.510,73.474,154.136
93.251,184.699,74.199,153.135
92.112,185.585,75.062,151.754
90.203,185.843,74.549,152.293
87.676,185.267,74.968,151.629
82.799,187.938,76.060,150.802
70.471,193.351,75.812,150.297
64.959,195.361,75.421,149.680
51.260,199.108,74.538,149.654
48.267,200.692,73.992,148.969
48.658,204.385,74.631,145.755
61.186,200.637,74.916,143.339
87.070,195.462,74.930,141.769
113.235,193.844,75.778,138.717
141.695,190.703,75.951,137.645
161.836,189.785,75.609,136.772
151.073,185.602,70.489,141.065
157.253,182.440,69.492,142.160
158.253,176.549,68.529,143.918
159.060,172.337,68.563,144.730
158.288,168.306,69.336,144.890
158.040,164.926,69.830,145.516
157.763,165.102,69.860,146.934
156.957,163.951,69.967,148.208
158.128,162.383,69.710,149.955
158.460,162.258,69.520,151.592
158.125,162.256,69.489,153.177
158.003,161.289,69.976,154.250
156.941,160.524,70.339,155.360
157.062,159.674,70.357,156.598
157.270,158.464,70.315,158.344
156.999,158.511,70.378,159.578
156.904,156.820,70.570,160.686
156.999,155.554,70.444,162.001
157.683,153.694,70.309,163.355
157.778,154.571,70.527,164.372
157.395,151.631,70.488,165.514
157.356,151.714,70.745,166.783
158.196,147.477,70.641,168.721
157.760,146.348,71.039,170.590
154.691,147.147,71.500,171.766
152.495,149.468,72.029,173.354
151.536,145.749,71.880,174.829
151.912,147.801,70.993,176.539
152.763,145.308,70.653,176.860
152.863,148.026,70.661,177.682
151.447,147.288,70.864,177.164
152.071,147.918,70.341,176.809
152.283,146.244,69.755,176.821
152.175,149.019,69.172,177.150
152.651,148.273,69.103,176.198
152.728,147.318,68.820,175.965
152.781,148.053,68.343,175.850
152.421,149.074,68.378,175.323
152.855,149.195,68.415,174.885
153.017,149.880,68.552,174.564
153.183,150.749,68.711,174.075
152.118,150.076,68.994,173.708
152.682,149.494,68.835,173.699
152.784,149.044,68.762,173.483
152.572,151.970,68.791,173.616
152.528,149.476,68.841,172.731
152.208,150.605,68.769,172.756
153.330,147.712,68.428,173.504
152.951,148.693,67.868,175.063
152.101,152.905,68.554,173.540
153.024,156.140,69.161,171.285
152.958,155.198,69.518,168.755
152.336,154.916,69.307,167.913
152.873,156.391,68.795,167.660
152.498,155.455,68.533,166.728
151.994,159.451,69.711,165.232
149.571,158.070,70.763,163.198
150.072,159.766,70.638,163.754
150.372,159.275,70.363,164.374
150.868,159.875,70.121,165.122
150.410,159.764,70.248,165.201
150.007,160.086,70.441,165.245
150.567,159.348,68.984,166.330
151.192,159.209,67.952,167.229
151.822,158.287,67.164,167.764
151.820,157.368,66.479,168.227
152.032,157.987,65.868,169.017
151.746,159.297,65.864,168.778
152.162,160.314,65.518,168.760
151.879,159.462,65.331,168.290
151.704,156.979,64.865,168.176
152.379,157.427,64.667,168.110
151.454,155.805,64.563,168.000
152.458,157.834,64.651,167.995
151.694,156.411,64.757,168.153
152.064,157.818,64.886,168.122
152.075,154.999,64.751,168.506
152.016,155.909,64.788,168.888
152.350,155.630,64.768,169.227
152.121,155.141,64.863,169.446
152.165,155.940,64.784,169.654
152.352,154.759,64.854,169.719
152.257,155.562,65.006,169.710
152.933,155.092,64.974,169.818
152.156,155.736,65.127,170.151
152.700,154.519,64.935,170.591
151.751,153.781,65.057,171.197
152.475,155.666,65.210,171.107
152.099,154.112,65.355,171.445
152.454,153.053,65.531,171.437
152.033,152.870,65.531,172.028
152.162,153.640,65.446,172.408
152.290,152.541,65.636,172.480
152.162,152.399,65.603,173.131
152.534,152.984,65.403,173.796
152.499,151.516,65.647,173.678
151.748,153.533,65.569,174.340
152.409,151.240,65.661,174.115
151.552,152.622,65.666,174.475
152.704,150.568,65.610,174.931
151.897,153.144,65.546,175.367
152.562,150.242,65.538,175.406
151.649,152.461,65.559,175.716
152.689,149.836,65.487,176.176
151.968,150.844,65.303,176.786
152.778,149.606,65.260,177.143
151.760,150.966,65.164,177.772
152.583,149.203,65.234,178.040
151.631,149.812,65.334,178.490
152.634,149.626,65.468,178.227
152.707,149.367,65.518,178.171
152.319,150.507,65.464,178.365
152.625,148.821,65.514,178.381
151.518,149.937,65.516,178.639
152.201,149.615,65.666,178.638
152.052,149.365,65.782,178.648
151.694,148.548,65.776,178.695
151.661,150.539,66.135,178.188
152.451,149.271,65.964,178.467
151.419,149.504,65.906,178.905
151.638,149.271,65.936,178.916
152.104,149.598,65.989,178.863
151.949,149.951,66.000,178.811
151.878,148.850,65.951,179.159
151.790,148.937,66.149,178.811
151.332,149.145,66.156,178.814
151.551,149.508,66.283,178.703
151.880,149.509,66.394,178.312
152.020,149.259,66.156,178.508
151.729,149.256,66.214,178.448
151.091,149.420,66.197,178.599
151.466,150.836,66.335,178.089
150.676,150.913,66.120,178.589
