69.000,48.000,26.000,39.000
70.578,48.171,25.726,39.012
71.061,48.248,25.554,39.020
71.874,48.571,25.438,39.007
72.009,48.542,25.195,39.100
72.108,48.527,25.023,39.166
71.935,48.878,25.000,39.159
73.018,48.978,25.036,38.997
72.662,48.919,24.981,38.947
73.188,48.736,24.898,38.890
73.336,48.836,24.833,38.899
73.474,48.937,24.787,38.905
74.021,49.126,24.803,38.789
74.055,49.681,25.014,38.623
74.774,49.891,25.380,38.388
75.557,50.143,25.596,38.314
76.892,50.585,25.777,38.267
76.827,49.873,25.894,38.287
78.522,50.555,25.868,38.263
80.497,49.886,26.523,37.493
82.365,51.198,27.234,36.572
85.360,52.567,27.937,35.695
88.962,53.443,28.300,35.161
88.919,53.648,28.184,35.150
93.296,54.756,28.245,34.877
97.474,56.191,28.309,34.341
102.127,57.279,28.295,34.051
106.441,57.728,28.400,33.789
111.421,58.295,28.493,33.902
111.883,58.203,28.479,34.057
116.823,58.285,28.109,34.504
121.343,58.084,27.669,35.166
125.575,56.855,27.480,35.674
126.318,57.138,27.455,35.970
128.628,55.903,27.306,36.297
128.882,56.348,27.278,36.474
131.391,55.758,27.187,36.731
133.852,55.371,27.265,36.770
136.209,55.239,27.050,36.758
138.379,56.157,26.879,36.705
139.446,56.519,26.759,36.641
139.599,56.657,26.720,36.577
139.549,56.610,26.704,36.376
139.756,56.660,26.616,36.353
140.028,56.525,26.516,36.306
139.995,56.157,26.412,36.309
139.846,56.357,26.266,36.214
139.675,56.542,26.163,36.148
139.951,56.610,26.129,36.097
139.608,56.731,26.176,35.975
139.992,56.575,26.077,35.969
139.829,57.028,26.336,35.762
139.874,57.121,26.282,35.738
139.911,57.212,26.244,35.721
140.448,57.411,26.289,35.655
140.050,57.393,26.273,35.629
140.800,57.666,26.264,35.634
140.388,57.419,26.174,35.574
140.565,57.723,26.144,35.668
140.291,57.525,26.016,35.707
140.560,57.330,25.897,35.804
140.809,57.574,25.963,35.841
140.733,57.419,25.879,35.803
141.401,57.578,25.792,35.843
141.010,57.610,25.824,35.792
141.370,57.719,25.869,35.767
140.917,57.407,25.848,35.728
141.480,57.998,25.506,36.002
141.490,57.420,25.566,36.132
141.563,57.461,25.572,36.153
141.945,57.414,25.552,36.169
142.324,57.369,25.539,36.181
142.344,57.462,25.516,36.156
142.719,57.542,25.562,36.126
142.031,58.224,25.540,36.177
142.393,57.924,25.439,36.258
142.695,58.298,25.330,36.439
142.658,57.811,25.292,36.339
142.403,58.185,25.382,36.420
143.122,57.704,25.244,36.457
143.216,57.497,25.268,36.512
142.593,57.638,25.283,36.531
142.487,57.901,25.344,36.563
142.390,58.169,25.387,36.586
141.705,58.242,25.281,36.592
141.076,57.920,25.187,36.628
139.753,58.028,25.205,36.616
138.513,57.078,25.096,36.513
137.006,57.114,24.859,36.603
136.478,57.384,24.886,36.521
134.810,57.940,24.817,36.573
132.368,57.446,25.202,36.244
128.056,57.368,25.632,35.941
127.042,56.551,25.939,35.807
123.009,56.298,26.109,35.765
122.598,56.688,26.388,35.669
120.953,56.878,26.804,35.557
116.180,57.232,27.034,35.546
112.211,57.066,27.510,35.424
107.628,56.154,27.527,35.521
103.272,56.806,27.612,35.423
102.735,57.044,27.684,35.455
98.432,56.499,27.694,35.531
94.446,55.912,27.875,35.711
90.147,55.781,27.893,35.852
85.540,53.413,27.856,36.005
82.604,53.856,27.902,35.960
81.335,53.638,27.903,35.976
79.356,52.990,27.903,36.070
76.216,53.168,28.053,35.954
73.580,53.452,28.129,35.767
70.938,53.169,27.659,35.996
69.895,53.783,27.067,36.530
70.080,52.980,26.718,36.949
68.853,53.060,26.383,37.187
67.821,52.848,26.522,36.875
67.197,52.321,26.586,36.698
67.063,52.273,26.654,36.449
67.634,52.058,26.677,36.405
67.362,52.467,26.706,36.211
67.512,51.469,26.617,36.281
68.235,52.302,26.601,36.228
69.036,52.366,26.455,36.331
69.939,52.461,26.354,36.344
70.090,53.207,26.057,36.470
69.827,52.927,25.819,36.719
70.730,53.205,25.695,36.755
70.899,52.746,25.682,36.747
71.276,52.462,25.663,36.701
71.834,52.955,25.730,36.535
71.448,53.542,25.659,36.428
71.857,52.793,25.670,36.358
71.491,53.182,25.684,36.213
72.564,53.086,25.667,36.255
