319.000,185.000,67.000,56.000
316.381,184.166,67.500,55.256
314.323,182.472,67.451,54.846
312.612,182.300,67.934,54.221
312.048,180.578,67.763,54.185
309.380,179.199,67.845,54.001
307.923,177.932,68.072,53.758
305.008,176.289,67.628,53.904
302.327,175.935,67.679,53.717
302.164,174.383,67.896,53.545
300.259,172.504,67.656,54.142
297.943,171.254,67.499,54.331
296.533,168.717,67.239,54.659
297.268,168.912,66.323,55.149
294.650,166.776,65.564,55.583
293.335,165.649,64.834,56.039
292.493,164.076,64.408,56.587
291.720,161.972,64.195,57.105
290.147,159.813,63.553,57.951
289.321,158.231,63.192,58.817
288.159,157.512,63.321,59.132
285.802,156.471,63.241,59.395
285.798,154.590,62.772,59.768
284.197,153.520,61.989,60.380
282.466,152.247,61.449,60.469
280.937,151.366,61.228,60.404
279.439,150.264,61.637,59.904
278.306,148.898,62.284,59.387
277.576,147.489,62.031,59.448
275.421,146.014,62.053,59.680
273.391,144.736,62.795,59.053
272.422,143.081,63.542,58.673
269.262,141.769,64.613,58.036
270.876,141.131,64.993,58.010
269.458,139.233,64.920,58.459
270.096,137.676,64.505,59.198
268.396,136.188,64.575,59.285
268.725,134.948,65.058,58.608
269.661,133.305,65.286,58.628
270.310,124.406,65.469,58.622
269.570,123.243,65.384,58.619
270.986,116.310,66.266,57.570
270.146,116.543,66.604,57.021
271.616,116.483,66.381,56.759
273.276,114.856,65.446,56.956
274.366,113.164,64.231,57.304
275.538,112.019,63.305,57.732
276.847,110.868,62.485,58.017
277.617,109.367,61.645,58.276
278.019,107.389,60.843,58.895
283.100,105.077,59.204,59.870
282.363,102.908,58.465,60.555
288.012,94.417,57.766,60.556
287.888,94.047,57.208,60.466
286.879,93.364,57.086,59.993
286.359,93.147,57.327,59.560
286.136,93.138,57.840,58.772
287.768,92.952,58.115,58.096
293.727,92.201,57.309,57.727
294.891,93.130,56.705,56.922
295.648,94.145,55.921,56.563
295.652,95.727,54.946,56.572
296.781,96.231,54.333,56.792
296.639,96.785,53.791,56.864
295.924,96.042,54.087,56.222
294.919,95.148,54.433,56.024
295.041,95.301,54.868,55.778
295.353,95.163,55.556,55.529
295.696,95.034,56.466,55.180
297.047,93.151,56.795,55.621
297.367,92.976,57.372,55.418
297.535,91.945,57.648,55.459
298.187,90.693,57.661,55.692
298.474,88.952,57.455,55.790
298.150,88.649,56.946,56.068
299.356,88.894,56.564,56.075
300.451,88.603,56.228,55.978
301.945,88.335,55.804,56.162
303.117,87.119,55.776,56.019
304.385,86.918,55.658,55.582
304.817,85.758,55.369,55.410
305.849,85.029,55.125,55.297
307.461,84.833,54.589,55.374
308.823,84.607,54.311,55.179
308.411,83.584,54.107,54.779
308.344,82.723,53.775,54.440
310.032,81.186,53.469,54.523
311.703,80.574,52.959,54.838
313.137,80.495,52.631,54.704
315.426,78.597,52.901,54.618
317.070,78.004,53.373,53.864
319.208,77.570,53.727,53.309
319.383,77.452,53.623,52.909
319.973,77.530,52.920,52.608
319.228,77.767,52.158,52.599
318.159,77.932,51.173,52.649
317.643,78.142,50.161,52.722
318.694,78.188,49.948,52.614
319.288,77.859,49.348,52.599
319.630,77.283,48.735,52.757
319.698,77.316,48.250,52.696
319.365,77.266,47.806,52.797
320.478,77.051,47.145,52.818
321.198,76.354,46.562,52.771
320.975,75.325,45.880,52.922
321.598,75.395,45.655,52.793
321.374,75.650,45.496,52.873
320.959,76.707,45.325,52.936
320.455,77.689,44.979,53.096
319.757,78.649,44.952,52.777
319.009,78.848,45.273,51.983
319.455,79.601,45.347,51.518
320.214,80.154,45.916,50.959
319.491,80.712,46.468,50.817
318.956,81.483,46.856,50.513
319.021,81.517,46.800,50.715
319.813,81.573,46.855,50.988
320.681,81.111,46.902,50.755
321.622,80.499,46.805,50.713
321.579,81.009,46.885,50.190
321.533,81.281,46.950,50.023
320.942,80.407,46.849,50.144
321.461,80.158,46.749,50.269
322.845,80.112,46.784,50.287
321.466,81.342,46.344,50.292
321.050,83.437,46.140,50.074
319.732,84.079,46.022,49.982
318.527,84.916,45.680,50.187
316.816,85.134,45.831,50.167
317.337,86.069,46.131,50.338
316.372,86.873,46.267,50.419
315.704,87.901,46.345,50.658
316.372,89.181,47.186,50.737
316.208,89.695,47.340,51.316
315.178,91.058,47.430,51.716
314.042,91.941,47.474,52.185
312.333,91.661,47.750,52.401
313.843,91.862,47.600,53.079
314.237,91.438,47.260,53.962
313.318,91.606,47.684,54.295
311.074,91.411,48.217,54.598
311.445,91.672,48.382,55.179
309.931,91.507,48.607,55.115
309.901,90.964,48.398,55.524
309.368,91.906,48.522,55.024
307.838,92.270,48.512,54.717
306.668,92.159,48.445,54.706
306.260,92.226,49.120,54.107
305.877,91.981,49.463,53.917
306.484,92.564,49.741,53.470
305.672,91.851,49.980,53.101
303.991,91.715,49.831,52.990
304.977,91.798,49.689,52.750
304.348,92.327,49.166,52.648
303.698,92.963,48.854,52.470
302.425,93.488,48.670,52.249
303.445,94.418,48.590,51.795
302.865,94.585,48.020,52.131
303.554,96.474,48.211,51.812
303.206,97.043,48.235,51.612
303.102,97.791,48.211,51.223
302.632,98.584,47.887,50.820
301.157,99.583,47.295,50.763
300.473,100.710,46.768,50.607
299.721,101.882,46.500,50.236
300.019,102.842,46.360,49.762
300.293,102.965,46.076,49.280
299.238,103.739,45.442,49.123
300.039,105.528,44.892,49.145
300.799,106.722,44.528,48.893
299.504,108.282,44.166,48.736
298.966,109.655,44.157,48.229
297.383,110.780,43.978,47.639
297.642,111.713,43.904,47.102
297.726,112.770,43.665,46.539
297.218,114.011,43.482,46.163
297.424,114.909,43.504,45.555
297.023,115.791,43.771,44.761
296.887,116.344,43.908,44.290
297.533,116.629,43.928,43.995
296.784,117.216,44.086,43.524
295.621,118.033,43.774,43.525
294.917,120.159,43.728,42.961
293.908,121.221,43.572,42.803
294.066,122.484,43.577,42.473
293.549,123.487,43.500,42.528
292.589,124.428,43.498,42.506
292.038,125.649,43.709,42.337
291.534,126.200,44.033,42.055
290.671,127.023,44.329,41.797
289.216,128.236,44.420,41.830
289.123,128.805,44.112,42.032
289.807,129.674,44.087,41.904
290.048,130.905,44.576,41.524
289.870,131.756,45.067,41.476
288.332,132.851,44.859,41.578
287.176,134.263,44.596,42.014
285.489,135.287,44.294,42.426
284.382,136.522,43.964,42.939
284.344,138.821,43.646,43.185
282.929,141.082,43.924,42.999
282.710,143.777,43.964,42.929
282.001,146.039,43.818,43.098
281.432,147.651,43.971,42.784
281.593,152.777,43.526,42.873
281.613,153.557,43.529,42.893
281.812,154.339,43.364,42.960
280.650,155.593,43.167,43.144
281.418,156.269,42.706,43.606
282.744,156.133,42.399,44.403
281.922,162.068,42.757,44.591
280.673,163.015,43.295,44.566
280.232,164.298,43.615,44.705
280.302,165.994,43.687,44.966
279.360,167.993,44.169,44.851
278.423,170.572,45.022,44.481
276.873,174.351,46.226,43.900
277.327,176.651,47.557,43.327
277.921,177.849,49.229,42.862
277.514,179.351,50.876,42.392
276.622,180.410,52.016,42.413
275.239,181.061,52.727,42.705
274.297,181.570,53.173,43.205
273.728,181.291,53.611,43.747
272.152,181.192,54.028,44.342
269.922,181.425,54.906,44.794
268.257,181.790,55.601,45.550
267.113,181.717,56.166,46.432
