276.000,161.000,73.000,74.000
279.650,161.856,72.214,74.084
282.121,161.220,71.602,74.137
285.571,166.570,71.652,73.582
289.087,163.491,71.030,73.526
292.783,161.768,70.286,73.633
296.716,167.473,70.338,73.061
299.541,164.305,70.109,72.549
306.262,163.252,70.114,72.436
306.085,161.711,70.072,72.417
310.594,157.940,63.545,78.697
314.580,155.060,58.555,83.458
317.636,149.924,54.588,87.337
319.822,145.508,51.651,89.814
322.388,144.111,49.496,91.154
324.345,141.549,47.854,91.797
325.396,139.778,46.503,92.024
326.502,138.688,45.430,91.955
327.318,138.250,44.615,91.795
327.087,146.312,43.546,91.946
327.179,146.426,42.753,91.808
327.402,147.205,42.128,91.333
327.345,147.419,41.693,90.876
326.660,146.378,41.254,90.580
326.728,146.600,40.851,90.053
326.158,147.214,40.622,89.158
325.931,153.111,40.041,89.187
325.154,151.602,39.738,88.871
324.670,151.384,39.464,88.697
323.753,155.655,39.345,88.299
323.014,154.090,39.037,88.003
323.203,156.589,38.864,87.589
323.104,155.898,38.701,87.343
322.713,156.387,38.643,87.236
322.395,155.823,38.431,87.161
321.831,154.934,38.251,86.980
321.674,155.688,38.176,86.674
320.783,155.542,37.984,86.773
320.352,155.565,37.847,86.949
319.441,157.496,37.592,87.147
318.087,160.383,37.327,87.378
317.530,161.314,37.215,87.644
316.948,162.617,37.256,87.572
316.635,163.441,37.609,87.078
316.133,165.070,37.878,86.703
315.205,165.616,38.480,85.838
314.701,167.117,39.151,84.797
314.830,167.258,39.388,84.332
321.448,168.049,39.075,84.508
319.634,168.700,38.596,84.834
318.038,168.009,38.100,85.412
317.145,167.041,37.914,85.508
316.069,168.929,37.993,85.131
315.198,168.830,38.201,84.725
314.740,169.993,38.502,84.205
314.423,169.663,38.479,84.206
313.995,169.948,38.599,83.998
314.091,171.325,39.046,83.345
313.780,172.730,39.305,83.013
313.628,172.969,39.300,83.116
313.933,172.502,39.359,82.983
313.315,173.355,39.271,83.012
319.973,174.871,38.748,83.609
319.166,174.515,38.102,84.755
319.391,171.442,38.078,85.206
319.939,168.370,38.218,85.315
320.233,165.732,38.384,85.703
320.489,164.078,38.454,86.124
320.398,164.788,38.444,86.531
320.583,165.982,38.472,86.678
320.949,171.241,38.533,87.359
321.403,176.822,38.414,88.360
322.124,182.930,38.406,89.218
323.210,184.260,36.255,91.976
323.839,184.808,34.855,93.820
323.396,184.335,33.814,95.629
323.313,182.546,33.312,96.669
321.939,185.608,32.732,97.429
320.612,185.731,32.258,98.745
319.197,188.535,31.957,99.184
318.211,191.014,31.796,99.494
316.998,193.790,31.792,99.808
315.329,196.725,31.903,100.076
314.516,197.526,32.344,100.261
313.533,198.506,32.386,101.038
312.288,199.486,32.572,101.516
312.106,198.880,32.865,101.821
312.482,195.773,32.853,103.113
311.959,193.182,32.826,104.092
311.057,190.191,32.876,104.763
310.610,188.043,33.149,105.288
310.144,186.535,33.544,105.553
309.067,184.866,33.759,106.178
308.394,184.339,34.006,106.506
307.343,182.227,34.204,106.968
307.372,180.756,34.544,107.260
307.689,178.562,34.829,107.613
307.972,178.253,34.977,108.029
308.263,178.419,35.255,108.174
308.902,177.574,35.524,108.484
309.328,177.708,35.627,108.505
308.079,178.481,37.955,105.759
307.322,179.678,39.799,103.546
306.888,180.208,41.048,102.238
313.606,183.357,41.195,102.032
312.070,182.902,41.440,102.290
310.476,180.242,41.483,103.092
309.939,178.329,42.099,103.013
309.585,178.884,42.771,102.395
309.609,179.005,43.205,102.006
309.954,179.265,43.479,101.854
309.367,178.726,43.430,102.230
310.206,177.424,43.621,102.387
309.695,177.791,43.623,102.577
309.046,177.092,43.671,102.731
309.778,175.110,43.515,103.219
308.903,175.437,43.734,103.050
309.340,174.767,43.806,103.078
308.848,175.104,43.792,103.109
309.169,175.477,44.074,102.766
308.876,177.309,44.160,102.601
316.613,179.769,44.369,102.234
315.429,178.646,44.181,102.325
313.831,177.194,43.977,102.925
312.370,175.741,43.528,104.030
311.368,173.887,43.263,104.743
310.189,174.023,43.214,104.889
309.371,175.075,43.365,104.717
309.052,175.679,43.696,104.448
309.778,175.045,44.056,104.122
309.506,175.066,44.185,104.131
309.542,175.606,44.427,103.934
309.726,174.778,44.357,103.884
309.763,173.271,44.434,103.938
309.568,173.436,44.261,104.184
309.628,172.759,44.327,104.037
309.630,170.181,44.365,104.274
309.242,171.092,44.453,104.044
310.018,169.517,44.453,104.059
309.841,169.556,44.444,104.123
309.606,168.085,44.400,104.193
309.394,168.484,44.543,103.925
308.815,167.134,44.559,104.135
308.606,166.713,44.809,103.781
308.190,164.706,44.780,104.027
307.454,166.326,45.131,103.469
307.204,164.664,45.260,103.135
307.351,162.128,45.422,102.957
307.626,162.447,45.570,102.595
308.450,160.711,45.682,102.187
307.372,161.898,45.796,101.654
307.142,162.470,45.824,101.317
307.650,162.217,45.955,100.863
307.330,162.510,45.932,100.441
307.460,163.707,45.883,99.962
307.470,166.089,45.835,99.417
307.413,166.260,45.763,99.207
307.381,167.737,45.963,98.373
307.533,169.783,46.002,97.628
307.550,170.324,45.790,97.281
307.635,170.882,45.729,96.822
307.909,170.833,45.584,96.620
308.375,170.738,45.403,96.475
308.071,171.693,45.197,96.072
308.665,171.990,45.187,95.493
309.278,172.621,45.086,95.050
310.213,173.477,44.864,94.783
309.794,171.941,44.436,94.780
309.866,171.466,44.091,94.601
309.691,170.805,43.821,94.381
309.382,169.581,43.582,93.961
309.250,170.836,43.430,93.370
309.038,170.276,43.325,92.803
308.468,171.105,43.108,92.311
308.251,170.604,42.864,91.949
307.187,172.591,42.426,91.772
306.523,173.385,42.360,91.185
306.268,176.038,42.213,90.620
306.165,176.334,42.072,90.177
306.393,178.106,41.827,89.803
306.499,178.414,41.723,89.377
306.122,179.314,41.463,89.073
306.356,180.976,41.474,88.380
306.643,181.809,41.305,87.974
306.731,183.826,41.241,87.222
307.187,183.480,40.941,86.898
307.596,184.869,40.670,86.561
307.580,184.202,40.301,86.490
307.970,182.438,38.360,88.492
307.987,182.257,38.653,87.666
308.186,182.733,38.768,86.954
308.138,182.433,38.863,86.456
308.655,181.735,39.077,85.684
309.418,174.021,38.735,85.920
309.994,173.935,38.453,85.985
311.497,171.687,36.994,87.759
312.448,169.499,35.843,89.035
318.520,169.847,34.844,89.864
317.268,175.738,33.995,90.558
324.839,177.160,34.901,88.833
324.579,179.655,35.745,87.225
324.758,182.149,36.129,85.947
324.683,184.980,36.348,84.958
324.283,185.423,36.504,84.388
323.848,185.949,36.695,83.798
323.920,185.438,35.287,85.250
324.353,184.398,34.317,86.176
324.641,183.893,33.582,86.869
324.764,184.444,33.075,87.136
324.387,184.993,32.832,87.136
323.996,186.139,34.103,85.279
323.313,186.158,35.195,83.399
322.992,186.487,35.996,81.913
322.172,185.771,36.870,80.537
321.571,185.573,37.434,79.483
321.063,185.302,38.088,78.244
320.681,185.121,38.554,77.184
320.060,183.872,38.871,76.262
319.445,182.633,39.060,75.450
318.790,180.838,38.987,75.003
318.121,179.043,38.896,74.748
318.404,179.732,43.192,70.427
319.381,174.639,46.514,66.805
319.686,176.298,49.102,63.737
318.328,177.551,50.980,61.438
317.359,178.370,52.454,59.589
316.623,178.358,53.883,57.933
315.923,178.588,55.239,56.431
315.909,178.011,56.587,55.122
316.044,178.578,57.541,54.333
316.736,178.686,58.254,53.956
317.327,178.211,58.749,53.820
317.838,177.051,58.945,54.026
318.946,175.478,58.945,54.272
319.072,174.569,59.125,54.428
319.680,173.787,59.566,54.464
320.480,173.099,59.618,54.623
321.383,172.080,59.456,55.214
322.070,170.789,59.279,55.880
321.920,169.025,58.842,56.689
321.728,167.759,58.481,57.352
320.858,166.141,57.984,58.133
319.770,164.340,57.500,58.876
319.003,163.230,56.924,59.681
319.753,162.360,56.481,60.288
319.236,161.602,56.099,60.786
319.062,161.301,55.686,61.123
318.682,161.062,55.369,61.315
318.398,161.447,55.412,61.260
318.259,162.032,55.527,61.043
318.018,162.381,55.730,60.885
318.150,162.807,55.941,60.647
318.852,163.656,56.073,60.471
319.233,163.469,56.145,60.401
311.818,170.738,56.868,59.693
312.695,170.681,57.535,59.152
313.463,170.275,57.824,58.890
313.831,169.433,57.893,58.828
314.384,169.119,58.076,58.497
315.902,169.141,58.051,58.325
317.175,168.450,57.761,58.490
317.275,168.547,57.359,58.687
317.953,168.902,57.007,59.007
317.052,175.314,56.508,59.171
319.025,174.779,56.405,58.850
320.134,175.341,55.941,58.800
320.744,176.469,55.579,58.820
320.832,182.931,55.353,58.726
322.066,183.020,54.982,58.508
323.316,183.835,54.855,58.241
324.699,190.363,54.694,58.018
324.769,190.487,54.432,57.636
325.410,189.732,54.239,57.290
324.055,196.883,53.808,57.756
324.241,196.543,53.636,58.003
323.191,196.510,53.408,58.416
322.346,196.597,53.338,58.620
330.692,192.822,49.703,62.544
321.199,193.331,50.162,62.081
329.169,190.670,47.114,65.341
329.707,190.014,44.838,67.818
329.737,190.117,43.159,69.672
330.144,189.412,41.814,71.276
330.233,188.736,40.841,72.461
330.219,187.177,40.182,73.235
330.541,186.243,39.552,73.859
337.428,181.671,37.669,76.127
337.318,181.752,36.109,77.802
337.672,177.690,34.918,79.410
337.595,176.057,33.773,80.713
338.339,159.546,32.815,81.894
338.725,158.544,32.082,82.793
338.996,158.581,31.450,83.518
339.534,158.327,30.921,84.077
339.736,158.554,30.535,84.391
339.574,158.149,30.069,84.748
339.244,157.697,29.726,84.760
339.113,156.037,29.577,84.674
339.191,154.862,29.497,84.519
337.954,162.424,30.743,82.426
336.712,162.591,31.747,80.546
335.563,162.096,32.524,79.006
334.401,161.600,33.176,77.739
333.038,160.867,33.880,76.498
331.678,160.769,34.375,75.414
314.440,156.301,39.204,70.179
311.928,157.475,42.993,66.134
310.315,158.081,45.889,63.120
308.674,158.086,48.339,60.822
307.326,157.494,50.172,59.050
305.749,156.342,51.667,57.850
304.050,155.355,52.759,56.969
303.059,154.596,53.643,56.223
302.481,153.533,54.353,55.857
302.157,153.216,54.899,55.669
302.393,153.697,55.555,55.448
302.268,154.380,56.077,55.199
303.141,153.283,56.553,55.101
303.298,153.220,56.828,54.954
303.864,152.802,56.967,55.063
304.205,152.508,57.025,55.350
304.384,147.321,56.929,55.581
304.642,148.573,57.228,55.640
305.486,148.512,57.291,56.028
306.604,143.365,57.084,56.214
307.153,144.768,56.790,56.628
307.421,139.822,56.820,56.315
313.203,141.112,55.915,57.214
311.377,142.715,55.269,58.036
310.007,137.839,55.144,57.837
308.846,139.655,55.209,57.666
308.130,141.200,55.145,57.804
307.236,143.074,54.806,58.152
306.507,157.541,54.423,58.428
305.220,162.754,54.308,58.331
304.832,162.179,53.976,58.024
310.067,161.418,53.455,58.270
309.764,162.695,53.209,57.837
309.344,167.308,53.292,57.204
313.754,166.702,52.879,57.393
311.323,171.487,52.809,56.942
311.841,172.145,52.865,56.102
286.190,177.278,53.575,55.209
286.483,176.687,53.637,54.155
286.671,177.016,53.598,53.232
286.783,181.812,53.890,52.453
288.019,181.954,53.712,51.738
288.616,186.636,53.792,51.222
288.362,186.400,53.457,50.646
288.869,191.807,53.153,50.489
289.884,190.844,52.650,50.265
291.358,190.729,52.011,49.935
291.415,196.354,51.694,49.643
291.337,196.162,51.483,49.179
292.727,196.834,51.290,48.577
291.438,202.069,50.953,48.395
291.785,201.441,50.799,47.944
292.602,201.418,50.734,47.415
293.220,201.792,50.736,46.778
292.701,201.623,50.684,46.219
292.223,200.955,50.687,45.709
292.365,200.597,50.699,45.118
293.256,200.277,50.336,44.714
293.269,200.541,50.064,44.184
292.598,204.614,50.109,43.810
293.539,203.807,50.061,43.432
293.727,203.237,49.912,42.865
293.769,203.704,49.484,42.505
293.995,208.604,49.296,42.114
294.601,208.559,49.070,41.730
294.578,213.690,49.138,41.387
295.363,213.426,48.986,41.013
294.367,217.233,48.905,40.837
295.234,216.449,48.626,40.714
295.296,220.392,48.251,40.741
296.215,219.882,47.732,40.688
296.184,224.064,47.377,40.632
296.797,223.944,46.864,40.635
297.386,227.968,46.523,40.620
301.753,228.236,46.484,40.502
300.544,232.494,46.684,40.378
300.155,232.988,46.465,40.382
299.171,237.244,46.402,40.210
298.986,237.035,46.373,39.947
298.903,237.284,46.334,39.849
298.278,237.522,46.229,39.703
298.141,237.900,46.213,39.542
297.951,238.130,46.052,39.400
297.657,238.186,45.848,39.339
298.000,238.073,45.516,39.359
298.486,237.729,45.250,39.357
298.724,237.674,44.891,39.406
303.659,237.213,45.007,39.399
299.234,241.062,44.516,39.584
299.889,240.237,43.939,39.840
300.612,243.527,43.524,39.838
300.818,242.832,43.263,39.600
301.637,242.949,43.254,39.428
302.019,243.310,43.234,39.175
297.830,246.478,42.534,39.500
298.841,245.564,42.159,39.488
299.442,245.096,41.805,39.380
299.549,243.964,41.606,39.249
295.259,242.020,40.688,39.757
295.589,241.478,40.151,39.899
291.540,240.536,39.778,39.917
292.099,240.143,39.405,39.957
292.201,240.294,39.165,39.864
292.312,240.428,39.095,39.535
292.035,240.620,39.207,39.087
292.532,240.605,39.389,38.551
292.517,240.447,39.551,38.046
293.405,239.710,39.556,37.637
292.872,239.668,39.813,37.170
292.726,238.939,40.042,36.721
292.943,237.190,40.174,36.304
292.347,232.662,40.385,35.950
292.157,231.387,40.588,35.589
296.994,229.611,40.688,35.237
297.560,227.680,40.706,34.956
297.897,224.554,40.702,34.787
292.385,218.299,40.740,34.568
291.751,213.236,40.409,34.588
296.506,213.599,42.744,32.681
295.842,209.998,44.473,31.202
295.610,206.216,45.740,30.238
294.700,205.342,46.952,29.294
294.555,200.598,47.869,28.761
294.096,196.868,48.424,28.555
294.236,195.630,49.233,28.024
294.428,191.187,49.551,27.993
295.410,189.324,50.421,27.350
295.433,187.551,50.839,27.221
294.587,186.279,50.966,27.426
294.330,186.387,51.089,27.728
294.289,186.855,51.296,28.031
294.670,188.154,51.420,28.355
294.754,189.621,51.667,28.500
294.860,191.546,51.893,28.691
295.832,195.619,52.526,28.454
296.025,197.367,52.631,28.649
296.795,201.149,53.158,28.365
298.228,202.337,53.348,28.549
299.445,205.610,54.074,28.218
300.103,205.973,54.031,28.591
301.255,209.076,54.635,28.424
301.982,209.697,54.487,28.813
302.953,212.978,54.915,28.821
304.066,216.281,55.381,28.703
305.386,217.027,55.079,29.132
306.619,221.142,55.156,29.183
308.193,224.758,55.332,29.060
309.283,228.249,55.530,28.944
312.432,232.136,55.611,28.828
313.265,232.788,55.458,29.048
314.624,236.757,55.680,28.992
315.025,237.293,55.730,29.139
315.604,237.845,55.740,29.263
316.437,238.233,55.788,29.423
316.392,238.696,55.828,29.533
317.288,238.836,55.878,29.534
317.928,239.235,55.949,29.550
318.620,239.292,56.017,29.557
319.233,239.134,56.144,29.494
319.583,238.860,56.290,29.338
319.793,238.529,56.365,29.245
319.713,238.487,56.441,29.226
320.459,238.137,56.533,29.226
320.746,238.070,56.621,29.247
312.564,246.988,52.584,32.854
315.130,246.414,49.148,35.968
317.683,245.481,45.765,39.131
320.227,243.904,43.037,41.644
320.426,237.889,42.319,41.996
320.993,236.933,41.751,42.315
321.891,236.347,41.122,42.565
322.393,235.605,40.582,42.800
322.754,235.138,40.097,42.980
322.566,234.804,39.805,42.945
322.443,234.897,39.522,42.821
322.177,235.089,39.317,42.558
322.414,239.141,39.082,42.430
322.315,238.486,38.863,42.168
322.883,238.482,38.813,41.978
323.772,241.999,38.982,41.629
324.618,241.373,39.049,41.257
325.288,241.010,39.030,41.041
326.936,240.781,39.141,40.735
328.342,240.339,39.160,40.447
330.172,239.319,39.249,40.129
308.728,250.026,39.227,39.901
308.807,249.451,39.187,39.645
309.563,248.919,39.112,39.447
310.113,248.304,39.319,39.117
310.206,248.729,39.662,38.879
310.395,249.758,39.991,38.656
310.779,250.300,40.374,38.233
311.466,250.525,40.617,37.853
312.126,250.648,40.778,37.568
313.522,249.633,40.814,37.404
316.091,248.782,40.855,37.259
318.298,247.538,40.631,37.362
320.703,246.968,40.579,37.375
322.713,246.474,40.423,37.567
324.873,245.437,40.326,37.632
326.207,244.884,40.294,37.629
327.552,244.961,40.236,37.526
328.949,244.714,40.167,37.417
330.207,245.368,39.981,37.239
330.889,245.925,39.849,37.206
332.088,246.500,39.830,36.926
332.651,246.652,39.665,36.678
333.457,246.208,39.500,36.535
333.962,246.326,39.241,36.367
335.001,246.759,38.753,36.227
336.003,246.713,38.473,35.882
336.426,247.217,38.163,35.612
336.180,247.199,37.716,35.522
334.782,246.985,37.335,35.193
333.975,246.611,37.079,34.753
333.484,246.237,36.810,34.390
333.187,245.496,36.695,33.963
331.957,244.668,36.415,33.528
331.242,243.386,36.273,33.139
330.061,241.916,36.068,32.812
329.222,241.130,35.728,32.567
327.895,239.589,35.355,32.372
327.404,237.755,35.229,32.011
327.476,236.257,35.080,31.814
327.746,234.480,34.924,31.540
326.925,232.437,34.588,31.408
327.115,229.680,34.284,31.310
327.789,228.455,33.960,31.176
327.660,227.004,33.537,31.067
327.171,224.225,33.209,30.999
327.888,223.817,33.254,30.682
327.739,223.031,33.143,30.403
328.103,222.662,33.107,30.282
328.944,222.039,33.132,30.045
329.395,221.350,32.925,29.882
329.458,220.940,32.771,29.833
329.537,219.960,32.943,29.498
329.671,219.903,32.821,29.329
329.696,219.778,32.828,29.137
329.879,219.369,32.971,28.862
330.472,218.696,32.976,28.615
331.104,217.389,33.155,28.262
332.335,216.325,33.147,28.025
333.327,214.950,33.260,27.682
335.193,213.295,33.026,27.578
338.511,211.657,32.493,27.695
339.094,211.644,31.999,27.789
339.513,212.416,31.364,28.013
340.247,213.811,30.850,28.003
340.928,215.349,30.409,28.008
341.498,216.158,30.056,27.874
341.749,217.172,29.596,27.793
342.050,217.745,29.519,27.615
342.685,217.531,29.460,27.367
342.658,217.627,29.058,27.233
342.009,216.821,28.678,27.147
341.827,217.011,28.369,27.017
341.665,216.271,28.066,26.839
341.338,215.289,27.839,26.575
341.078,215.366,27.587,26.391
341.317,215.442,27.490,26.245
341.523,214.686,27.384,25.998
341.631,214.313,27.113,25.881
342.063,214.129,26.885,25.771
342.255,213.595,26.680,25.663
342.642,213.535,26.504,25.496
343.153,213.477,26.304,25.388
344.388,212.829,26.187,25.236
345.978,212.078,26.083,25.059
349.135,211.241,25.788,25.034
351.934,208.191,25.391,25.186
355.007,207.797,25.252,25.168
357.623,207.094,24.955,25.180
359.562,204.331,24.789,25.231
362.293,202.167,24.622,25.208
365.510,201.565,24.457,25.291
368.061,200.983,24.348,25.282
370.371,198.840,24.322,25.140
373.241,198.916,24.369,25.099
375.403,198.890,24.433,25.071
376.009,198.852,24.545,25.017
378.128,198.867,24.724,24.905
378.293,199.068,24.894,24.936
378.511,196.849,25.097,24.778
380.503,197.756,25.190,24.716
379.799,195.857,25.163,24.634
380.422,196.539,25.233,24.652
380.818,196.962,25.245,24.686
380.554,197.297,25.253,24.735
379.955,197.546,25.358,24.771
379.253,197.922,25.408,24.754
376.651,198.578,25.448,24.801
376.328,199.218,25.439,24.771
375.668,199.720,25.564,24.722
373.028,197.993,25.660,24.644
373.082,199.161,25.704,24.627
372.674,199.848,25.674,24.699
371.816,200.391,25.613,24.741
370.760,201.183,25.601,24.827
369.588,202.045,25.541,24.887
366.595,202.466,25.385,25.042
365.848,203.183,25.346,25.235
365.223,203.540,25.268,25.307
362.558,203.762,25.212,25.358
361.903,204.260,25.035,25.388
358.749,204.892,25.033,25.429
357.778,205.643,24.885,25.393
354.975,205.859,24.841,25.371
354.134,206.546,24.853,25.300
353.119,206.600,24.920,25.239
351.928,207.149,24.980,25.125
348.743,208.198,25.074,24.995
347.672,209.598,25.122,24.902
346.966,210.492,25.103,24.779
345.906,211.210,25.102,24.688
344.685,212.137,25.159,24.555
341.501,213.213,25.151,24.387
340.792,214.392,25.156,24.246
339.388,215.597,25.116,24.163
338.044,217.260,25.185,23.957
334.646,218.694,25.205,23.802
333.942,221.342,25.493,23.502
330.781,222.742,25.430,23.338
329.971,224.238,25.414,23.137
329.449,224.829,25.466,23.022
328.097,225.363,25.333,22.939
327.759,226.429,25.239,22.841
327.456,226.172,25.266,22.628
327.512,225.931,25.580,22.368
328.230,224.969,25.636,22.223
328.292,223.809,25.578,22.190
328.452,222.435,25.518,22.173
328.308,221.487,25.290,22.212
327.970,220.944,25.048,22.248
327.552,220.218,24.878,22.289
327.135,220.358,24.731,22.347
327.056,220.471,24.592,22.432
326.799,220.746,24.480,22.483
327.084,220.720,24.371,22.405
327.612,220.868,24.396,22.271
327.234,220.855,24.358,22.178
327.716,221.049,24.457,22.013
329.041,220.828,24.621,21.830
330.002,219.876,24.692,21.552
332.737,217.987,24.563,21.384
336.306,216.699,24.437,21.314
339.863,216.186,24.305,21.328
343.982,215.228,24.130,21.403
348.158,214.584,24.003,21.474
352.320,214.308,23.812,21.452
356.764,214.863,23.442,21.558
361.098,215.366,23.225,21.743
365.002,215.811,22.844,21.923
368.941,216.089,22.571,22.114
371.875,216.647,22.327,22.265
374.553,216.662,22.149,22.389
377.237,214.622,22.008,22.419
379.880,214.954,21.801,22.541
382.350,212.728,21.622,22.576
383.108,210.734,21.512,22.431
384.272,210.936,21.444,22.428
384.910,208.630,21.322,22.431
385.347,206.600,21.234,22.379
385.707,206.440,21.140,22.543
386.176,203.897,21.056,22.586
385.385,201.501,20.970,22.656
385.036,199.318,20.974,22.576
385.344,199.406,21.027,22.480
385.378,197.186,21.003,22.375
386.037,197.342,21.005,22.389
386.082,197.486,21.031,22.372
385.955,197.633,21.051,22.352
386.072,197.824,21.108,22.371
385.419,195.763,21.188,22.359
384.857,195.448,21.198,22.530
382.427,192.027,21.396,22.517
379.911,186.927,21.553,22.364
376.561,181.781,21.645,22.224
376.019,176.259,21.689,22.161
373.536,172.916,21.800,22.059
372.845,166.926,21.758,22.068
370.524,161.043,21.789,22.023
370.683,155.520,21.698,22.103
370.276,150.233,21.547,22.132
370.433,147.490,21.490,22.156
370.405,144.913,21.342,22.075
369.824,142.344,21.259,22.070
369.732,140.095,21.203,21.949
369.872,138.293,21.153,21.772
370.513,136.637,21.212,21.514
370.701,135.255,21.256,21.388
370.232,135.409,21.080,21.471
369.376,133.485,20.941,21.503
368.688,131.959,20.859,21.402
366.671,132.813,20.889,21.237
366.529,131.401,21.008,21.047
366.179,132.334,20.946,20.927
365.804,133.168,20.874,20.889
365.648,133.308,20.687,20.976
364.825,133.549,20.505,21.149
364.090,133.524,20.426,21.289
363.056,132.143,20.584,21.127
362.346,132.496,20.573,21.161
361.091,131.049,20.753,21.003
361.939,132.221,21.063,20.738
362.012,133.338,21.314,20.596
361.948,134.326,21.597,20.394
362.705,137.775,21.812,20.367
363.183,138.645,22.021,20.220
362.919,140.038,22.341,19.939
362.263,141.449,22.503,19.656
362.593,142.908,22.861,19.382
361.446,140.898,24.108,18.128
359.767,140.983,24.844,17.210
359.951,141.952,24.623,17.446
357.759,139.977,25.400,16.533
356.062,140.661,26.146,15.768
354.842,141.021,26.783,15.063
352.791,141.432,27.361,14.462
350.400,142.042,28.497,13.571
349.819,142.431,28.931,13.291
348.283,145.229,29.287,13.178
347.059,145.681,29.328,13.230
345.826,146.216,29.176,13.328
345.256,146.488,29.057,13.433
343.353,149.463,29.051,13.522
341.417,149.944,28.893,13.615
340.084,150.219,28.880,13.689
338.718,152.600,28.666,13.956
335.520,154.830,28.439,14.311
336.017,156.248,26.722,15.899
333.765,155.745,25.580,17.115
333.821,155.463,24.705,18.008
333.670,155.275,24.015,18.700
333.164,154.866,23.404,19.306
330.508,154.469,22.958,19.791
328.173,154.073,22.763,20.164
327.612,150.760,22.442,20.537
324.610,147.878,22.244,20.749
321.554,147.342,22.038,20.999
318.995,146.447,21.722,21.351
316.555,145.889,21.538,21.538
314.124,145.119,21.419,21.815
311.493,142.355,21.357,21.799
308.786,141.666,21.194,22.084
306.565,141.100,21.244,22.244
304.326,137.828,21.230,22.292
303.691,137.160,21.151,22.431
302.299,134.374,21.005,22.491
303.160,133.629,19.626,23.937
303.119,130.598,18.570,25.013
303.359,127.697,17.909,25.768
303.883,125.390,17.469,26.139
304.821,125.107,17.153,26.433
323.272,114.540,18.347,25.175
325.138,112.824,19.347,24.089
327.791,113.623,20.041,23.446
330.460,114.073,20.618,22.987
331.338,114.940,21.060,22.596
333.641,115.569,21.182,22.556
336.382,116.673,21.245,22.509
336.802,118.420,21.505,22.272
339.261,120.200,21.574,22.227
342.193,123.712,21.451,22.429
342.703,124.931,21.579,22.363
345.981,128.173,21.555,22.410
348.302,130.181,21.528,22.368
351.225,132.971,21.199,22.705
352.106,135.479,20.916,23.007
352.326,136.425,20.677,23.095
352.455,139.282,20.411,23.288
352.810,141.125,20.326,23.189
353.871,144.180,20.152,23.225
356.411,147.406,19.896,23.329
356.386,150.523,19.631,23.349
359.356,153.921,18.491,24.345
359.725,156.906,17.498,25.309
363.148,160.469,16.032,26.849
363.801,162.598,14.796,28.463
364.568,165.162,13.799,29.840
365.103,167.835,12.949,30.973
365.420,171.151,12.279,31.843
365.619,173.736,11.725,32.678
365.502,176.311,11.310,33.231
365.393,177.501,10.974,33.653
365.150,180.550,10.728,34.263
364.980,183.379,10.546,34.849
365.066,184.030,10.540,35.178
364.938,185.271,10.468,35.495
364.728,185.669,10.342,35.931
364.486,186.285,10.311,36.249
364.254,186.379,10.294,36.655
364.138,187.380,10.396,36.856
364.074,187.901,10.464,37.144
364.097,188.284,10.574,37.371
363.831,188.592,10.670,37.527
363.567,189.106,10.774,37.674
360.790,188.626,10.891,37.892
360.920,188.577,11.067,37.851
360.981,188.608,11.183,37.755
361.068,190.237,11.335,37.711
361.165,188.862,11.387,37.694
361.089,188.040,11.431,37.654
363.805,187.515,11.593,37.444
363.884,187.401,11.905,37.075
363.973,187.348,12.181,36.746
360.956,186.645,12.314,36.556
361.150,185.704,12.425,36.401
361.021,184.103,12.466,36.345
361.047,182.590,12.496,36.308
361.107,180.708,12.578,36.206
361.174,179.597,12.606,36.170
361.421,179.528,12.807,35.940
361.362,178.502,12.839,35.895
361.676,177.943,13.013,35.705
357.797,154.304,15.928,32.629
357.042,155.313,18.353,30.092
356.294,156.765,20.136,28.315
355.764,158.473,21.341,27.021
356.074,159.154,22.067,26.122
356.213,159.784,22.542,25.675
355.636,161.051,22.829,25.406
355.312,161.952,22.993,25.272
354.861,162.793,23.112,25.217
353.839,163.446,23.252,25.192
353.201,164.157,23.427,25.177
353.140,164.471,23.466,25.239
352.980,165.143,23.485,25.244
353.254,165.919,23.541,25.226
353.892,166.981,23.520,25.027
354.583,167.868,23.481,24.956
355.439,168.385,23.486,24.976
355.741,168.676,23.602,25.020
356.305,168.850,23.675,25.008
356.906,169.060,23.681,25.058
357.113,168.844,23.687,25.166
357.429,169.170,23.691,25.171
357.566,169.370,23.709,25.205
357.343,169.485,23.620,25.343
357.370,169.997,23.627,25.340
357.254,170.374,23.679,25.280
356.754,170.616,23.717,25.246
356.191,170.593,23.708,25.268
355.731,170.440,23.803,25.192
354.705,167.645,23.739,25.214
353.915,167.822,23.706,25.212
353.089,167.714,23.952,25.141
352.717,164.789,24.005,25.173
352.122,162.216,23.951,25.252
351.571,162.293,23.783,25.483
351.420,161.639,23.590,25.552
350.804,158.870,23.385,25.761
351.493,158.793,23.369,25.835
351.594,158.412,23.274,25.955
351.824,158.473,23.185,26.028
352.126,159.185,23.168,26.072
352.485,159.674,23.107,26.137
351.914,160.895,23.127,26.032
352.241,161.732,22.962,26.018
351.478,162.431,22.840,25.956
350.753,163.954,22.714,25.824
349.133,165.734,22.776,25.599
348.384,169.012,22.740,25.415
345.381,170.564,22.835,25.163
344.424,172.050,22.700,24.972
343.289,175.213,22.433,24.851
340.676,177.110,22.647,24.444
339.924,178.881,22.685,24.205
339.466,182.725,22.621,24.033
337.222,184.537,22.850,23.660
337.130,188.414,22.865,23.445
336.599,192.345,22.889,23.315
335.815,198.864,22.882,23.220
335.079,201.839,23.082,23.068
332.405,203.385,23.126,22.998
329.820,207.001,23.154,22.872
328.947,208.455,23.302,22.775
328.626,209.450,23.380,22.587
325.981,210.520,23.406,22.417
325.101,211.866,23.460,22.222
322.648,214.607,23.715,21.953
321.579,217.320,23.788,21.720
318.789,218.259,23.870,21.497
316.573,218.831,24.202,21.288
313.890,221.777,24.429,21.051
310.754,222.399,24.566,20.892
307.742,223.090,24.689,20.838
304.859,223.820,24.722,20.869
302.519,224.405,24.861,20.754
299.783,224.778,25.092,20.692
299.179,224.941,25.484,20.518
298.362,225.027,25.842,20.350
297.644,225.192,26.114,20.261
297.057,225.437,27.009,19.585
293.536,224.893,26.949,19.776
292.175,223.745,26.962,19.995
290.378,222.740,26.916,20.154
289.394,222.207,26.749,20.357
288.233,222.403,26.701,20.510
287.629,223.745,26.519,20.691
286.868,224.678,26.310,20.765
286.356,225.649,26.090,20.813
285.821,227.278,25.874,20.859
284.711,228.562,25.745,20.867
283.800,230.437,25.665,20.817
283.039,232.487,25.520,20.722
282.692,234.079,25.432,20.694
281.857,234.617,25.422,20.671
281.567,236.094,25.314,20.579
281.512,237.668,25.265,20.481
280.915,238.082,25.286,20.420
280.234,239.347,25.141,20.416
279.809,240.315,24.943,20.372
279.428,241.766,24.739,20.357
279.725,242.807,24.481,20.348
279.729,243.562,24.261,20.382
279.108,243.695,24.237,20.371
279.051,243.421,24.341,20.244
278.596,243.059,24.366,20.082
278.906,242.884,24.339,19.972
278.966,243.340,24.197,19.967
281.221,242.920,24.111,19.924
282.194,243.856,23.935,20.004
283.644,244.414,23.806,20.031
283.844,245.289,23.731,20.003
286.132,245.935,23.463,20.156
288.247,246.486,23.302,20.221
288.734,247.086,23.171,20.247
291.100,247.167,22.863,20.446
291.649,248.127,22.827,20.464
292.203,249.515,22.955,20.402
294.883,252.442,22.784,20.544
295.259,253.499,22.824,20.563
297.070,254.467,22.858,20.537
297.584,255.434,22.971,20.518
299.659,256.157,22.939,20.579
301.913,256.859,22.889,20.675
301.902,255.356,23.051,20.647
302.430,255.976,23.048,20.748
304.600,254.460,23.123,20.739
305.098,252.987,23.204,20.732
305.591,253.806,23.219,20.780
308.004,252.132,23.281,20.779
308.001,250.533,23.394,20.781
308.271,248.859,23.449,20.767
298.265,253.602,21.489,23.019
299.548,251.177,20.012,24.770
300.238,249.056,18.868,26.052
300.665,245.026,17.703,27.477
298.569,242.340,17.004,28.100
299.249,239.426,16.328,28.518
299.183,235.243,15.776,28.846
299.385,231.752,15.469,29.048
299.577,230.524,15.255,29.260
300.065,229.816,14.914,29.670
300.235,228.404,14.573,30.046
300.176,227.143,14.482,30.121
300.169,225.879,14.369,30.169
300.432,224.128,14.307,30.084
300.782,223.287,14.242,30.052
301.314,222.381,14.154,29.989
301.760,221.958,14.130,29.845
302.359,223.613,14.101,29.769
302.751,223.164,13.873,29.983
303.390,222.935,13.840,29.903
303.660,222.508,13.829,29.834
303.927,221.806,13.849,29.790
304.111,220.961,13.868,29.752
301.657,220.448,13.870,29.710
301.870,219.653,13.891,29.664
302.015,219.338,13.905,29.641
319.172,226.759,17.196,26.238
318.599,230.215,18.863,24.548
316.097,231.127,20.500,23.064
315.771,232.153,22.690,20.943
313.059,232.702,23.251,20.391
311.250,233.317,24.850,18.993
308.852,233.554,25.992,17.991
307.296,233.519,26.819,17.346
305.634,232.910,27.441,16.899
303.674,230.080,27.831,16.627
301.730,229.305,27.168,17.564
301.589,226.067,27.759,17.183
299.615,223.626,28.005,16.725
298.494,223.046,28.231,16.704
295.659,220.291,28.316,16.547
292.871,219.900,28.488,16.469
289.218,219.763,28.699,16.409
285.455,220.063,28.725,16.367
282.201,220.517,28.586,16.462
280.574,220.433,28.556,16.653
278.469,220.325,28.414,16.818
276.535,219.721,28.324,16.867
274.174,217.478,28.201,16.792
273.220,215.192,28.087,16.853
272.708,214.070,27.990,16.846
272.027,210.717,27.871,16.818
271.436,207.718,27.438,17.177
271.289,204.259,26.929,17.568
271.865,200.871,26.299,18.004
271.765,197.552,25.807,18.369
271.979,196.441,25.208,18.798
271.084,192.844,24.925,19.025
271.334,191.750,24.478,19.380
271.337,188.330,24.282,19.594
271.926,185.042,24.151,19.785
272.233,184.246,24.021,19.915
272.216,181.602,24.049,20.012
272.582,181.144,24.055,20.144
272.718,180.783,24.059,20.177
273.347,180.271,24.029,20.105
273.443,176.655,24.203,20.079
273.806,173.571,24.292,20.103
274.140,170.611,24.269,20.218
274.775,167.601,24.142,20.339
275.659,166.608,24.007,20.423
276.139,163.806,23.800,20.574
274.377,160.798,23.492,20.747
274.998,160.572,23.287,20.848
275.490,160.025,23.090,20.916
275.749,157.082,22.969,20.990
273.822,154.230,22.770,21.184
274.656,151.543,22.492,21.421
275.348,150.839,22.373,21.494
273.434,147.230,22.183,21.638
271.193,143.455,21.442,22.341
271.957,142.154,20.478,23.271
272.614,139.211,19.775,23.996
273.089,139.167,19.069,24.675
273.571,137.024,18.695,25.008
273.867,137.072,18.398,25.304
274.151,137.127,18.241,25.457
271.778,140.317,17.790,25.996
272.100,140.452,17.208,26.641
272.321,140.376,16.850,27.065
270.041,140.279,16.454,27.527
270.556,140.162,16.077,27.959
270.721,140.373,15.774,28.298
270.743,140.302,15.369,28.723
270.831,140.749,15.120,28.959
278.717,136.843,16.252,27.815
277.656,138.825,17.466,26.642
276.832,142.651,18.244,25.840
274.153,144.209,19.031,25.160
273.193,146.064,19.788,24.430
270.682,147.765,20.517,23.825
270.585,152.182,21.138,23.263
267.847,154.036,21.746,22.775
267.880,157.903,22.147,22.447
267.282,161.537,22.494,22.200
264.925,162.642,22.937,21.940
264.640,164.291,23.251,21.697
263.956,168.067,23.543,21.494
261.464,169.499,23.854,21.253
261.327,173.469,24.051,21.060
261.019,177.066,24.351,20.822
260.147,178.922,24.733,20.614
259.452,180.274,24.989,20.527
258.882,181.293,25.083,20.482
258.754,181.720,25.163,20.473
257.951,180.524,25.394,20.403
257.670,180.685,25.488,20.504
257.671,180.820,25.423,20.631
257.051,181.816,25.482,20.601
257.192,182.723,25.580,20.582
257.886,183.820,25.660,20.584
258.526,185.116,25.687,20.540
259.250,186.215,25.724,20.641
260.147,187.166,25.730,20.745
263.198,188.899,25.759,20.793
264.183,190.001,25.742,20.876
265.254,190.861,25.726,20.958
268.707,194.105,25.749,20.953
269.218,194.772,25.858,20.904
270.314,195.421,25.926,21.000
273.507,196.966,25.915,21.063
274.400,197.809,25.990,21.169
277.681,199.038,26.084,21.311
278.347,200.244,26.122,21.464
281.900,203.497,26.240,21.600
282.694,204.134,26.292,21.725
286.161,205.563,26.204,21.923
289.277,208.949,26.071,22.161
291.834,212.051,25.801,22.266
294.582,213.935,25.670,22.331
297.266,216.922,25.348,22.463
299.828,217.886,25.037,22.583
301.044,218.894,24.923,22.662
303.653,219.848,24.702,22.670
304.632,220.065,24.379,22.646
305.496,220.370,24.260,22.606
306.521,220.414,24.049,22.641
308.891,220.653,23.945,22.584
309.001,221.748,23.902,22.586
309.849,222.508,23.904,22.571
310.783,223.717,23.838,22.580
311.593,225.125,23.860,22.654
312.079,226.501,23.895,22.582
312.982,229.831,23.770,22.674
313.749,230.634,23.722,22.717
313.866,232.048,23.902,22.663
314.318,233.516,23.946,22.572
314.646,235.381,24.056,22.429
316.663,236.594,24.201,22.313
316.548,237.695,24.365,22.199
316.688,238.009,24.501,22.234
316.818,238.681,24.593,22.262
317.291,239.066,24.696,22.332
317.578,239.693,24.720,22.408
317.902,239.839,24.755,22.490
318.309,239.987,24.778,22.635
318.771,240.610,24.869,22.690
319.218,241.198,24.962,22.758
319.418,241.909,24.951,22.850
319.736,242.761,25.052,22.937
320.691,243.649,25.106,23.051
320.831,242.192,25.298,23.026
321.728,243.231,25.407,23.107
322.859,243.719,25.381,23.256
323.563,241.781,25.455,23.248
324.879,242.296,25.404,23.416
325.501,242.718,25.425,23.554
327.017,243.094,25.462,23.770
328.346,243.342,25.350,23.931
329.578,241.429,25.414,23.942
330.909,241.630,25.401,24.080
332.113,239.430,25.389,24.133
332.914,237.013,25.415,24.143
333.370,234.549,25.522,24.201
333.346,232.205,25.619,24.241
333.320,232.232,25.692,24.334
333.062,229.487,25.797,24.417
332.779,228.723,25.914,24.558
332.905,225.091,26.022,24.717
333.088,221.750,25.888,24.860
333.731,218.863,25.838,24.965
334.269,216.025,25.795,25.037
335.144,213.399,25.650,25.210
335.488,213.218,25.618,25.362
335.512,212.879,25.576,25.507
335.837,209.924,25.508,25.693
335.695,209.963,25.572,25.818
335.241,209.630,25.487,25.954
334.721,208.661,25.502,26.058
334.082,207.952,25.498,26.116
333.179,206.954,25.537,26.235
332.528,205.743,25.627,26.257
332.425,202.658,25.608,26.331
331.757,201.709,25.608,26.381
330.793,200.179,25.591,26.437
330.954,195.565,25.558,26.671
331.242,191.307,25.407,26.971
331.452,187.389,25.136,27.274
331.605,183.673,24.938,27.619
331.847,180.659,24.659,27.735
332.149,180.426,24.545,27.776
332.885,179.756,24.455,27.835
333.611,179.126,24.373,27.921
336.789,178.471,24.420,27.927
337.506,178.014,24.319,28.078
338.327,177.983,24.239,28.257
338.293,177.870,24.145,28.403
337.953,177.008,24.109,28.513
338.103,176.395,23.930,28.781
338.778,173.376,23.806,28.854
341.351,173.863,23.820,28.812
342.767,171.513,22.586,29.972
346.897,166.652,21.455,30.856
350.018,165.504,20.543,31.439
350.448,164.631,19.711,32.098
350.626,164.027,19.058,32.448
351.116,163.149,18.640,32.705
351.808,163.147,18.297,32.863
351.894,163.374,17.846,32.911
352.357,163.109,17.530,33.063
352.318,162.930,17.358,33.089
352.155,162.733,17.222,33.106
351.822,162.712,17.067,32.992
351.791,161.709,16.919,32.915
352.083,161.331,16.755,32.921
352.421,160.747,16.557,32.882
352.583,161.059,16.481,32.730
352.812,161.746,16.359,32.546
353.354,162.343,16.247,32.284
353.646,162.957,16.178,32.227
353.565,163.267,16.052,32.185
353.668,163.107,15.783,32.259
353.873,162.684,15.667,32.220
353.812,161.913,15.466,32.396
354.039,158.433,15.232,32.482
353.842,157.617,15.068,32.591
354.077,156.165,14.464,33.318
354.214,155.385,14.061,33.722
354.378,155.146,13.776,33.912
354.673,154.767,13.517,34.176
354.812,154.753,13.368,34.256
355.196,155.101,13.277,34.329
355.842,155.689,13.166,34.331
356.424,156.037,13.091,34.307
356.664,155.788,13.151,34.140
356.700,155.297,13.102,33.999
359.147,154.813,13.071,33.815
359.126,153.885,13.084,33.778
359.450,151.029,13.105,33.798
362.488,148.217,13.069,33.871
364.651,148.050,13.596,33.070
365.314,145.637,13.904,32.504
367.400,145.917,14.158,32.142
368.107,145.479,14.300,32.081
370.405,145.459,14.391,31.787
370.683,144.536,14.432,31.678
371.613,142.292,14.412,31.532
372.521,142.169,14.277,31.583
373.235,142.168,14.135,31.648
373.880,142.319,14.047,31.669
373.878,142.637,13.917,31.677
373.869,143.005,13.815,31.522
373.781,143.158,13.748,31.476
373.426,143.490,13.620,31.554
372.764,144.061,13.649,31.429
372.381,144.951,13.669,31.307
372.039,145.835,13.703,31.177
371.610,146.260,13.880,30.985
371.719,146.766,14.071,30.629
371.780,147.040,14.330,30.193
372.064,147.237,14.634,29.770
372.363,147.003,14.859,29.490
372.391,146.537,15.210,29.079
372.523,145.822,15.513,28.750
372.623,146.784,16.827,27.348
372.069,147.452,17.922,26.276
371.384,145.923,19.010,25.377
371.040,146.391,19.813,24.741
370.572,144.785,20.553,24.113
369.858,143.274,21.207,23.648
369.749,143.909,21.719,23.332
369.373,144.354,22.255,23.123
368.718,144.651,22.691,22.909
368.313,144.896,23.057,22.834
367.679,145.212,23.304,22.764
366.954,145.374,23.468,22.814
364.002,143.457,23.771,22.672
363.349,144.212,23.924,22.624
360.262,142.008,24.106,22.506
357.799,142.249,24.344,22.524
357.375,142.747,24.416,22.611
354.196,143.252,24.503,22.639
351.593,143.463,24.553,22.725
349.088,144.210,24.550,22.830
345.975,145.032,24.575,22.846
343.651,148.325,24.577,22.966
341.409,148.794,24.535,23.153
340.972,152.400,24.532,23.347
338.309,152.990,24.477,23.532
337.791,153.874,24.448,23.621
334.943,157.111,24.459,23.927
334.378,157.933,24.483,24.171
333.517,159.054,24.545,24.304
332.523,160.217,24.447,24.534
331.753,161.330,24.451,24.788
331.195,162.318,24.433,24.944
330.805,163.186,24.396,25.076
330.422,164.079,24.283,25.281
329.897,165.056,24.219,25.382
329.690,165.569,24.132,25.627
329.152,166.384,24.049,25.826
329.045,166.949,24.100,25.882
328.682,167.507,24.033,25.999
327.877,168.362,24.086,26.096
326.718,169.846,24.145,26.146
326.236,171.507,24.116,26.258
325.284,172.816,24.094,26.323
324.236,173.503,24.199,26.386
323.232,174.300,24.057,26.470
322.320,174.746,23.871,26.562
320.969,174.918,23.796,26.693
320.030,175.333,23.558,26.858
318.847,176.515,23.349,26.987
317.577,177.342,23.182,27.091
316.392,179.289,23.100,27.101
315.584,181.131,23.046,27.114
314.904,183.299,23.045,27.027
314.189,185.604,22.996,26.853
314.068,189.786,23.017,26.739
313.819,191.565,23.083,26.580
313.240,193.410,23.240,26.376
312.854,195.239,23.224,26.192
312.537,196.234,23.178,26.113
311.486,197.205,23.204,25.972
310.551,197.754,23.269,25.760
309.740,198.079,23.212,25.728
309.439,197.617,23.090,25.633
308.316,196.962,22.892,25.486
307.471,196.242,22.739,25.432
306.557,195.429,22.533,25.295
305.459,194.428,22.264,25.291
304.710,193.259,22.179,25.145
304.273,192.238,21.935,25.155
303.769,191.126,21.728,25.056
301.647,189.808,21.418,25.303
302.624,189.859,21.040,25.523
303.058,190.468,20.850,25.527
303.526,191.435,20.817,25.376
303.920,192.748,20.801,25.125
304.312,194.350,20.872,24.842
304.173,195.417,20.885,24.684
304.126,196.492,20.903,24.439
303.615,197.145,20.946,24.258
302.976,196.377,21.089,24.038
302.011,195.011,21.191,23.802
300.252,192.453,21.155,23.659
299.273,191.806,21.244,23.507
297.837,189.239,21.292,23.349
297.251,188.267,21.400,23.321
296.609,187.634,21.555,23.244
296.112,187.210,21.620,23.220
295.681,186.600,21.692,23.193
295.245,186.394,21.805,23.130
295.125,185.962,21.953,23.050
294.773,185.781,22.217,22.954
294.288,185.196,22.439,22.828
294.358,185.043,22.620,22.768
294.261,184.537,22.799,22.753
294.325,183.603,23.036,22.739
294.103,182.672,23.308,22.695
294.067,180.639,23.416,22.639
294.566,179.817,23.511,22.687
294.464,178.001,23.683,22.667
295.272,177.892,23.881,22.650
295.941,177.586,23.983,22.697
296.691,177.579,24.147,22.746
299.135,178.007,24.298,22.711
299.320,178.478,24.485,22.719
299.356,179.752,24.590,22.742
301.951,180.826,24.689,22.780
301.648,181.707,24.729,22.769
302.165,182.618,24.824,22.828
304.809,183.130,24.869,22.929
305.238,181.607,24.948,22.876
305.773,182.164,25.033,22.869
308.742,180.200,25.149,22.784
309.304,180.226,25.224,22.910
309.772,178.395,25.317,22.916
310.686,178.365,25.253,23.110
311.564,176.282,25.256,23.140
312.303,176.419,25.134,23.317
313.106,174.222,25.172,23.383
313.716,174.588,25.208,23.507
314.530,174.878,25.161,23.593
315.599,174.543,25.080,23.790
316.953,174.343,25.030,23.924
319.500,173.783,25.029,24.011
320.448,170.641,24.958,24.063
321.908,170.050,24.982,24.210
323.294,167.088,24.852,24.418
324.449,166.556,24.887,24.470
325.749,166.405,24.802,24.609
326.522,165.590,24.730,24.695
327.715,164.087,24.823,24.819
330.462,163.045,24.673,24.942
330.302,161.708,24.609,24.980
331.106,160.829,24.697,25.099
332.191,159.754,24.750,25.156
332.825,158.848,24.888,25.112
333.681,157.715,25.098,25.110
334.919,156.882,25.176,25.116
337.971,155.496,25.206,25.072
340.694,154.188,25.190,25.136
342.052,153.771,25.265,25.096
343.893,153.036,25.299,25.068
345.506,152.430,25.265,25.101
347.072,151.605,25.483,25.088
348.612,150.909,25.529,25.134
350.047,150.504,25.542,25.082
351.429,149.704,25.602,25.077
353.029,148.990,25.655,25.018
354.126,147.995,25.549,24.955
355.752,147.145,25.447,24.878
356.864,147.038,25.390,24.752
358.520,147.050,25.397,24.606
361.626,147.425,24.976,24.782
364.045,148.348,24.639,24.735
365.722,149.453,24.548,24.552
368.002,149.642,24.117,24.676
369.901,150.467,23.732,24.689
372.050,150.727,23.250,24.794
372.383,150.434,22.945,24.846
373.232,151.235,22.860,24.796
374.257,151.767,22.645,24.774
374.905,151.318,22.403,24.898
374.619,151.790,22.247,24.902
375.444,151.924,22.201,24.910
375.530,152.075,22.104,24.980
376.201,151.926,22.136,24.966
376.171,151.109,22.097,25.097
375.979,150.351,22.154,25.085
375.432,149.754,22.222,25.006
374.201,148.977,22.234,25.020
373.054,148.604,22.281,24.984
371.902,148.239,22.431,24.903
370.814,148.198,22.440,24.937
370.710,148.060,22.478,24.966
370.354,147.558,22.503,25.021
369.276,145.234,22.570,25.074
368.408,142.874,22.707,25.076
366.858,140.689,22.790,25.017
366.259,138.450,22.849,25.012
365.250,136.232,23.054,24.910
365.173,136.345,23.220,24.834
364.567,134.116,23.333,24.676
364.719,134.262,23.504,24.680
364.723,134.468,23.514,24.746
364.569,134.979,23.581,24.710
364.502,135.123,23.632,24.731
364.568,135.439,23.663,24.704
364.411,136.043,23.663,24.718
364.281,136.416,23.695,24.688
363.808,136.815,23.740,24.671
363.383,137.324,23.740,24.683
362.285,137.902,23.830,24.647
361.647,138.369,23.884,24.655
361.436,138.824,23.890,24.601
361.583,139.419,24.035,24.575
362.207,140.344,24.086,24.540
363.264,141.042,24.023,24.545
363.680,141.644,24.065,24.464
363.752,142.877,24.143,24.386
363.574,146.392,24.118,24.529
363.426,147.553,24.123,24.392
363.042,148.664,24.131,24.257
362.515,149.297,24.052,24.355
362.503,149.520,23.956,24.489
362.598,149.659,23.889,24.618
362.813,149.947,23.910,24.781
363.124,150.265,23.932,24.865
363.759,148.222,24.094,24.709
364.086,148.904,24.183,24.679
364.502,149.602,24.243,24.667
364.729,150.082,24.229,24.734
365.255,150.430,24.326,24.833
365.567,150.986,24.275,24.953
366.330,151.366,24.257,25.080
366.257,151.945,24.250,25.118
366.473,152.088,24.219,25.236
366.401,152.476,24.162,25.273
366.433,152.737,24.251,25.370
366.250,153.107,24.235,25.346
366.252,153.404,24.315,25.395
366.190,153.760,24.353,25.451
366.489,154.039,24.411,25.474
366.372,154.202,24.411,25.523
366.513,154.490,24.384,25.590
366.475,154.842,24.388,25.571
366.309,155.058,24.458,25.639
366.349,155.229,24.349,25.732
366.564,155.428,24.346,25.765
366.660,152.937,24.429,25.750
366.730,153.561,24.526,25.692
367.326,153.927,24.632,25.709
367.828,154.307,24.611,25.729
368.029,154.606,24.603,25.782
368.488,155.158,24.595,25.787
369.425,155.774,24.639,25.863
369.569,156.717,24.504,25.831
369.717,157.382,24.351,25.880
369.886,157.702,24.204,26.002
369.613,157.993,24.013,26.133
369.864,158.170,23.747,26.201
369.777,158.702,23.600,26.187
370.060,158.483,23.469,26.224
370.638,158.507,23.205,26.273
371.188,158.630,23.021,26.255
372.020,158.481,22.785,26.312
372.167,158.257,22.599,26.365
372.314,157.874,22.476,26.420
372.155,157.458,22.165,26.561
372.936,155.769,20.815,27.836
372.952,155.099,19.753,28.673
373.599,154.586,19.025,29.194
373.592,154.220,18.517,29.471
373.315,154.053,18.078,29.668
373.381,154.205,17.720,29.789
373.311,154.515,17.437,29.710
373.374,155.365,17.300,29.603
373.277,156.208,17.167,29.546
373.378,159.773,17.114,29.339
372.545,164.374,18.474,27.790
372.059,166.146,19.453,26.497
371.919,170.299,20.143,25.626
372.169,171.819,20.759,24.846
372.550,175.531,21.181,24.263
372.550,177.130,21.496,23.758
373.117,178.554,21.699,23.286
373.602,179.950,21.878,22.899
374.207,183.269,22.062,22.805
374.574,183.646,22.197,22.747
374.334,184.585,22.380,22.546
374.603,185.241,22.410,22.535
374.316,185.965,22.628,22.503
373.964,186.534,22.692,22.558
372.773,187.475,22.626,22.645
371.338,188.352,22.652,22.622
370.317,188.959,22.640,22.704
369.479,189.567,22.655,22.742
368.755,190.868,22.754,22.679
367.645,194.058,22.807,22.640
366.980,197.170,22.839,22.642
366.352,198.741,22.895,22.447
367.042,202.602,22.989,22.419
366.869,203.921,23.047,22.296
367.476,205.017,23.131,22.232
367.578,206.058,23.105,22.223
368.516,207.174,23.108,22.249
368.761,207.874,23.095,22.305
369.041,208.348,23.126,22.410
369.422,208.743,23.097,22.454
369.399,208.690,23.069,22.614
369.426,208.106,23.116,22.722
369.347,207.631,23.167,22.753
368.954,205.288,23.128,22.815
369.609,204.979,23.062,22.910
370.607,204.419,23.150,23.015
370.912,203.657,23.141,22.975
371.928,201.788,23.224,22.845
372.822,199.883,23.150,22.822
373.344,197.632,23.063,22.862
373.865,195.194,23.135,22.807
374.618,192.618,23.261,22.836
375.999,189.723,23.191,22.844
378.594,186.215,23.084,22.957
378.778,182.942,23.128,23.057
378.490,177.272,23.214,23.091
378.334,174.826,23.262,23.120
377.983,171.810,23.189,23.267
375.143,169.414,23.240,23.190
373.756,168.811,23.159,23.417
370.626,168.447,23.291,23.374
369.303,168.063,23.255,23.506
366.203,167.743,23.338,23.605
365.246,167.376,23.495,23.627
363.802,167.089,23.400,23.695
362.418,167.109,23.337,23.792
361.315,167.434,23.446,23.725
360.769,167.802,23.616,23.725
360.045,168.420,23.740,23.694
359.610,168.763,23.774,23.748
358.658,168.995,23.816,23.724
358.139,169.293,23.931,23.816
357.498,169.692,23.924,23.922
357.208,169.771,23.933,24.057
357.095,169.706,24.006,24.123
356.806,169.869,24.171,24.144
357.106,169.805,24.266,24.218
356.294,167.703,24.360,24.210
357.046,168.196,24.522,24.235
359.204,168.221,24.481,24.401
359.179,168.039,24.363,24.622
359.209,165.324,24.450,24.708
359.685,165.549,24.510,24.818
360.222,163.367,24.569,24.752
361.014,163.554,24.659,24.788
361.583,161.129,24.728,24.835
362.496,161.080,24.591,25.000
362.564,158.927,24.510,24.929
363.120,159.311,24.526,24.934
363.087,159.513,24.473,25.018
362.827,159.818,24.581,25.107
362.939,160.252,24.675,25.116
363.569,160.400,24.655,25.244
363.567,160.537,24.684,25.300
363.669,160.565,24.689,25.385
363.562,157.940,24.807,25.417
363.914,158.247,24.815,25.552
363.865,156.028,24.911,25.537
364.670,156.361,24.974,25.556
365.578,156.418,24.949,25.714
365.872,156.501,24.972,25.819
366.370,156.960,24.947,25.863
366.147,157.094,24.916,25.968
365.396,157.355,24.842,26.035
365.044,158.027,24.878,25.990
364.649,158.619,24.904,25.936
364.419,159.235,24.999,25.856
363.744,160.439,24.991,25.737
363.400,161.870,25.030,25.557
362.574,163.238,24.992,25.376
362.276,166.568,24.957,25.458
362.173,167.075,24.981,25.454
362.361,168.230,25.068,25.261
362.820,169.148,25.111,25.188
362.943,169.646,25.125,25.221
363.222,169.890,25.146,25.257
363.663,170.151,25.164,25.290
364.044,170.311,25.184,25.353
364.604,168.196,25.203,25.316
365.464,168.568,25.196,25.436
366.319,168.587,25.161,25.601
367.016,168.520,25.142,25.758
367.862,166.074,25.066,25.743
370.412,166.079,25.009,25.856
370.354,166.444,24.999,25.925
370.801,166.451,25.144,26.011
371.899,166.332,24.828,26.312
372.513,166.775,25.228,26.078
373.127,166.734,25.172,26.253
373.746,164.507,25.205,26.137
374.171,164.776,25.275,26.132
374.963,164.828,25.275,26.202
375.338,162.531,25.370,26.114
375.797,163.274,25.335,26.130
376.437,163.651,25.321,26.167
377.425,164.101,25.342,26.162
378.930,164.342,25.372,26.221
381.523,164.521,25.184,26.328
382.324,165.094,25.088,26.373
383.781,165.757,25.098,26.318
386.548,166.480,25.135,26.303
388.862,167.237,25.070,26.260
390.248,168.016,25.136,26.153
393.007,168.451,25.123,26.090
394.042,169.208,25.136,26.035
396.711,169.373,25.091,26.099
397.513,169.560,25.029,26.184
398.018,167.240,25.047,26.080
398.734,167.347,24.981,26.268
398.322,165.062,24.902,26.179
398.375,165.576,24.810,26.157
397.340,163.022,24.798,26.197
396.487,162.750,24.598,26.365
395.414,162.432,24.507,26.509
393.870,159.907,24.473,26.537
392.367,159.991,24.478,26.536
389.075,157.585,24.563,26.381
388.095,157.309,24.534,26.466
384.627,154.733,24.687,26.391
383.013,152.268,24.564,26.328
381.715,152.178,24.662,26.402
379.960,149.725,24.782,26.256
378.687,149.886,24.744,26.277
377.334,150.109,24.706,26.256
374.280,150.513,24.820,26.132
373.061,151.102,24.942,26.050
371.457,151.685,24.995,25.894
369.941,152.240,24.938,25.842
368.982,153.474,24.945,25.689
367.892,156.770,25.020,25.779
366.998,157.178,25.063,25.765
365.337,157.873,25.038,25.747
364.217,158.293,25.068,25.779
363.285,159.423,25.118,25.677
362.833,160.468,25.168,25.597
363.206,161.304,25.279,25.519
362.989,161.997,25.356,25.496
362.912,162.236,25.347,25.568
363.642,162.912,25.277,25.624
366.945,163.172,24.808,25.883
367.489,164.262,24.970,25.717
368.775,165.233,25.097,25.629
371.293,165.919,25.053,25.653
372.106,166.941,25.188,25.559
373.199,167.869,25.165,25.579
376.032,168.466,25.206,25.535
376.781,169.868,25.254,25.401
379.165,170.245,25.173,25.390
379.271,171.056,25.157,25.440
379.867,171.524,25.254,25.457
379.924,172.103,25.276,25.506
380.115,172.406,25.284,25.588
380.312,172.581,25.210,25.734
380.627,170.322,25.332,25.676
381.122,170.470,25.298,25.705
381.688,170.553,25.317,25.888
382.635,170.447,25.287,26.028
383.055,170.666,25.249,26.161
383.768,170.885,25.286,26.206
383.645,171.091,25.360,26.267
383.517,171.533,25.360,26.356
383.023,171.444,25.377,26.436
381.879,171.454,25.314,26.577
380.919,171.708,25.269,26.611
379.655,171.911,25.299,26.561
378.044,172.202,25.383,26.542
376.348,172.040,25.461,26.633
375.302,171.709,25.494,26.753
374.340,171.334,25.512,26.824
373.836,171.338,25.593,26.853
374.266,171.327,25.689,26.816
374.475,171.171,25.643,26.923
374.904,171.076,25.754,26.848
375.452,169.102,25.836,26.599
376.416,170.236,25.943,26.447
377.016,171.002,26.027,26.353
377.509,171.240,26.027,26.411
377.714,171.527,26.012,26.500
377.821,171.822,26.032,26.504
377.977,171.840,26.064,26.621
378.170,172.193,26.194,26.611
378.232,172.141,26.255,26.741
378.062,172.375,26.251,26.908
377.846,172.779,26.297,26.932
377.981,172.722,26.309,27.019
377.774,172.474,26.204,27.211
378.231,172.217,26.298,27.318
377.764,169.860,26.410,27.169
378.086,170.251,26.332,27.211
377.728,170.351,26.376,27.315
377.871,170.358,26.375,27.417
377.919,170.538,26.384,27.480
377.668,170.906,26.434,27.461
377.608,170.588,26.452,27.545
377.271,170.525,26.525,27.645
377.181,170.720,26.536,27.753
377.119,170.721,26.525,27.839
376.980,170.621,26.542,27.855
376.718,170.528,26.570,27.905
376.415,170.400,26.519,28.005
375.927,170.557,26.569,28.002
375.336,171.374,26.576,27.899
374.133,171.766,26.607,27.833
370.964,172.984,26.730,27.506
369.926,174.201,26.735,27.380
368.352,175.210,26.661,27.202
365.185,176.577,26.735,26.926
365.344,180.736,26.727,26.977
364.995,181.471,26.760,26.994
365.130,182.060,26.753,27.102
365.335,182.534,26.698,27.207
365.408,183.019,26.699,27.215
365.634,183.118,26.574,27.364
366.332,183.370,26.562,27.454
367.055,183.667,26.568,27.493
366.956,183.618,26.679,27.590
366.759,181.416,26.707,27.558
366.682,182.152,26.785,27.544
366.099,182.322,26.779,27.588
365.689,179.323,26.793,27.588
364.209,177.050,26.787,27.630
360.922,177.990,26.942,27.485
360.281,175.865,27.032,27.386
359.441,175.351,27.000,27.402
357.755,173.178,27.055,27.404
356.312,171.390,27.160,27.334
355.348,171.817,27.188,27.410
354.667,171.556,27.133,27.369
353.387,169.573,27.131,27.290
352.425,169.989,27.087,27.257
351.680,170.117,27.075,27.187
350.917,169.640,27.141,27.050
350.822,167.368,27.248,26.929
350.643,167.398,27.337,26.856
350.569,165.055,27.475,26.709
350.474,164.337,27.539,26.606
350.443,162.253,27.587,26.515
350.688,159.470,27.563,26.456
350.894,157.046,27.530,26.409
350.482,156.361,27.184,26.447
350.466,153.296,26.842,26.407
349.714,149.749,26.627,26.366
348.308,147.943,26.515,26.157
347.333,148.282,26.286,26.144
345.726,145.626,26.091,26.092
344.243,143.848,26.063,26.003
342.742,143.720,25.916,26.017
338.696,140.682,25.919,26.054
335.558,138.108,26.026,26.027
333.972,135.872,26.056,26.042
331.414,133.669,26.277,25.905
329.814,131.300,26.313,25.931
326.843,131.566,26.422,26.018
325.392,128.815,26.563,26.052
323.825,125.956,26.682,26.128
322.466,123.344,26.891,26.067
320.967,123.588,27.168,26.162
319.931,120.963,27.466,26.080
319.664,121.749,27.754,26.027
318.501,121.756,27.795,26.217
317.917,121.561,27.830,26.395
317.097,118.335,27.991,26.435
316.198,118.169,28.000,26.672
315.287,117.773,28.064,26.821
314.798,117.413,28.197,27.030
314.318,117.451,28.378,27.155
313.417,117.627,28.515,27.256
312.231,118.262,28.574,27.237
312.077,122.481,28.787,27.248
313.296,130.478,28.842,27.278
317.252,137.816,28.952,27.324
319.017,141.256,29.090,27.408
322.717,145.151,29.446,27.403
324.393,145.901,29.481,27.474
327.566,146.345,29.635,27.658
328.510,145.810,29.623,27.917
329.660,144.968,29.624,28.234
331.348,143.894,29.455,28.565
333.619,140.563,29.313,28.660
335.748,139.843,29.168,28.886
336.832,136.537,29.000,29.064
338.132,135.396,28.734,29.361
340.021,133.672,28.515,29.672
341.126,132.643,28.217,30.103
342.056,132.412,28.032,30.253
343.025,132.785,27.885,30.279
344.142,133.180,27.606,30.367
344.677,133.527,27.524,30.479
344.998,133.861,27.340,30.529
345.161,134.142,27.179,30.609
345.809,134.484,27.071,30.613
346.873,133.902,26.960,30.676
347.688,133.767,26.804,30.778
348.816,133.644,26.675,30.831
349.356,134.037,26.491,30.780
349.934,134.732,26.247,30.655
350.344,135.885,26.112,30.396
350.758,137.490,26.032,30.185
355.005,141.979,24.186,31.694
355.680,145.371,22.692,33.054
355.918,148.489,21.685,34.010
355.663,149.518,22.881,32.695
352.307,149.536,21.813,33.686
352.165,149.092,21.032,34.509
349.235,147.939,20.236,35.561
348.999,147.284,19.906,35.820
348.644,146.350,19.624,36.081
347.543,145.728,19.478,36.098
346.735,144.937,19.513,35.819
343.503,143.687,19.515,35.697
343.410,143.079,19.649,35.132
342.853,143.494,19.720,34.622
342.516,144.016,19.830,34.020
342.694,144.468,19.861,33.690
343.234,146.826,21.245,32.084
343.217,149.098,22.264,30.726
344.088,150.727,23.087,29.773
343.923,151.301,23.774,29.064
344.003,151.713,24.380,28.547
344.323,152.118,24.981,28.011
343.781,152.284,25.431,27.642
343.598,152.419,25.724,27.384
343.968,152.621,26.165,27.005
344.483,152.882,26.726,26.669
345.685,153.702,27.108,26.396
345.635,154.918,27.544,26.132
345.671,155.979,27.807,25.961
346.063,156.907,27.914,25.923
346.908,157.453,27.845,26.060
347.238,157.662,27.876,26.279
347.405,157.883,27.771,26.525
347.126,155.640,27.785,26.586
347.318,156.507,27.778,26.739
347.396,154.471,27.745,26.842
347.456,155.050,27.633,26.998
347.015,153.674,27.582,26.900
346.750,154.432,27.461,27.006
346.488,154.846,27.364,27.110
346.158,155.458,27.255,27.087
345.992,155.889,27.221,27.109
345.796,156.149,27.121,27.106
345.154,156.666,27.053,27.050
345.414,156.998,27.000,27.026
345.705,158.088,26.913,27.003
348.242,158.630,26.909,26.949
347.813,159.365,26.795,26.828
350.021,159.554,26.658,26.740
349.220,159.322,26.555,26.645
348.206,158.705,26.437,26.549
347.243,156.825,26.327,26.486
346.755,156.317,26.257,26.476
364.120,128.122,26.524,25.880
365.006,127.470,26.786,25.434
365.894,127.174,26.930,24.997
366.884,126.707,26.900,24.701
367.606,126.554,26.883,24.449
367.523,125.697,26.872,24.182
367.808,124.699,26.705,24.043
368.614,123.977,26.638,23.889
368.780,123.836,26.562,23.734
369.209,123.543,26.429,23.632
369.770,123.525,26.248,23.593
370.137,123.223,26.038,23.645
370.697,120.565,25.937,23.624
370.982,120.687,25.796,23.677
371.289,121.006,25.704,23.736
371.596,121.475,25.615,23.808
372.285,121.780,25.494,23.912
369.792,129.728,24.232,25.366
367.751,136.743,22.134,27.591
368.850,136.970,19.996,29.943
369.723,137.117,18.227,32.101
370.290,137.433,16.850,33.746
370.710,137.654,15.812,35.033
371.173,137.212,15.004,36.117
371.586,136.973,14.368,36.925
371.549,136.559,13.996,37.499
371.737,135.945,13.769,37.898
371.830,138.923,13.545,38.337
371.853,138.659,13.435,38.497
371.792,142.149,13.522,38.479
371.532,142.870,13.948,37.837
371.153,143.448,14.445,37.201
370.765,143.404,14.898,36.795
370.838,143.005,15.339,36.374
370.368,145.628,15.652,36.130
370.545,145.594,15.902,35.886
370.978,145.489,16.042,35.793
371.549,148.164,16.133,35.763
372.147,148.184,16.074,35.921
373.022,148.201,16.006,36.069
373.359,147.849,15.496,36.917
373.706,148.378,15.009,37.720
374.078,148.837,14.620,38.345
374.433,149.047,14.258,39.223
374.779,148.634,13.917,40.126
374.907,145.896,13.738,40.521
371.824,146.643,13.355,41.503
372.099,147.660,13.152,42.168
375.462,145.232,13.073,42.431
372.476,146.034,12.895,42.728
373.147,144.050,12.782,42.917
373.701,144.139,12.642,43.225
374.187,141.252,12.532,43.563
374.352,140.972,12.483,43.699
374.957,137.702,12.459,43.761
375.069,137.060,12.424,43.900
375.152,134.202,12.386,43.971
375.144,133.774,12.352,44.057
375.000,130.231,12.316,44.134
374.690,129.705,12.278,44.240
374.221,129.207,12.240,44.354
373.758,125.240,12.214,44.451
373.291,124.787,12.191,44.529
372.665,121.315,12.187,44.613
372.005,118.144,12.177,44.665
368.805,118.378,12.133,44.756
368.818,114.983,12.111,44.799
368.709,114.495,12.070,44.899
368.304,114.177,12.047,44.980
367.837,113.835,12.030,45.017
367.502,113.623,12.016,45.052
366.916,113.241,12.006,45.091
366.629,108.492,11.999,45.166
363.254,108.185,12.007,45.428
362.903,108.309,12.150,45.353
362.631,109.555,12.309,45.229
362.819,110.056,12.405,45.190
366.143,111.238,12.408,45.195
366.603,111.740,12.414,45.220
370.051,112.225,12.431,45.230
370.541,113.654,12.500,45.096
374.759,114.662,12.571,44.983
382.197,119.891,12.679,44.781
386.504,120.390,12.927,44.416
394.359,120.503,13.101,44.164
401.747,120.584,13.344,43.821
408.719,120.332,13.808,43.220
416.341,120.475,14.029,42.902
420.169,120.433,14.173,42.728
420.195,119.820,14.171,42.730
420.214,120.440,14.171,42.730
420.369,120.462,14.170,42.731
420.441,120.423,14.169,42.731
420.508,121.203,14.169,42.732
420.686,121.288,14.169,42.732
420.825,121.948,14.168,42.733
421.016,121.580,14.168,42.733
421.089,121.911,14.167,42.732
420.103,121.832,14.176,42.724
419.964,121.865,14.176,42.724
419.328,121.843,14.186,42.714
419.248,121.607,14.186,42.714
419.281,120.368,14.186,42.714
418.781,120.367,14.190,42.710
418.745,120.394,14.190,42.709
418.758,119.806,14.190,42.709
418.897,119.150,14.189,42.709
418.889,118.645,14.189,42.710
419.073,117.895,14.189,42.710
418.942,117.236,14.188,42.710
418.971,115.681,14.188,42.710
418.935,116.582,14.188,42.710
418.658,118.021,14.186,42.711
417.467,118.288,14.193,42.702
419.063,119.668,14.229,42.656
418.815,119.360,14.233,42.647
418.416,119.964,14.231,42.646
418.339,118.808,14.230,42.645
418.106,118.350,14.230,42.645
418.103,118.427,14.230,42.645
417.979,117.711,14.229,42.645
418.011,117.630,14.228,42.646
417.642,117.193,14.227,42.646
417.000,116.357,14.226,42.646
416.163,114.467,14.222,42.649
