51.000,53.000,87.000,290.000
53.274,46.720,90.501,286.697
54.049,41.975,94.018,282.533
55.148,44.910,96.762,278.700
55.602,41.055,98.099,277.715
58.463,42.142,98.710,277.456
61.504,42.789,98.927,277.422
64.280,43.512,99.045,277.190
66.864,44.022,99.147,276.520
70.231,42.876,98.598,276.898
73.519,40.217,97.949,277.955
76.478,41.008,98.353,276.755
79.740,42.452,98.704,275.176
82.440,41.000,98.513,274.214
84.756,45.206,98.299,272.685
86.813,45.562,97.768,272.292
89.348,45.257,97.360,272.525
94.071,43.575,97.179,272.191
96.946,46.552,97.490,270.743
99.077,47.492,97.169,269.939
102.174,46.893,97.485,269.526
105.538,49.349,97.832,268.671
108.700,47.816,98.003,267.459
110.819,48.046,97.868,266.807
113.029,51.146,98.261,265.524
113.992,56.919,98.344,263.914
116.864,57.163,99.038,262.945
119.888,60.994,99.675,261.716
121.293,59.616,100.388,261.577
123.397,58.581,101.188,261.498
125.792,57.490,102.263,260.345
125.912,57.565,102.441,260.570
128.770,60.282,102.947,259.567
132.228,57.245,102.609,260.537
133.572,56.791,102.985,259.839
135.326,56.665,103.698,258.736
136.127,58.299,104.700,257.258
139.002,55.396,107.678,252.760
138.873,63.136,110.020,247.494
142.808,58.866,111.226,244.918
144.444,67.293,110.981,243.064
146.172,61.901,110.727,242.965
151.598,65.805,110.722,240.943
151.613,66.458,109.900,239.611
148.571,71.193,110.749,236.586
150.722,69.379,110.118,235.381
153.928,71.239,109.389,233.995
156.696,74.037,107.915,233.565
160.985,85.452,102.835,240.202
164.480,83.823,98.869,245.836
167.633,82.134,96.267,249.755
170.469,77.394,94.539,252.439
172.425,79.969,93.866,252.794
174.896,74.064,92.667,255.265
176.790,75.053,91.696,255.131
180.226,73.309,91.113,255.901
180.440,75.540,90.758,255.832
181.900,77.510,90.586,256.117
184.771,79.609,89.811,256.392
188.216,80.421,89.464,255.531
190.420,82.889,89.359,254.208
192.032,85.213,88.551,253.620
194.052,85.408,87.639,253.432
196.361,87.263,87.157,252.584
198.576,85.273,86.402,251.261
200.329,86.704,85.939,250.383
201.846,87.086,85.431,249.497
203.824,82.207,84.450,249.296
205.203,73.234,83.800,248.710
206.557,73.646,83.695,247.752
208.587,73.594,83.480,246.903
211.272,71.496,83.108,246.259
212.135,75.371,82.680,245.988
213.799,73.630,82.588,244.791
216.125,78.828,82.320,242.973
217.429,80.663,81.997,241.583
219.518,80.025,81.474,239.961
220.803,81.050,81.187,238.767
222.344,81.286,80.688,237.927
223.327,81.157,80.519,236.967
224.612,81.864,80.381,235.578
225.947,82.821,80.244,233.996
226.726,81.703,79.907,232.366
227.364,83.838,79.991,229.981
228.519,87.903,80.182,227.197
229.284,92.051,80.221,224.862
229.684,94.717,81.967,220.321
230.642,96.928,81.673,218.519
232.302,97.747,81.208,216.849
234.651,97.102,80.677,215.603
236.436,95.945,79.963,214.464
237.240,95.282,79.409,213.642
238.884,92.672,78.724,213.254
240.857,92.447,77.760,212.906
241.316,89.221,76.929,213.099
242.669,100.119,76.529,212.787
243.178,95.044,76.154,212.505
244.030,93.146,75.830,211.996
245.189,90.797,75.534,211.682
247.191,89.679,75.255,211.490
250.003,91.362,74.979,211.210
252.463,89.809,74.821,210.682
254.904,91.374,74.411,210.231
256.472,90.860,74.253,209.218
257.897,91.523,74.105,208.119
259.018,92.010,74.060,207.280
260.319,93.195,73.856,206.717
260.293,102.286,73.332,207.018
261.388,98.903,72.861,207.343
261.786,99.312,72.380,207.455
262.318,105.999,71.974,208.005
263.159,103.132,71.778,207.699
264.891,101.882,71.616,207.235
266.395,98.932,71.117,207.451
266.802,96.539,70.941,207.020
266.630,95.844,70.802,206.644
266.880,94.881,70.711,206.194
267.433,94.821,70.576,205.765
268.387,94.739,70.311,205.367
269.972,91.762,70.047,205.153
270.869,90.254,69.862,204.680
271.433,86.914,69.690,204.402
271.305,87.118,69.663,203.853
271.554,87.899,69.590,203.200
272.339,98.373,69.288,202.976
272.124,93.730,68.993,202.810
272.256,104.524,68.958,202.452
273.319,96.406,68.719,202.284
273.186,93.345,68.589,201.928
271.834,92.618,68.509,201.468
270.582,90.680,68.263,201.372
269.902,95.870,68.138,200.833
268.802,92.486,68.034,199.798
268.000,91.629,67.751,199.387
267.191,95.788,67.467,198.793
266.951,93.831,67.314,197.854
266.059,94.200,67.017,196.769
267.109,90.774,66.627,196.318
269.669,88.650,66.522,195.584
269.981,88.088,66.849,194.276
270.321,96.507,66.825,193.435
271.737,93.370,66.592,192.973
272.740,93.473,66.548,192.150
273.610,91.509,66.419,191.458
274.823,87.195,66.336,190.963
276.060,85.641,66.263,190.315
277.255,83.361,66.211,189.756
278.995,81.173,66.186,189.130
280.588,77.182,66.101,188.946
283.004,74.337,66.180,188.325
282.155,100.128,67.829,185.389
283.579,98.850,69.202,182.428
282.868,105.586,70.870,179.109
283.701,101.246,72.260,175.949
282.693,106.239,73.408,173.230
283.101,103.380,73.992,171.340
283.582,108.740,74.680,168.921
286.135,104.426,74.916,167.500
287.385,111.151,74.834,166.690
287.756,105.232,74.750,165.689
288.977,101.626,74.250,165.035
289.187,110.811,73.980,164.152
289.893,103.286,73.699,163.451
290.453,108.990,73.380,162.669
289.936,105.943,73.009,161.736
292.047,111.708,72.635,160.752
293.698,100.635,70.458,162.582
295.798,103.321,68.352,164.207
297.188,96.793,66.773,165.592
298.590,89.508,65.082,167.326
299.370,97.781,64.012,168.029
301.791,100.730,62.910,168.534
302.898,94.564,62.125,168.687
304.532,97.558,61.396,168.295
304.419,95.398,60.819,168.566
304.708,94.644,60.392,168.463
305.926,93.679,60.188,167.950
307.332,93.502,59.748,167.599
307.822,92.320,59.509,166.940
309.422,90.864,59.322,166.518
310.563,91.017,58.885,166.653
311.673,89.032,58.660,166.773
311.072,88.109,58.921,166.395
311.473,86.559,58.914,165.700
312.072,85.555,58.796,165.333
312.333,84.969,58.586,165.105
312.807,83.389,58.553,165.078
312.941,81.654,58.663,165.388
313.342,82.103,58.828,165.075
314.300,89.880,58.544,165.003
315.039,87.405,58.784,164.714
315.778,85.679,59.213,163.908
317.758,85.437,58.772,164.273
318.018,87.450,58.507,164.042
318.805,88.638,58.257,163.432
318.875,87.895,58.241,163.017
319.434,88.312,58.016,163.084
320.274,88.999,57.824,162.855
321.157,87.249,57.784,162.948
321.607,86.225,57.623,162.246
322.256,87.136,57.011,162.401
322.595,86.060,56.781,162.388
322.720,89.238,56.659,162.072
324.503,91.988,56.540,161.457
324.470,92.226,56.207,161.475
324.070,89.639,55.878,162.166
325.314,88.999,55.964,162.088
325.995,90.688,56.247,161.670
326.643,91.256,56.542,161.138
326.700,92.138,56.347,160.867
326.621,93.145,56.191,160.494
326.707,90.629,55.995,160.324
327.486,91.280,55.870,159.811
326.491,92.058,55.477,159.063
327.054,94.677,55.086,157.671
327.509,94.987,54.672,156.430
327.868,94.446,54.225,155.527
328.360,95.381,53.732,154.723
328.846,95.884,53.367,153.245
329.495,94.549,52.971,152.479
330.845,92.670,52.577,152.649
332.223,91.542,52.451,152.145
332.623,90.932,52.358,151.389
333.782,91.989,52.306,150.361
332.835,95.039,52.046,149.338
333.026,96.377,51.575,148.581
333.967,98.351,51.246,147.499
333.446,99.135,50.667,146.915
334.348,97.482,50.442,146.091
333.837,98.646,50.034,145.319
333.814,98.226,49.621,144.805
333.972,96.987,49.283,144.448
334.318,97.058,48.751,144.067
334.938,97.885,48.454,143.161
334.688,97.852,48.280,142.155
335.142,96.735,47.777,141.745
335.848,97.913,47.634,140.674
335.805,97.950,47.401,139.516
335.163,98.458,47.302,138.526
334.361,100.934,47.554,137.153
335.694,100.975,47.240,136.502
336.285,100.764,47.033,135.225
336.076,101.437,46.789,134.044
336.915,100.835,46.465,133.305
337.233,101.068,46.410,132.330
337.437,101.013,46.350,131.424
337.753,102.337,46.242,130.627
338.603,101.332,46.125,129.964
338.435,104.019,45.946,129.328
338.578,105.201,45.703,129.212
337.556,108.152,45.318,129.024
338.169,106.288,45.260,128.039
337.137,106.815,44.713,128.310
337.524,107.864,44.129,128.296
337.525,107.781,43.848,127.779
337.658,107.246,43.477,127.117
337.964,108.656,43.039,126.634
337.697,109.408,42.848,125.569
337.940,108.454,42.766,124.672
338.006,108.588,42.604,124.252
337.685,108.831,42.428,123.747
337.561,107.171,42.353,122.897
337.207,107.082,42.384,121.890
338.291,107.485,42.845,120.173
337.153,107.843,42.747,119.031
337.868,106.530,42.772,118.374
337.786,106.617,42.735,117.886
338.831,107.923,42.837,116.725
339.026,108.437,42.646,116.243
338.273,107.723,42.394,115.819
339.169,109.053,42.463,115.369
338.926,109.421,42.337,114.729
339.039,110.146,42.105,114.157
339.677,109.650,41.668,114.174
340.229,109.844,41.368,113.906
340.774,108.958,41.166,113.571
340.585,109.028,41.133,113.077
339.261,110.695,40.954,112.455
340.621,110.394,40.666,112.641
340.588,110.678,40.706,112.311
340.297,109.856,40.718,112.031
340.121,109.700,40.770,111.430
340.482,108.755,40.637,110.881
340.121,109.641,40.860,110.511
340.846,109.231,40.677,110.272
341.200,109.900,40.556,109.794
341.318,109.097,40.641,109.166
341.461,110.211,40.463,109.088
340.726,110.521,40.258,108.847
340.849,109.930,40.154,108.548
341.922,108.681,39.914,108.372
342.059,109.926,39.707,108.300
342.617,108.384,39.632,108.120
342.893,111.045,39.701,107.727
341.855,112.635,39.662,107.184
342.560,112.962,39.531,106.717
342.748,115.495,39.416,106.094
342.504,113.969,39.560,105.133
342.956,114.837,39.265,104.858
342.393,114.934,39.195,104.342
342.672,114.506,39.058,103.654
342.966,115.344,38.812,103.345
343.368,115.266,38.845,102.431
343.307,115.507,38.650,101.978
343.593,114.963,38.545,101.298
343.178,114.744,38.184,101.043
343.734,116.010,38.110,100.160
343.658,115.844,37.903,99.478
344.079,114.461,37.723,98.981
342.885,113.829,37.545,98.587
343.607,115.313,37.551,97.852
343.195,115.271,37.402,97.505
342.347,115.468,38.601,95.215
342.975,115.732,38.113,94.931
342.778,115.128,37.402,95.339
342.920,115.756,37.002,95.067
343.131,115.140,36.639,94.828
343.341,114.972,36.179,94.934
343.233,115.144,35.771,95.052
343.311,113.766,35.730,94.259
343.111,112.300,35.427,93.815
343.395,111.550,35.174,93.590
343.396,110.741,35.220,93.294
343.348,109.432,35.219,92.904
342.718,109.646,35.110,92.512
342.861,109.013,35.095,92.046
343.260,109.198,34.645,91.988
343.860,109.289,34.336,91.935
343.243,109.420,34.153,91.720
343.604,110.164,34.001,91.382
343.855,109.851,33.751,91.223
343.524,109.923,33.680,91.124
343.788,110.191,33.504,90.931
343.966,110.518,33.391,90.765
344.181,110.518,33.301,90.631
344.084,110.838,33.277,90.581
343.816,111.760,33.377,90.381
344.116,112.146,33.460,90.120
343.987,112.728,33.569,90.000
343.782,112.865,33.599,90.176
343.667,112.719,33.598,90.319
344.123,112.649,33.702,89.999
344.298,112.734,33.894,89.847
344.384,112.810,34.040,89.680
344.769,111.751,34.193,89.420
344.568,112.417,34.369,89.171
344.299,113.097,34.436,88.931
344.466,113.740,34.415,88.425
344.935,113.688,34.378,87.770
345.348,113.965,34.242,87.510
343.796,117.804,35.522,85.405
