163.000,44.000,47.000,164.000
159.870,43.898,50.574,160.255
158.179,48.702,53.002,157.082
157.721,49.731,53.816,156.331
157.444,50.757,54.429,155.631
157.249,47.067,53.607,157.528
158.019,44.768,52.402,161.457
158.677,40.668,51.166,165.307
158.779,48.876,50.646,166.211
158.476,48.078,49.858,168.457
158.714,45.140,49.389,169.949
158.952,42.992,49.169,171.538
159.558,40.634,49.137,172.980
157.132,16.594,48.637,175.232
156.273,7.478,48.800,175.698
155.587,9.263,49.341,175.978
155.845,12.801,49.640,175.776
156.468,19.971,50.717,174.111
156.063,24.355,51.582,173.223
156.115,35.350,53.349,169.916
156.353,45.011,55.229,165.870
156.399,44.051,55.881,163.515
156.032,47.123,56.921,160.322
157.212,49.147,57.538,158.115
157.101,51.477,58.110,156.711
157.793,52.722,58.381,155.421
156.792,59.131,58.338,154.455
146.702,61.172,56.434,155.879
144.563,61.927,56.802,155.596
140.434,62.563,58.528,153.772
134.088,62.083,62.732,148.614
129.991,65.159,67.426,143.115
127.802,70.892,72.772,137.753
125.595,74.966,78.732,132.565
124.116,96.336,84.402,125.942
120.383,98.450,89.736,120.110
116.656,99.538,93.851,115.638
111.993,100.682,96.265,113.028
109.229,99.408,97.961,111.145
111.949,94.410,98.020,111.068
115.904,98.488,97.469,110.859
120.810,79.489,89.489,117.777
127.781,65.065,82.389,124.804
132.459,62.597,76.366,129.639
138.160,63.944,71.241,132.762
141.895,63.148,67.257,135.865
141.597,64.256,64.309,138.142
140.889,67.693,62.123,141.617
140.031,65.400,61.208,143.900
140.644,68.825,61.731,144.275
141.477,71.081,62.755,144.519
140.671,74.446,63.551,144.565
140.072,74.537,64.842,144.904
138.059,76.565,65.783,144.721
137.763,78.150,66.753,145.230
135.449,77.144,67.356,146.202
131.883,76.175,67.682,146.505
127.922,75.355,68.283,146.458
123.356,74.993,68.587,146.812
118.754,73.874,68.729,147.742
113.810,75.822,68.684,148.604
106.501,75.733,68.992,149.461
103.313,73.875,69.537,150.842
98.731,74.551,69.907,152.724
96.248,73.053,70.611,154.928
92.125,73.374,71.694,156.136
91.788,75.147,71.923,157.655
91.553,74.307,72.607,157.843
91.426,74.898,73.231,158.174
89.868,77.494,73.250,158.094
90.129,80.330,73.371,157.311
92.632,73.376,73.346,156.562
95.438,76.416,73.475,154.925
95.668,70.487,72.982,154.969
96.279,71.898,72.188,154.112
97.962,69.311,71.629,153.445
99.483,63.928,71.132,152.508
103.285,59.230,69.848,151.715
105.999,60.971,68.783,150.269
107.721,59.862,67.607,148.947
108.508,62.249,66.752,146.961
109.207,64.017,65.909,145.206
111.163,65.693,64.892,144.583
113.566,64.501,63.914,144.226
115.845,65.263,63.147,143.497
118.104,68.127,62.049,143.284
119.227,64.202,61.284,143.149
121.405,68.254,60.807,141.626
123.755,65.681,60.023,140.534
126.129,67.740,59.074,139.113
127.993,69.600,58.167,138.107
129.519,73.880,57.460,136.944
131.304,74.449,56.471,136.074
132.572,77.903,55.623,134.622
132.364,81.368,55.024,133.280
131.603,92.235,55.062,131.749
132.199,91.277,55.934,130.086
132.448,99.306,56.940,128.475
132.530,98.051,58.161,126.739
132.646,100.069,60.841,123.809
132.684,100.600,63.408,120.936
132.954,101.393,65.137,119.107
133.661,102.787,66.361,117.829
135.392,104.238,66.938,117.188
139.246,104.197,66.206,117.868
146.858,100.541,64.390,119.596
153.901,96.341,62.182,122.315
157.904,92.810,59.442,125.692
158.466,87.888,55.590,130.626
156.871,81.833,52.241,134.191
155.838,78.683,50.196,135.862
156.459,81.798,49.175,135.222
156.515,83.982,49.323,133.975
157.163,89.157,49.812,132.666
158.352,92.053,50.229,131.376
158.848,93.560,51.136,129.539
158.719,93.505,52.050,127.785
155.778,94.138,52.801,125.888
153.667,94.995,53.694,124.778
151.525,93.836,54.082,123.772
148.333,92.518,53.733,123.468
145.143,90.019,53.165,123.253
145.227,86.730,52.649,123.216
140.755,83.659,51.295,124.771
138.541,81.273,49.405,127.807
138.576,78.571,47.511,130.899
139.379,76.416,46.416,133.391
138.609,82.137,46.746,134.073
138.363,86.808,47.751,134.105
139.352,90.059,49.355,133.614
140.685,90.421,49.683,134.393
142.153,89.507,48.950,135.925
142.853,86.130,48.441,137.457
145.853,81.847,48.105,138.496
146.563,81.779,48.891,138.925
147.365,83.705,50.903,137.910
147.573,83.354,52.555,137.559
148.354,83.906,55.333,135.846
148.006,83.268,58.572,134.051
146.362,84.767,63.745,130.043
144.191,85.058,67.399,127.594
142.466,87.472,69.525,125.463
141.383,90.980,69.297,124.235
125.979,91.369,69.074,123.466
120.136,92.133,67.790,122.890
106.640,88.120,66.426,125.258
103.726,78.043,64.627,128.414
99.659,75.924,62.893,131.489
97.671,73.991,59.767,136.451
97.031,71.702,57.218,140.840
97.579,74.573,54.718,145.231
98.665,72.599,53.349,148.567
100.390,77.068,52.237,150.988
101.753,81.996,51.772,152.157
103.661,84.702,52.306,152.128
104.494,87.954,52.971,151.346
106.482,89.714,53.481,150.843
109.044,93.919,53.946,149.400
112.677,89.936,54.516,148.042
114.276,91.851,55.233,145.594
117.762,91.446,55.768,143.512
121.587,89.119,56.923,140.184
124.005,86.411,57.250,138.076
124.934,86.695,57.349,135.926
124.338,82.417,57.316,134.472
123.785,81.862,56.879,133.425
121.571,79.734,56.384,132.539
119.381,80.791,55.718,131.146
118.751,84.151,54.745,130.319
116.934,84.243,56.277,126.171
110.553,84.090,57.863,121.874
107.529,87.993,57.776,120.226
105.684,91.790,57.519,118.829
101.590,94.784,56.749,118.474
99.648,99.216,57.033,116.868
97.771,97.149,57.737,114.853
96.680,101.322,57.901,113.471
96.839,101.865,57.894,112.273
97.543,105.926,57.265,111.484
99.022,105.993,56.575,111.029
100.727,105.796,56.058,110.276
100.112,102.844,55.817,110.293
100.123,103.819,54.860,111.201
99.421,97.595,53.733,112.412
100.056,96.044,51.347,115.295
98.474,92.813,50.097,117.017
98.866,94.431,49.099,118.715
97.773,89.859,48.473,119.712
95.000,83.317,47.624,121.769
92.138,83.389,47.574,122.920
84.018,89.000,46.997,123.924
81.205,81.944,47.102,124.822
77.951,81.553,47.753,124.585
74.384,79.053,48.413,125.015
72.071,77.763,48.663,125.628
68.293,74.461,49.131,126.145
66.272,73.003,49.062,127.335
67.956,78.325,50.499,125.700
70.324,77.787,51.157,124.151
71.071,80.314,52.024,122.665
70.166,82.681,55.108,119.252
71.067,86.607,57.209,116.557
71.291,87.520,58.685,114.597
70.961,90.649,60.280,112.669
70.113,93.061,61.352,111.240
69.148,93.656,62.787,109.824
67.555,92.140,63.660,108.441
68.063,92.898,63.288,108.419
70.117,91.892,62.820,108.918
82.055,93.863,61.717,109.519
82.921,86.972,60.942,110.193
83.634,82.120,59.878,111.071
94.796,84.838,58.090,112.570
96.813,85.409,56.863,113.524
106.918,95.203,56.400,113.259
106.264,93.045,54.659,114.146
106.799,94.759,53.314,115.021
106.195,94.925,50.627,117.062
106.880,97.884,48.478,118.457
108.115,94.659,46.848,119.661
107.894,93.294,45.892,120.207
107.198,92.717,45.045,120.685
107.379,92.617,44.311,121.508
106.155,91.880,43.722,122.487
105.056,91.204,43.138,123.952
105.391,89.978,42.798,125.329
106.503,90.360,42.532,126.099
110.034,92.866,42.956,126.152
113.138,94.754,43.534,126.103
115.904,96.283,44.472,125.087
117.989,97.494,45.843,123.176
118.022,98.396,47.487,121.137
121.015,99.344,48.437,120.438
123.022,105.823,50.333,117.874
124.401,111.093,52.168,115.472
125.015,111.472,54.239,113.452
125.584,111.590,55.541,112.322
125.862,113.332,56.784,110.865
126.810,111.733,56.870,110.756
127.554,108.677,56.499,111.173
129.582,107.295,55.595,112.049
139.539,107.695,55.767,112.396
140.713,105.862,53.641,114.931
152.163,111.609,54.728,113.545
152.555,108.001,55.124,113.650
151.910,109.392,55.360,113.542
152.320,108.519,55.719,112.622
149.596,106.524,55.027,112.061
147.062,102.535,55.998,111.640
135.721,100.121,55.657,112.627
135.367,111.683,56.427,112.513
133.435,125.704,61.292,107.802
132.161,135.623,65.527,103.704
120.730,134.102,68.699,100.349
121.729,130.945,71.048,97.936
120.749,128.125,72.830,96.399
124.707,123.369,72.917,96.304
128.824,114.945,68.955,100.248
136.782,107.108,64.498,103.855
151.348,97.653,59.973,108.653
153.774,88.725,55.861,112.898
163.408,93.628,55.599,111.811
161.624,89.184,54.947,112.212
159.450,88.968,54.557,111.881
178.872,112.789,59.742,105.379
176.219,113.354,63.261,100.908
171.637,121.374,66.890,95.556
166.509,122.651,68.996,92.066
164.192,123.664,70.356,89.925
162.158,122.842,71.121,88.132
151.692,121.909,71.065,87.487
144.844,113.954,67.087,90.619
125.169,119.368,64.083,92.669
114.237,110.645,59.060,97.169
113.227,107.303,54.870,101.279
112.904,114.203,53.629,101.225
104.174,112.911,51.693,103.111
103.995,114.456,51.280,104.302
102.498,114.295,51.559,104.740
102.690,111.005,51.824,104.872
110.861,108.400,51.692,104.752
111.295,109.052,49.830,107.625
113.835,107.153,47.672,110.691
117.917,106.683,45.303,113.403
120.315,105.202,43.373,116.427
121.482,102.581,42.147,118.837
121.793,100.837,41.329,120.655
122.702,97.355,41.239,120.965
123.287,110.689,41.894,121.636
133.175,121.407,41.716,121.523
134.622,123.437,41.449,121.329
136.679,125.612,41.153,120.396
138.067,125.800,40.709,119.641
139.111,125.922,40.468,118.761
138.996,126.567,40.566,116.999
135.378,128.970,42.314,113.771
123.390,128.603,44.726,110.370
114.719,127.965,46.633,108.605
114.523,133.458,47.764,107.080
116.610,124.621,46.655,108.546
117.060,126.651,45.770,109.641
119.237,120.978,44.686,111.550
120.667,123.734,43.937,112.626
121.021,128.801,45.428,111.880
120.342,130.173,46.925,110.894
112.101,133.744,48.496,109.627
113.492,134.816,49.926,108.499
117.245,130.723,50.087,109.239
120.807,126.976,50.266,110.470
123.407,125.370,49.882,111.126
125.558,123.949,49.235,112.148
127.901,117.874,48.067,113.890
130.142,117.843,47.207,114.639
132.197,114.736,46.501,115.161
133.175,117.906,46.189,114.549
132.327,119.058,45.697,114.236
131.563,118.544,45.151,113.966
130.317,120.927,44.801,114.197
129.871,117.969,44.670,114.033
128.879,118.689,44.301,114.759
127.405,119.558,44.162,115.615
127.011,121.106,43.772,117.297
128.484,122.257,43.187,118.928
130.689,123.330,42.574,120.875
131.712,122.748,42.258,122.151
133.141,125.238,42.072,123.826
134.608,125.174,42.441,124.727
143.378,125.718,42.830,125.544
143.255,128.166,43.465,125.992
142.703,128.549,44.154,125.565
140.017,128.417,44.863,124.954
137.177,124.228,45.440,125.190
134.338,117.591,45.601,125.484
131.008,108.955,45.179,126.376
124.226,109.945,44.001,128.462
121.763,106.999,43.717,128.784
120.663,105.346,43.299,129.659
117.070,101.732,43.186,129.789
107.760,99.999,42.853,130.183
106.789,94.319,43.325,130.023
105.808,89.352,44.433,130.462
105.043,90.978,45.996,131.243
105.678,92.824,46.899,131.264
107.487,95.730,46.564,131.786
109.076,98.534,46.057,131.934
109.752,100.394,45.720,131.226
109.790,99.437,45.558,129.501
109.813,95.325,45.745,127.626
109.322,92.827,46.109,125.631
109.732,93.214,46.337,124.356
110.597,95.491,48.360,120.836
110.609,90.454,48.250,120.273
112.144,93.079,49.532,118.666
112.690,93.501,50.795,116.863
113.344,96.105,51.641,115.711
114.760,97.937,52.195,114.895
116.304,99.964,52.705,114.306
118.243,100.985,53.385,113.573
120.161,103.364,53.897,113.210
122.645,106.727,54.298,112.811
124.358,106.289,54.606,112.415
126.429,105.942,54.836,112.671
127.981,105.935,54.760,113.343
129.530,106.390,54.815,114.432
139.816,102.908,53.805,115.861
140.452,102.891,53.429,117.132
141.959,103.476,53.850,116.926
144.032,105.433,54.392,116.423
145.420,100.732,54.479,116.237
147.273,102.683,54.735,116.157
149.070,102.248,55.259,115.466
150.592,101.809,55.404,114.984
151.935,100.296,55.669,114.488
139.775,108.801,51.972,120.040
139.179,105.832,49.425,123.860
136.034,98.742,48.284,125.725
128.465,101.868,48.122,125.644
125.575,100.011,47.373,126.424
125.957,99.461,47.295,126.590
123.117,107.573,47.721,125.466
120.164,106.698,48.661,124.786
118.903,110.510,49.621,124.041
117.466,107.631,50.509,122.160
117.307,110.036,50.903,120.524
116.872,111.110,51.104,119.178
116.408,112.700,51.256,117.945
117.024,115.761,51.506,115.566
120.418,116.644,51.518,113.490
128.840,114.944,54.066,108.950
132.660,116.250,54.587,106.435
133.806,123.965,53.790,105.355
134.716,121.883,53.034,104.649
137.997,124.551,50.394,106.294
147.833,118.634,47.868,108.246
158.896,115.318,45.595,110.441
169.083,113.123,44.382,111.852
178.417,96.064,44.015,111.750
178.239,96.022,43.646,111.609
179.118,97.253,43.013,111.696
183.706,100.523,41.344,113.728
187.363,104.762,40.006,116.356
190.963,105.648,39.423,119.125
194.197,103.457,39.933,121.065
195.032,103.980,40.622,122.145
197.875,100.589,41.905,122.273
197.195,106.784,43.256,121.886
197.390,110.191,44.314,123.049
197.134,112.376,44.918,123.035
206.872,116.607,44.408,122.245
217.129,121.305,48.590,116.695
215.913,116.936,52.864,111.288
206.719,103.063,53.479,109.591
208.914,100.991,53.117,108.747
210.483,99.657,53.546,107.782
210.320,108.653,52.456,109.823
209.352,111.494,49.409,113.424
210.664,110.291,46.847,115.452
211.237,109.334,44.932,116.885
210.979,105.467,43.774,116.759
207.746,99.431,44.055,115.140
207.216,94.985,43.838,113.620
203.648,78.003,43.113,111.059
202.514,77.383,42.399,109.298
202.109,77.793,41.557,108.168
200.390,75.193,40.772,107.220
200.500,78.530,40.305,106.264
208.734,82.592,40.076,104.521
207.122,82.979,40.109,103.309
198.142,81.243,39.378,103.031
198.108,81.876,38.657,103.158
188.647,73.824,38.187,102.304
188.528,84.817,37.322,102.932
180.793,75.471,37.220,102.090
174.046,75.586,37.339,100.148
172.185,86.612,40.154,96.736
