16.000,88.000,19.000,51.000
16.720,87.988,18.799,51.393
17.905,87.615,18.603,51.765
21.360,88.596,18.577,51.784
22.111,87.456,18.641,51.764
22.935,87.581,18.628,51.794
25.705,88.687,19.303,50.519
26.088,88.597,19.176,50.836
27.215,88.613,19.024,51.250
30.747,89.818,19.058,51.149
30.994,90.301,19.100,51.316
31.834,89.372,19.236,51.318
33.387,88.033,19.164,51.423
34.637,87.772,19.112,51.353
38.023,89.339,18.905,51.318
38.400,88.873,18.918,51.445
39.462,88.864,18.758,51.577
40.795,88.948,18.652,51.803
44.460,89.031,18.664,51.840
44.895,88.893,18.722,51.880
48.181,89.618,18.691,51.907
48.529,89.773,18.538,52.167
49.611,89.770,18.405,52.658
50.969,89.764,18.414,52.738
54.413,89.691,18.596,52.425
55.062,89.671,18.733,52.337
56.280,89.579,18.780,52.305
59.922,90.751,18.895,52.151
60.471,90.536,18.839,52.332
61.902,90.700,18.746,52.675
63.046,89.315,18.608,53.202
64.555,88.970,18.525,53.458
65.783,88.221,18.420,53.788
69.917,88.740,18.417,53.908
70.196,88.761,18.414,54.207
71.312,88.832,18.359,54.603
72.109,91.818,18.412,54.910
80.311,98.250,19.524,53.716
80.390,100.439,19.533,53.906
80.021,103.530,19.580,54.113
79.656,104.982,19.477,54.907
78.912,104.575,19.614,55.561
77.910,105.463,20.112,55.830
73.520,105.639,20.416,55.820
72.989,108.088,21.650,54.995
68.293,105.979,21.715,55.435
64.310,105.008,21.390,55.876
63.856,105.031,21.144,56.332
63.173,104.511,21.008,56.987
62.071,104.481,20.802,57.768
60.237,103.624,20.825,58.311
56.405,102.058,20.592,58.660
55.619,103.112,20.436,59.108
54.409,104.171,20.476,59.423
50.416,102.144,20.597,59.396
49.880,104.055,20.886,59.121
48.795,103.632,21.127,59.086
44.649,103.188,21.165,59.174
44.042,104.293,21.440,59.226
42.707,103.977,21.911,58.916
38.047,103.333,21.846,59.054
36.966,102.569,21.797,59.166
35.455,102.493,21.798,59.055
33.960,102.033,21.770,59.153
31.924,101.379,21.774,59.326
27.851,102.005,21.210,60.177
27.639,101.768,21.073,60.438
26.327,101.821,21.147,60.345
25.310,102.292,21.279,60.329
23.884,101.141,21.568,60.269
21.995,105.248,22.632,59.169
19.833,105.794,23.542,58.258
17.740,106.074,24.277,57.352
15.827,105.358,24.842,56.876
11.009,104.960,24.948,56.894
9.980,103.545,24.938,56.790
8.754,103.244,24.727,56.932
4.223,102.550,23.969,58.162
3.690,100.698,23.413,58.900
2.957,101.328,23.049,59.552
1.710,100.024,22.941,59.776
-1.839,100.540,22.269,60.654
-1.661,101.925,22.067,60.889
-1.989,102.127,21.889,60.872
-2.459,101.332,21.629,60.784
-2.653,106.204,21.519,60.395
-2.563,109.622,21.459,59.837
-2.801,108.953,21.447,59.347
27.418,119.413,21.139,59.432
25.599,120.428,21.106,59.286
23.430,122.487,21.002,59.097
21.400,122.384,20.993,58.815
19.451,122.252,20.874,58.760
16.960,122.595,20.831,58.385
14.893,123.236,20.674,58.328
12.857,124.231,20.674,58.182
10.798,123.725,20.725,57.814
6.353,122.143,21.154,57.392
4.980,121.593,21.326,57.093
3.097,122.405,21.491,56.890
1.036,123.343,21.643,56.816
-0.767,124.654,21.663,56.707
-1.730,125.765,21.108,57.336
-1.734,125.982,20.403,57.916
-1.850,130.158,20.053,57.937
-1.835,130.034,19.905,57.916
-2.047,131.029,19.871,57.897
-2.328,132.589,19.851,57.883
-2.771,133.314,19.837,57.868
-2.843,134.149,19.819,57.845
-2.643,134.004,19.806,57.832
-2.606,134.025,19.798,57.820
-2.560,134.009,19.791,57.810
-2.645,134.234,19.784,57.802
-2.546,134.158,19.777,57.783
-2.534,133.768,19.771,57.764
-2.628,133.545,19.764,57.752
-2.790,133.541,19.756,57.739
-3.083,133.120,19.749,57.730
-3.117,132.747,19.744,57.725
-2.987,131.911,19.737,57.718
-2.897,131.912,19.731,57.714
-2.832,131.819,19.724,57.708
-2.749,131.837,19.716,57.700
-2.640,131.914,19.709,57.693
-2.719,131.862,19.703,57.684
-2.651,131.559,19.697,57.679
-2.732,131.251,19.691,57.672
-2.683,131.263,19.683,57.665
-2.630,131.099,19.677,57.659
33.662,90.283,23.758,52.549
28.241,89.360,27.211,48.184
23.752,89.237,29.256,45.290
20.532,73.612,27.212,47.821
20.295,70.226,25.454,50.203
17.045,67.232,23.910,52.006
16.681,65.138,22.979,53.014
15.593,63.093,22.388,53.589
11.427,62.120,22.007,54.003
10.727,61.739,21.737,54.219
5.880,67.094,22.436,53.341
1.695,67.619,22.868,52.932
1.553,67.319,23.307,52.729
1.262,67.413,23.431,52.977
0.355,66.930,22.877,53.871
-0.631,66.052,22.264,54.798
-1.598,64.707,21.605,55.567
-2.687,63.580,20.971,56.340
-3.223,63.235,20.209,57.224
-3.463,72.329,19.736,57.926
-4.078,72.439,19.604,58.058
-4.447,73.473,19.568,58.087
-4.876,74.614,19.555,58.098
-5.343,75.526,19.520,58.130
-5.903,75.343,19.503,58.147
-6.353,74.703,19.494,58.156
-6.921,74.636,19.490,58.159
-7.253,74.083,19.487,58.162
-7.633,73.425,19.485,58.165
31.448,106.421,19.959,57.569
30.500,105.973,20.506,57.015
28.747,104.610,20.712,56.655
24.635,105.247,20.640,56.234
24.021,103.195,20.591,55.930
22.144,103.693,20.595,55.578
20.374,104.277,20.566,55.381
18.506,105.607,20.406,55.681
14.365,106.764,20.300,56.306
13.577,106.340,20.337,57.005
12.153,105.694,20.494,57.001
6.933,104.970,21.517,56.022
4.990,104.667,22.190,55.190
2.868,104.246,22.581,54.755
-0.692,104.324,22.009,55.884
-0.925,103.280,21.325,57.120
