275.000,137.000,23.000,26.000
277.889,135.058,22.561,25.968
279.779,134.044,22.285,25.891
279.088,134.314,22.165,25.633
280.682,135.247,21.911,25.405
276.383,138.587,22.377,24.831
271.404,144.345,22.913,24.291
268.767,151.385,22.948,23.873
269.196,152.350,22.460,23.791
269.478,155.134,22.089,23.607
273.420,154.056,21.515,23.714
277.277,151.696,21.054,23.753
280.519,145.375,20.615,24.425
279.495,144.485,20.644,24.373
281.205,134.650,20.502,24.754
279.804,120.211,20.231,25.255
278.841,105.411,20.041,25.714
277.904,90.858,20.214,25.791
277.780,88.524,20.376,25.778
277.345,77.258,20.463,26.030
280.738,67.958,20.476,26.331
282.827,61.674,20.581,26.611
284.091,55.451,20.526,26.888
282.968,53.254,20.653,27.035
282.172,54.468,20.602,27.160
284.163,58.390,20.853,26.199
286.555,64.882,21.129,25.321
285.856,71.739,21.147,24.852
286.765,72.018,20.944,24.849
282.721,73.755,21.146,24.614
280.437,70.640,21.057,25.228
280.319,63.962,20.926,25.760
279.982,57.456,20.850,26.290
278.937,58.317,20.897,26.442
279.422,54.728,20.902,26.847
277.252,52.284,21.238,26.931
278.676,48.977,21.227,27.187
279.837,46.774,21.435,27.031
279.396,48.242,21.480,26.880
278.493,44.905,21.762,27.013
274.725,42.389,21.943,27.123
270.049,35.838,22.089,27.256
265.753,29.088,22.161,27.532
264.486,26.139,22.444,27.558
260.929,29.429,22.946,26.859
256.627,33.047,23.286,26.498
250.567,34.817,23.806,26.224
250.956,35.342,23.389,26.251
251.378,34.764,23.085,26.262
258.642,44.788,23.003,25.560
268.004,55.713,22.687,25.030
275.596,62.209,22.570,24.334
284.860,66.289,22.332,23.909
285.020,66.381,22.157,23.907
294.406,74.299,22.046,23.438
297.907,86.598,22.060,22.913
293.954,98.210,22.082,22.367
284.138,103.830,22.269,22.175
283.391,103.688,22.088,22.206
272.929,100.408,22.375,22.165
264.022,91.709,22.364,22.568
255.948,82.621,22.191,23.058
249.798,76.911,22.367,23.326
248.868,75.833,22.342,23.320
245.992,74.438,22.457,23.415
244.444,73.668,22.663,23.342
243.641,72.569,22.743,23.457
243.700,70.204,22.636,23.724
243.331,69.828,22.601,23.696
243.656,68.498,22.557,23.870
243.225,67.067,22.399,24.168
242.452,65.687,22.545,24.261
240.323,65.365,22.820,24.192
240.836,65.520,22.920,24.091
241.271,69.701,23.173,23.404
243.342,75.559,23.003,22.929
240.629,81.524,23.139,22.609
235.169,90.205,23.201,22.315
235.969,91.001,23.023,22.201
230.490,100.078,23.340,21.712
224.897,105.747,23.489,21.331
218.025,106.829,23.514,21.296
211.154,105.614,23.168,21.755
209.989,104.955,22.980,22.150
200.219,105.405,23.079,22.146
193.350,107.353,23.119,22.460
191.305,104.083,22.994,23.081
190.632,98.093,22.836,23.814
190.073,97.432,22.975,23.857
190.457,97.473,23.142,23.635
191.944,100.377,23.177,23.162
193.746,101.737,23.054,23.043
198.517,98.881,22.846,23.712
198.364,97.777,22.813,23.893
201.480,94.355,22.599,24.496
196.427,96.165,23.199,24.127
189.703,99.011,23.439,23.787
182.702,101.384,23.676,23.571
184.158,100.726,23.568,23.827
180.105,101.430,23.816,23.820
180.406,100.874,23.985,23.946
175.386,102.554,24.321,23.839
169.079,104.838,24.523,23.712
169.729,105.426,24.421,23.961
165.879,108.901,24.604,23.664
167.504,111.100,24.531,23.577
169.028,107.777,24.063,24.523
166.671,104.297,23.941,25.440
165.269,100.657,23.807,26.605
161.608,94.091,23.876,27.383
157.182,86.460,23.861,28.078
154.126,79.133,24.112,28.596
149.043,69.026,24.249,28.909
147.175,65.848,24.235,29.566
139.774,55.094,24.256,30.050
134.243,48.181,24.731,30.221
131.711,45.367,25.045,30.867
136.553,42.815,24.854,31.090
135.337,42.592,25.158,31.474
138.989,39.772,25.022,31.905
138.450,42.948,24.988,32.025
143.444,47.168,25.596,31.022
150.428,57.111,25.958,30.172
150.706,59.149,26.267,30.043
156.423,66.667,26.529,29.385
157.289,78.012,26.818,28.807
156.675,86.087,26.944,28.161
161.057,96.677,27.110,27.650
160.467,97.364,27.171,27.807
170.765,102.924,26.941,27.791
182.888,103.741,26.711,27.756
191.845,102.360,25.949,28.518
200.130,97.282,25.330,28.973
200.581,95.560,25.398,29.462
208.280,90.108,24.936,29.956
213.765,84.065,24.617,30.621
217.043,77.919,25.038,30.703
213.591,69.116,25.398,30.564
213.480,67.571,25.679,30.599
207.655,59.230,26.116,30.345
203.535,50.628,26.398,30.163
199.557,37.817,26.699,30.119
197.798,28.694,27.033,30.176
195.529,22.444,27.392,30.670
193.908,16.279,27.844,30.803
191.729,13.929,28.308,31.179
189.253,10.532,28.290,32.315
184.371,13.559,29.178,31.903
184.389,12.857,29.123,32.495
175.412,20.116,30.100,31.857
165.792,32.448,30.078,31.453
158.867,51.215,30.371,31.460
153.560,66.652,30.760,31.280
152.895,68.492,30.938,31.472
144.128,77.195,31.867,30.503
137.292,82.351,32.638,29.810
135.265,81.660,33.221,30.352
135.739,76.972,32.552,32.371
135.700,75.825,32.588,33.404
132.680,65.873,32.285,34.896
127.511,55.875,32.093,35.772
122.046,46.098,32.016,36.508
117.383,41.499,32.244,37.302
113.851,37.109,32.591,38.470
112.693,41.940,32.838,38.301
116.794,48.601,33.659,36.834
123.575,51.015,34.175,35.969
133.648,52.988,34.339,35.294
133.877,53.738,34.227,35.580
145.242,54.167,34.234,35.418
154.484,53.196,33.855,35.761
161.146,47.779,33.437,35.864
166.069,41.913,32.599,37.035
164.356,39.702,32.314,37.668
163.949,33.934,32.291,38.572
160.730,29.754,32.216,39.030
161.197,32.646,32.072,38.648
163.558,38.513,31.900,37.719
163.755,38.948,31.560,37.880
168.280,49.081,31.608,36.865
172.640,63.450,31.515,35.852
176.978,74.657,31.504,35.278
181.530,81.974,31.111,34.944
181.999,83.244,30.788,35.240
184.798,84.331,30.522,35.197
184.245,85.224,30.427,35.405
183.968,85.556,30.195,35.734
183.789,85.136,30.266,35.995
184.357,84.786,30.239,36.182
182.912,87.514,29.941,36.127
185.243,92.010,30.194,34.961
189.101,100.729,30.359,33.862
193.047,110.288,30.474,32.735
194.084,111.952,30.674,32.221
197.466,117.253,30.486,31.347
200.892,120.852,30.162,30.775
203.320,125.556,30.073,29.916
203.760,130.364,30.311,29.080
204.269,131.492,30.428,28.802
201.887,135.013,30.666,28.450
198.800,137.913,30.919,28.325
196.677,140.377,30.779,28.500
193.999,140.070,30.803,28.794
194.004,140.405,30.456,28.930
192.704,140.167,30.086,29.383
192.851,140.523,29.914,29.690
193.629,141.098,29.313,30.292
194.622,140.519,28.981,30.560
195.069,139.927,28.897,30.704
197.790,137.835,29.329,30.296
199.101,131.883,29.239,30.132
202.377,125.348,29.428,29.899
202.513,119.818,29.287,29.961
202.607,118.863,28.828,30.477
203.382,118.358,28.378,31.013
205.028,121.924,28.018,31.236
208.402,124.421,28.245,30.950
212.452,123.159,28.458,30.635
212.678,122.198,28.528,30.552
216.024,116.874,28.631,30.497
219.949,112.001,28.354,30.679
224.880,107.092,28.261,30.703
228.432,98.366,28.332,30.731
228.587,97.796,28.222,30.969
231.844,90.678,28.563,30.538
230.771,84.398,28.652,30.340
228.531,82.484,29.086,30.089
227.316,84.383,29.339,29.668
227.138,84.603,29.282,29.492
224.728,88.264,29.704,28.952
222.069,93.687,30.067,28.710
219.850,97.338,30.249,28.258
219.966,98.557,29.824,28.212
220.282,98.793,29.633,28.292
222.679,98.594,29.125,28.473
228.041,95.571,28.595,29.383
233.993,87.182,27.717,30.782
240.267,75.413,27.150,31.805
239.392,74.297,27.389,31.703
245.783,65.331,26.886,32.713
248.435,57.623,26.749,33.224
251.307,54.615,26.770,33.374
255.799,51.661,26.763,33.448
253.078,53.620,26.736,33.532
259.654,46.549,26.576,33.669
264.404,42.217,26.312,34.001
268.699,38.265,26.007,34.281
273.206,35.457,25.890,34.061
271.860,34.671,26.005,33.916
276.284,32.098,25.976,33.886
276.655,34.835,25.659,33.972
277.081,36.833,25.542,34.092
275.995,41.450,25.366,34.025
276.778,42.931,25.221,34.176
275.431,49.094,24.851,33.784
274.003,58.085,25.484,32.590
272.580,67.624,25.945,31.584
273.222,73.541,26.240,30.548
273.166,75.084,26.241,30.421
272.055,76.891,26.270,30.355
271.626,76.124,26.011,30.775
272.188,73.925,25.559,31.302
274.457,69.864,25.302,31.722
273.446,68.638,25.341,31.833
276.055,64.658,25.296,32.138
276.114,59.786,25.222,32.662
274.788,55.619,25.207,33.110
275.495,53.045,25.293,33.325
274.895,55.029,25.466,33.275
276.931,50.838,25.430,33.733
277.929,47.228,25.474,34.114
279.881,46.279,25.552,33.967
280.701,49.353,25.355,33.934
280.973,47.228,25.413,34.120
279.587,50.454,25.442,34.112
277.194,52.845,25.635,34.184
276.542,55.564,25.815,34.186
274.803,58.336,26.045,34.059
275.134,59.293,26.296,34.273
271.973,63.551,26.613,33.928
268.702,67.692,26.834,33.811
264.559,69.364,27.208,33.822
256.023,68.099,27.712,33.664
256.896,68.055,27.722,33.685
245.135,67.604,28.374,33.560
236.694,69.234,29.272,33.202
229.189,69.675,29.948,33.085
223.723,68.687,30.229,33.319
225.757,68.275,30.310,33.273
216.572,70.448,30.972,32.851
208.863,75.261,31.614,32.271
203.896,84.844,31.808,31.834
202.047,93.888,31.587,31.575
203.654,94.071,31.235,31.828
201.136,100.282,31.303,31.229
201.190,104.849,31.284,30.850
201.915,108.843,31.102,30.542
204.523,114.251,31.050,29.981
205.010,114.877,31.122,29.840
209.090,120.910,30.671,29.577
211.087,127.802,30.602,29.120
211.849,133.797,30.481,28.865
210.829,136.499,30.637,28.458
211.316,137.815,30.523,28.272
210.505,137.905,30.668,28.080
210.907,139.311,30.675,27.808
211.283,140.607,30.666,27.579
212.117,143.199,30.309,27.674
212.554,143.922,30.068,27.647
212.272,144.509,29.842,27.736
212.029,145.293,29.505,27.847
211.462,145.732,29.271,27.900
210.623,147.139,29.193,27.962
210.382,147.796,28.951,27.969
210.741,149.385,28.715,28.040
211.135,153.696,28.353,28.078
211.947,159.482,28.028,27.915
213.066,167.389,27.842,27.660
213.682,167.896,27.705,27.437
214.140,172.253,27.577,27.146
214.750,173.725,27.456,26.766
218.030,173.090,27.352,26.500
223.065,169.162,27.146,26.278
223.845,168.664,27.071,26.004
227.347,161.356,27.208,25.690
228.086,150.426,27.117,25.490
230.874,139.226,27.206,25.436
234.642,129.276,27.164,25.480
235.106,129.496,27.111,25.546
239.183,122.369,26.903,25.756
243.210,114.583,26.863,25.962
245.620,105.757,26.726,26.422
248.512,96.957,26.497,26.819
248.105,96.062,26.672,26.761
252.461,89.336,26.713,26.696
259.075,84.551,26.397,26.963
264.325,79.160,26.216,27.598
268.619,73.181,26.025,28.192
268.014,72.751,26.336,28.080
270.198,67.515,26.396,28.257
272.461,61.329,26.317,28.784
275.063,58.547,26.293,29.347
275.763,56.703,26.416,29.712
275.404,56.220,26.821,29.564
275.054,58.102,27.462,29.075
274.003,61.076,27.868,28.450
276.474,64.822,28.218,27.853
280.600,68.067,28.493,27.365
280.056,68.233,28.469,27.569
284.896,70.555,28.518,27.300
291.824,71.560,28.485,27.423
296.606,71.464,28.351,27.507
301.592,71.708,28.247,27.540
302.503,71.959,28.299,27.627
306.772,72.878,28.310,27.560
314.213,77.187,28.440,26.986
322.488,82.268,28.253,26.967
333.287,83.282,28.354,27.022
333.637,83.649,28.609,27.068
341.258,83.379,28.413,27.486
349.303,83.440,28.341,27.648
356.469,84.420,28.625,27.456
359.610,84.252,28.808,27.596
360.111,84.110,29.244,27.653
360.586,81.610,29.275,28.109
360.340,78.969,29.669,28.193
360.727,78.923,30.242,27.671
358.557,80.657,30.460,27.213
358.474,81.529,30.649,26.836
358.129,85.866,31.219,26.598
358.610,90.224,31.413,26.671
362.401,100.409,31.564,26.616
361.927,99.444,31.561,26.620
361.386,98.244,31.559,26.622
359.957,98.354,31.553,26.629
360.727,99.587,31.552,26.629
