122.000,51.000,51.000,61.000
122.437,51.226,50.753,61.201
122.892,51.978,50.556,61.209
123.133,52.777,50.480,61.275
123.507,54.125,50.272,61.333
122.423,55.397,50.120,61.711
122.771,55.719,49.945,61.939
122.836,57.065,49.967,62.013
123.158,58.344,50.140,61.929
122.283,58.440,50.378,61.940
122.577,58.142,50.528,62.111
122.587,59.384,50.550,62.254
121.746,59.437,50.701,62.242
122.675,59.702,51.168,62.268
121.296,60.083,51.332,62.421
122.166,60.342,51.572,62.545
121.187,60.717,51.440,62.873
121.502,60.163,51.630,62.890
122.288,61.246,51.684,62.824
121.558,61.420,51.604,63.021
121.109,61.779,51.799,62.891
120.555,62.231,51.816,62.857
120.944,61.836,52.161,62.746
120.440,62.898,52.114,62.980
120.134,62.491,52.064,63.056
120.052,62.887,52.001,63.165
118.997,62.313,52.210,63.211
119.470,63.090,52.303,63.178
119.298,63.060,52.230,63.203
118.660,62.672,52.285,63.179
117.652,62.565,52.392,63.208
115.775,61.499,52.552,63.202
114.977,61.084,52.807,63.010
112.269,60.046,52.994,62.882
110.660,58.926,53.018,62.753
110.299,58.656,52.732,62.634
108.927,57.463,52.858,62.668
108.465,56.869,52.929,62.549
106.619,57.306,52.871,62.391
106.320,56.132,52.659,62.536
106.142,56.527,52.538,62.398
106.368,57.096,52.536,62.084
106.717,56.180,52.450,61.530
107.449,55.131,52.285,61.162
108.806,54.735,52.181,60.622
109.794,54.496,52.250,59.808
111.574,53.891,52.377,59.115
111.812,53.104,52.049,58.670
113.337,52.962,51.893,58.331
113.496,52.437,51.440,58.168
114.885,53.682,51.301,57.696
114.539,55.252,51.074,57.616
115.441,57.310,50.882,57.731
115.028,60.175,50.568,58.283
116.370,62.006,50.345,58.937
116.307,64.478,49.920,59.810
117.160,66.669,49.904,60.135
116.573,69.121,50.053,60.604
115.579,71.146,50.336,60.950
115.095,72.381,50.334,61.217
114.554,73.987,50.234,61.827
114.043,76.333,50.059,62.323
114.127,78.783,50.382,62.551
114.213,81.926,50.967,62.358
113.636,83.883,51.907,62.084
113.776,85.106,52.427,61.902
114.062,85.190,52.859,62.016
114.198,85.337,53.083,62.002
115.587,85.478,53.413,62.203
116.327,85.811,54.167,62.019
117.282,87.546,55.069,61.596
118.788,87.870,55.933,61.328
120.730,87.868,56.388,61.364
121.590,87.550,56.445,61.865
122.586,86.013,56.949,62.287
123.311,84.619,57.504,62.348
124.306,82.550,58.052,62.644
124.057,79.572,58.124,63.360
123.175,76.588,57.799,64.330
122.272,73.781,57.976,65.079
120.884,71.008,58.056,65.461
120.809,68.429,57.889,65.926
120.984,67.309,57.564,66.144
121.235,66.458,57.239,66.140
122.005,65.538,56.926,65.872
121.518,65.332,56.803,65.434
121.456,65.138,56.468,65.217
121.572,64.944,56.164,64.996
121.295,64.885,55.885,64.829
120.806,64.199,55.540,64.592
120.395,61.340,55.127,64.439
119.513,61.142,54.851,64.277
119.044,58.924,54.406,64.240
116.806,57.312,54.325,63.897
114.377,55.862,54.163,63.403
111.899,54.893,54.072,63.010
110.631,53.886,53.558,62.524
108.904,53.372,53.061,62.216
107.626,53.774,52.503,61.846
106.101,54.421,51.933,61.337
105.290,55.083,51.525,60.879
104.400,54.911,50.920,60.652
104.081,55.285,50.717,60.345
104.108,55.070,50.491,59.954
103.677,55.488,50.368,59.709
103.681,54.516,50.581,59.001
103.306,54.296,50.296,58.645
103.617,53.770,50.285,58.105
103.944,53.567,50.464,57.623
105.157,54.450,50.190,57.436
106.960,55.408,49.930,57.279
107.581,55.954,49.948,57.335
108.109,56.441,49.931,57.376
109.332,57.352,49.836,57.510
108.613,58.096,50.047,57.682
110.632,58.471,49.921,58.086
111.421,59.539,50.014,58.292
112.290,60.459,50.144,58.400
113.712,61.314,50.052,58.599
111.854,63.375,50.092,58.330
112.497,63.681,49.738,58.444
112.476,65.267,49.820,58.249
112.261,64.441,49.940,58.311
111.622,65.371,50.334,57.999
113.776,66.339,49.840,58.098
114.020,67.542,49.365,58.506
113.694,67.310,49.332,58.665
114.231,68.398,49.154,58.881
114.562,67.347,49.137,59.326
114.197,66.730,49.324,59.471
113.709,65.962,49.649,59.653
113.977,65.358,49.649,59.745
113.002,65.080,49.636,59.689
114.817,65.477,49.455,59.762
113.789,65.354,49.606,59.516
114.232,64.974,49.341,59.762
114.196,66.403,49.292,59.617
112.769,66.178,49.378,59.558
113.171,65.690,49.250,59.709
111.831,66.284,49.798,59.378
111.547,65.988,50.008,59.291
111.212,65.945,50.145,59.199
110.166,65.419,50.649,58.957
108.715,64.925,51.125,58.963
106.266,65.319,51.073,58.860
105.011,65.660,51.132,58.765
105.362,65.868,51.160,58.698
103.551,66.491,51.280,58.555
104.624,65.234,51.257,58.931
104.329,66.056,51.260,59.056
105.200,65.802,51.428,59.261
104.608,66.724,51.575,59.343
105.564,66.695,51.624,59.627
105.530,66.969,51.887,59.709
105.904,67.524,52.267,59.726
106.353,68.343,52.449,60.075
106.400,69.050,52.808,60.113
106.687,69.021,53.090,60.362
106.405,68.749,53.624,60.573
105.297,68.325,53.879,60.959
106.424,67.562,53.949,61.474
105.890,67.586,54.242,61.821
105.585,67.722,54.533,62.039
105.526,67.859,54.441,62.494
107.214,67.254,54.243,62.897
105.990,67.499,54.241,63.352
106.642,67.289,54.240,63.547
105.401,67.487,54.209,63.635
106.952,66.211,54.708,63.759
105.344,67.210,54.682,63.985
104.866,66.927,54.518,64.232
105.901,65.873,54.561,64.302
104.810,65.496,54.285,64.687
104.161,64.297,53.989,64.873
104.793,64.560,53.859,64.770
103.512,64.013,53.616,64.864
103.601,64.157,53.456,64.862
103.049,63.539,53.367,64.694
104.046,63.995,52.981,64.677
102.145,62.762,52.809,64.756
104.022,63.788,52.646,64.470
102.342,62.108,52.626,64.198
102.790,62.479,52.196,63.813
102.911,61.870,51.832,63.599
103.319,62.618,51.405,63.164
103.660,63.070,51.109,62.858
103.777,63.242,50.637,62.767
103.848,63.475,50.204,62.548
103.732,62.906,49.740,62.340
104.687,64.166,49.507,61.840
103.993,63.471,49.155,61.702
105.254,64.366,48.872,61.261
105.194,63.673,48.351,61.129
105.266,63.851,47.997,60.802
107.222,65.062,47.832,60.275
106.079,64.761,47.516,60.133
107.503,65.443,47.338,59.821
106.752,66.209,47.131,59.464
108.356,67.054,47.078,59.022
107.204,67.386,46.878,58.818
108.103,67.484,46.730,58.647
109.069,68.097,46.477,58.264
110.253,68.873,46.213,57.934
109.688,69.622,46.133,57.595
110.152,70.264,46.071,57.212
110.208,70.894,45.964,56.898
110.886,71.979,45.696,56.753
109.825,71.942,45.597,56.682
109.981,72.221,45.386,56.654
110.023,72.555,45.310,56.479
108.670,73.070,45.199,56.445
110.380,74.078,45.241,56.308
107.940,74.360,45.349,56.212
108.128,73.975,45.272,55.983
108.747,73.983,45.395,55.746
107.740,74.005,45.333,55.579
107.882,73.188,45.274,55.430
107.740,72.666,45.287,55.225
107.957,72.901,45.252,54.851
107.497,72.682,44.971,54.734
107.782,72.674,44.868,54.466
106.486,72.775,44.747,54.305
106.913,71.883,44.478,54.199
106.851,71.967,44.133,54.200
105.318,71.473,43.860,54.290
105.336,71.454,43.579,54.319
105.196,71.427,43.378,54.331
104.937,70.441,43.177,54.321
104.521,70.659,42.921,54.127
104.255,70.269,42.668,54.211
103.820,70.009,42.433,54.145
104.938,69.923,42.310,53.965
104.215,71.014,42.452,53.491
105.394,71.084,42.207,53.353
105.945,71.410,42.266,53.244
106.018,72.279,42.349,52.875
105.344,73.000,42.536,52.508
106.081,73.347,42.776,52.312
104.761,73.957,43.128,51.997
104.493,74.395,43.302,51.799
103.985,74.132,43.575,51.767
104.904,74.270,43.671,51.624
104.390,74.370,44.085,51.513
104.345,74.732,44.382,51.451
104.634,74.186,44.501,51.602
105.898,74.137,44.530,51.643
104.906,74.143,44.957,51.449
104.422,74.074,45.225,51.452
104.763,73.974,45.369,51.637
104.184,74.554,45.676,51.580
104.019,74.331,45.887,51.824
103.795,74.233,46.194,51.984
102.952,72.778,46.337,52.186
102.467,71.292,46.419,52.406
101.903,70.172,46.533,52.542
100.908,68.274,46.200,52.842
102.246,66.021,46.055,53.188
101.442,64.432,45.944,53.150
102.291,62.443,46.086,53.041
100.652,61.525,45.898,52.951
101.972,59.652,45.773,52.772
100.964,58.443,46.091,52.503
101.314,56.163,46.146,52.499
101.841,54.263,46.073,52.450
100.103,52.098,46.038,52.274
101.080,50.421,45.875,52.236
100.862,49.247,45.760,52.289
101.686,48.281,45.773,52.325
101.080,47.576,45.836,52.491
101.935,46.861,45.872,52.479
101.336,46.025,46.056,52.701
103.397,46.231,46.368,52.584
102.429,45.821,46.732,52.715
102.713,45.873,46.615,53.071
104.179,46.228,46.347,53.352
105.398,46.461,46.248,53.366
105.777,46.496,46.307,53.027
106.828,47.865,46.245,52.798
108.220,48.820,46.467,52.572
109.961,50.087,46.742,52.133
110.183,51.859,46.806,51.937
112.032,51.970,46.218,52.429
113.020,52.888,45.991,52.444
113.680,53.359,45.790,52.581
113.960,54.120,45.532,52.636
115.597,53.950,45.096,52.847
114.585,54.233,45.026,53.042
115.688,54.663,44.782,53.002
115.331,55.349,44.625,53.007
116.134,56.002,44.551,52.935
117.028,57.441,44.434,53.000
118.019,58.911,44.591,53.081
118.636,60.142,44.856,53.098
118.738,61.709,45.514,52.949
119.069,63.734,45.929,52.951
119.277,65.869,46.387,52.912
119.064,66.797,46.958,52.848
119.058,68.772,47.201,52.946
118.735,70.471,47.684,53.098
118.756,72.161,47.974,53.342
118.763,73.266,48.163,53.756
116.644,75.431,48.377,53.827
116.586,76.999,48.404,53.965
115.011,78.195,48.600,54.313
114.798,79.475,48.526,54.681
114.582,79.823,48.456,55.210
114.169,79.989,48.001,56.049
113.206,79.936,47.623,56.712
113.296,79.633,47.535,57.247
112.708,80.104,47.483,57.419
112.546,79.235,47.763,57.718
112.694,79.842,47.907,58.060
112.909,79.663,48.150,58.477
111.950,79.596,48.714,58.825
112.337,78.893,49.057,59.260
112.017,77.662,49.712,59.759
109.707,77.111,49.788,60.580
109.795,76.228,50.173,61.145
107.769,75.675,50.635,61.680
106.004,75.054,50.992,62.460
104.266,73.832,51.521,63.105
102.821,73.526,51.694,63.445
100.923,72.519,52.159,63.892
98.592,71.719,52.308,64.171
96.668,70.851,52.419,64.242
95.903,70.131,52.358,64.362
94.122,69.254,52.580,64.029
93.134,68.835,52.675,63.717
90.634,67.689,52.845,63.294
89.196,68.618,52.733,63.032
88.793,68.134,52.344,63.206
86.651,67.501,52.638,62.980
85.025,68.217,52.699,62.832
84.081,67.736,52.758,62.918
83.297,67.467,53.066,62.648
80.790,66.580,53.664,62.330
79.158,67.621,53.260,62.399
77.850,67.583,53.721,61.919
76.237,67.637,54.010,61.721
74.875,68.306,54.044,61.528
74.231,68.916,54.516,61.161
73.437,68.067,55.218,60.830
71.745,68.160,55.714,60.627
71.126,68.280,56.149,60.379
69.561,68.199,56.604,60.111
67.568,68.995,56.919,59.960
66.150,68.267,57.229,59.958
64.531,68.440,57.829,59.717
63.365,68.972,58.035,59.654
61.014,68.261,58.455,59.592
59.804,68.122,59.089,59.339
58.659,67.953,59.506,59.216
57.504,69.293,59.876,59.170
56.066,69.673,60.546,59.108
54.848,69.871,61.126,59.141
53.862,70.041,61.859,58.873
52.128,69.623,62.824,58.826
51.561,68.638,63.469,58.684
50.626,68.214,64.069,58.523
50.329,67.805,64.154,58.679
50.089,67.747,64.096,58.566
49.870,68.200,64.129,58.566
49.404,67.715,63.758,58.980
49.858,65.896,63.468,59.532
51.118,64.917,63.259,60.032
51.869,63.020,63.386,60.415
53.630,61.706,62.916,61.000
54.788,60.976,62.634,61.360
55.843,60.062,62.178,61.702
57.771,59.090,61.881,61.958
58.482,56.987,61.492,62.279
61.224,54.837,61.290,62.371
59.939,53.085,60.556,62.382
62.563,51.583,59.854,62.622
63.554,49.354,59.281,62.976
65.319,47.917,58.486,63.323
66.336,47.183,57.779,63.626
68.950,45.681,57.038,63.950
69.742,45.216,56.379,64.287
72.047,43.412,55.977,64.261
74.290,42.050,55.400,64.211
76.219,41.998,55.016,63.832
78.891,40.142,54.990,63.013
81.309,40.470,54.507,62.483
83.640,40.266,54.025,61.997
86.058,40.370,53.799,61.144
88.017,41.308,53.634,60.337
90.517,42.304,53.266,59.872
91.950,42.887,52.935,59.599
94.348,44.287,52.555,59.267
95.815,45.704,52.276,59.038
97.134,46.496,51.964,58.946
98.391,48.069,51.732,58.719
99.672,49.794,51.381,58.627
99.785,51.448,51.196,58.585
101.727,52.057,50.932,58.995
102.070,54.287,50.967,59.179
103.122,56.020,50.856,59.535
103.374,58.168,51.092,59.789
103.728,60.118,51.086,60.248
103.844,61.478,51.244,60.753
104.774,63.696,51.361,61.082
103.975,66.736,51.544,61.333
104.532,68.036,51.717,61.866
104.800,69.832,51.734,62.414
104.747,71.672,51.851,62.768
104.748,73.886,52.034,63.078
105.307,75.694,52.013,63.458
105.274,77.324,52.064,63.631
106.288,78.870,51.879,64.091
106.359,81.081,51.578,64.533
106.599,83.961,51.651,64.820
107.220,85.909,51.683,64.948
106.813,89.428,51.898,64.698
106.964,90.837,51.511,64.939
107.955,92.707,51.130,64.944
106.996,95.748,51.146,64.618
106.664,98.970,50.882,64.393
106.790,102.186,50.403,64.209
106.939,106.068,50.086,64.161
107.075,108.241,49.676,64.935
106.933,110.506,49.310,65.746
108.264,113.111,49.026,66.525
107.605,115.488,49.241,66.872
107.008,117.895,49.673,66.892
106.518,114.711,49.333,67.469
108.254,118.337,49.697,67.553
106.885,117.179,49.601,67.244
106.061,115.412,49.432,66.956
106.511,115.035,48.751,67.949
106.146,117.338,47.956,68.773
106.639,118.444,47.390,69.402
106.487,120.046,46.913,69.941
106.346,121.114,46.386,70.493
106.570,121.704,45.933,70.973
106.157,122.863,45.833,71.105
105.352,129.318,46.212,70.544
104.465,129.591,46.300,70.181
104.348,129.997,46.417,70.120
103.163,134.363,48.182,68.538
101.230,138.214,49.984,66.823
100.676,141.700,51.515,65.400
99.058,144.564,52.709,64.581
98.410,146.429,53.800,64.017
96.853,147.220,54.681,63.851
95.034,148.605,55.444,63.673
95.027,148.877,55.915,63.659
93.157,150.404,56.233,63.621
92.306,151.682,56.403,63.533
91.737,152.651,56.996,63.333
90.781,153.769,57.627,63.078
90.047,154.596,58.112,62.922
88.170,155.239,58.771,62.622
87.677,156.596,59.321,62.336
86.290,157.880,59.166,62.476
84.264,158.603,59.087,62.748
82.535,156.710,58.468,63.348
83.107,154.160,58.367,64.028
82.831,150.861,58.696,64.014
82.266,147.279,59.295,63.847
81.138,144.245,59.456,63.958
82.309,141.017,59.728,63.899
81.990,136.872,59.965,63.845
81.525,132.673,59.883,63.913
82.399,129.693,60.303,63.926
81.925,126.773,60.733,64.281
81.076,124.267,61.177,64.802
81.693,121.357,61.328,65.492
82.146,118.659,61.407,66.380
82.441,115.809,61.397,67.479
83.526,112.231,61.343,68.782
83.895,108.193,61.049,70.369
85.006,105.434,60.832,71.389
86.695,104.091,61.140,71.779
88.384,102.663,61.274,72.458
89.489,100.778,61.503,73.009
90.941,98.613,61.124,74.146
92.687,96.219,60.460,75.197
94.405,93.398,60.027,75.764
97.142,91.551,59.654,76.212
99.153,90.582,59.734,76.556
101.398,90.495,60.166,76.090
103.467,89.892,60.397,75.771
105.158,89.851,60.576,75.323
106.643,89.502,60.820,74.959
107.747,90.172,60.712,74.663
110.390,89.106,60.826,74.276
112.208,89.355,61.344,73.653
113.780,88.982,62.028,73.046
114.209,89.491,62.627,72.714
113.705,90.078,63.534,72.192
114.260,89.777,63.967,72.256
114.303,90.180,64.711,72.363
115.018,88.852,65.255,72.479
114.559,88.507,65.772,72.412
115.803,89.010,65.771,72.575
118.272,89.007,66.490,72.484
120.196,89.301,67.074,72.600
122.076,90.334,67.581,72.932
124.698,91.522,68.399,73.205
126.822,92.434,69.498,73.280
129.257,93.966,70.384,73.625
133.076,95.758,71.073,74.279
136.028,95.431,71.475,75.503
137.851,94.312,71.086,76.397
138.934,93.804,70.491,77.318
138.982,93.355,70.075,77.458
140.296,92.367,69.474,77.558
140.725,91.623,68.130,77.826
142.867,92.188,66.863,77.565
144.251,92.818,65.339,77.788
144.926,93.237,64.122,77.954
145.646,93.920,63.270,77.318
144.997,94.546,62.682,76.626
145.879,95.206,62.153,76.105
146.694,96.135,61.591,75.661
149.145,98.063,61.205,74.839
150.623,99.441,60.846,73.968
151.231,99.318,60.460,73.428
152.619,99.649,59.898,72.654
160.544,100.415,59.676,71.446
160.023,99.546,59.372,70.772
160.660,99.244,59.246,70.052
162.521,99.108,59.420,68.893
163.188,97.862,60.117,67.461
165.603,95.784,60.381,67.022
166.663,92.926,60.070,67.386
167.782,90.497,59.904,67.598
168.523,88.493,60.368,67.408
169.428,82.578,60.170,67.213
168.989,78.107,60.727,66.265
168.928,78.411,60.857,66.325
168.559,74.592,61.114,65.763
168.257,74.602,61.578,65.682
167.372,72.773,61.931,65.741
167.096,69.666,61.705,66.486
166.562,65.795,61.350,67.287
166.518,62.650,60.986,67.953
167.755,60.136,60.659,68.436
168.272,58.130,60.650,68.879
168.444,56.016,60.795,69.119
168.724,55.026,61.052,69.182
168.446,53.213,60.968,69.505
168.168,51.304,60.939,69.421
167.797,49.819,60.594,69.601
166.316,48.872,60.531,69.347
163.697,47.821,60.374,69.378
163.170,49.407,59.416,69.798
161.957,50.704,58.767,69.680
160.251,52.515,58.175,69.315
159.877,53.336,57.346,69.080
158.437,54.233,57.034,68.500
157.525,56.165,56.653,67.557
155.631,57.097,56.093,66.967
154.286,59.726,55.878,66.157
151.987,61.182,55.690,65.604
149.995,61.532,55.134,65.429
148.308,62.590,54.406,65.333
146.476,63.284,53.805,65.049
143.241,62.038,53.498,64.728
140.951,62.071,53.133,63.984
138.705,62.756,52.656,63.415
137.363,63.183,52.399,63.026
136.145,64.372,52.340,62.624
133.395,65.675,52.369,62.489
130.961,67.298,52.588,62.355
128.034,69.620,53.248,62.228
125.276,72.214,53.916,61.797
123.859,75.067,54.130,61.883
121.446,76.555,54.352,61.854
123.664,74.661,54.898,62.407
124.604,72.147,55.530,62.867
126.516,70.832,55.805,63.159
129.859,68.916,55.669,63.835
134.029,68.708,54.694,64.324
136.535,67.943,53.065,64.647
140.078,68.407,52.063,64.478
141.001,69.880,51.949,63.712
141.166,70.075,52.338,63.018
142.784,70.519,52.860,62.072
144.091,69.706,54.009,61.001
142.904,68.966,54.950,60.228
141.451,68.038,55.264,60.188
139.606,67.652,55.088,60.348
137.422,68.470,54.684,60.215
135.027,71.030,54.377,60.188
132.685,72.353,53.731,60.626
132.020,74.722,53.322,60.768
130.516,75.612,53.215,60.757
129.525,78.262,53.051,60.630
127.034,80.702,53.788,60.180
124.729,82.747,54.601,59.953
121.868,84.083,55.385,59.892
117.975,85.750,57.395,59.246
115.010,87.295,58.639,59.285
113.241,89.361,58.654,60.087
112.183,90.868,58.768,61.212
110.516,92.193,59.042,61.840
109.413,92.934,59.469,61.919
110.517,94.466,59.671,61.749
110.015,96.117,60.532,61.410
108.861,98.284,60.755,61.143
109.412,101.005,60.751,61.255
107.705,103.249,60.532,61.626
108.041,105.188,60.316,62.498
109.111,109.367,60.141,63.246
109.400,112.257,59.955,63.957
109.253,114.726,59.558,64.943
109.237,115.286,59.135,65.655
108.614,115.485,58.786,66.222
108.512,115.411,58.579,66.538
107.501,116.387,58.280,66.826
105.547,117.453,57.841,67.026
105.097,117.499,57.369,67.009
105.310,117.436,57.221,66.706
105.707,117.257,57.068,66.425
105.085,118.228,56.420,66.322
104.114,119.329,56.294,65.803
101.987,119.987,56.314,65.318
102.198,119.110,56.600,64.690
101.879,118.683,55.898,64.735
101.491,117.758,55.954,64.555
101.469,117.359,55.580,65.243
100.762,115.367,55.271,66.006
99.698,112.710,54.859,67.300
98.907,110.221,54.433,68.688
97.946,109.190,54.212,69.859
99.301,107.939,53.284,70.906
99.546,106.917,52.819,71.973
100.059,99.727,50.463,75.606
103.266,97.720,50.938,74.859
102.175,94.520,49.590,76.595
102.313,91.469,49.091,77.826
103.135,88.910,48.651,78.621
102.625,84.892,48.917,78.993
102.907,80.843,49.299,78.787
103.371,77.265,49.697,78.463
103.040,72.852,50.264,78.168
102.010,68.244,50.770,78.121
101.603,66.281,51.150,77.792
100.858,65.085,51.655,77.154
100.680,64.235,51.727,76.660
100.763,62.475,51.845,76.429
101.401,59.527,51.988,76.070
101.563,59.222,52.523,75.332
99.290,58.623,53.065,74.931
97.360,57.522,53.548,74.366
95.201,56.018,54.061,73.908
93.249,56.299,54.492,73.284
90.881,54.127,55.089,72.843
88.395,54.775,55.442,72.064
85.613,54.093,55.382,71.755
84.343,52.922,54.659,71.676
84.081,52.002,53.988,71.620
83.143,51.253,53.300,71.738
82.373,52.327,52.906,71.214
82.495,50.925,52.234,71.078
82.244,52.265,52.307,70.351
81.484,53.211,52.019,69.911
82.097,53.568,51.779,69.698
81.604,53.714,51.758,69.726
80.647,55.190,51.781,69.449
80.046,55.698,51.883,68.829
78.981,56.197,52.105,67.801
78.716,58.122,51.537,67.219
76.917,57.468,51.594,66.557
75.375,58.626,51.299,65.802
74.070,59.193,50.894,65.008
71.669,62.052,52.868,62.227
70.079,64.099,54.262,60.179
70.635,68.707,55.070,58.597
71.255,71.217,56.143,57.364
69.636,72.731,57.281,56.162
69.845,74.341,57.986,55.334
68.943,77.338,58.047,55.050
68.559,79.735,57.858,54.716
68.712,82.032,57.046,54.520
69.234,83.170,56.621,54.238
69.846,84.482,56.551,53.647
70.314,85.545,56.589,52.963
70.914,85.076,56.492,52.559
72.350,83.017,55.928,52.783
74.821,80.458,55.402,53.094
77.089,76.990,54.936,53.516
80.492,75.184,54.944,53.685
82.882,74.040,55.219,54.039
84.156,72.473,55.525,54.449
86.685,71.023,55.575,54.921
89.855,69.980,55.391,55.593
92.358,68.115,55.003,56.607
94.823,66.208,54.802,57.595
98.082,63.278,54.243,59.129
100.017,60.974,54.291,60.170
101.753,59.588,54.657,60.728
101.462,58.981,55.202,61.223
101.844,57.625,55.586,61.613
101.066,55.965,55.757,62.138
100.668,55.611,55.989,62.403
100.160,53.429,56.198,62.667
99.476,51.793,56.480,62.958
98.305,51.164,56.391,63.002
99.235,50.545,56.153,62.993
96.522,48.572,55.985,63.341
98.523,47.103,55.986,63.344
97.411,45.534,55.911,63.535
97.556,45.368,55.741,63.465
96.832,43.987,55.457,63.833
96.267,43.854,55.322,63.855
96.002,44.236,55.487,63.625
93.867,43.050,55.271,63.739
92.199,43.799,55.346,63.196
90.083,44.416,55.314,62.754
88.758,44.355,55.527,62.280
86.716,43.638,55.583,62.078
85.239,43.211,55.510,61.707
83.302,43.454,55.923,61.180
81.132,41.244,56.248,61.182
80.717,41.108,56.586,60.877
78.107,39.079,56.396,61.136
77.884,36.709,56.601,61.175
76.086,34.986,56.624,61.301
74.662,33.450,56.497,61.438
74.177,31.085,56.321,61.380
73.812,29.840,55.890,61.531
73.092,29.063,55.089,61.772
72.118,28.084,54.739,61.614
70.440,27.540,54.485,61.688
69.338,27.872,54.396,61.346
67.761,27.586,54.317,61.094
69.149,27.440,54.289,60.745
69.149,28.758,54.042,60.629
70.246,28.388,53.979,60.507
71.199,29.590,53.569,60.541
71.298,30.281,53.163,60.878
72.366,31.787,52.940,61.098
72.969,33.518,52.698,61.335
73.092,34.999,52.877,61.358
74.707,36.483,53.059,61.436
76.209,38.535,53.320,61.277
76.251,41.796,53.376,61.215
77.451,44.893,53.249,61.229
78.699,47.574,53.211,60.928
79.235,49.928,53.153,60.624
80.725,52.272,53.094,60.056
82.458,52.439,53.382,59.566
85.523,52.557,53.503,59.337
86.742,54.181,53.271,59.392
89.803,52.547,53.614,59.239
91.196,51.985,53.589,59.066
94.391,50.448,53.469,59.176
96.493,48.576,53.067,59.427
99.493,47.094,52.747,59.708
100.865,45.037,52.590,60.023
103.775,43.440,52.312,60.004
105.593,41.525,52.140,60.006
108.293,39.458,51.746,59.924
110.682,38.649,51.240,59.851
112.103,36.436,50.785,59.799
115.073,35.076,50.161,59.804
117.523,33.616,49.599,59.699
119.497,33.126,48.941,59.701
122.331,32.519,48.527,59.511
124.599,31.512,48.455,59.176
126.518,30.940,48.081,58.984
129.407,30.928,47.851,58.670
131.260,30.561,47.666,58.421
134.092,30.822,47.543,57.957
136.294,30.138,47.332,57.638
138.680,30.481,46.985,57.333
140.458,30.436,46.721,56.963
143.133,30.490,46.362,56.800
144.579,30.235,46.011,56.828
148.448,29.991,45.661,56.696
148.979,29.710,45.491,56.661
153.064,30.143,45.250,56.597
151.881,29.752,44.926,56.908
157.319,30.105,44.822,56.613
157.201,30.699,44.594,56.529
159.702,31.613,44.429,56.370
159.905,32.792,44.111,56.408
161.453,34.370,43.876,56.445
162.883,35.725,44.017,56.216
164.024,37.211,44.221,55.905
164.119,37.997,44.025,55.942
164.992,40.249,44.022,55.491
166.566,42.378,44.145,55.201
167.534,44.808,44.204,54.922
168.419,46.715,44.161,54.785
169.325,48.960,44.175,54.445
169.735,51.013,44.554,54.030
170.516,52.710,44.655,53.760
170.611,54.490,44.590,53.504
171.146,55.916,44.518,53.389
171.158,57.540,44.412,53.373
171.455,58.502,44.642,52.908
170.524,58.979,44.484,52.947
170.161,59.782,44.481,52.697
169.366,59.936,44.541,52.740
167.884,60.690,44.649,52.512
165.232,60.740,44.601,52.604
163.965,60.326,44.539,53.071
162.315,59.900,44.531,53.472
161.199,59.255,44.602,53.797
159.865,58.862,44.540,54.211
159.543,58.430,44.177,54.530
157.820,57.206,44.046,54.578
157.300,55.983,43.628,54.352
156.006,56.469,43.084,54.227
152.748,57.859,42.834,53.988
151.266,58.398,42.672,53.858
148.628,58.973,42.676,53.635
145.792,59.881,42.758,53.464
140.991,60.198,43.125,53.291
136.979,60.850,43.165,53.493
134.174,61.223,43.580,53.269
131.996,62.376,44.856,52.636
128.493,63.610,45.861,52.070
124.774,65.425,46.881,51.634
120.232,67.172,47.544,51.587
116.196,68.151,47.981,51.749
112.731,69.916,48.625,52.112
110.160,71.181,49.085,52.745
106.809,71.933,49.620,53.655
103.785,72.360,50.097,54.596
101.429,71.994,50.727,55.233
99.527,73.119,51.004,55.730
97.431,73.943,51.305,56.004
95.378,75.077,51.686,56.136
92.998,76.877,52.240,55.889
90.274,78.213,53.029,55.656
89.216,78.664,53.700,55.545
88.617,78.468,54.269,55.646
87.799,78.335,54.894,55.697
87.768,79.520,54.579,56.277
88.218,81.551,54.221,57.132
89.504,83.075,53.584,58.105
90.271,84.470,53.095,58.649
90.834,87.087,52.259,59.264
91.010,90.500,51.982,59.193
92.451,95.364,52.003,58.702
94.026,99.399,52.084,58.117
94.813,102.823,52.591,57.328
94.243,105.859,53.148,56.567
93.960,108.062,53.048,56.318
94.144,109.602,52.729,56.693
94.126,110.866,52.299,57.329
94.911,112.606,52.139,58.209
95.333,113.712,51.670,59.297
95.257,115.156,51.545,60.098
95.582,116.877,51.542,60.598
96.172,119.774,51.723,60.743
97.115,123.419,52.361,60.856
95.394,125.461,52.913,60.973
95.192,124.554,53.279,61.456
95.178,122.997,53.674,62.184
95.704,121.223,53.772,63.338
94.558,119.105,53.989,64.230
93.141,117.720,53.988,65.290
91.891,115.839,53.766,66.572
92.552,111.799,53.599,68.451
92.537,98.129,51.971,71.810
92.869,91.778,51.004,74.935
92.369,83.995,50.201,77.764
91.041,70.345,49.954,78.421
90.025,65.298,50.542,78.063
90.207,62.364,50.570,77.558
91.842,60.891,50.706,76.968
93.471,61.984,51.115,75.588
97.455,60.311,51.643,74.773
99.401,61.008,52.595,73.503
101.743,59.755,52.728,73.121
105.691,61.579,52.834,72.451
107.944,62.075,52.608,72.263
110.083,62.365,53.669,70.480
111.644,63.814,54.029,69.279
113.710,65.681,54.349,68.199
115.521,65.449,54.826,67.430
117.259,66.392,55.429,66.500
119.357,67.310,56.189,65.620
119.621,66.696,56.557,65.010
120.531,67.622,56.943,64.265
120.520,66.888,57.057,63.905
120.460,66.971,57.026,63.653
118.942,65.879,57.027,63.508
119.204,65.567,56.523,63.632
117.897,66.374,56.272,63.786
115.618,65.858,56.315,63.968
113.315,65.889,56.203,64.349
111.724,67.151,56.162,64.410
107.740,68.367,56.460,64.463
105.702,67.848,56.524,64.749
103.844,68.047,56.202,65.158
101.465,68.179,56.116,65.284
98.338,68.758,56.177,65.377
98.019,69.891,56.025,65.611
94.858,70.237,56.111,65.668
92.125,71.505,56.484,64.986
90.314,72.912,56.733,64.584
88.852,75.382,57.144,64.079
86.647,75.804,57.617,63.684
85.232,76.658,57.618,63.428
83.418,77.394,57.905,62.976
84.008,78.745,58.030,62.476
82.855,79.922,58.216,61.929
82.586,82.487,57.657,61.779
82.820,85.533,57.649,61.351
83.235,87.932,57.548,61.035
84.059,90.885,57.257,60.370
84.508,94.890,57.223,59.529
85.369,98.107,56.251,59.333
86.245,102.062,55.006,58.958
87.115,104.996,54.185,58.799
87.748,107.799,53.980,58.055
87.815,110.207,53.694,57.541
87.526,111.299,53.198,57.519
89.572,113.090,52.811,57.323
91.049,114.135,52.525,57.554
92.263,115.214,52.344,57.877
93.666,115.239,52.284,58.417
95.923,115.405,52.080,59.201
97.810,115.728,51.555,60.047
101.810,115.894,51.458,60.832
105.775,115.370,51.476,61.659
109.469,114.665,51.863,62.338
110.802,113.791,51.941,63.329
111.236,110.956,51.927,64.553
111.980,100.505,51.818,65.267
112.389,97.489,51.637,65.812
112.774,94.802,52.108,65.915
112.343,90.917,52.810,65.899
111.109,87.679,53.618,65.668
110.096,85.434,54.203,65.766
109.768,83.014,54.899,65.954
107.926,81.381,55.459,66.120
105.680,80.265,56.276,66.053
103.510,78.226,56.793,66.405
101.951,76.744,57.461,66.494
98.228,75.218,57.964,66.496
95.739,73.904,58.200,66.701
92.843,72.705,58.410,66.926
92.335,70.943,58.565,67.069
90.710,70.032,58.980,66.815
90.467,68.890,59.205,66.937
89.860,67.412,59.244,66.909
88.907,66.154,59.084,66.710
88.411,64.366,59.299,66.197
89.715,62.799,59.263,65.835
90.590,61.843,58.988,65.563
92.876,60.441,59.043,65.014
93.319,60.545,58.706,65.022
96.894,60.479,58.090,65.031
97.396,60.485,57.754,65.036
100.586,60.535,57.307,65.164
101.439,60.713,57.173,65.245
103.448,59.142,57.212,65.355
103.447,58.770,57.049,65.218
105.057,58.685,56.599,65.330
104.841,58.637,56.344,65.304
109.908,59.346,55.948,65.271
109.867,58.657,55.892,65.239
113.034,58.942,56.064,64.938
112.976,57.735,55.672,64.859
115.051,58.363,55.606,64.299
116.489,58.986,55.424,63.896
116.770,59.257,55.436,63.391
116.278,60.280,54.957,62.998
116.126,61.329,54.787,62.610
116.802,62.071,54.604,62.138
118.121,62.978,54.477,61.753
118.991,63.345,54.941,61.041
120.016,63.118,54.933,60.962
120.640,62.180,54.804,61.055
121.179,62.025,54.740,60.978
122.724,61.352,54.459,61.058
122.487,61.615,54.046,60.963
123.907,61.021,53.564,61.201
124.630,60.325,53.023,61.312
125.129,59.459,52.378,61.601
125.889,59.028,51.618,61.806
126.676,59.214,51.264,61.663
128.210,59.140,50.816,61.562
130.685,59.576,50.720,61.203
131.508,59.532,50.583,60.942
131.931,59.817,50.197,61.027
132.936,60.513,49.783,61.284
133.626,61.511,49.386,61.518
134.531,63.761,48.985,61.649
133.840,66.046,48.686,61.710
133.101,69.308,48.350,61.767
132.366,73.451,48.222,61.442
132.083,77.603,48.758,60.905
132.187,81.452,49.364,60.487
131.336,83.068,49.761,60.539
130.830,85.496,50.144,60.284
130.275,88.317,50.286,60.141
128.985,90.099,50.350,60.320
128.926,93.046,50.452,60.061
128.463,95.196,50.879,60.029
127.969,97.512,51.467,59.649
127.252,99.414,52.239,59.341
125.807,101.651,52.615,59.096
124.397,102.395,52.815,59.328
123.563,97.679,53.066,59.020
122.109,98.746,53.057,59.113
120.780,92.705,53.396,59.017
113.258,92.044,54.657,58.956
113.341,85.523,55.238,59.213
112.861,84.530,55.421,59.995
113.461,78.418,55.081,60.487
112.820,76.334,54.971,61.278
119.624,71.779,54.309,61.776
118.978,71.376,53.927,62.211
122.091,66.490,53.084,62.324
120.735,64.471,52.735,62.637
121.509,60.258,52.249,62.280
120.559,57.777,52.007,62.236
119.971,56.823,51.817,61.768
114.746,56.524,51.389,61.181
113.277,55.742,51.198,60.426
111.388,54.975,50.732,59.812
109.331,54.271,50.390,59.157
107.230,53.360,50.290,58.478
105.665,53.712,50.266,57.724
102.431,53.981,49.986,57.415
98.973,53.809,49.910,57.131
95.774,52.565,50.117,56.701
93.327,52.966,50.387,56.157
90.512,52.406,50.557,56.017
88.318,52.999,50.864,55.596
81.987,53.578,50.474,55.384
80.952,54.500,50.060,55.318
76.499,54.395,50.279,55.116
74.102,55.445,49.642,55.231
71.717,56.397,49.095,55.451
70.117,57.293,48.860,55.762
68.085,56.987,48.846,55.976
67.666,57.623,49.088,55.795
67.208,57.378,49.753,55.643
65.788,57.217,49.519,55.989
65.255,57.444,49.721,55.937
65.182,58.281,49.694,56.044
64.956,59.027,49.834,56.087
65.044,58.808,49.980,56.105
67.410,59.746,49.651,56.228
69.039,59.271,49.661,55.959
71.983,60.983,49.694,55.728
74.638,61.530,49.691,55.577
81.628,62.237,49.635,55.228
84.864,64.306,49.464,55.140
88.094,65.685,49.167,55.209
92.383,66.440,49.320,54.939
96.284,67.435,49.305,55.005
100.022,68.175,49.283,55.090
102.885,68.619,48.960,55.405
106.728,68.215,48.362,55.781
113.371,67.153,47.553,56.350
115.200,67.590,47.039,56.707
123.096,68.350,46.890,56.769
125.855,67.701,46.908,56.689
129.668,69.346,46.643,56.817
133.790,70.692,46.687,56.391
136.272,70.777,46.727,56.015
139.688,70.940,46.747,55.599
143.492,71.410,47.002,54.900
146.381,70.844,47.726,53.975
149.080,71.376,48.188,53.246
151.477,72.216,48.672,52.687
153.469,73.055,48.884,52.321
155.863,73.160,48.929,52.549
157.662,74.981,48.778,52.842
159.829,81.160,48.840,52.850
161.998,82.666,48.590,53.130
163.945,86.048,48.500,53.253
165.822,88.591,47.905,53.826
166.696,95.764,48.009,53.700
166.477,96.941,47.928,54.023
166.173,103.157,48.050,53.798
165.340,107.895,48.304,53.457
165.416,109.551,48.153,54.094
164.830,115.081,48.415,53.983
163.695,119.328,48.367,53.881
162.751,122.890,48.220,53.820
163.687,117.988,45.314,57.182
164.524,120.426,43.314,59.658
165.051,117.994,42.220,61.071
164.702,121.946,41.596,61.897
156.565,135.165,42.795,61.060
154.855,135.131,44.418,60.007
153.993,141.687,45.916,58.827
161.881,153.406,47.086,57.596
166.228,153.838,47.681,57.008
165.059,153.274,48.462,56.169
165.760,151.845,49.109,55.574
165.850,150.917,49.664,55.178
164.318,149.870,50.138,55.145
162.992,149.193,50.288,55.010
162.537,148.002,49.942,54.944
163.161,146.060,49.965,54.795
163.086,150.478,50.492,54.845
148.574,133.667,50.718,54.294
148.073,124.158,50.710,54.539
147.223,116.349,51.176,55.313
145.893,114.785,51.798,55.738
144.609,112.902,52.426,55.908
143.342,105.477,53.485,56.191
142.928,102.985,54.592,56.308
150.807,101.230,54.990,56.587
150.196,97.135,55.371,57.116
148.368,93.213,54.832,58.206
147.153,90.214,54.575,59.245
144.569,85.987,53.949,60.385
144.595,83.346,53.296,61.332
143.736,81.490,52.502,62.166
142.536,80.575,52.223,62.684
141.636,80.395,52.494,62.951
140.069,80.760,53.039,63.049
138.859,80.356,53.622,63.265
137.522,80.624,54.349,63.414
135.344,82.135,55.305,63.388
132.524,82.195,56.106,63.618
129.920,82.131,56.891,63.805
126.539,82.062,57.535,63.934
123.000,82.064,58.096,63.845
120.990,83.439,58.888,63.380
119.037,84.754,59.759,63.243
107.846,87.725,61.508,62.222
104.746,90.530,62.637,61.513
102.789,94.030,63.626,60.578
100.894,96.340,63.496,60.394
97.727,96.409,63.248,60.473
94.598,96.848,62.972,60.560
93.238,96.892,61.435,61.555
91.396,95.725,60.288,62.258
90.582,94.836,59.141,63.012
91.093,94.126,58.980,63.164
92.169,94.021,59.071,63.257
92.033,93.857,58.948,63.479
91.460,94.351,58.864,63.678
91.564,93.680,58.473,63.878
91.834,94.236,58.241,63.905
91.545,93.742,58.048,64.307
90.031,93.063,58.068,64.799
89.782,93.192,57.649,65.142
88.974,92.223,57.503,65.295
87.649,92.177,57.273,65.331
88.657,90.995,56.863,65.560
88.440,91.189,56.866,65.580
86.903,91.694,56.989,65.897
85.493,92.236,56.902,66.430
84.283,90.741,56.219,67.199
84.537,89.868,56.040,67.596
82.281,89.105,55.858,67.850
84.040,88.249,55.388,68.468
82.341,86.775,55.829,68.438
82.291,85.115,56.075,68.271
81.402,83.518,56.451,67.999
80.171,83.449,56.668,67.622
78.494,82.099,57.259,66.893
77.268,81.613,57.567,65.882
77.409,80.613,57.923,64.602
77.729,79.792,58.849,63.157
78.004,80.629,59.763,61.199
77.852,80.353,61.236,59.130
78.246,80.376,62.211,57.544
78.200,80.477,63.098,56.106
79.132,80.140,63.513,55.375
80.169,78.145,62.965,55.422
81.353,77.007,61.251,55.994
85.597,73.339,59.247,57.123
90.159,71.079,57.441,58.070
92.410,69.643,57.066,58.359
95.946,66.670,56.523,59.391
96.808,65.160,56.183,60.216
98.854,61.807,55.885,61.404
101.652,59.044,56.115,62.028
101.595,58.285,56.438,62.525
103.195,55.726,56.257,63.435
103.783,52.603,56.440,64.246
103.968,49.825,56.549,64.751
104.522,48.283,56.947,64.837
106.202,46.150,56.912,65.357
106.704,46.546,56.864,65.333
106.430,45.768,56.639,65.735
109.035,44.208,56.434,65.908
109.154,44.388,56.368,65.704
111.225,42.943,55.809,66.116
113.568,42.761,55.183,66.037
112.670,42.432,55.050,65.810
115.549,40.879,53.979,66.216
115.561,39.619,53.252,66.268
116.522,39.128,52.239,66.159
117.805,38.284,51.292,65.712
118.982,38.467,50.129,65.647
119.720,38.998,49.356,65.329
121.785,39.347,48.975,64.841
123.678,39.021,48.511,64.598
124.320,39.799,48.076,64.303
126.682,42.085,47.827,63.511
128.803,43.819,47.739,62.675
130.446,45.128,47.619,61.921
131.813,47.214,47.338,61.624
133.201,47.441,47.407,61.145
132.483,47.701,47.729,60.662
131.816,47.653,47.833,60.594
131.090,47.513,47.556,60.951
129.499,47.525,47.048,61.579
127.520,47.119,46.382,62.085
125.761,46.537,45.823,62.296
124.290,46.393,45.361,62.496
123.059,46.613,44.997,62.582
121.270,48.024,45.291,62.083
120.077,49.180,45.416,61.610
117.931,49.797,45.204,61.758
115.728,50.305,45.016,62.063
114.167,51.620,45.142,61.894
110.989,53.515,45.541,61.696
108.505,54.859,45.958,61.742
103.854,56.982,46.503,61.781
100.690,59.077,47.075,61.948
99.278,62.104,47.391,61.876
96.703,63.638,47.424,62.299
94.382,63.564,47.385,63.224
93.236,65.953,46.875,63.906
91.029,65.620,46.901,64.641
90.606,66.003,47.013,65.088
90.079,68.558,47.000,65.142
88.878,70.020,46.939,64.941
87.924,72.126,46.819,64.482
86.840,74.002,46.848,63.924
86.522,75.040,46.495,63.624
85.948,77.372,46.422,62.897
85.203,79.533,46.158,62.506
85.530,79.979,45.856,62.257
85.364,80.837,45.787,61.759
85.847,83.468,45.668,61.174
87.253,85.509,47.244,59.571
89.072,87.423,48.699,58.419
90.187,87.900,49.668,57.906
91.041,88.937,50.299,57.699
91.813,89.557,50.935,57.426
92.784,89.907,51.337,57.401
93.492,89.911,51.703,57.544
93.780,89.637,51.728,57.837
94.419,88.910,51.898,57.893
95.498,88.802,51.796,58.078
96.501,88.208,51.640,58.464
98.033,87.169,51.670,59.025
98.455,85.636,51.470,59.585
99.411,84.393,51.699,59.794
100.483,83.021,51.960,60.072
101.042,80.629,52.263,60.414
101.118,78.744,52.359,60.776
100.507,76.323,52.529,61.295
100.752,75.565,52.920,61.384
100.431,73.139,53.775,61.552
102.613,71.174,54.181,62.044
101.986,68.922,54.916,62.240
105.514,68.944,55.016,62.625
106.970,68.940,54.929,62.975
110.946,69.802,54.888,63.285
111.286,70.434,54.901,63.483
113.372,71.747,55.083,63.640
114.969,73.190,55.532,63.522
116.693,73.696,55.911,63.603
116.375,74.629,56.356,63.256
115.742,75.905,56.752,63.069
116.373,76.121,57.412,63.287
116.377,75.453,57.506,63.724
116.665,76.136,58.141,63.841
116.408,75.136,58.388,64.137
116.906,75.271,58.775,64.144
117.131,75.075,59.214,64.193
118.101,76.612,60.017,63.748
119.467,77.351,60.514,64.112
120.861,79.038,61.187,64.106
129.900,81.186,61.136,64.116
139.412,83.924,61.519,64.080
146.585,86.700,61.168,64.826
146.694,88.582,60.794,65.218
147.155,90.943,61.254,65.055
154.266,92.319,61.741,64.939
161.093,93.906,62.461,64.650
167.243,95.953,63.227,64.322
167.685,97.649,64.099,64.336
174.459,97.883,64.246,64.218
179.425,98.406,64.557,63.910
179.828,100.271,64.882,63.843
186.751,99.892,64.384,64.213
186.962,99.004,63.810,64.571
186.661,98.937,63.164,64.996
187.295,98.199,62.825,65.390
187.370,98.072,62.750,65.512
186.614,98.451,62.559,65.559
186.508,98.615,62.831,65.419
186.608,99.252,62.810,65.202
185.730,99.063,62.878,64.971
184.406,98.718,63.070,64.852
182.467,99.079,63.631,64.395
181.331,99.422,63.388,64.441
180.021,99.661,63.843,63.950
179.544,100.583,64.242,63.408
178.658,101.234,64.153,63.067
179.352,101.985,63.690,63.129
179.418,101.937,63.195,63.105
179.529,102.501,63.373,62.724
179.625,103.105,63.309,62.583
180.032,103.176,62.948,62.467
180.911,104.146,62.810,62.143
180.781,104.277,62.826,62.158
180.825,104.107,62.788,62.133
181.252,104.138,62.710,62.247
181.590,103.966,62.683,62.268
181.923,104.192,62.632,62.235
181.174,103.865,62.769,62.289
181.508,104.262,62.764,62.183
180.740,104.496,62.964,61.968
179.718,104.805,63.245,61.760
179.721,105.009,63.233,61.476
179.977,104.154,62.765,61.464
180.468,104.468,62.573,61.512
180.535,104.759,62.596,61.323
180.905,105.158,62.634,61.210
179.934,105.654,62.850,61.104
180.765,105.587,62.556,61.192
181.170,105.778,62.303,60.999
180.857,106.141,62.206,61.059
181.336,105.867,62.018,61.010
181.110,106.308,62.139,60.891
181.162,106.843,62.156,60.836
181.513,106.742,61.951,60.998
181.584,106.384,61.831,61.125
182.133,106.479,61.591,61.145
181.917,105.456,61.440,61.203
181.441,105.459,61.405,61.055
181.716,105.758,61.455,60.844
181.321,106.296,61.522,60.816
181.740,105.627,61.340,60.729
181.404,106.540,61.521,60.699
181.906,106.175,61.374,60.608
181.508,106.600,61.327,60.646
181.309,106.966,61.312,60.583
181.309,106.481,60.919,60.565
181.320,106.800,60.706,60.395
182.153,107.059,60.806,60.333
181.760,106.841,60.681,60.230
