32.000,60.000,68.000,78.000
35.552,63.228,69.907,76.332
35.917,66.754,70.976,75.901
46.149,73.587,71.599,75.519
50.984,76.452,71.592,75.365
59.009,76.723,71.947,75.457
64.401,79.721,72.345,75.263
74.220,80.085,71.848,75.459
83.653,80.396,71.536,75.551
96.407,87.284,72.352,75.156
105.649,94.200,72.418,75.545
115.061,93.842,71.785,76.222
125.418,93.078,69.801,77.249
129.206,90.525,68.828,77.735
138.173,81.645,68.059,77.005
140.810,79.882,66.971,77.306
148.535,77.465,66.243,76.633
151.968,75.366,65.897,76.523
162.927,73.673,66.204,75.401
174.728,71.726,66.375,74.499
185.245,71.279,67.558,73.372
205.141,71.776,68.131,72.221
224.257,71.996,68.192,71.931
235.869,72.358,68.196,71.944
247.722,71.968,68.739,71.432
261.930,72.961,69.695,71.121
275.238,72.865,69.835,70.934
282.750,72.738,70.374,71.292
286.580,72.625,69.961,71.909
287.453,70.842,68.721,73.086
284.203,71.898,67.808,72.977
274.285,70.978,67.121,72.845
266.883,80.878,67.033,73.428
252.918,80.344,66.772,73.603
240.348,78.571,66.671,73.203
226.091,76.960,66.639,72.965
213.451,77.463,67.274,72.487
195.936,77.176,67.416,71.856
185.656,79.668,67.624,70.723
175.961,81.705,66.976,70.178
163.415,93.214,67.918,69.566
153.866,99.028,68.408,69.038
144.477,103.656,69.005,68.220
137.776,106.556,68.970,68.531
133.889,105.469,67.842,70.593
129.028,106.452,66.967,72.165
125.034,107.111,66.625,73.235
120.757,107.287,66.453,74.227
116.354,107.049,67.197,74.509
113.136,104.587,68.276,74.561
111.548,102.703,69.534,74.527
112.408,102.086,71.267,74.254
117.017,101.636,73.106,74.493
131.827,101.879,74.027,75.342
155.158,101.224,73.620,76.426
173.414,88.797,72.807,77.785
186.695,78.845,73.176,77.365
207.984,77.599,73.486,76.088
221.612,74.223,73.556,75.312
235.993,73.072,72.889,75.422
249.241,72.203,72.339,75.255
264.221,72.860,72.442,75.306
279.434,71.713,71.708,75.970
294.407,72.143,71.253,76.299
303.920,72.948,70.227,76.355
308.181,73.212,69.516,77.490
310.246,73.582,69.372,78.194
308.547,74.200,69.802,77.821
301.851,76.401,70.069,77.769
286.014,78.762,70.394,77.569
270.458,82.398,70.526,77.957
248.861,82.873,71.025,77.774
231.955,84.179,71.813,76.389
207.244,84.904,73.921,74.645
182.627,86.998,75.247,73.280
161.450,90.386,75.977,72.561
144.567,91.328,75.957,73.533
122.601,90.282,76.191,74.591
107.111,90.385,75.821,76.572
91.955,99.456,74.564,78.570
67.153,97.272,74.583,78.947
55.570,97.247,74.441,78.918
66.217,81.114,69.400,83.777
61.509,74.650,69.523,83.707
73.353,81.884,64.803,86.834
74.346,82.737,60.921,89.330
74.999,81.633,57.982,90.972
77.072,80.411,55.703,91.844
78.905,80.645,53.689,92.148
79.891,79.358,51.787,92.315
80.304,80.919,50.356,92.214
81.026,79.918,48.981,92.385
81.427,80.860,48.057,92.261
81.012,79.309,47.105,92.405
80.932,76.842,47.669,91.086
79.648,79.314,47.888,90.417
67.063,82.535,53.061,85.758
62.049,85.411,57.365,81.388
65.854,85.403,61.517,77.240
73.542,85.420,64.097,74.394
84.191,78.769,65.992,71.696
103.201,79.927,67.762,69.582
119.975,82.881,68.534,68.191
139.372,92.352,69.347,67.299
161.613,95.089,69.390,67.065
182.384,96.188,69.850,66.879
203.820,97.341,70.703,66.109
223.391,99.043,71.156,65.482
243.567,99.603,72.757,64.243
273.021,110.413,73.237,64.411
295.329,112.670,73.650,64.950
317.112,111.331,73.063,66.017
332.317,110.213,73.247,66.607
348.069,106.086,73.269,67.830
353.329,100.150,72.376,69.293
354.522,93.658,71.090,70.554
356.442,89.799,70.561,71.108
352.198,87.538,71.182,71.744
344.561,86.776,72.852,72.283
332.408,79.200,73.720,72.253
319.001,80.413,74.859,72.233
304.798,80.006,75.900,72.631
291.086,79.254,76.677,73.380
277.392,79.204,77.999,74.504
267.092,81.523,80.424,73.693
263.796,82.365,81.430,73.859
261.726,81.583,82.274,74.406
262.267,80.882,81.332,75.524
260.822,81.376,81.592,76.123
251.354,93.132,82.170,76.942
262.538,102.321,80.116,79.665
262.197,102.741,78.484,80.986
249.754,103.425,77.707,81.788
237.197,113.393,77.452,82.557
249.185,109.154,72.734,86.387
236.667,120.008,72.896,85.603
234.712,118.185,73.121,84.755
220.461,105.636,73.847,84.045
220.767,90.795,75.420,83.989
236.326,88.138,76.983,82.370
245.457,89.445,78.238,80.477
246.905,90.730,79.835,78.447
248.160,92.646,80.085,77.174
249.082,94.783,79.736,76.254
248.226,97.635,78.725,75.986
243.724,102.281,77.418,75.887
238.521,106.603,76.021,76.447
233.122,109.182,74.779,76.850
229.913,109.149,74.118,77.283
220.187,88.427,73.647,76.487
221.201,84.236,72.742,76.246
230.465,80.008,71.977,75.924
240.059,77.924,71.766,75.516
258.080,82.634,71.654,75.185
274.005,81.055,71.782,75.156
288.440,80.385,71.281,75.033
299.818,80.884,69.603,75.399
306.476,78.745,68.326,77.166
308.376,76.947,67.893,77.583
310.319,73.731,68.198,77.477
306.817,72.426,68.432,77.075
305.692,74.643,68.917,76.349
300.800,79.147,69.308,75.441
289.997,84.551,69.214,75.752
280.216,88.924,68.886,76.420
277.245,90.442,69.471,74.940
274.408,91.666,69.403,74.572
274.845,93.915,70.254,74.042
264.475,96.081,70.861,74.250
252.918,89.033,71.248,74.031
234.123,86.804,72.396,72.994
216.823,85.736,73.095,72.321
207.316,86.367,74.703,71.180
216.844,78.084,76.315,69.978
219.318,78.548,77.180,69.587
219.833,78.963,77.705,69.568
202.986,79.533,78.897,68.808
178.899,83.449,84.319,63.883
160.953,93.051,84.157,64.883
153.799,102.957,82.997,66.331
166.886,102.131,82.589,67.043
169.438,99.963,81.647,68.112
173.145,97.140,80.605,68.845
175.510,94.882,79.527,69.648
187.802,90.211,78.122,70.735
192.905,87.754,76.696,71.717
197.597,85.477,76.848,71.300
200.571,81.768,76.123,71.233
202.295,80.170,74.979,70.957
206.814,81.142,74.993,70.642
214.691,79.072,75.135,71.434
215.987,76.905,75.367,71.380
217.076,75.507,74.600,71.657
217.309,76.547,74.753,72.180
221.851,76.469,74.715,72.049
224.535,77.215,73.792,71.860
224.180,81.546,73.496,71.268
221.266,84.341,72.787,70.639
220.260,86.300,72.403,69.798
222.380,87.679,72.635,69.114
225.826,87.427,72.913,68.412
239.777,86.259,73.254,68.312
261.138,83.204,73.482,69.537
273.101,79.916,73.797,70.209
281.413,76.506,74.066,71.425
280.262,76.283,74.415,71.959
268.677,78.073,74.192,72.591
252.848,80.720,73.995,72.615
248.962,81.833,73.572,72.783
246.962,83.432,74.272,72.903
247.988,81.913,74.515,72.967
244.788,82.536,74.278,73.208
232.995,82.868,74.612,72.625
218.631,80.680,74.386,72.429
204.790,78.675,74.292,71.399
184.311,79.851,74.701,70.722
171.656,89.556,74.082,70.556
161.215,91.786,73.087,71.551
158.295,96.796,72.754,72.199
161.095,99.763,72.569,72.935
165.003,100.607,72.934,73.493
169.544,98.736,72.974,73.648
179.832,85.633,73.059,73.557
183.577,80.854,72.603,74.012
196.115,73.344,72.376,73.882
212.169,69.677,72.171,74.561
225.407,65.781,70.519,76.620
235.062,63.382,69.410,78.041
236.548,62.516,68.969,78.523
237.494,64.700,69.515,77.800
238.143,68.699,70.207,76.785
232.848,79.589,72.320,75.774
225.223,81.519,72.911,75.066
214.330,83.298,75.971,72.835
204.764,82.947,77.375,71.871
189.535,95.577,81.740,68.103
182.538,105.177,80.149,69.834
185.313,105.546,79.867,70.345
189.582,101.689,79.113,71.251
201.410,96.672,78.369,72.800
205.557,95.443,78.172,72.669
221.228,82.628,78.339,72.179
223.226,79.937,78.705,72.369
232.303,76.263,77.980,73.057
234.685,76.302,77.453,73.326
238.883,77.287,76.070,74.691
242.282,78.753,74.957,75.796
243.208,79.548,73.912,76.514
240.752,80.243,72.908,77.014
237.446,80.763,73.263,77.067
225.626,81.616,74.281,76.299
217.023,82.225,74.114,75.828
212.467,80.855,73.733,75.760
211.178,81.490,73.411,75.302
208.192,93.445,73.545,74.775
206.562,104.079,74.141,73.993
205.338,106.978,74.917,73.002
208.841,105.964,75.044,73.052
219.738,103.545,75.627,73.183
224.106,99.257,75.858,73.241
228.253,95.153,75.639,73.532
229.931,90.766,76.069,73.856
225.324,81.014,76.307,73.893
216.248,78.607,77.543,73.471
207.967,78.226,78.370,72.940
200.158,78.765,78.430,73.220
201.588,77.813,78.357,73.724
201.076,110.671,77.155,75.069
201.424,107.937,77.848,75.345
207.569,104.755,78.931,75.143
207.248,102.469,80.168,74.634
204.061,91.386,80.606,74.602
201.257,92.028,80.583,74.534
209.734,103.274,80.669,74.693
231.414,130.873,81.177,75.064
229.388,130.657,80.592,75.474
228.021,129.944,79.252,76.364
227.408,129.717,77.873,76.983
218.684,127.924,77.484,77.200
218.510,126.007,76.140,77.648
217.359,124.449,75.071,78.082
218.584,125.433,74.829,78.243
220.745,127.907,75.862,77.609
232.877,129.416,77.613,76.523
241.583,127.020,77.661,76.654
251.512,125.326,78.175,76.611
259.666,115.764,78.039,76.935
270.584,114.154,78.783,77.410
273.499,114.130,79.404,77.632
276.260,113.252,80.287,77.845
276.444,112.214,81.082,78.734
271.703,112.744,81.383,79.228
267.377,114.631,81.406,79.073
262.750,115.531,81.453,79.187
264.032,115.127,81.017,79.543
262.998,112.973,81.137,79.710
261.804,102.080,81.829,80.507
261.094,100.575,81.927,81.615
235.795,89.736,81.554,82.162
219.654,89.052,81.209,81.879
207.866,90.578,81.729,80.887
205.522,92.018,81.521,80.589
207.148,93.014,81.229,80.330
220.871,93.331,81.197,81.030
230.907,93.733,81.120,82.078
244.457,94.388,82.027,81.835
250.350,95.423,83.100,81.159
248.476,90.987,82.592,81.946
245.144,87.277,82.044,82.401
245.801,85.469,82.258,82.900
245.200,84.882,82.243,83.221
244.079,82.952,81.709,84.414
234.378,82.351,82.451,85.140
199.242,80.657,84.027,84.574
176.094,70.420,84.994,83.414
164.857,69.904,85.350,82.574
163.731,69.876,85.523,81.926
176.335,79.635,86.289,81.400
190.348,77.305,86.990,80.865
238.269,66.024,88.647,79.631
264.840,67.950,89.420,78.773
295.621,72.211,89.809,78.879
293.689,74.359,87.745,81.173
270.171,75.947,88.451,82.217
237.534,65.648,89.626,82.253
199.333,87.997,88.300,83.558
175.618,99.862,89.278,83.459
165.298,101.326,89.146,83.165
177.590,114.697,90.572,82.019
190.429,114.980,90.386,82.622
203.125,112.144,88.516,85.232
217.751,100.033,87.211,86.965
231.654,86.826,87.003,88.197
236.500,72.123,85.973,89.588
226.973,74.058,86.323,89.031
214.011,86.421,86.950,88.814
201.135,87.195,88.764,87.393
200.462,87.269,89.177,87.851
209.052,109.241,87.603,89.106
231.239,111.311,86.968,89.441
259.351,111.849,87.635,88.544
284.903,107.841,87.694,89.383
289.300,108.459,87.749,90.120
293.096,107.686,87.186,90.562
295.425,93.346,86.578,90.883
283.156,91.931,86.978,90.533
256.877,91.175,86.550,90.995
241.856,90.633,86.395,91.898
228.025,90.840,86.775,91.743
216.727,91.565,82.598,95.753
199.531,96.278,82.944,94.720
196.375,120.951,84.269,92.627
207.358,131.878,84.611,90.908
219.562,132.939,84.532,89.758
207.417,133.114,85.804,88.410
192.370,123.815,87.421,86.572
190.137,118.578,87.412,87.227
190.033,128.494,87.801,87.177
188.269,131.307,88.463,86.001
200.711,132.917,89.066,84.911
211.878,132.571,88.692,84.102
210.617,133.590,88.741,83.232
209.271,134.984,89.121,82.328
207.430,135.179,88.592,81.950
207.743,133.887,87.549,81.993
