152.000,102.000,40.000,67.000
152.890,103.732,39.812,67.104
153.949,105.768,39.551,67.356
154.559,107.843,39.436,67.429
155.075,109.581,39.296,67.458
156.412,105.215,42.882,63.707
154.616,107.154,45.100,61.363
148.983,115.013,43.501,62.968
144.938,114.847,45.424,61.024
140.818,114.450,43.452,63.077
139.976,115.513,42.289,64.012
133.728,109.065,44.702,61.572
130.392,103.634,46.540,59.685
129.180,95.323,48.361,58.151
134.302,87.259,50.577,55.877
135.121,86.692,52.450,53.864
140.223,85.512,53.416,52.683
146.819,84.745,53.635,52.228
154.764,98.392,53.691,52.037
162.099,98.294,53.944,51.671
170.632,105.450,54.110,51.250
177.980,118.255,53.784,51.679
182.205,119.218,53.893,51.753
185.845,119.905,53.988,51.906
184.500,119.828,54.381,51.971
190.143,119.075,55.020,52.037
187.887,118.695,55.298,52.122
180.274,110.373,55.628,52.040
179.809,108.643,55.790,51.969
175.186,107.525,56.122,51.828
173.855,104.471,56.536,51.940
167.599,103.621,56.682,52.109
160.006,95.268,57.103,52.283
154.261,88.005,57.008,52.101
148.833,88.208,56.604,52.132
139.934,86.581,56.042,52.459
134.643,85.215,55.651,52.895
126.965,77.541,55.170,52.723
120.028,76.691,54.490,52.590
112.750,77.256,54.322,51.953
109.230,83.138,54.230,51.534
104.630,83.721,54.498,50.699
102.447,89.952,54.536,50.590
101.739,89.969,55.133,49.679
98.032,85.727,58.584,46.198
98.588,88.208,61.183,43.715
103.017,91.014,62.985,41.886
105.299,94.695,64.232,40.761
104.856,96.558,64.936,39.876
106.602,96.491,65.525,39.085
104.710,92.749,66.366,37.774
103.836,88.897,66.798,36.529
104.158,88.693,66.252,36.453
111.169,90.193,66.087,36.170
109.221,90.235,65.811,36.202
113.039,90.948,65.631,36.293
114.494,92.668,65.161,36.376
121.485,94.201,64.759,36.421
131.021,95.834,63.960,37.044
137.735,95.084,61.435,39.378
146.488,93.809,58.864,41.505
155.287,92.289,56.814,43.349
156.578,89.374,55.210,44.793
156.740,86.757,53.897,45.852
158.400,85.353,53.055,46.386
164.452,89.530,52.085,46.987
167.009,94.196,51.458,47.438
180.238,94.616,51.601,47.097
180.882,106.497,51.136,47.292
189.082,118.330,50.821,47.867
195.692,117.082,50.708,47.997
209.407,115.918,50.803,48.122
216.074,114.113,50.822,48.204
224.553,111.840,50.796,48.447
229.330,111.464,50.509,48.452
234.629,111.366,50.449,48.550
239.681,117.898,51.116,48.312
239.084,117.875,51.607,48.114
237.740,117.721,52.173,47.861
232.322,116.684,52.380,47.914
228.105,108.057,51.605,48.833
225.378,100.191,51.522,48.809
222.785,90.580,50.912,48.810
220.152,87.882,50.396,48.661
219.170,86.587,49.632,48.564
217.527,85.821,48.542,48.626
211.779,86.325,49.021,47.708
221.031,84.090,44.784,51.494
223.974,81.859,40.632,56.234
225.058,88.417,39.196,57.524
225.696,87.686,37.294,59.711
226.767,86.856,35.593,61.627
227.763,87.138,34.369,62.881
227.888,87.029,33.488,63.798
227.794,87.203,32.921,64.373
227.492,86.280,32.395,64.947
227.504,86.726,32.144,65.195
227.778,86.080,31.884,65.608
228.212,86.006,31.628,66.015
228.282,81.354,31.500,66.050
228.845,82.602,31.504,65.950
229.316,83.136,31.408,66.054
229.713,83.713,31.317,66.065
229.987,83.562,31.189,66.218
230.355,83.309,31.177,66.422
230.575,82.835,31.196,66.563
230.805,82.647,31.150,66.685
230.923,82.786,31.233,66.687
231.295,82.792,31.268,66.697
231.779,82.833,31.244,66.792
232.092,78.417,31.227,66.639
232.591,79.848,31.243,66.539
232.733,80.890,31.308,66.388
233.111,81.454,31.371,66.297
233.644,82.244,31.398,66.219
234.059,82.809,31.415,66.282
234.366,83.162,31.402,66.305
234.018,83.445,31.348,66.310
233.804,83.602,31.323,66.359
233.329,83.531,31.187,66.437
232.821,83.184,31.111,66.523
232.242,83.116,31.102,66.472
231.788,78.833,31.129,66.436
231.401,80.808,31.244,66.127
231.413,81.673,31.273,66.029
231.552,82.316,31.181,66.083
231.615,83.017,31.124,66.019
231.833,83.001,30.915,66.103
231.312,83.062,30.713,66.319
230.455,83.444,30.666,66.308
221.356,90.672,33.588,62.704
218.657,91.776,36.332,59.581
220.075,91.692,35.301,60.328
218.824,92.706,37.287,57.621
225.167,85.401,35.766,59.276
225.233,83.827,34.486,60.730
225.306,83.209,33.349,61.939
225.585,83.024,32.507,62.678
225.098,78.524,31.889,63.225
224.309,78.760,31.539,63.531
223.506,78.452,31.509,63.469
222.763,78.149,31.419,63.405
221.632,73.725,31.435,63.332
220.686,73.891,31.238,63.449
219.628,73.844,31.198,63.313
218.579,69.408,31.164,63.171
218.210,70.881,31.047,63.015
217.895,72.350,30.816,63.116
218.260,68.012,30.618,63.400
218.931,69.212,30.480,63.565
220.295,69.582,30.307,63.800
221.769,70.079,30.175,63.857
222.469,70.754,30.205,63.888
223.006,71.567,30.309,63.813
224.381,72.086,30.281,63.872
224.964,73.322,30.342,63.739
225.696,74.200,30.312,63.765
226.413,74.869,30.308,63.750
227.628,75.149,30.223,63.938
228.515,75.804,30.191,63.973
229.477,76.189,30.160,64.033
230.112,76.920,30.202,63.997
231.329,72.117,30.112,63.939
232.023,73.562,30.136,63.791
232.560,74.734,30.066,63.740
233.328,76.012,30.131,63.632
233.341,77.173,30.233,63.448
233.242,77.655,30.197,63.575
232.783,73.383,30.163,63.617
232.410,74.925,30.163,63.621
232.145,76.350,30.223,63.495
232.064,77.629,30.321,63.282
232.106,78.690,30.309,63.273
232.332,79.397,30.106,63.505
238.086,74.616,29.038,64.926
229.744,75.291,29.624,64.265
229.757,77.379,31.408,61.704
229.382,78.486,32.363,60.338
229.094,77.262,32.687,59.555
227.618,70.497,32.588,59.045
226.998,70.525,32.384,58.691
226.926,75.903,32.279,58.570
227.533,76.375,32.146,58.446
227.667,75.874,32.156,58.063
228.132,75.022,32.220,57.549
228.262,69.202,32.112,56.802
228.092,69.177,32.181,56.086
228.487,70.507,31.847,55.886
228.111,75.745,31.389,56.143
227.443,76.106,31.037,56.259
227.897,76.799,29.095,59.201
229.790,77.438,27.611,61.403
231.099,78.916,27.854,61.330
231.053,75.129,28.183,60.941
231.396,76.405,28.429,60.702
231.549,77.239,28.667,60.484
232.114,78.443,28.925,60.304
232.763,79.012,29.015,60.333
233.299,79.485,28.993,60.364
234.035,75.414,28.976,60.302
234.116,77.070,29.129,60.113
234.749,77.923,29.029,60.231
235.163,78.645,29.069,60.134
235.117,79.377,29.122,60.066
235.486,79.703,29.118,60.252
235.210,80.372,29.180,60.302
235.494,80.536,29.157,60.460
235.686,80.838,29.142,60.495
235.309,76.729,29.333,60.381
235.438,77.662,29.358,60.492
235.484,78.886,29.352,60.580
235.384,80.701,29.423,60.594
234.954,81.686,29.347,60.690
233.827,82.503,29.481,60.335
233.072,82.711,30.253,59.067
232.402,78.071,30.513,58.653
221.445,71.931,33.647,55.437
217.172,59.714,32.790,56.341
225.038,54.561,31.547,58.160
226.896,48.181,30.458,59.758
232.764,43.264,29.838,60.453
227.644,43.336,29.076,61.738
222.569,42.726,27.445,63.914
212.092,43.574,26.081,65.629
205.962,43.905,25.562,65.907
194.730,42.479,25.074,66.259
195.855,65.217,32.618,58.651
176.990,74.658,38.784,52.045
164.202,79.200,43.837,46.541
149.060,85.002,45.471,44.749
129.260,90.584,46.209,44.292
115.023,90.592,46.684,44.061
107.310,89.284,46.947,43.630
93.203,83.341,49.479,41.204
80.077,80.472,52.566,38.280
73.453,81.521,54.885,36.293
69.883,83.931,56.734,35.027
75.273,84.361,57.941,34.462
89.757,87.249,56.018,36.676
112.802,88.641,54.349,38.327
127.308,94.310,52.624,40.139
141.268,94.548,51.046,41.740
154.535,107.547,50.386,42.337
167.851,115.163,49.672,42.908
180.805,91.389,48.726,43.999
194.841,92.870,47.800,44.852
209.440,92.397,47.552,45.638
224.054,90.234,44.099,49.017
225.944,88.763,41.033,51.937
227.044,83.247,38.696,53.974
227.839,83.097,36.665,55.960
227.307,77.135,34.977,57.287
227.674,76.562,34.107,57.792
226.010,77.641,33.637,57.828
225.035,77.797,33.128,58.123
224.152,77.665,32.564,58.395
224.385,78.673,31.865,59.171
224.680,79.278,31.047,60.297
224.930,79.863,30.679,60.986
225.069,76.216,30.365,61.248
225.242,77.085,30.152,61.509
225.552,77.335,30.048,61.804
226.372,77.753,29.873,62.131
227.195,73.408,29.810,62.182
227.884,74.588,29.719,62.101
228.761,76.004,29.659,62.078
229.550,77.004,29.682,62.200
230.527,77.669,29.683,62.332
231.491,78.477,29.663,62.407
232.258,79.449,29.643,62.461
232.864,80.087,29.605,62.558
