196.000,51.000,139.000,194.000
197.827,55.118,131.480,202.915
198.922,56.299,125.803,209.053
200.503,49.408,119.967,216.012
201.314,49.401,116.964,219.059
200.153,43.161,115.104,221.281
200.005,44.881,113.295,223.068
199.770,42.390,111.899,224.671
200.313,45.144,111.800,224.501
202.798,40.112,109.669,227.014
204.988,45.389,108.864,227.395
205.040,42.752,108.366,227.725
204.175,39.074,108.521,227.746
205.354,37.423,108.309,228.894
204.029,33.322,107.045,232.128
203.341,35.647,107.215,232.708
201.908,36.692,106.478,234.671
201.490,35.160,106.175,235.522
199.047,34.360,105.293,236.775
197.693,28.497,104.263,237.957
194.804,27.423,104.375,237.702
193.322,28.665,104.548,237.719
192.353,28.632,104.551,238.112
191.962,32.127,105.688,236.168
190.370,29.413,105.158,237.192
187.705,27.695,106.520,235.921
187.721,22.936,106.215,237.598
188.110,25.903,106.991,237.755
188.612,24.964,108.092,237.352
185.921,20.109,109.318,236.749
184.774,20.034,112.648,232.404
187.477,21.490,114.204,230.650
190.252,21.203,115.522,229.384
193.268,18.350,117.547,227.308
192.756,34.383,119.044,226.220
193.362,30.057,120.015,225.841
193.673,31.050,118.852,227.767
196.959,32.857,119.132,226.673
198.222,29.686,117.380,227.489
203.070,30.537,114.803,229.244
211.020,41.257,112.125,230.982
217.749,39.536,110.764,232.282
226.778,37.376,110.374,232.235
238.405,38.278,110.779,231.788
242.779,37.740,110.829,231.935
248.696,42.262,111.312,231.555
252.204,44.181,109.454,233.633
254.485,45.129,107.652,235.468
255.461,41.371,107.395,233.884
260.463,30.734,102.564,239.713
265.616,24.552,98.858,245.403
267.174,26.473,101.817,240.078
266.594,37.322,104.608,233.133
259.827,49.072,118.466,215.631
258.112,64.602,131.490,200.779
255.552,77.050,140.370,190.653
267.137,84.277,147.127,183.768
245.876,95.350,151.311,178.111
247.057,101.880,155.829,172.028
248.343,106.826,158.426,167.809
252.077,109.232,160.227,165.328
249.501,109.937,161.282,163.112
251.033,110.595,160.693,161.840
256.026,117.203,160.326,159.899
258.596,116.876,159.519,158.383
261.691,114.111,159.250,157.277
262.386,109.151,160.333,156.190
249.208,111.989,158.764,155.982
251.496,113.170,160.640,153.292
251.679,115.270,162.291,150.945
250.924,117.314,163.296,149.192
249.493,119.443,165.098,147.177
247.619,121.843,166.560,145.154
247.509,123.288,168.157,143.671
248.497,128.020,168.037,143.102
249.380,126.726,166.821,143.580
249.247,128.538,165.719,143.880
251.111,127.965,164.607,143.421
270.924,125.601,164.586,143.295
274.543,128.363,162.841,143.357
276.998,134.415,163.046,141.425
283.415,132.425,165.164,139.606
281.518,132.149,164.295,139.001
277.455,140.046,171.910,131.616
271.161,148.241,177.719,126.130
263.712,152.219,182.051,122.645
260.402,154.522,186.475,120.051
261.449,156.104,189.507,118.735
264.253,155.958,192.648,117.342
266.062,157.903,195.226,115.176
272.479,161.226,196.911,113.914
269.239,160.525,198.517,111.659
273.122,160.545,200.770,109.608
279.351,160.110,203.352,107.737
273.729,162.733,206.138,105.839
282.917,162.983,209.767,103.786
289.349,162.418,212.229,102.087
277.209,164.351,214.373,100.940
282.617,166.087,215.237,100.469
273.477,165.205,216.565,100.130
273.992,167.018,217.510,100.085
275.222,166.745,218.256,100.115
272.796,167.815,218.744,100.151
271.381,168.765,220.119,99.814
269.899,171.036,226.833,95.923
267.450,172.460,232.392,93.023
264.259,174.292,236.429,90.811
263.606,174.473,239.921,89.683
265.865,175.280,243.066,88.956
260.194,176.546,245.398,88.460
262.558,176.352,248.009,88.393
261.510,177.205,250.172,88.418
261.168,178.395,252.103,88.554
256.419,179.432,253.876,88.817
255.740,177.644,246.786,94.850
261.413,177.697,249.486,94.458
260.567,174.383,247.206,97.509
262.984,172.783,245.872,99.974
262.459,171.619,244.791,102.226
265.257,170.552,244.103,103.941
262.864,169.783,244.018,105.199
262.919,168.549,243.734,106.416
261.563,168.545,243.481,107.470
262.952,168.150,244.207,107.925
