146.000,54.000,68.000,101.000
144.079,54.065,71.565,96.800
142.737,54.891,74.072,94.157
142.798,56.878,75.873,92.407
144.293,56.864,77.057,91.483
145.380,56.560,77.866,90.895
147.582,57.767,78.426,90.139
150.037,60.153,79.168,89.643
152.216,61.504,79.339,89.232
155.373,60.870,79.004,89.043
158.528,59.126,78.375,88.809
158.480,57.888,77.788,88.429
159.668,58.225,77.034,88.825
159.596,58.555,76.816,88.821
161.415,58.462,76.033,89.297
164.775,57.876,75.651,89.568
167.936,53.601,75.313,89.826
171.759,51.491,74.649,90.249
176.812,49.909,73.902,90.831
179.774,51.223,73.545,90.488
180.957,49.031,73.177,90.264
182.276,46.159,72.942,90.272
186.182,44.817,72.486,90.327
186.002,46.139,72.251,89.835
188.692,48.651,72.426,88.830
188.874,51.990,72.265,87.972
188.161,55.225,71.847,87.277
186.672,57.159,71.562,86.333
186.451,59.622,70.810,85.964
184.470,60.307,70.311,85.242
180.959,60.374,70.437,84.078
177.881,58.723,70.107,83.095
174.313,58.587,69.606,82.528
170.282,55.973,69.635,81.746
168.480,54.904,69.533,81.552
161.558,56.126,69.280,81.972
157.084,56.011,68.843,82.140
153.139,54.813,69.090,81.732
149.819,54.688,69.068,81.273
148.032,53.823,68.286,81.760
147.586,56.095,67.676,81.931
148.067,56.413,67.241,81.897
148.775,58.142,67.217,81.164
146.932,55.980,67.358,80.682
144.818,57.508,68.168,79.316
141.844,60.487,68.613,78.396
138.571,62.435,68.928,77.455
138.262,63.026,68.995,76.897
139.258,62.968,68.530,76.565
140.422,61.856,67.748,76.872
139.736,69.841,67.532,75.877
138.867,67.499,66.688,75.698
140.208,64.742,65.759,75.867
140.640,62.817,64.839,76.166
143.495,66.010,61.938,79.157
145.408,68.325,59.838,81.245
146.285,70.213,57.484,83.571
147.152,72.739,56.253,84.562
148.163,74.788,55.676,85.138
148.975,75.631,54.886,85.631
150.239,75.206,54.318,86.110
153.688,74.578,54.559,86.075
157.049,71.538,54.406,86.563
159.377,67.277,54.707,86.495
161.675,63.480,55.172,86.232
165.431,60.331,55.260,86.379
167.810,58.637,55.377,86.625
168.506,56.856,55.601,86.777
171.615,58.270,57.989,83.772
174.164,60.226,60.171,81.191
175.640,61.223,61.251,79.736
178.403,61.762,61.659,79.049
179.732,62.991,62.091,78.119
178.549,64.752,62.869,76.938
180.856,63.940,63.354,75.962
181.038,63.252,63.888,75.285
180.632,61.609,64.027,74.720
178.436,59.702,63.992,74.469
179.096,57.655,63.978,74.244
177.227,58.001,64.006,73.697
173.820,58.677,64.112,73.127
171.171,59.376,64.365,72.656
170.375,59.092,64.355,72.353
169.911,57.883,64.077,72.355
168.724,57.592,63.903,72.103
168.336,59.050,63.895,71.820
166.528,59.665,63.914,71.235
165.936,60.289,63.324,71.508
163.929,60.995,62.926,71.647
163.325,59.082,62.438,71.485
161.631,59.035,62.307,71.231
157.193,59.266,62.279,70.653
152.108,59.475,62.700,69.604
152.209,59.940,62.249,69.323
152.294,62.841,62.034,68.913
151.213,73.009,61.703,68.658
151.234,74.582,61.377,68.351
151.440,75.896,61.131,67.981
150.052,77.283,60.892,67.785
149.773,76.769,60.131,67.625
149.510,77.854,59.728,67.630
151.816,76.756,59.039,67.302
152.930,77.270,58.701,66.524
154.309,77.227,58.033,66.298
157.160,76.304,57.640,66.140
158.773,74.630,57.069,66.040
160.994,74.097,57.076,65.588
163.767,75.005,57.143,65.102
166.506,81.801,57.780,64.298
169.268,81.765,57.558,64.026
172.403,82.818,57.068,63.791
174.630,82.894,57.117,63.046
175.062,82.413,57.447,62.311
174.381,82.452,57.351,62.189
176.877,82.405,57.672,61.422
179.469,83.063,57.864,61.195
181.989,83.857,58.011,60.843
183.695,83.396,58.228,60.416
184.704,81.992,57.909,60.384
185.997,81.886,57.496,60.548
186.113,81.269,56.953,60.853
187.389,81.821,57.060,60.688
187.162,85.403,56.852,60.383
188.620,87.485,56.571,60.331
191.369,89.273,56.715,59.891
190.636,89.180,56.383,59.646
190.785,89.756,56.265,59.245
188.892,88.856,56.001,59.160
184.786,86.615,55.955,59.414
182.987,82.285,56.131,59.544
180.339,79.045,56.822,59.418
179.315,76.174,56.985,59.396
176.238,74.269,57.310,59.229
174.191,74.461,57.187,58.890
171.864,76.203,56.969,58.742
165.509,77.417,57.807,58.127
162.488,78.185,57.375,58.170
160.558,79.238,57.046,58.055
156.978,79.272,56.855,58.013
157.572,77.876,56.470,57.953
157.427,76.180,56.057,57.923
157.486,77.282,55.700,58.027
157.328,77.326,55.422,57.845
157.520,78.946,55.010,57.858
161.971,79.551,54.266,58.605
164.107,80.942,53.853,59.097
167.862,83.112,54.303,58.659
167.319,85.655,54.923,58.460
167.682,86.979,55.067,58.414
171.311,87.821,55.076,58.477
170.872,86.631,55.239,58.436
174.873,86.829,55.200,58.468
178.392,86.646,54.823,58.881
180.366,84.251,54.476,59.322
181.097,81.663,54.166,59.732
183.591,79.695,54.624,59.592
183.545,82.082,54.311,59.797
183.096,83.223,54.190,59.947
182.788,84.921,54.104,60.019
184.689,90.392,53.887,60.317
183.056,88.546,53.773,60.665
182.696,88.963,53.945,60.520
180.658,89.357,54.369,59.860
179.584,89.490,54.609,59.402
179.470,89.820,54.761,59.115
178.118,90.201,54.913,59.091
178.474,88.737,54.616,59.564
180.223,86.594,54.462,59.838
179.019,83.669,54.195,60.401
175.417,82.192,54.158,60.921
172.343,80.852,54.375,61.251
170.231,81.083,54.725,61.507
167.761,82.837,55.280,61.266
166.302,84.462,55.943,60.719
163.536,86.952,56.615,60.408
161.730,87.240,56.552,60.367
156.450,85.519,57.120,60.401
153.022,82.511,57.470,60.035
152.710,81.987,57.173,59.648
151.137,81.877,56.786,59.374
151.223,82.501,56.380,59.294
152.147,83.692,56.039,59.228
154.428,83.588,55.830,59.129
159.025,85.317,55.552,59.162
159.943,88.485,55.277,59.147
161.161,93.872,55.111,59.402
163.302,94.457,55.058,59.258
165.300,100.094,54.928,59.365
166.662,98.821,54.948,59.043
168.463,99.478,55.175,58.665
171.996,99.759,54.967,58.690
177.896,101.973,54.274,59.070
180.798,101.124,53.324,60.436
186.112,98.092,52.440,61.469
187.860,95.257,52.042,62.245
190.902,92.546,52.242,61.796
194.061,90.195,52.651,61.278
199.066,88.422,52.898,60.815
203.849,87.124,53.547,60.348
204.976,88.970,54.423,60.021
209.276,89.907,54.646,60.086
212.954,90.596,54.991,60.205
213.518,91.385,54.970,60.741
215.067,89.243,54.905,61.021
213.758,90.743,55.493,60.970
216.934,90.289,55.190,61.627
213.131,87.782,55.697,61.594
211.336,88.605,55.451,61.671
210.624,89.385,56.125,61.467
209.933,90.875,56.461,61.375
208.494,91.643,55.857,61.959
206.868,90.370,56.156,61.868
207.071,90.601,56.371,61.655
204.957,89.224,56.776,61.549
203.098,88.822,57.035,61.737
203.285,87.091,57.189,61.705
201.397,84.810,56.485,62.233
199.941,88.004,56.511,62.309
199.514,89.941,55.956,63.010
198.578,87.228,55.397,63.889
198.701,88.305,55.734,63.854
197.964,85.726,56.035,63.823
197.260,85.516,55.894,64.244
194.580,84.469,56.116,64.132
193.921,83.693,55.700,64.402
197.349,86.186,55.185,64.849
198.637,85.751,54.801,64.714
202.405,87.785,54.597,64.811
202.478,89.619,54.428,64.978
203.152,86.835,54.375,65.260
204.812,88.546,55.396,64.876
207.112,89.158,55.705,64.780
209.213,87.742,55.189,65.227
209.754,86.276,55.165,65.101
213.517,87.389,54.579,65.696
219.977,84.562,54.040,66.519
223.483,86.016,53.573,66.437
229.607,86.162,53.499,66.758
230.631,89.171,53.678,66.261
233.207,95.714,53.929,65.798
232.213,98.572,54.644,65.166
230.726,101.969,54.990,64.651
228.979,103.423,55.351,63.987
228.478,100.853,55.570,63.789
231.843,102.435,56.217,63.647
232.611,103.927,56.865,63.189
233.122,103.924,57.843,62.571
232.889,105.413,58.678,61.948
228.971,104.124,59.378,61.839
228.229,101.856,59.862,62.153
230.067,101.421,59.415,62.422
230.755,101.112,58.783,63.303
229.962,99.740,59.137,63.568
224.793,99.488,59.707,63.649
220.263,98.149,59.537,64.557
216.553,99.123,59.572,65.151
213.465,98.273,60.209,65.377
210.366,95.652,60.509,65.431
212.184,85.057,60.214,66.130
215.777,80.020,59.570,67.252
218.553,74.252,56.602,70.366
223.779,71.842,57.220,69.797
226.266,81.311,57.637,69.068
232.976,88.661,57.736,68.794
236.557,93.767,54.837,72.341
244.577,96.377,56.017,71.011
246.727,98.608,56.829,69.667
250.882,97.370,57.631,69.307
254.356,97.785,57.695,69.278
253.335,98.012,57.050,69.342
258.224,96.981,56.715,69.106
261.716,87.954,56.110,69.063
267.456,74.379,53.422,71.542
269.443,72.548,51.644,73.003
269.722,70.202,50.386,74.125
268.596,68.303,49.793,74.811
265.592,68.199,49.532,75.606
264.572,67.706,49.119,75.785
264.082,67.792,48.774,75.973
264.268,67.011,48.354,76.595
262.133,68.782,50.253,74.550
260.475,67.397,52.086,72.895
261.551,66.679,53.626,71.511
262.145,66.572,52.084,73.740
263.181,64.941,50.806,75.555
263.237,63.434,49.890,76.770
264.185,60.269,48.924,77.842
265.241,61.002,48.841,77.899
265.343,60.408,48.451,78.376
264.246,63.361,48.550,77.954
264.023,65.337,48.803,77.355
262.480,64.516,49.388,77.196
264.805,65.190,49.689,77.205
266.234,65.735,49.005,78.076
266.822,66.714,48.548,79.183
266.021,67.669,48.420,79.933
263.415,69.322,48.783,80.443
255.082,71.261,49.166,80.774
250.142,74.646,53.179,77.258
241.878,80.948,52.022,78.308
238.636,80.344,55.141,75.895
230.666,80.503,56.941,74.115
226.471,80.291,58.150,72.959
218.439,79.962,58.781,71.821
215.009,76.839,59.381,71.178
213.425,73.488,60.351,70.694
210.973,72.760,60.921,70.408
208.159,72.586,60.785,70.823
199.618,77.414,57.468,74.285
198.048,84.647,57.632,73.657
198.471,83.862,54.954,75.724
195.342,83.446,52.815,77.285
193.528,80.327,51.248,78.187
186.053,78.445,50.294,79.057
181.467,78.090,52.891,76.388
170.014,78.355,54.927,74.462
160.114,69.086,56.978,72.893
150.456,69.123,54.483,75.904
146.360,68.910,56.297,73.801
142.378,70.216,57.609,71.909
139.077,69.932,58.543,70.647
136.629,69.481,58.894,69.785
132.710,68.393,59.539,68.739
132.669,69.141,59.672,68.056
131.947,70.145,59.475,67.878
125.923,70.863,59.094,68.372
125.392,70.470,59.115,68.354
133.178,77.497,59.283,68.248
133.769,75.881,59.311,68.064
134.882,77.016,59.156,68.178
137.270,83.922,59.393,67.524
142.868,80.967,59.772,67.055
143.111,79.472,59.159,67.162
147.776,79.388,58.800,67.508
151.297,79.232,58.882,67.540
155.878,82.137,58.468,68.110
160.396,82.051,58.510,68.549
162.102,83.990,58.635,68.438
165.120,82.113,58.433,68.873
166.761,78.784,58.701,69.192
168.265,74.282,58.717,70.038
166.748,70.707,58.658,70.989
166.124,66.281,58.341,71.614
165.212,64.753,58.442,71.854
165.805,67.334,58.873,72.096
163.702,70.084,58.951,72.000
167.625,79.064,59.099,71.581
170.483,90.280,59.028,71.272
177.789,98.501,60.072,70.824
183.120,102.051,60.534,70.687
188.826,115.115,61.097,71.803
191.460,114.871,61.740,71.909
194.430,117.624,62.421,71.682
197.889,122.319,63.828,71.074
197.100,119.171,64.016,70.697
202.417,118.296,64.190,70.532
200.543,116.116,64.463,70.790
195.615,113.799,64.315,70.768
193.148,113.428,64.307,70.336
191.421,108.088,64.903,69.462
187.902,102.793,65.072,68.609
185.780,98.727,65.264,67.757
180.396,88.710,64.122,68.717
174.208,87.732,62.999,69.330
174.390,85.761,61.820,69.776
172.002,87.129,60.264,70.575
169.521,86.469,59.163,70.751
167.656,87.002,58.015,70.766
167.946,83.811,54.723,74.325
169.221,84.898,51.998,76.417
167.859,85.626,49.499,78.241
169.045,86.812,47.676,79.577
168.746,88.789,46.550,79.446
170.187,88.485,46.222,79.077
169.564,86.052,46.226,78.242
169.671,84.058,46.229,77.367
169.956,82.584,46.370,76.670
169.255,83.763,49.136,73.477
169.501,84.008,50.591,71.266
177.478,80.260,49.288,71.358
178.120,78.184,48.427,72.054
187.036,79.280,47.692,72.722
188.950,88.603,49.373,70.249
195.741,89.808,48.255,71.186
198.000,92.630,47.586,71.747
207.474,95.140,47.500,71.761
210.639,96.650,47.258,71.055
213.579,96.260,46.835,70.570
214.850,96.572,48.596,68.082
215.518,97.256,49.924,65.731
214.039,90.449,50.797,64.472
212.304,89.582,51.555,63.302
212.041,89.262,52.091,62.474
211.210,89.421,52.575,61.332
211.625,90.809,53.160,60.504
212.067,92.399,53.295,60.059
211.437,94.119,53.541,59.580
211.559,97.070,53.799,59.306
210.763,98.160,54.329,58.776
205.318,99.093,54.622,58.360
205.425,99.547,54.702,57.960
203.858,98.708,54.453,58.199
202.423,95.627,54.782,57.790
193.850,89.005,55.210,57.414
186.983,87.492,54.802,58.298
188.383,87.257,54.530,58.943
189.207,88.444,54.429,58.926
189.330,91.353,54.540,58.633
190.352,96.225,54.731,57.906
191.347,96.959,54.108,57.842
192.460,100.365,53.514,57.395
192.886,101.976,53.158,57.163
193.219,100.838,52.851,56.915
193.250,99.474,52.530,56.456
194.441,92.141,51.952,56.676
196.257,90.012,51.540,57.064
195.674,88.227,51.252,56.995
196.008,77.650,48.486,59.930
197.894,77.291,45.885,62.654
205.210,76.424,44.192,64.580
208.311,75.861,42.719,66.126
213.617,87.751,44.827,62.630
214.775,89.319,46.135,60.228
216.353,95.967,46.857,58.559
217.441,101.248,46.901,57.911
217.260,106.584,46.991,57.512
217.056,103.355,47.524,56.605
210.410,104.098,47.594,56.150
203.271,101.556,48.358,55.348
197.507,99.121,47.772,55.422
190.751,98.865,47.431,55.022
184.850,97.001,47.159,54.403
184.101,96.173,47.153,53.469
184.118,95.137,47.020,52.998
188.931,95.455,46.922,52.635
190.790,100.968,46.738,52.366
195.289,106.301,46.589,51.786
200.401,106.475,46.254,51.626
203.624,105.819,46.106,51.535
203.984,105.726,45.526,51.604
203.213,106.693,45.203,51.340
197.289,104.872,45.146,50.867
194.742,102.830,45.158,50.171
191.478,101.358,45.447,49.272
187.801,98.983,45.995,48.707
180.912,97.130,46.313,48.273
181.287,96.217,46.349,48.428
177.904,96.835,46.547,48.756
175.042,97.038,46.846,48.753
172.857,97.709,46.762,49.290
170.164,97.769,46.773,49.642
167.756,90.762,46.650,50.054
167.622,88.420,46.756,50.572
169.234,85.102,46.063,51.413
169.858,80.767,45.467,51.803
171.764,76.706,45.073,52.045
176.383,74.671,45.252,52.010
179.477,76.157,44.643,52.864
177.716,77.896,44.845,52.932
178.540,82.806,45.612,52.637
176.640,82.527,45.920,52.687
173.044,87.597,46.541,52.539
164.148,86.092,47.622,52.200
156.322,83.752,47.988,52.330
151.006,81.966,48.661,52.116
148.811,78.497,48.640,52.041
141.998,73.903,48.697,52.199
134.670,64.610,48.718,52.344
133.461,62.779,48.931,52.482
132.005,61.633,48.961,52.879
132.191,61.901,48.981,53.097
134.624,62.084,48.873,53.419
135.702,66.957,48.948,53.235
137.050,67.430,49.176,53.448
141.917,68.043,49.620,53.539
147.608,69.437,49.869,53.865
148.940,69.492,50.171,53.803
152.775,65.896,46.650,57.943
155.551,68.446,47.459,57.140
160.530,68.875,47.988,56.623
159.681,69.656,48.481,56.145
159.477,71.296,48.862,55.994
159.811,73.072,49.347,55.754
160.553,79.760,49.469,55.555
160.344,79.996,50.041,55.350
160.977,81.053,50.486,55.086
162.333,82.273,50.853,54.992
163.364,82.760,51.275,55.106
165.815,81.020,51.310,55.574
167.329,79.481,51.689,55.486
169.437,77.353,51.451,55.509
171.007,74.998,51.007,55.521
168.875,67.024,51.373,55.855
164.828,66.422,50.800,56.774
165.035,72.859,50.578,57.238
162.541,73.918,50.350,57.833
161.258,79.168,50.033,58.260
160.383,78.612,50.062,58.146
162.499,76.341,49.837,58.715
162.187,76.346,50.595,58.480
164.579,75.575,51.043,58.389
172.793,75.713,50.988,58.324
179.094,74.993,50.894,58.520
182.460,74.596,51.379,58.321
187.666,73.742,51.268,59.012
189.523,72.910,51.677,59.296
194.231,81.594,51.932,59.439
191.469,78.013,52.109,59.845
186.428,76.754,52.774,59.664
182.322,73.179,53.815,59.240
180.244,71.300,53.335,60.270
184.843,67.257,53.643,60.934
183.313,65.325,53.528,61.647
185.708,62.266,50.349,64.903
190.966,61.497,51.331,64.853
193.853,61.042,49.244,67.383
193.915,70.079,50.108,66.899
192.154,78.873,50.720,66.994
192.853,78.440,51.722,66.984
183.550,85.937,52.336,67.609
174.029,86.235,52.927,68.272
162.109,84.726,53.728,68.772
152.130,83.029,54.729,68.789
143.859,79.462,55.844,67.730
137.934,75.793,52.924,70.069
136.327,72.491,54.755,68.041
135.220,68.341,55.800,67.513
134.930,65.000,55.849,67.766
136.548,69.938,52.585,71.210
139.240,71.793,50.247,73.470
141.353,78.681,48.553,74.719
142.058,84.987,47.740,75.292
143.027,86.016,46.697,76.175
144.407,84.735,45.902,76.579
147.885,84.105,44.885,77.294
150.398,82.313,44.582,76.833
152.594,80.624,44.335,76.381
154.914,78.514,43.891,76.266
157.178,78.273,43.317,76.455
158.091,76.720,43.256,76.274
159.309,78.685,43.309,75.954
157.947,84.565,43.566,75.348
154.942,92.232,43.858,75.109
154.028,92.589,43.626,75.611
151.814,93.602,43.608,75.853
145.793,94.337,43.280,75.763
142.259,96.442,46.342,72.840
139.909,93.974,49.086,69.933
137.951,91.681,51.277,68.071
135.524,86.907,53.234,66.427
135.608,77.672,54.150,65.593
134.965,76.556,54.785,65.178
135.005,76.615,54.670,65.119
135.272,81.999,55.003,64.464
134.434,86.868,55.550,63.636
134.132,92.975,55.738,63.196
133.720,97.181,55.950,62.702
134.227,96.295,55.852,62.800
133.196,95.106,55.939,62.765
134.745,96.011,55.500,63.096
137.143,95.457,55.105,63.315
138.945,95.412,54.773,63.338
145.224,93.389,54.774,63.204
151.730,91.665,54.977,62.923
158.042,89.723,55.014,62.799
164.089,88.076,54.802,62.908
169.801,87.481,54.887,62.921
172.614,93.217,52.220,65.359
174.092,98.472,50.162,67.187
